1 0.5110677083333334 0.49951171875 0.040891927083333335 0.03271484375
1 0.5537109375 0.40576171875 0.048749999999999995 0.0270703125
1 0.50216796875 0.3509130859375 0.04552083333333334 0.0344140625
1 0.455078125 0.5478515625 0.05054036458333333 0.01771484375
1 0.32774739583333334 0.4952783203125 0.038346354166666666 0.0384716796875
1 0.369140625 0.388427734375 0.051106770833333336 0.0170458984375
1 0.5341796875 0.4716796875 0.03076171875 0.0381787109375
1 0.5475260416666666 0.35205078125 0.048216145833333335 0.025712890625
1 0.4733072916666667 0.52294921875 0.0508203125 0.021943359375
1 0.6507161458333334 0.38232421875 0.0317578125 0.04046875
1 0.3395182291666667 0.5517578125 0.04732421875 0.02037109375
1 0.5838736979166667 0.42427734375 0.05193359375 0.0300537109375
1 0.3486328125 0.5364599609375 0.05448567708333333 0.029716796875
1 0.5139973958333334 0.5517578125 0.03501302083333333 0.0342431640625
1 0.4996744791666667 0.541015625 0.03886067708333333 0.035888671875
1 0.5545768229166667 0.38818359375 0.05060546875 0.0283056640625
1 0.4195963541666667 0.476806640625 0.04902994791666667 0.0234228515625
1 0.3570442708333333 0.47798828125 0.036223958333333334 0.038798828125
1 0.3492838541666667 0.497314453125 0.034752604166666666 0.0378125
1 0.5856119791666666 0.440185546875 0.04634765625 0.030439453125
1 0.5989583333333334 0.402587890625 0.049680989583333335 0.0250390625
1 0.5561002604166666 0.5478125 0.03958333333333333 0.0381884765625
1 0.5537109375 0.421630859375 0.050130208333333336 0.0276953125
1 0.380859375 0.5048828125 0.026998697916666665 0.041474609375
1 0.5537109375 0.45703125 0.04044921875 0.035888671875
1 0.4485677083333333 0.5323876953125 0.052083333333333336 0.019716796875
1 0.4423828125 0.56640625 0.048665364583333336 0.0231494140625
1 0.5413411458333334 0.56103515625 0.03300130208333333 0.0375390625
1 0.484375 0.476806640625 0.04248046875 0.0359521484375
1 0.3977864583333333 0.509765625 0.024921875 0.0393359375
1 0.6429036458333334 0.71435546875 0.04830078125 0.0263525390625
1 0.3505859375 0.6474609375 0.03857421875 0.035830078125
1 0.4391276041666667 0.5 0.02146484375 0.038818359375
1 0.3299153645833333 0.5693359375 0.05244791666666667 0.0206005859375
1 0.4694010416666667 0.450439453125 0.032877604166666664 0.0357373046875
1 0.5188802083333334 0.421142578125 0.020957031249999997 0.04052734375
1 0.5245247395833333 0.3814697265625 0.05344401041666667 0.0232275390625
1 0.4186197916666667 0.5068359375 0.02080078125 0.038818359375
1 0.37890625 0.464599609375 0.022298177083333332 0.0398583984375
1 0.3974609375 0.5390625 0.042643229166666664 0.027373046875
1 0.4560546875 0.493408203125 0.022910156249999997 0.04025390625
1 0.6304817708333333 0.3828515625 0.03207682291666667 0.0390869140625
1 0.408203125 0.563681640625 0.021542968750000002 0.04076171875
1 0.4251302083333333 0.398681640625 0.05326171875 0.0153662109375
1 0.3795572916666667 0.564453125 0.04345703125 0.029375
1 0.32085286458333334 0.63056640625 0.041002604166666665 0.03669921875
1 0.4837239583333333 0.5927734375 0.05244791666666667 0.015302734375
1 0.3639322916666667 0.609375 0.044108072916666664 0.034609375
1 0.3304036458333333 0.603515625 0.050618489583333336 0.017578125
1 0.6360677083333334 0.419921875 0.022805989583333335 0.040986328125
1 0.5231119791666666 0.3671875 0.053873697916666664 0.0200634765625
1 0.3363216145833334 0.5872802734375 0.05573567708333333 0.0206005859375
1 0.4459635416666667 0.451416015625 0.036009114583333335 0.0348828125
1 0.4231770833333333 0.384765625 0.049401041666666666 0.016220703125
1 0.6180533854166667 0.426513671875 0.021341145833333335 0.0420849609375
1 0.3408203125 0.27001953125 0.03589192708333334 0.0376904296875
1 0.5773111979166666 0.483642578125 0.05057942708333333 0.0266552734375
1 0.6027018229166666 0.3685302734375 0.033815104166666665 0.040224609375
1 0.6383463541666666 0.280517578125 0.04005859375 0.0401025390625
1 0.29736328125 0.630859375 0.03877604166666667 0.0367724609375
1 0.4934895833333333 0.279541015625 0.030800781250000003 0.0389111328125
1 0.486328125 0.41943359375 0.029824218750000003 0.0396435546875
1 0.59841796875 0.341552734375 0.05280598958333333 0.02169921875
1 0.51318359375 0.3224267578125 0.049238281249999995 0.0300244140625
1 0.5387369791666666 0.31884765625 0.04634765625 0.03173828125
1 0.485625 0.3421240234375 0.042083333333333334 0.037353515625
1 0.5877278645833334 0.376181640625 0.0326171875 0.041259765625
1 0.3763020833333333 0.28466796875 0.03194010416666667 0.0394287109375
1 0.666015625 0.267333984375 0.030703124999999998 0.040009765625
1 0.6380208333333334 0.7578125 0.028769531249999997 0.04025390625
1 0.6770833333333334 0.2474365234375 0.0321875 0.04177734375
1 0.3538411458333333 0.366455078125 0.047936197916666666 0.0283837890625
1 0.5055338541666666 0.578125 0.04960286458333333 0.0148388671875
1 0.4482421875 0.58251953125 0.046061197916666664 0.027529296875
1 0.4280598958333333 0.3671875 0.05326171875 0.0218212890625
1 0.646484375 0.310791015625 0.044798177083333335 0.0372607421875
1 0.337890625 0.245849609375 0.049401041666666666 0.0296484375
1 0.3701171875 0.439697265625 0.050904947916666665 0.024658203125
1 0.3604622395833333 0.272666015625 0.03526692708333334 0.0401708984375
1 0.5983072916666666 0.767578125 0.03777994791666667 0.03732421875
1 0.6263671875 0.7735205078125 0.0364453125 0.0384619140625
1 0.3935546875 0.26123046875 0.03998046875 0.0389111328125
1 0.3656119791666667 0.525390625 0.052369791666666665 0.02916015625
1 0.5999348958333334 0.73876953125 0.04537109375 0.032958984375
1 0.5439453125 0.80810546875 0.04160807291666666 0.0369873046875
1 0.2750651041666667 0.69384765625 0.04512369791666667 0.033720703125
1 0.6304817708333333 0.2625732421875 0.043105468749999994 0.0381494140625
1 0.5686328125 0.539716796875 0.038697916666666665 0.0381640625
1 0.33078776041666663 0.645625 0.04064453125 0.0389501953125
1 0.5001627604166666 0.48421875 0.04396484375 0.0329736328125
