1 0.0801171875 0.2076416015625 0.06278645833333334 0.05224609375
1 0.3636067708333333 0.0703125 0.06823567708333333 0.0577099609375
1 0.24137369791666666 0.2203369140625 0.0702734375 0.043212890625
1 0.2747395833333333 0.1614990234375 0.069375 0.04443359375
1 0.1533203125 0.308837890625 0.054563802083333335 0.0504150390625
1 0.20475260416666666 0.26220703125 0.03944661458333334 0.059541015625
1 0.3694661458333333 0.3642578125 0.07539713541666666 0.032900390625
1 0.4522265625 0.4625244140625 0.06514322916666666 0.048310546875
1 0.4130859375 0.1240869140625 0.058027343749999995 0.0577099609375
1 0.26220703125 0.27197265625 0.037923177083333336 0.0572802734375
1 0.78515625 0.76025390625 0.08341796875 0.0401611328125
1 0.6861979166666666 0.240966796875 0.08085286458333334 0.04123046875
1 0.13541666666666666 0.3271484375 0.059446614583333335 0.0545068359375
1 0.59765625 0.396484375 0.06811848958333333 0.0489501953125
1 0.10408854166666666 0.32861328125 0.05708984375 0.053896484375
1 0.6881510416666666 0.294677734375 0.0663671875 0.0541064453125
1 0.20914713541666666 0.349853515625 0.06429036458333333 0.045869140625
1 0.6634114583333334 0.4072265625 0.08280598958333334 0.03515625
1 0.22884114583333334 0.2587890625 0.03658203125 0.0615234375
1 0.3623046875 0.13330078125 0.0712109375 0.0486767578125
1 0.18359375 0.1728515625 0.07609375 0.0428759765625
1 0.3590494791666667 0.4677734375 0.036009114583333335 0.057373046875
1 0.16015625 0.2783203125 0.06229817708333333 0.0430322265625
1 0.388671875 0.478515625 0.039674479166666665 0.056337890625
1 0.3263346354166667 0.218505859375 0.07893880208333333 0.025908203125
1 0.6759049479166667 0.645322265625 0.08573567708333334 0.0297265625
1 0.5813802083333334 0.3017578125 0.08158203125 0.0242333984375
1 0.6809895833333334 0.387451171875 0.08309244791666666 0.03607421875
1 0.11450520833333333 0.2108154296875 0.05981770833333333 0.0517578125
1 0.46850260416666667 0.570859375 0.07837239583333333 0.023603515625
1 0.5305989583333334 0.50927734375 0.04614583333333333 0.0565478515625
1 0.6259765625 0.48291015625 0.038411458333333336 0.0567626953125
1 0.5651041666666666 0.333984375 0.0780859375 0.0423876953125
1 0.3662109375 0.6015625 0.07637369791666666 0.031494140625
1 0.7379622395833333 0.7918994140625 0.08618489583333333 0.0359521484375
1 0.29255859375 0.630859375 0.08171223958333333 0.025908203125
1 0.7140690104166666 0.466064453125 0.08801432291666667 0.02859375
1 0.701171875 0.443115234375 0.08846354166666666 0.0260009765625
1 0.7473763020833334 0.8151220703125 0.08369791666666666 0.0372021484375
1 0.6240234375 0.435302734375 0.07108723958333334 0.0467236328125
1 0.4332682291666667 0.407958984375 0.07735026041666666 0.0255126953125
1 0.294921875 0.1312255859375 0.058678385416666666 0.0551171875
1 0.3489583333333333 0.66943359375 0.07401692708333334 0.0313134765625
1 0.6559700520833334 0.82904296875 0.08130208333333333 0.0413818359375
1 0.5582682291666666 0.377197265625 0.06172526041666667 0.052705078125
1 0.2646484375 0.330078125 0.0625390625 0.048310546875
1 0.5045572916666666 0.82421875 0.03595052083333333 0.061767578125
1 0.50439453125 0.6148681640625 0.06697916666666666 0.0479443359375
1 0.2900390625 0.275146484375 0.0419921875 0.0582275390625
1 0.33984375 0.1903076171875 0.08113932291666666 0.0278466796875
1 0.455078125 0.1466064453125 0.060143229166666666 0.0594189453125
1 0.64345703125 0.8735498046875 0.0820703125 0.0390576171875
1 0.3028971354166667 0.3271484375 0.06205078125 0.0505078125
1 0.16015625 0.2529296875 0.068359375 0.0460205078125
1 0.7180989583333334 0.2259521484375 0.0801171875 0.0401611328125
1 0.2644856770833333 0.584228515625 0.05375 0.0565185546875
1 0.24837239583333334 0.955078125 0.07173828125 0.0382373046875
1 0.3260091145833333 0.372802734375 0.06799479166666667 0.0425732421875
1 0.31494140625 0.693359375 0.07820963541666666 0.0308544921875
1 0.4026692708333333 0.444580078125 0.046510416666666665 0.0545068359375
1 0.6959635416666666 0.625 0.08325520833333333 0.0247509765625
1 0.626953125 0.0350048828125 0.06901041666666667 0.058349609375
1 0.3548177083333333 0.1668701171875 0.08130208333333333 0.02970703125
1 0.36694010416666667 0.5548681640625 0.05517578125 0.0545947265625
1 0.3103841145833333 0.5634765625 0.06811848958333333 0.04052734375
1 0.341796875 0.61572265625 0.07837239583333333 0.0352197265625
1 0.47025390624999996 0.59201171875 0.07788411458333333 0.02470703125
1 0.24138020833333332 0.9295654296875 0.07694661458333334 0.04052734375
1 0.08634765625 0.1588134765625 0.07470703125 0.0403759765625
1 0.45162109375000004 0.624970703125 0.059166666666666666 0.0545361328125
1 0.048951822916666665 0.265380859375 0.039388020833333336 0.0602099609375
1 0.5186328125 0.636474609375 0.06673177083333333 0.0504150390625
1 0.5670572916666666 0.48681640625 0.035279947916666665 0.056123046875
1 0.6396484375 0.356201171875 0.07763671875 0.0373828125
1 0.24381510416666666 0.6130029296875 0.03300130208333333 0.0615283203125
1 0.3684895833333333 0.341552734375 0.07735026041666666 0.0335400390625
1 0.30521484375 0.65337890625 0.07987630208333334 0.02427734375
1 0.3313802083333333 0.47390625 0.03540364583333334 0.0590234375
1 0.17236328125 0.1925048828125 0.071328125 0.0394287109375
1 0.6240234375 0.21142578125 0.08174479166666666 0.028017578125
1 0.5784505208333334 0.61083984375 0.06600260416666666 0.0484033203125
1 0.8053841145833333 0.8914208984375 0.089765625 0.0296484375
1 0.16048177083333334 0.2208251953125 0.0770703125 0.0264599609375
1 0.6529947916666666 0.4833984375 0.03623697916666666 0.0577099609375
1 0.595703125 0.48779296875 0.036295572916666664 0.05560546875
1 0.4514973958333333 0.51025390625 0.07609375 0.030791015625
1 0.7565104166666666 0.5615234375 0.054036458333333336 0.058779296875
1 0.6324869791666666 0.587890625 0.03908203125 0.057373046875
1 0.68068359375 0.8172607421875 0.08088541666666667 0.04259765625
1 0.7108984375 0.372744140625 0.08065104166666666 0.0350341796875
1 0.2099609375 0.303955078125 0.07499348958333334 0.0323486328125
1 0.7605598958333334 0.8425927734375 0.08467447916666666 0.0316943359375
1 0.6214192708333334 0.331787109375 0.07527994791666666 0.0438525390625
1 0.5974934895833334 0.652939453125 0.08048177083333334 0.0333544921875
1 0.5930208333333333 0.5634130859375 0.05781901041666667 0.05560546875
1 0.6578776041666666 0.78564453125 0.07865234375 0.033720703125
1 0.52291015625 0.4547412109375 0.06583984375 0.0504150390625
1 0.4554036458333333 0.433349609375 0.07014973958333333 0.0394921875
1 0.09741536458333333 0.272216796875 0.06966145833333333 0.0382373046875
1 0.6953125 0.58349609375 0.03486979166666667 0.058349609375
1 0.5364583333333334 0.5556640625 0.054772135416666666 0.0555126953125
1 0.6624348958333334 0.54052734375 0.0907421875 0.03314453125
1 0.6897395833333334 0.8974609375 0.08284505208333333 0.03314453125
1 0.6166145833333333 0.5263671875 0.08150390625 0.0276953125
1 0.7088216145833334 0.341552734375 0.07653645833333333 0.04583984375
1 0.82421875 0.81640625 0.08146484375 0.0455322265625
1 0.65341796875 0.6673876953125 0.08190755208333333 0.0252978515625
1 0.32466796875 0.5791943359375 0.07064453125 0.0420849609375
1 0.5485026041666666 0.0894775390625 0.03784505208333334 0.0659814453125
1 0.3234049479166667 0.2418212890625 0.0770703125 0.0283349609375
1 0.75390625 0.6142578125 0.08056640625 0.04177734375
1 0.71048828125 0.48779296875 0.08533203125 0.02970703125
1 0.7406445312500001 0.4232470703125 0.08251953125 0.0330859375
1 0.5068359375 0.49609375 0.0419921875 0.0557275390625
1 0.4313151041666667 0.38671875 0.07893880208333333 0.02685546875
1 0.8326822916666666 0.9169921875 0.08716145833333333 0.026611328125
1 0.6803385416666666 0.04779296875 0.0595703125 0.0606396484375
1 0.2799479166666667 0.531494140625 0.03568359375 0.05810546875
1 0.4625651041666667 0.1063232421875 0.049680989583333335 0.065859375
1 0.7017382812499999 0.5154443359375 0.07922526041666667 0.0435205078125
1 0.6503059895833333 0.8506005859375 0.08072916666666667 0.036533203125
1 0.693359375 0.19580078125 0.08479817708333333 0.029541015625
1 0.8323177083333334 0.72970703125 0.06335286458333333 0.0610986328125
1 0.32608723958333335 0.529296875 0.07104817708333333 0.0428173828125
1 0.21907552083333334 0.6416015625 0.03975260416666667 0.0559375
1 0.4749348958333333 0.54931640625 0.0751171875 0.022841796875
1 0.724609375 0.56689453125 0.052571614583333336 0.0589892578125
1 0.7721354166666666 0.865234375 0.08341796875 0.028974609375
1 0.6315104166666666 0.2447509765625 0.07186197916666666 0.047880859375
1 0.7395833333333334 0.650390625 0.05781901041666667 0.051455078125
1 0.7213541666666666 0.035888671875 0.07723307291666666 0.0492236328125
1 0.3248697916666667 0.411376953125 0.045983072916666666 0.052431640625
1 0.6090494791666666 0.081787109375 0.03806640625 0.0659814453125
1 0.4436848958333333 0.53271484375 0.07922526041666667 0.032412109375
1 0.7828580729166666 0.72916015625 0.08117838541666667 0.0469970703125
1 0.7043033854166666 0.7055810546875 0.08138020833333333 0.042998046875
1 0.8268229166666666 0.85546875 0.06079427083333333 0.0628076171875
1 0.6705729166666666 0.099306640625 0.03975260416666667 0.066591796875
1 0.6653645833333334 0.58251953125 0.0370703125 0.0592041015625
1 0.4436848958333333 0.177490234375 0.07002604166666666 0.049775390625
1 0.09529947916666666 0.2489013671875 0.07092447916666667 0.03396484375
1 0.18408203125 0.85546875 0.07238932291666667 0.0354931640625
1 0.6611328125 0.7666015625 0.07792317708333334 0.03515625
1 0.7135416666666666 0.090087890625 0.049401041666666666 0.0681787109375
1 0.20279947916666666 0.87841796875 0.0712109375 0.0355517578125
1 0.7845052083333334 0.55615234375 0.05293619791666667 0.0611865234375
1 0.24837239583333334 0.67333984375 0.036705729166666666 0.0589892578125
1 0.3263346354166667 0.9345703125 0.07360677083333333 0.0330810546875
1 0.6396484375 0.1099267578125 0.03623697916666666 0.0664697265625
1 0.3024088541666667 0.88037109375 0.03953125 0.0589013671875
1 0.16764322916666666 0.83935546875 0.07173828125 0.035673828125
1 0.5706380208333334 0.128173828125 0.03615234375 0.06537109375
1 0.2750651041666667 0.88037109375 0.03574869791666666 0.059326171875
1 0.5849609375 0.0606396484375 0.036705729166666666 0.067080078125
1 0.4222005208333333 0.080810546875 0.05517578125 0.05072265625
1 0.6389973958333334 0.96240234375 0.03345052083333334 0.067080078125
1 0.5247395833333334 0.074892578125 0.04296875 0.0689111328125
1 0.3304036458333333 0.90234375 0.05879557291666667 0.0523388671875
1 0.763671875 0.68896484375 0.08374348958333333 0.0279541015625
1 0.16536458333333334 0.81787109375 0.073203125 0.0359521484375
1 0.021542968750000002 0.193603515625 0.04160807291666666 0.0589013671875
1 0.607421875 0.955078125 0.03251302083333333 0.0689111328125
1 0.2646484375 0.74365234375 0.074140625 0.030625
1 0.5784505208333334 0.43798828125 0.0508203125 0.0365625
1 0.2572526041666667 0.914287109375 0.0726171875 0.0428759765625
1 0.77716796875 0.7781298828125 0.08343098958333334 0.037080078125
1 0.4345703125 0.6433056640625 0.05642578125 0.05556640625
1 0.5345963541666666 0.6552783203125 0.06383463541666666 0.0521484375
1 0.3949609375 0.5505517578125 0.055852864583333335 0.0547119140625
1 0.5582486979166666 0.5663671875 0.054140625 0.0572802734375
1 0.5283268229166667 0.42146484375 0.05471354166666667 0.058134765625
1 0.4750390625 0.475107421875 0.06781901041666667 0.046591796875
1 0.7386263020833334 0.329560546875 0.07637369791666666 0.0478759765625
1 0.66396484375 0.2804052734375 0.06839192708333333 0.0572802734375
1 0.23102864583333335 0.3379296875 0.06934895833333334 0.047939453125
1 0.06120442708333334 0.193671875 0.06611328125 0.052529296875
1 0.25168619791666663 0.200791015625 0.07396484375 0.04712890625
1 0.2582291666666667 0.1782080078125 0.07396484375 0.0441845703125
1 0.30535807291666667 0.104814453125 0.058255208333333336 0.0643115234375
1 0.3724544270833334 0.09376953125 0.06676432291666666 0.059892578125
