1 0.6031901041666666 0.6640625 0.05859375 0.0523388671875
1 0.66015625 0.5400390625 0.07792317708333334 0.0264599609375
1 0.6256510416666666 0.6171875 0.07527994791666666 0.0305615234375
1 0.5458984375 0.7939453125 0.06913411458333334 0.0394287109375
1 0.4899088541666667 0.6279296875 0.07214192708333333 0.0365625
1 0.2644856770833333 0.48291015625 0.06746744791666666 0.0389111328125
1 0.6279296875 0.595703125 0.07458333333333333 0.03265625
1 0.2696940104166667 0.796875 0.06949869791666667 0.032470703125
1 0.3092447916666667 0.485595703125 0.07002604166666666 0.038759765625
1 0.470703125 0.66845703125 0.07255208333333334 0.03125
1 0.69921875 0.6318359375 0.08130208333333333 0.0313134765625
1 0.689453125 0.5712890625 0.07267578125 0.0432763671875
1 0.3538411458333333 0.86767578125 0.044798177083333335 0.0558154296875
1 0.23860677083333334 0.67724609375 0.07197916666666666 0.033203125
1 0.30126953125 0.384033203125 0.065390625 0.0442822265625
1 0.3776041666666667 0.54150390625 0.04321614583333333 0.0537109375
1 0.4547526041666667 0.65087890625 0.07307942708333333 0.026611328125
1 0.33154296875 0.578125 0.06079427083333333 0.0486767578125
1 0.22428385416666666 0.646484375 0.06103515625 0.04638671875
1 0.3528645833333333 0.55029296875 0.04512369791666667 0.053193359375
1 0.5462239583333334 0.491455078125 0.06372395833333333 0.0430322265625
1 0.6370442708333334 0.56005859375 0.07649739583333333 0.022890625
1 0.4977213541666667 0.60888671875 0.07348958333333333 0.03662109375
1 0.2902018229166667 0.51513671875 0.07092447916666667 0.02791015625
1 0.375 0.87890625 0.045735677083333336 0.0528271484375
1 0.33203125 0.67041015625 0.03416015625 0.056640625
1 0.3092447916666667 0.36279296875 0.07055989583333333 0.0389111328125
1 0.3040364583333333 0.66064453125 0.03300130208333333 0.0558154296875
1 0.3746744791666667 0.4423828125 0.07527994791666666 0.020966796875
1 0.6344401041666666 0.150390625 0.047200520833333336 0.0602099609375
