1 0.4998893229166667 0.8760302734375 0.06947265625 0.04640625
1 0.17626953125 0.84033203125 0.07307942708333333 0.0359521484375
1 0.7630208333333334 0.9072265625 0.07161458333333333 0.04046875
1 0.17545572916666666 0.7939453125 0.07597005208333334 0.0278466796875
1 0.3675130208333333 0.71533203125 0.07389322916666667 0.0224169921875
1 0.841796875 0.86962890625 0.07373046875 0.0384521484375
1 0.1591796875 0.70703125 0.056236979166666666 0.05072265625
1 0.7486979166666666 0.1397705078125 0.06811848958333333 0.04779296875
1 0.35781250000000003 0.5861962890625 0.06954427083333332 0.040439453125
1 0.3214518229166667 0.68359375 0.029257812499999997 0.0551171875
1 0.17887369791666666 0.305419921875 0.06966145833333333 0.03732421875
1 0.17366536458333334 0.75439453125 0.08732421875 0.0316796875
1 0.3282877604166667 0.63134765625 0.03930989583333334 0.053408203125
1 0.3815104166666667 0.69580078125 0.07267578125 0.0219873046875
1 0.20052083333333334 0.6982421875 0.053834635416666665 0.0494091796875
1 0.6532617187499999 0.873359375 0.07670572916666667 0.0321240234375
1 0.4973958333333333 0.155029296875 0.052858072916666665 0.0545068359375
1 0.681640625 0.22607421875 0.07470703125 0.028486328125
1 0.3883463541666667 0.65869140625 0.05005208333333333 0.0537109375
1 0.1880403645833333 0.7333984375 0.07538411458333334 0.027177734375
1 0.5181770833333333 0.59521484375 0.07492838541666667 0.0243359375
1 0.7916666666666666 0.0833154296875 0.04544921875 0.0616455078125
1 0.462890625 0.11615234375 0.07580729166666667 0.030625
1 0.21297526041666667 0.3560498046875 0.056028645833333335 0.049560546875
1 0.3111979166666667 0.576171875 0.07552083333333333 0.02267578125
1 0.6266276041666666 0.8544921875 0.07597005208333334 0.02630859375
1 0.2936197916666667 0.541015625 0.043541666666666666 0.05419921875
1 0.18326822916666666 0.7724609375 0.07649739583333333 0.0286572265625
1 0.7018229166666666 0.097900390625 0.03989583333333333 0.0611865234375
1 0.849609375 0.837890625 0.08174479166666666 0.0278466796875
1 0.564453125 0.304443359375 0.043294270833333336 0.0565478515625
1 0.732421875 0.275634765625 0.03643880208333333 0.0589892578125
1 0.2501627604166667 0.447021484375 0.06901041666666667 0.0347607421875
1 0.845703125 0.81640625 0.08280598958333334 0.0281689453125
1 0.294921875 0.183349609375 0.07214192708333333 0.031142578125
1 0.7825520833333334 0.6650390625 0.049479166666666664 0.0557275390625
1 0.3854166666666667 0.1282958984375 0.07527994791666666 0.0269189453125
1 0.7669270833333334 0.07171875 0.04512369791666667 0.0638427734375
1 0.8053385416666666 0.609375 0.042402343749999995 0.0569775390625
1 0.458984375 0.150146484375 0.052734375 0.051455078125
1 0.7779947916666666 0.521484375 0.049765625 0.0513623046875
1 0.2784830729166667 0.486572265625 0.06429036458333333 0.045869140625
1 0.7431119791666667 0.8662109375 0.07916015625 0.026259765625
1 0.7337239583333334 0.371337890625 0.07291666666666667 0.0377490234375
1 0.3597005208333333 0.65966796875 0.04667317708333333 0.05126953125
1 0.27294921875 0.20703125 0.07527994791666666 0.0335986328125
1 0.7265625 0.326171875 0.07389322916666667 0.024521484375
1 0.5533854166666666 0.354248046875 0.059244791666666664 0.047607421875
1 0.7037760416666666 0.276123046875 0.038209635416666665 0.0577099609375
1 0.21793619791666666 0.324462890625 0.07307942708333333 0.026201171875
1 0.3473307291666667 0.470458984375 0.072265625 0.0280615234375
1 0.23421223958333334 0.2880859375 0.0376171875 0.0530078125
1 0.4892578125 0.250458984375 0.029440104166666665 0.058779296875
1 0.7135416666666666 0.84765625 0.07666015625 0.0267041015625
1 0.28271484375 0.2225341796875 0.0663671875 0.0325341796875
1 0.6650390625 0.26123046875 0.047936197916666666 0.0572802734375
1 0.6220703125 0.370849609375 0.07014973958333333 0.03802734375
1 0.5751953125 0.70263671875 0.060468749999999995 0.0504150390625
1 0.7356770833333334 0.081787109375 0.04067057291666667 0.062685546875
1 0.71484375 0.8203125 0.07499348958333334 0.03216796875
1 0.5930989583333334 0.81298828125 0.042076822916666666 0.057802734375
1 0.4166666666666667 0.1572265625 0.068359375 0.0362255859375
1 0.34366536458333335 0.1454443359375 0.07291666666666667 0.0241845703125
1 0.576171875 0.75146484375 0.039674479166666665 0.0599658203125
1 0.7255143229166667 0.421875 0.07794270833333333 0.0292529296875
1 0.80078125 0.72216796875 0.07373046875 0.039794921875
1 0.5797526041666666 0.58935546875 0.03395833333333333 0.0542919921875
1 0.748046875 0.79052734375 0.07002604166666666 0.03955078125
1 0.7330729166666666 0.35009765625 0.07637369791666666 0.030791015625
1 0.30078125 0.50244140625 0.07080078125 0.0399462890625
1 0.4371744791666667 0.2362060546875 0.028606770833333333 0.0574951171875
1 0.2900390625 0.336669921875 0.07637369791666666 0.0285498046875
1 0.697265625 0.382568359375 0.07666015625 0.0383935546875
1 0.4681510416666667 0.5667626953125 0.0663671875 0.0433642578125
1 0.3805338541666667 0.1876220703125 0.07067708333333333 0.0313134765625
1 0.3509114583333333 0.520859375 0.04005859375 0.0542919921875
1 0.59375 0.35400390625 0.0625390625 0.044921875
1 0.25244140625 0.2672265625 0.03712890625 0.0576171875
1 0.2897135416666667 0.297119140625 0.07002604166666666 0.0291455078125
1 0.5009765625 0.295654296875 0.06799479166666667 0.03955078125
1 0.25244140625 0.364501953125 0.03615234375 0.051943359375
1 0.66015625 0.81640625 0.052369791666666665 0.052919921875
1 0.5006510416666666 0.406005859375 0.0780859375 0.0234228515625
1 0.396484375 0.173095703125 0.06990885416666666 0.0343017578125
1 0.3557942708333333 0.2138671875 0.07442057291666666 0.0286572265625
1 0.7864388020833334 0.5755859375 0.04421875 0.057041015625
1 0.7994791666666666 0.7822265625 0.03513671875 0.0598779296875
1 0.60548828125 0.5825439453125 0.03694010416666667 0.05541015625
1 0.31910807291666665 0.165498046875 0.07524739583333333 0.0294970703125
1 0.669921875 0.3935546875 0.073203125 0.0397021484375
1 0.42578125 0.45166015625 0.052858072916666665 0.0511767578125
1 0.4498697916666667 0.392333984375 0.02712239583333333 0.053984375
1 0.7955729166666666 0.84033203125 0.029765625 0.0638427734375
1 0.51255859375 0.576171875 0.07456380208333334 0.0257568359375
1 0.4423828125 0.291748046875 0.041914062499999995 0.056337890625
1 0.4635416666666667 0.252197265625 0.027467447916666665 0.0542919921875
1 0.7513020833333334 0.7666015625 0.06872395833333333 0.0390625
1 0.6647135416666666 0.295654296875 0.06286458333333333 0.048037109375
1 0.4013671875 0.502578125 0.03588541666666666 0.0555712890625
1 0.42271484374999996 0.5354541015625 0.04865885416666666 0.052294921875
1 0.37302734375 0.50515625 0.03662109375 0.05349609375
1 0.6279296875 0.81591796875 0.052167968749999995 0.055205078125
1 0.2744140625 0.413818359375 0.071328125 0.0323486328125
1 0.5072591145833333 0.5440087890625 0.06636067708333333 0.0421142578125
1 0.6809895833333334 0.339111328125 0.04667317708333333 0.05251953125
1 0.5745442708333334 0.416142578125 0.0326953125 0.0559228515625
1 0.6240234375 0.75048828125 0.05005208333333333 0.0538037109375
1 0.3408203125 0.270751953125 0.0419921875 0.0518505859375
1 0.439453125 0.49267578125 0.04512369791666667 0.04958984375
1 0.5003255208333334 0.323974609375 0.06335286458333333 0.0486767578125
1 0.3181966145833333 0.255859375 0.04658854166666667 0.0537109375
1 0.6614583333333334 0.78125 0.04837890625 0.058349609375
1 0.3330078125 0.43408203125 0.07792317708333334 0.0335400390625
1 0.2862955729166667 0.374267578125 0.03169921875 0.05099609375
1 0.6321614583333334 0.3291015625 0.05737630208333333 0.0472412109375
1 0.73240234375 0.68990234375 0.03303385416666667 0.0611376953125
1 0.3902994791666667 0.2529296875 0.06197265625 0.0411376953125
1 0.4124348958333333 0.287353515625 0.034016927083333336 0.0571923828125
1 0.6272786458333334 0.297607421875 0.06026041666666667 0.0460205078125
1 0.38154947916666665 0.2295361328125 0.0722265625 0.037568359375
1 0.3025716145833333 0.321533203125 0.06649088541666666 0.0281689453125
1 0.7259114583333334 0.482666015625 0.056640625 0.0582275390625
1 0.6145833333333334 0.70166015625 0.06079427083333333 0.0450146484375
1 0.25937499999999997 0.42828125 0.07430338541666666 0.0367431640625
1 0.3662109375 0.299560546875 0.06286458333333333 0.0455322265625
1 0.76623046875 0.82458984375 0.03188151041666667 0.0608935546875
1 0.6708463541666667 0.52490234375 0.07618489583333334 0.0325341796875
1 0.5198567708333334 0.425537109375 0.07430338541666666 0.0231005859375
1 0.4807942708333333 0.34228515625 0.05293619791666667 0.050810546875
1 0.5003255208333334 0.51171875 0.07373046875 0.0362255859375
1 0.5748697916666666 0.5498046875 0.06913411458333334 0.040986328125
1 0.6686197916666666 0.744140625 0.049967447916666664 0.0580126953125
1 0.3229166666666667 0.363525390625 0.05195963541666667 0.0510888671875
1 0.5498046875 0.49853515625 0.039225260416666664 0.0555126953125
1 0.5013020833333334 0.467529296875 0.07291666666666667 0.02400390625
1 0.60546875 0.414306640625 0.03777994791666667 0.05349609375
1 0.5904947916666666 0.456787109375 0.06913411458333334 0.034697265625
1 0.7330729166666666 0.64306640625 0.06611979166666666 0.0435205078125
1 0.4632161458333333 0.444580078125 0.044518229166666666 0.053193359375
1 0.40020833333333333 0.3533154296875 0.06123697916666667 0.0447998046875
1 0.5013020833333334 0.487548828125 0.06848307291666667 0.02533203125
1 0.4534505208333333 0.3466796875 0.05293619791666667 0.0509033203125
1 0.7288802083333333 0.5655615234375 0.0701953125 0.04548828125
1 0.6640625 0.50146484375 0.06848307291666667 0.038544921875
1 0.68052734375 0.6625732421875 0.07311848958333333 0.04
1 0.6259765625 0.55517578125 0.03643880208333333 0.0545068359375
1 0.7524153645833334 0.6034423828125 0.070859375 0.0452587890625
1 0.5631510416666666 0.53271484375 0.072265625 0.035341796875
1 0.6412760416666666 0.432861328125 0.05033203125 0.0559375
1 0.4020182291666667 0.4072265625 0.05879557291666667 0.04345703125
1 0.66830078125 0.6128955078125 0.0773046875 0.0293798828125
1 0.3336588541666667 0.390380859375 0.059446614583333335 0.0354931640625
1 0.703125 0.77587890625 0.03712890625 0.0586572265625
1 0.5846354166666666 0.493408203125 0.051679687499999995 0.0548095703125
1 0.5091145833333334 0.4462890625 0.074140625 0.022978515625
1 0.6656901041666666 0.57703125 0.051881510416666665 0.0531689453125
1 0.6751302083333334 0.427734375 0.05537760416666667 0.0510888671875
1 0.7233072916666666 0.72900390625 0.054036458333333336 0.055205078125
1 0.7079557291666667 0.4570751953125 0.05611328125 0.0551171875
1 0.6223958333333334 0.48046875 0.04902994791666667 0.058564453125
1 0.3444010416666667 0.407958984375 0.06526692708333333 0.033203125
1 0.7253580729166668 0.8888720703125 0.08077473958333332 0.02640625
1 0.62751953125 0.682431640625 0.06498046875 0.049736328125
1 0.7737239583333334 0.732333984375 0.07521484375 0.0400537109375
1 0.68515625 0.7208154296875 0.054739583333333335 0.0564111328125
1 0.6793684895833333 0.684931640625 0.07521484375 0.039384765625
1 0.6893815104166667 0.643544921875 0.0712109375 0.04072265625
1 0.7352278645833333 0.617509765625 0.06853515624999999 0.046064453125
1 0.6824869791666667 0.5604296875 0.05740885416666667 0.054072265625
1 0.7421223958333334 0.4958447265625 0.058300781249999996 0.05173828125
1 0.6622395833333333 0.471142578125 0.05875 0.050400390625
1 0.44349609375000004 0.5447412109375 0.05029296875 0.0520703125
1 0.33817057291666663 0.5521044921875 0.06360026041666667 0.0460205078125
1 0.41342447916666664 0.430498046875 0.05375 0.051396484375
1 0.35810546875 0.444775390625 0.07121744791666666 0.0356103515625
1 0.41095703125 0.3737255859375 0.06404947916666666 0.0453515625
1 0.36885416666666665 0.3502099609375 0.061360677083333336 0.0466943359375
1 0.3699739583333333 0.321318359375 0.06539713541666667 0.0466943359375
1 0.29315755208333333 0.254638671875 0.04882161458333333 0.0517333984375
1 0.7323372395833333 0.125302734375 0.07166666666666667 0.04703125
