1 0.47828776041666665 0.6077001953125 0.06323567708333333 0.049775390625
1 0.21449869791666668 0.7138671875 0.07417317708333333 0.040009765625
1 0.2763671875 0.75439453125 0.037473958333333335 0.0584423828125
1 0.24927734375 0.7252783203125 0.06383463541666666 0.05078125
1 0.21435546875 0.7581640625 0.04223958333333333 0.059755859375
1 0.5243229166666666 0.58154296875 0.07294270833333334 0.040771484375
1 0.26446614583333333 0.6742041015625 0.060898437500000006 0.0487353515625
1 0.1943359375 0.78369140625 0.055299479166666665 0.056337890625
1 0.25424479166666664 0.9012255859375 0.07576171875 0.0368603515625
1 0.5660807291666666 0.57275390625 0.05326171875 0.056337890625
1 0.396484375 0.59521484375 0.07080078125 0.04681640625
1 0.24593098958333334 0.78662109375 0.046959635416666666 0.0545947265625
1 0.46711588541666665 0.5610009765625 0.07250651041666667 0.0416650390625
1 0.3175455729166667 0.658203125 0.03589192708333334 0.0589013671875
1 0.43177734375000004 0.587509765625 0.07278645833333333 0.0425439453125
1 0.6829427083333334 0.372802734375 0.04223958333333333 0.0604248046875
1 0.6435546875 0.458251953125 0.0370703125 0.0589892578125
1 0.18015625000000002 0.678642578125 0.06994791666666667 0.0438720703125
1 0.6171875 0.4433642578125 0.038411458333333336 0.0634130859375
1 0.15996093749999998 0.7273291015625 0.06763020833333333 0.045595703125
1 0.2633203125 0.8127490234375 0.06494791666666667 0.047431640625
1 0.29610026041666665 0.375 0.07531901041666667 0.0364990234375
1 0.353515625 0.40966796875 0.0702734375 0.043212890625
1 0.3063151041666667 0.327392578125 0.033125 0.0611865234375
1 0.4339192708333333 0.5400390625 0.07967447916666666 0.03271484375
1 0.24772135416666666 0.59521484375 0.06465494791666666 0.046630859375
1 0.208984375 0.305419921875 0.061484375 0.04876953125
1 0.19140625 0.84814453125 0.07055989583333333 0.0367138671875
1 0.2972005208333333 0.7011328125 0.032877604166666664 0.0617529296875
1 0.69140625 0.744140625 0.052858072916666665 0.0599658203125
1 0.5706380208333334 0.75830078125 0.07527994791666666 0.04177734375
1 0.65625 0.36376953125 0.03857421875 0.06130859375
1 0.16284505208333333 0.81689453125 0.059244791666666664 0.05251953125
1 0.27294921875 0.9287109375 0.07483072916666667 0.0372021484375
1 0.5986328125 0.7275390625 0.036985677083333335 0.0599658203125
1 0.6087239583333334 0.38037109375 0.052734375 0.0565478515625
1 0.6666666666666666 0.7255859375 0.0386328125 0.060517578125
1 0.3776041666666667 0.42333984375 0.06774739583333333 0.0433642578125
1 0.2781575520833333 0.329345703125 0.0317578125 0.0604248046875
1 0.6595052083333334 0.50634765625 0.04837890625 0.060302734375
1 0.6165364583333334 0.5126953125 0.039225260416666664 0.058564453125
1 0.7063802083333334 0.7705078125 0.05497395833333333 0.0592041015625
1 0.18033854166666666 0.31298828125 0.06453776041666666 0.0484033203125
1 0.6311848958333334 0.7447021484375 0.03407552083333334 0.06232421875
1 0.3388671875 0.3291015625 0.030638020833333335 0.0610986328125
1 0.3658854166666667 0.4921875 0.034752604166666666 0.058134765625
1 0.5699869791666666 0.78173828125 0.07401692708333334 0.0406201171875
1 0.5397135416666666 0.53173828125 0.07552083333333333 0.022626953125
1 0.6875 0.415771484375 0.08325520833333333 0.0298779296875
1 0.2529296875 0.346435546875 0.028118489583333333 0.057373046875
1 0.5738932291666666 0.484375 0.03369140625 0.0594189453125
1 0.3791276041666667 0.610244140625 0.06835286458333333 0.043974609375
1 0.26264322916666666 0.8555126953125 0.07000651041666667 0.0450634765625
1 0.2840169270833333 0.6298828125 0.059446614583333335 0.0451953125
1 0.19856770833333334 0.931640625 0.04634765625 0.0584423828125
1 0.26823567708333335 0.8837646484375 0.0726171875 0.0397607421875
1 0.17147786458333333 0.7922900390625 0.05966796875 0.0512548828125
1 0.23292968749999998 0.292880859375 0.06490885416666667 0.0468798828125
1 0.1932421875 0.6987255859375 0.0719140625 0.0438427734375
1 0.5059505208333334 0.616953125 0.06727213541666667 0.048017578125
