1 0.5305989583333334 0.50830078125 0.074140625 0.033388671875
1 0.5439453125 0.467529296875 0.07332682291666666 0.03662109375
1 0.5377604166666666 0.49072265625 0.07307942708333333 0.03314453125
1 0.666015625 0.3740234375 0.07568359375 0.0332666015625
1 0.603515625 0.442626953125 0.029661458333333335 0.0582275390625
1 0.6513671875 0.48681640625 0.0439453125 0.053984375
1 0.6451822916666666 0.411376953125 0.0546484375 0.053896484375
1 0.548828125 0.425537109375 0.028867187500000002 0.0572802734375
1 0.6901041666666666 0.47509765625 0.042805989583333336 0.0574951171875
1 0.689453125 0.4345703125 0.06205078125 0.053984375
1 0.4482421875 0.521484375 0.07186197916666666 0.0383935546875
1 0.5764973958333334 0.42724609375 0.028281249999999997 0.0604248046875
1 0.6341145833333334 0.5751953125 0.03560546875 0.058779296875
1 0.6233919270833334 0.483154296875 0.04955729166666667 0.0544140625
1 0.72265625 0.468505859375 0.043378906249999995 0.0589013671875
1 0.5166015625 0.384765625 0.043053385416666666 0.056337890625
1 0.4899088541666667 0.436279296875 0.03623697916666666 0.0551171875
1 0.5615234375 0.541015625 0.06799479166666667 0.041689453125
1 0.5152994791666666 0.53759765625 0.049479166666666664 0.0523388671875
1 0.4078776041666667 0.54931640625 0.03440104166666667 0.05490234375
1 0.6067708333333334 0.56201171875 0.03395833333333333 0.0567626953125
1 0.7389322916666666 0.76171875 0.05781901041666667 0.0562451171875
1 0.31787109375 0.4638671875 0.059244791666666664 0.048583984375
1 0.294921875 0.890625 0.03383463541666667 0.0586572265625
1 0.6067708333333334 0.387451171875 0.07625651041666666 0.022626953125
1 0.423828125 0.59765625 0.052858072916666665 0.0526123046875
1 0.5120442708333334 0.861328125 0.03857421875 0.058564453125
1 0.3133138020833333 0.365234375 0.0405859375 0.0571923828125
1 0.3671875 0.736328125 0.030169270833333334 0.0579248046875
1 0.6703190104166666 0.41701171875 0.06265625 0.054189453125
