1 0.3222265625 0.2354736328125 0.05521484375 0.02400390625
1 0.5045572916666666 0.349853515625 0.027526041666666667 0.0382373046875
1 0.4225260416666667 0.5078125 0.051191406249999995 0.0176416015625
1 0.5849609375 0.38916015625 0.052083333333333336 0.0217724609375
1 0.42526692708333336 0.493115234375 0.05427083333333333 0.0188671875
1 0.5234375 0.353515625 0.029095052083333333 0.03802734375
1 0.3912760416666667 0.52880859375 0.0508203125 0.02001953125
1 0.5380859375 0.47216796875 0.020891927083333334 0.0391259765625
1 0.5452473958333334 0.37451171875 0.049765625 0.0207958984375
1 0.4635416666666667 0.38330078125 0.051881510416666665 0.01751953125
1 0.5143880208333333 0.5162158203125 0.026647135416666665 0.039453125
1 0.5283203125 0.5654296875 0.041914062499999995 0.0343017578125
1 0.4775390625 0.521484375 0.041328125 0.034697265625
1 0.4954427083333333 0.58447265625 0.04756510416666667 0.0272216796875
1 0.685546875 0.44677734375 0.051679687499999995 0.02064453125
1 0.4321614583333333 0.4639208984375 0.04701822916666667 0.0330029296875
1 0.33206380208333336 0.6444384765625 0.029947916666666668 0.0404345703125
1 0.5227864583333334 0.39111328125 0.05326171875 0.0276953125
1 0.6498763020833334 0.3849609375 0.050930989583333336 0.02830078125
1 0.47306640625 0.4165771484375 0.044609375 0.0337255859375
1 0.5237630208333334 0.60205078125 0.051881510416666665 0.01890625
1 0.3206380208333333 0.62939453125 0.02902994791666667 0.03759765625
1 0.5771484375 0.47021484375 0.022115885416666665 0.040771484375
1 0.3610026041666667 0.5103515625 0.030110677083333332 0.0384716796875
1 0.36328125 0.55859375 0.05098307291666667 0.0215771484375
1 0.3951822916666667 0.57568359375 0.024251302083333332 0.040009765625
1 0.5875651041666666 0.406005859375 0.05147135416666667 0.022890625
1 0.6110091145833333 0.351845703125 0.044348958333333334 0.0373193359375
1 0.3860677083333333 0.38427734375 0.048828125 0.0171044921875
1 0.4833984375 0.35205078125 0.02352213541666667 0.0391845703125
1 0.6751302083333334 0.468505859375 0.049680989583333335 0.02685546875
1 0.47207031250000003 0.56298828125 0.049192708333333335 0.029541015625
1 0.4928385416666667 0.492431640625 0.035279947916666665 0.03515625
1 0.4580794270833333 0.407265625 0.0459375 0.034306640625
1 0.6507161458333334 0.3310546875 0.022643229166666667 0.04025390625
1 0.41587890624999996 0.5390625 0.055527343750000006 0.0184765625
1 0.6736979166666667 0.375830078125 0.05375 0.0241064453125
1 0.4527994791666667 0.517578125 0.0283203125 0.0394287109375
1 0.6402994791666666 0.487548828125 0.049401041666666666 0.0225048828125
1 0.3196614583333333 0.58984375 0.0262890625 0.038759765625
1 0.3567708333333333 0.59033203125 0.024960937500000002 0.0379052734375
1 0.701171875 0.39501953125 0.05395833333333333 0.01751953125
1 0.6396484375 0.40966796875 0.05033203125 0.022158203125
1 0.3727213541666667 0.34326171875 0.03721354166666666 0.0333251953125
1 0.4026692708333333 0.40283203125 0.04537109375 0.0344873046875
1 0.3831380208333333 0.5068359375 0.0326953125 0.0359521484375
1 0.46914062500000003 0.4900830078125 0.035703125 0.0381298828125
1 0.3631575520833333 0.4756396484375 0.043105468749999994 0.0344091796875
1 0.3561197916666667 0.351318359375 0.04044921875 0.0362841796875
1 0.3779296875 0.59619140625 0.025839843749999997 0.0389111328125
1 0.3391927083333333 0.26171875 0.03318359375 0.0390625
1 0.5390625 0.5908203125 0.05098307291666667 0.019013671875
1 0.5009765625 0.465087890625 0.02146484375 0.0379052734375
1 0.5703125 0.416015625 0.055585937499999995 0.022080078125
1 0.4205729166666667 0.37939453125 0.0409765625 0.0348828125
1 0.3510416666666667 0.6471630859375 0.029882812499999998 0.0399609375
1 0.3037109375 0.62109375 0.026549479166666667 0.0389111328125
1 0.7234440104166667 0.4091796875 0.05690755208333333 0.01755859375
1 0.5185546875 0.462890625 0.022220052083333334 0.0406201171875
1 0.66796875 0.341796875 0.02170572916666667 0.0391259765625
1 0.38373697916666666 0.4717333984375 0.0455078125 0.0337548828125
1 0.41361328124999996 0.471875 0.04522786458333333 0.0300439453125
1 0.5458984375 0.34765625 0.027057291666666667 0.0406787109375
1 0.4322916666666667 0.410400390625 0.041666666666666664 0.0337841796875
1 0.35677734375 0.5419921875 0.05225911458333333 0.02009765625
1 0.3544921875 0.303955078125 0.026595052083333334 0.0396435546875
1 0.32177734375 0.2666015625 0.03159505208333333 0.0383935546875
1 0.6881510416666666 0.334716796875 0.021035156250000003 0.0408349609375
1 0.689453125 0.43212890625 0.054361979166666664 0.0204931640625
1 0.7350260416666666 0.386474609375 0.047200520833333336 0.032412109375
1 0.3154296875 0.2218017578125 0.053548177083333336 0.025908203125
1 0.6321614583333334 0.3310546875 0.025351562499999997 0.0398583984375
1 0.296875 0.262451171875 0.03098307291666667 0.041689453125
1 0.5138736979166666 0.4034228515625 0.049179687500000006 0.0272900390625
1 0.4010416666666667 0.281005859375 0.029889322916666666 0.04177734375
1 0.6647135416666666 0.697265625 0.049192708333333335 0.0292041015625
1 0.4820377604166666 0.538369140625 0.04669270833333333 0.0324951171875
1 0.6861979166666666 0.273193359375 0.031822916666666666 0.0413818359375
1 0.3561197916666667 0.223876953125 0.03416015625 0.040009765625
1 0.3414713541666667 0.6022412109375 0.02634765625 0.04103515625
1 0.6204427083333334 0.62890625 0.052734375 0.02072265625
1 0.48873046875000004 0.5708984375 0.050345052083333335 0.02927734375
1 0.5550130208333334 0.47787109375 0.0224609375 0.0396923828125
1 0.27734375 0.6923828125 0.04321614583333333 0.0344873046875
1 0.6875 0.74462890625 0.052858072916666665 0.0222021484375
1 0.4948046875 0.4239404296875 0.04901041666666667 0.028720703125
1 0.4428255208333333 0.45130859375 0.04540364583333333 0.032880859375
1 0.6017447916666666 0.3659765625 0.04384114583333334 0.0360107421875
1 0.7390039062499999 0.370673828125 0.04905598958333333 0.032880859375
1 0.49997395833333336 0.437607421875 0.0521875 0.0273974609375
