1 0.65021484375 0.652197265625 0.03383463541666667 0.0610546875
1 0.62642578125 0.6272216796875 0.03488932291666667 0.0586767578125
1 0.3679296875 0.6803466796875 0.04017578125 0.0634375
1 0.31982421875 0.669248046875 0.06026692708333333 0.0507470703125
1 0.2516276041666667 0.6823291015625 0.029602864583333333 0.0578857421875
1 0.27805989583333335 0.677177734375 0.03171875 0.05708984375
1 0.31453776041666665 0.7001708984375 0.07083333333333333 0.0412353515625
1 0.6586197916666666 0.5302783203125 0.06043619791666666 0.05408203125
1 0.6235937500000001 0.52873046875 0.056315104166666664 0.05408203125
1 0.6033333333333334 0.5511376953125 0.043268229166666665 0.0576904296875
1 0.5676236979166667 0.54392578125 0.04876302083333334 0.0556298828125
1 0.51439453125 0.53826171875 0.04395182291666667 0.0576904296875
1 0.47593749999999996 0.504267578125 0.042578125 0.05666015625
1 0.4336979166666666 0.5158544921875 0.046015625000000004 0.0571728515625
1 0.39421223958333335 0.48572265625 0.03570963541666667 0.0576904296875
1 0.32690755208333333 0.4803125 0.0673046875 0.0437841796875
1 0.33755208333333336 0.51611328125 0.06798828125 0.0432666015625
1 0.5088997395833333 0.493447265625 0.06043619791666666 0.0494482421875
1 0.5360286458333333 0.48701171875 0.05975260416666667 0.0509912109375
1 0.6902083333333334 0.43576171875 0.08104166666666666 0.0288427734375
1 0.6469401041666667 0.422626953125 0.07005208333333333 0.047900390625
1 0.6486588541666667 0.3829638671875 0.07760416666666667 0.0386328125
1 0.6091731770833334 0.4120654296875 0.06593098958333334 0.0494482421875
1 0.5391210937500001 0.4071728515625 0.06455729166666667 0.0468701171875
1 0.5329361979166667 0.4313818359375 0.0673046875 0.0468701171875
1 0.49310546875 0.450439453125 0.075546875 0.0272998046875
1 0.39970703125 0.425458984375 0.06043619791666666 0.0494482421875
1 0.3045833333333333 0.418505859375 0.07073567708333334 0.0437841796875
1 0.30630208333333336 0.38888671875 0.06593098958333334 0.0473876953125
1 0.35437500000000005 0.356953125 0.05768880208333333 0.054599609375
