1 0.3157552083333333 0.359375 0.04463541666666667 0.0571923828125
1 0.3515625 0.439208984375 0.07666015625 0.0274365234375
1 0.3356119791666667 0.341796875 0.04764973958333333 0.058349609375
1 0.28515625 0.39013671875 0.07161458333333333 0.0312060546875
1 0.24169921875 0.3662109375 0.051595052083333336 0.0544140625
1 0.2732747395833333 0.4384765625 0.0751171875 0.03265625
1 0.5309244791666666 0.5205078125 0.042565104166666666 0.0582275390625
1 0.7415364583333334 0.68359375 0.059694010416666665 0.0541064453125
1 0.748046875 0.7138671875 0.06848307291666667 0.053984375
1 0.2805989583333333 0.343994140625 0.033326822916666665 0.0602099609375
1 0.7493489583333334 0.744140625 0.0692578125 0.0528271484375
1 0.7884114583333334 0.6328125 0.08264322916666667 0.04611328125
1 0.6848958333333334 0.71533203125 0.05737630208333333 0.0592041015625
1 0.6673177083333334 0.3779296875 0.0780859375 0.0376904296875
1 0.6572265625 0.66015625 0.06848307291666667 0.0457763671875
1 0.345703125 0.4189453125 0.0801171875 0.02880859375
1 0.3541666666666667 0.389404296875 0.07092447916666667 0.043212890625
1 0.8092447916666666 0.77783203125 0.08895182291666666 0.0264599609375
1 0.2503255208333333 0.3086962890625 0.03300130208333333 0.0592822265625
1 0.7076822916666666 0.65771484375 0.03857421875 0.060302734375
1 0.5530598958333334 0.4853515625 0.07779947916666667 0.0416259765625
1 0.2638346354166667 0.41748046875 0.07307942708333333 0.0345458984375
1 0.3260091145833333 0.52197265625 0.05005208333333333 0.056640625
1 0.7200520833333334 0.6201171875 0.06901041666666667 0.0510888671875
1 0.21061197916666666 0.302490234375 0.05716796875 0.0531005859375
1 0.79296875 0.66357421875 0.07763671875 0.049775390625
1 0.4410807291666667 0.51806640625 0.031171875 0.0574951171875
1 0.3837890625 0.52490234375 0.06453776041666666 0.050322265625
1 0.3837890625 0.55810546875 0.0751171875 0.030380859375
1 0.4993489583333333 0.53759765625 0.03275390625 0.0579248046875
1 0.6656901041666666 0.77587890625 0.08056640625 0.02580078125
1 0.6412760416666666 0.69482421875 0.07779947916666667 0.0277392578125
1 0.66490234375 0.754931640625 0.08116536458333333 0.027490234375
1 0.4713541666666667 0.5361328125 0.030638020833333335 0.057802734375
1 0.6809895833333334 0.451416015625 0.06079427083333333 0.0549951171875
1 0.5901692708333334 0.64697265625 0.054361979166666664 0.05349609375
1 0.6546223958333334 0.63134765625 0.06913411458333334 0.0459619140625
1 0.6494140625 0.447265625 0.06416666666666666 0.0549951171875
1 0.8125 0.75439453125 0.08512369791666667 0.0287646484375
1 0.8014322916666666 0.802734375 0.08618489583333333 0.0261083984375
1 0.5244140625 0.60791015625 0.05716796875 0.0517578125
1 0.29296875 0.58642578125 0.036295572916666664 0.057802734375
1 0.21044921875 0.411865234375 0.035279947916666665 0.058134765625
1 0.2669270833333333 0.87353515625 0.04512369791666667 0.0577099609375
1 0.798828125 0.7138671875 0.03300130208333333 0.0606396484375
1 0.1796875 0.31494140625 0.06913411458333334 0.0440966796875
1 0.19205729166666666 0.89208984375 0.07499348958333334 0.02580078125
1 0.7252604166666666 0.7880859375 0.07307942708333333 0.048310546875
1 0.6868489583333334 0.407470703125 0.08056640625 0.029375
1 0.6050716145833334 0.504345703125 0.07442057291666666 0.042177734375
1 0.61328125 0.375244140625 0.03005208333333333 0.0608544921875
1 0.22249348958333334 0.84814453125 0.04830078125 0.0579248046875
1 0.24446614583333334 0.86083984375 0.04756510416666667 0.0608544921875
1 0.24088541666666666 0.7470703125 0.03257161458333333 0.0570703125
1 0.18782552083333334 0.85400390625 0.052369791666666665 0.0579248046875
1 0.20849609375 0.7724609375 0.065390625 0.0486767578125
1 0.26220703125 0.7724609375 0.03560546875 0.0598779296875
1 0.21565755208333334 0.7294921875 0.031412760416666664 0.057587890625
1 0.21598307291666666 0.923828125 0.07580729166666667 0.028486328125
1 0.2747395833333333 0.91796875 0.0405078125 0.06130859375
