1 0.3688151041666667 0.18359375 0.07430338541666666 0.0445263671875
1 0.7279557291666667 0.8158056640625 0.08311197916666667 0.0380908203125
1 0.17985026041666666 0.19287109375 0.07580729166666667 0.0394921875
1 0.6477864583333334 0.63427734375 0.05033203125 0.0557275390625
1 0.6627604166666666 0.2451171875 0.06551432291666666 0.0599658203125
1 0.6966145833333334 0.24658203125 0.06001953125 0.059326171875
1 0.5315755208333334 0.51123046875 0.07470703125 0.0283349609375
1 0.7168033854166667 0.13853515625 0.07854817708333334 0.0535595703125
1 0.6103515625 0.161376953125 0.07470703125 0.052705078125
1 0.4774934895833333 0.611064453125 0.06182942708333333 0.0524365234375
1 0.2666015625 0.204833984375 0.07002604166666666 0.0451953125
1 0.4889322916666667 0.20068359375 0.03835286458333333 0.0648828125
1 0.6311848958333334 0.198974609375 0.07649739583333333 0.0545068359375
1 0.5338541666666666 0.1527099609375 0.049680989583333335 0.0594189453125
1 0.27060546874999997 0.1790771484375 0.071015625 0.0494091796875
1 0.62890625 0.72509765625 0.07678385416666667 0.037109375
1 0.4658203125 0.25732421875 0.055787760416666665 0.060087890625
1 0.6868489583333334 0.625 0.06848307291666667 0.0517578125
1 0.3391927083333333 0.2176513671875 0.07108723958333334 0.0411376953125
1 0.5706380208333334 0.2188720703125 0.0415234375 0.0647607421875
1 0.6842447916666666 0.67138671875 0.08056640625 0.0357373046875
1 0.5779817708333334 0.9144189453125 0.08264322916666667 0.04248046875
1 0.3473307291666667 0.568359375 0.06787109375 0.046904296875
1 0.763671875 0.16455078125 0.07002604166666666 0.0580126953125
1 0.3273111979166667 0.331298828125 0.05054036458333333 0.0562451171875
1 0.2296484375 0.3443212890625 0.05506510416666666 0.05541015625
1 0.6569010416666666 0.32373046875 0.07332682291666666 0.05203125
1 0.16239583333333332 0.3126806640625 0.0586328125 0.053095703125
1 0.5397135416666666 0.216552734375 0.04044921875 0.0621044921875
1 0.5157161458333334 0.5566455078125 0.0508203125 0.057158203125
1 0.3020833333333333 0.16091796875 0.06477864583333333 0.05392578125
1 0.6087565104166667 0.9460205078125 0.07680338541666666 0.0424951171875
1 0.5748697916666666 0.31298828125 0.058470052083333335 0.0582275390625
1 0.3388671875 0.5048828125 0.07763671875 0.030791015625
1 0.623046875 0.64697265625 0.05244791666666667 0.058349609375
1 0.662109375 0.7392578125 0.07186197916666666 0.0484912109375
1 0.32162109375 0.26732421875 0.056347656249999996 0.0600537109375
1 0.57828125 0.542255859375 0.07770833333333334 0.037919921875
1 0.6818424479166666 0.70166015625 0.08333333333333333 0.033388671875
1 0.41560546875 0.5703271484375 0.07355468750000001 0.0418359375
1 0.2674153645833333 0.282470703125 0.03257161458333333 0.0596630859375
1 0.4736328125 0.53955078125 0.07373046875 0.0316796875
1 0.701171875 0.104677734375 0.085859375 0.0269189453125
1 0.4983723958333333 0.340576171875 0.03886067708333333 0.0631103515625
1 0.16731770833333334 0.25537109375 0.06746744791666666 0.048857421875
1 0.6598307291666666 0.89208984375 0.07751302083333333 0.02859375
1 0.3837890625 0.1057763671875 0.08113932291666666 0.033388671875
1 0.69921875 0.3212890625 0.05611328125 0.060087890625
1 0.4921875 0.4951171875 0.07430338541666666 0.0264599609375
1 0.5166015625 0.28759765625 0.07837239583333333 0.04296875
1 0.4384765625 0.4755859375 0.07763671875 0.031435546875
1 0.5113932291666666 0.266357421875 0.0791015625 0.04025390625
1 0.4671809895833334 0.5814990234375 0.052298177083333335 0.055859375
1 0.39886067708333334 0.54052734375 0.07608723958333334 0.0284423828125
1 0.2705078125 0.34033203125 0.051881510416666665 0.053984375
1 0.7102864583333334 0.76806640625 0.07458333333333333 0.0464794921875
1 0.4645182291666667 0.363525390625 0.0321875 0.0606396484375
1 0.23860677083333334 0.261962890625 0.03035807291666667 0.0615234375
1 0.6559244791666666 0.125732421875 0.08069010416666667 0.0292041015625
1 0.3681640625 0.352783203125 0.05126953125 0.055205078125
1 0.7688802083333334 0.51416015625 0.08699869791666666 0.03955078125
1 0.46036458333333335 0.16951171875 0.0701953125 0.0532861328125
1 0.3427734375 0.52197265625 0.07625651041666666 0.0343017578125
1 0.5350390625 0.9493505859375 0.0738671875 0.0491162109375
1 0.7421875 0.78173828125 0.07938802083333334 0.0425732421875
1 0.5123697916666666 0.669921875 0.06823567708333333 0.0482177734375
1 0.4104817708333333 0.444580078125 0.07881510416666666 0.0299853515625
1 0.4583333333333333 0.1400146484375 0.0702734375 0.0541064453125
1 0.4684244791666667 0.73388671875 0.07291666666666667 0.029755859375
1 0.701171875 0.51904296875 0.08203125 0.0341796875
1 0.349609375 0.8564453125 0.030865885416666666 0.0599658203125
1 0.7415364583333334 0.6630859375 0.03281901041666666 0.0582275390625
1 0.3123372395833333 0.9609375 0.05716796875 0.0513623046875
1 0.3030598958333333 0.340087890625 0.054563802083333335 0.0535888671875
1 0.3902994791666667 0.151123046875 0.07751302083333333 0.0334765625
1 0.3160807291666667 0.395751953125 0.048216145833333335 0.0545068359375
1 0.380859375 0.59912109375 0.06860677083333333 0.047880859375
1 0.6534505208333333 0.5541552734375 0.07508463541666667 0.045498046875
1 0.7473958333333334 0.29150390625 0.050904947916666665 0.0633544921875
1 0.21175130208333334 0.26513671875 0.028444010416666665 0.0589013671875
1 0.13834635416666666 0.32568359375 0.05912109375 0.0559375
1 0.2942708333333333 0.2795654296875 0.036705729166666666 0.0624267578125
1 0.16780598958333334 0.2216796875 0.07792317708333334 0.024140625
1 0.5117513020833333 0.17974609375 0.03886067708333333 0.06439453125
1 0.5019075520833333 0.6215283203125 0.06516276041666667 0.0497412109375
1 0.3333333333333333 0.466796875 0.058027343749999995 0.0504150390625
1 0.2615559895833333 0.2298583984375 0.07067708333333333 0.0499560546875
1 0.3333333333333333 0.2418212890625 0.07161458333333333 0.0477001953125
1 0.625 0.9677734375 0.07527994791666666 0.0453515625
1 0.2649739583333333 0.390625 0.06990885416666666 0.03634765625
1 0.7298177083333334 0.859375 0.08158203125 0.0309130859375
1 0.38548177083333335 0.884765625 0.06734375 0.0462060546875
1 0.765625 0.728515625 0.08813802083333333 0.026611328125
1 0.7669270833333334 0.70849609375 0.08651041666666666 0.0271142578125
1 0.18961588541666666 0.17236328125 0.07373046875 0.0435205078125
1 0.4156184895833333 0.5048828125 0.07826822916666666 0.0283837890625
1 0.35503255208333334 0.4141064453125 0.04591796875 0.059052734375
1 0.7311197916666666 0.880859375 0.0801171875 0.0340283203125
1 0.7389322916666666 0.229248046875 0.03251302083333333 0.0667138671875
1 0.40584635416666665 0.1245556640625 0.08154947916666667 0.0323388671875
1 0.21875 0.306640625 0.07442057291666666 0.0288720703125
1 0.5205403645833333 0.7475390625 0.04286458333333334 0.060986328125
1 0.0926953125 0.16064453125 0.07483072916666667 0.0398583984375
1 0.44591796874999995 0.6625 0.08065104166666666 0.0367822265625
1 0.32177734375 0.8623046875 0.029661458333333335 0.0611865234375
1 0.102109375 0.24791015625 0.08143229166666667 0.0356787109375
1 0.6966145833333334 0.2841796875 0.08296875 0.0337841796875
1 0.7908658854166667 0.7882666015625 0.06552083333333333 0.05353515625
1 0.4352213541666667 0.9365234375 0.06490234375 0.053984375
1 0.1748046875 0.85986328125 0.0751171875 0.0286572265625
1 0.47374999999999995 0.7129345703125 0.07811197916666666 0.033193359375
1 0.3909505208333333 0.240478515625 0.050904947916666665 0.0616455078125
1 0.5869140625 0.367431640625 0.07173828125 0.0391845703125
1 0.6591796875 0.82275390625 0.056640625 0.0592041015625
1 0.546875 0.358642578125 0.07580729166666667 0.04193359375
1 0.44847005208333335 0.52001953125 0.07567708333333333 0.0256640625
1 0.7415364583333334 0.548828125 0.06514322916666666 0.0518505859375
1 0.11800130208333333 0.21240234375 0.06266276041666667 0.0496826171875
1 0.3155924479166667 0.1378173828125 0.06278645833333334 0.05203125
1 0.21761067708333334 0.399658203125 0.0692578125 0.0425732421875
1 0.7552083333333334 0.486328125 0.08479817708333333 0.034697265625
1 0.3815104166666667 0.84814453125 0.04067057291666667 0.0606396484375
1 0.619140625 0.85791015625 0.041666666666666664 0.0618896484375
1 0.5520833333333334 0.404296875 0.07779947916666667 0.0313134765625
1 0.7923177083333334 0.75146484375 0.09106770833333333 0.0256640625
1 0.5703125 0.6669921875 0.036783854166666664 0.058134765625
1 0.2344401041666667 0.9337890625 0.06145833333333334 0.050234375
1 0.10693359375 0.274169921875 0.07360677083333333 0.041689453125
1 0.6833658854166668 0.537587890625 0.08480468749999999 0.03810546875
1 0.18196614583333334 0.88037109375 0.0751171875 0.02810546875
1 0.18538411458333334 0.40673828125 0.07267578125 0.04193359375
1 0.7721354166666666 0.2294921875 0.03428385416666666 0.065859375
1 0.6868489583333334 0.491455078125 0.08146484375 0.0325927734375
1 0.4635416666666667 0.6875 0.07401692708333334 0.030439453125
1 0.08512369791666667 0.2081298828125 0.06514322916666666 0.05224609375
1 0.56640625 0.8603515625 0.059895833333333336 0.056640625
1 0.18115234375 0.77001953125 0.06901041666666667 0.046630859375
1 0.16533854166666667 0.2806396484375 0.06857421875 0.0476953125
1 0.5748958333333333 0.4351318359375 0.06397135416666667 0.0538525390625
1 0.6263020833333334 0.4208984375 0.045735677083333336 0.058134765625
1 0.5537109375 0.132568359375 0.054772135416666666 0.0614306640625
1 0.7643229166666666 0.09857421875 0.05054036458333333 0.06439453125
1 0.148359375 0.826171875 0.06311197916666667 0.0509033203125
1 0.3662434895833333 0.9284033203125 0.052656249999999995 0.0567626953125
1 0.2833658854166667 0.7724609375 0.03395833333333333 0.059541015625
1 0.23876953125 0.787109375 0.05033203125 0.051943359375
1 0.24088541666666666 0.826171875 0.07442057291666666 0.0283837890625
1 0.19840494791666666 0.8974609375 0.0712109375 0.028974609375
1 0.054772135416666666 0.26416015625 0.042402343749999995 0.0596630859375
1 0.24918619791666666 0.7568359375 0.044798177083333335 0.0564599609375
1 0.24934895833333334 0.890625 0.057701822916666666 0.051943359375
1 0.72265625 0.0657373046875 0.07983723958333333 0.0542919921875
1 0.1763346354166667 0.7955810546875 0.07075520833333333 0.0478466796875
1 0.7721354166666666 0.6648681640625 0.03554036458333334 0.0665673828125
1 0.2947591145833333 0.54638671875 0.06685546875 0.0445263671875
1 0.02658854166666667 0.1929931640625 0.04544921875 0.0572802734375
1 0.3863932291666667 0.46875 0.08280598958333334 0.035341796875
1 0.20363932291666667 0.7426220703125 0.031048177083333333 0.0593115234375
1 0.5315755208333334 0.7939453125 0.053671875 0.0570703125
1 0.7298177083333334 0.83642578125 0.08158203125 0.033388671875
1 0.6742122395833333 0.962470703125 0.0389453125 0.0663916015625
1 0.68359375 0.45849609375 0.08203125 0.022626953125
1 0.3570442708333333 0.2019921875 0.0744921875 0.0451708984375
1 0.2685677083333333 0.93365234375 0.0630078125 0.051962890625
1 0.33257161458333334 0.1193994140625 0.06179036458333333 0.0583154296875
1 0.28828776041666665 0.94798828125 0.0624609375 0.05265625
1 0.06777343749999999 0.1930322265625 0.06777343749999999 0.051474609375
1 0.10858723958333333 0.3274609375 0.05959635416666667 0.05568359375
1 0.20959635416666667 0.357763671875 0.05353515625 0.05568359375
1 0.3989973958333333 0.586005859375 0.06897786458333334 0.0437060546875
1 0.17987630208333336 0.8225927734375 0.06481770833333333 0.04861328125
1 0.40353515625 0.9007763671875 0.06650390625000001 0.04828125
1 0.4168359375 0.92052734375 0.06756510416666667 0.0526708984375
1 0.54212890625 0.925712890625 0.07448567708333333 0.04548828125
1 0.6115559895833333 0.90576171875 0.07927083333333333 0.043095703125
1 0.6852213541666666 0.75234375 0.07083984375 0.0485400390625
1 0.7070833333333333 0.608857421875 0.06908854166666667 0.05345703125
1 0.6402994791666666 0.2279052734375 0.06643229166666667 0.0582080078125
1 0.7182421875 0.164267578125 0.07629557291666667 0.0532763671875
1 0.6245182291666667 0.1766015625 0.0730078125 0.0522900390625
