1 0.5149739583333334 0.1361083984375 0.07865234375 0.036162109375
1 0.20068359375 0.40380859375 0.06624348958333333 0.048310546875
1 0.2729752604166667 0.458017578125 0.07854166666666666 0.0325830078125
1 0.3919270833333333 0.56103515625 0.0702734375 0.03927734375
1 0.34164713541666664 0.49162109375 0.07246744791666666 0.045517578125
1 0.3289388020833333 0.3037109375 0.07092447916666667 0.040771484375
1 0.4095052083333333 0.390380859375 0.04712239583333333 0.0602099609375
1 0.5498958333333334 0.289267578125 0.03721354166666666 0.06599609375
1 0.6770833333333334 0.3341064453125 0.06227864583333333 0.0593896484375
1 0.37110026041666666 0.430380859375 0.06951822916666667 0.0486279296875
1 0.2833658854166667 0.333984375 0.06709635416666666 0.0467236328125
1 0.5794661458333333 0.4930712890625 0.06551432291666666 0.05224609375
1 0.6253255208333334 0.529150390625 0.04463541666666667 0.060078125
1 0.5872395833333334 0.599609375 0.0410546875 0.058564453125
1 0.22200520833333334 0.29736328125 0.0634765625 0.0506005859375
1 0.5068359375 0.179443359375 0.04544921875 0.0622265625
1 0.4354361979166667 0.4270166015625 0.05442708333333333 0.057158203125
1 0.3824869791666667 0.58837890625 0.07055989583333333 0.0409228515625
1 0.5305989583333334 0.43701171875 0.05591145833333333 0.057373046875
1 0.2687174479166667 0.26953125 0.056764322916666665 0.0523388671875
1 0.3113606770833333 0.41796875 0.0376171875 0.0545947265625
1 0.6507161458333334 0.21484375 0.07279296875 0.05203125
1 0.4759114583333333 0.482666015625 0.05224609375 0.050234375
1 0.30908203125 0.3203125 0.07267578125 0.0428759765625
1 0.5006510416666666 0.57275390625 0.05716796875 0.0548095703125
1 0.5569661458333334 0.465087890625 0.06709635416666666 0.0506005859375
1 0.1689453125 0.332275390625 0.057493489583333335 0.0551171875
1 0.6666666666666666 0.53125 0.0634765625 0.0516650390625
1 0.6372330729166666 0.3425244140625 0.06316406249999999 0.0608642578125
1 0.6666666666666666 0.295654296875 0.07983723958333333 0.0389697265625
1 0.5882161458333334 0.365478515625 0.06172526041666667 0.0521240234375
1 0.6868489583333334 0.397431640625 0.06278645833333334 0.0559423828125
1 0.29443359375 0.2301025390625 0.06490234375 0.0475146484375
1 0.40899739583333333 0.4938427734375 0.07600911458333333 0.0247509765625
1 0.14103515625 0.364501953125 0.05981770833333333 0.050322265625
1 0.369140625 0.38134765625 0.036009114583333335 0.0599658203125
1 0.2516276041666667 0.3759765625 0.051881510416666665 0.056337890625
1 0.6482747395833334 0.188330078125 0.07847005208333334 0.0474560546875
1 0.421875 0.34619140625 0.06660807291666666 0.05560546875
1 0.3916015625 0.5361328125 0.07470703125 0.042021484375
1 0.3570963541666667 0.3408203125 0.069375 0.047333984375
1 0.5198567708333334 0.21708984375 0.046263020833333335 0.0663720703125
1 0.515625 0.4126220703125 0.055091145833333334 0.0594970703125
1 0.6360677083333334 0.143310546875 0.08280598958333334 0.0416259765625
1 0.2314453125 0.4365234375 0.07173828125 0.0362841796875
1 0.21695963541666666 0.3447265625 0.049967447916666664 0.0564599609375
1 0.7109375 0.1057763671875 0.08374348958333333 0.04052734375
1 0.28521484375 0.406171875 0.03735026041666666 0.059482421875
1 0.3324479166666667 0.25498046875 0.07267578125 0.043525390625
1 0.7174479166666666 0.68359375 0.08085286458333334 0.0227978515625
1 0.45261067708333336 0.21287109375 0.05779296875 0.0585400390625
1 0.4586588541666667 0.337158203125 0.07442057291666666 0.0447705078125
1 0.6110026041666666 0.453857421875 0.059244791666666664 0.0546875
1 0.44513020833333333 0.5555126953125 0.0326171875 0.0583837890625
1 0.5965559895833333 0.7529296875 0.07930989583333332 0.0397021484375
1 0.7299153645833334 0.16892578125 0.08686848958333333 0.037421875
1 0.5833333333333334 0.310546875 0.03200520833333333 0.0623193359375
1 0.3473307291666667 0.218017578125 0.04565755208333333 0.0602099609375
1 0.3302213541666667 0.51759765625 0.056276041666666665 0.053779296875
1 0.32372395833333334 0.5463623046875 0.06529296875 0.0495166015625
1 0.696796875 0.215576171875 0.05961588541666666 0.0622265625
1 0.4734765625 0.5452392578125 0.03581380208333333 0.060078125
1 0.16382161458333333 0.3017578125 0.060911458333333335 0.0492236328125
1 0.3307291666666667 0.280029296875 0.071328125 0.0401025390625
1 0.24658203125 0.5703125 0.054361979166666664 0.05490234375
1 0.6334635416666666 0.268310546875 0.05395833333333333 0.0609765625
1 0.5621354166666667 0.241494140625 0.057493489583333335 0.06130859375
1 0.5583007812499999 0.595341796875 0.043053385416666666 0.060595703125
1 0.16422526041666666 0.424560546875 0.07332682291666666 0.0309619140625
1 0.380859375 0.282470703125 0.03777994791666667 0.0645166015625
1 0.3297526041666667 0.380126953125 0.05737630208333333 0.05490234375
1 0.3717447916666667 0.6279296875 0.059895833333333336 0.0521240234375
1 0.2911783854166667 0.61181640625 0.07214192708333333 0.0389697265625
1 0.4313151041666667 0.63916015625 0.05643880208333333 0.0546875
1 0.5911458333333334 0.2203369140625 0.04512369791666667 0.0633544921875
1 0.5758463541666666 0.14892578125 0.07442057291666666 0.053896484375
1 0.5686848958333334 0.55126953125 0.07527994791666666 0.0343017578125
1 0.4708333333333334 0.306220703125 0.08157552083333333 0.02498046875
1 0.6164973958333334 0.5973193359375 0.04692057291666666 0.059326171875
1 0.3128255208333333 0.146728515625 0.052083333333333336 0.0622265625
1 0.529296875 0.3238671875 0.0332421875 0.06189453125
1 0.47265625 0.4263427734375 0.040364583333333336 0.0593603515625
1 0.3330078125 0.630712890625 0.043053385416666666 0.0583984375
1 0.7124348958333333 0.1508056640625 0.08600911458333334 0.0351220703125
1 0.16170572916666667 0.44775390625 0.07637369791666666 0.035615234375
1 0.134765625 0.398681640625 0.07470703125 0.0312060546875
1 0.4772135416666667 0.1724853515625 0.04014322916666666 0.0642724609375
1 0.2775065104166667 0.57080078125 0.05444661458333333 0.0528271484375
1 0.73828125 0.62109375 0.0770703125 0.04681640625
1 0.14429036458333333 0.463623046875 0.07865234375 0.0344873046875
1 0.6005859375 0.70361328125 0.07637369791666666 0.0406787109375
1 0.5962565104166667 0.4126220703125 0.07886067708333333 0.0355078125
1 0.7062695312499999 0.378408203125 0.06313151041666666 0.05763671875
1 0.6959635416666666 0.63916015625 0.08651041666666666 0.0234228515625
1 0.6959635416666666 0.56298828125 0.08358072916666666 0.027265625
1 0.3658854166666667 0.1993408203125 0.04756510416666667 0.063720703125
1 0.6510416666666666 0.7548828125 0.03877604166666667 0.0599658203125
1 0.6770833333333334 0.26513671875 0.07983723958333333 0.0513623046875
1 0.6412760416666666 0.61376953125 0.041829427083333336 0.0604248046875
1 0.4088541666666667 0.79541015625 0.048951822916666665 0.056337890625
1 0.6985677083333334 0.497802734375 0.08040364583333333 0.0379638671875
1 0.52126953125 0.7146728515625 0.06453776041666666 0.0542919921875
1 0.11531901041666666 0.315185546875 0.04565755208333333 0.057587890625
1 0.431640625 0.2880859375 0.06453776041666666 0.0565478515625
1 0.4202473958333333 0.515625 0.07430338541666666 0.0240478515625
1 0.7174479166666666 0.6611328125 0.08430989583333333 0.0242333984375
1 0.6507877604166666 0.4523779296875 0.04447916666666666 0.061806640625
1 0.3616536458333333 0.1527099609375 0.06860677083333333 0.050322265625
1 0.7265625 0.78662109375 0.046510416666666665 0.0599658203125
1 0.3733723958333333 0.6572265625 0.07092447916666667 0.0390625
1 0.13053385416666666 0.259521484375 0.07279296875 0.040986328125
1 0.7532552083333334 0.77490234375 0.043378906249999995 0.0640869140625
1 0.5963541666666666 0.72998046875 0.07723307291666666 0.03802734375
1 0.31890625 0.70525390625 0.05293619791666667 0.0567626953125
1 0.2942708333333333 0.203857421875 0.07161458333333333 0.0484033203125
1 0.4664713541666667 0.64599609375 0.05497395833333333 0.0557275390625
1 0.7366015625000001 0.208115234375 0.05716796875 0.065126953125
1 0.3141276041666667 0.74755859375 0.06128255208333333 0.0516650390625
1 0.4586588541666667 0.81884765625 0.06787109375 0.04958984375
1 0.7432942708333333 0.12158203125 0.08934244791666666 0.034697265625
1 0.5529622395833333 0.7750732421875 0.060670572916666665 0.0556982421875
1 0.7272135416666666 0.273681640625 0.04121744791666667 0.0642724609375
1 0.27907552083333337 0.6858740234375 0.036705729166666666 0.0605078125
1 0.24951171875 0.68017578125 0.032877604166666664 0.057373046875
1 0.631015625 0.8486572265625 0.08005859375 0.0358154296875
1 0.6175130208333334 0.83056640625 0.08190755208333333 0.0364990234375
1 0.5550130208333334 0.8671875 0.041139322916666665 0.06130859375
1 0.5885742187499999 0.8125 0.07794270833333333 0.0347607421875
1 0.33489583333333334 0.7934619140625 0.07014322916666667 0.043330078125
1 0.55859375 0.6746337890625 0.04248046875 0.060517578125
1 0.37175130208333335 0.80322265625 0.0540234375 0.056455078125
1 0.24853515625 0.76318359375 0.0692578125 0.0462060546875
1 0.69140625 0.77490234375 0.049479166666666664 0.0606396484375
1 0.5735416666666667 0.9077392578125 0.0636328125 0.0510400390625
1 0.3854166666666667 0.859375 0.04272786458333333 0.0621044921875
1 0.6860416666666667 0.877548828125 0.07760416666666667 0.04875
1 0.52724609375 0.7844970703125 0.05912109375 0.0541064453125
1 0.45376302083333336 0.680302734375 0.08152994791666666 0.037890625
1 0.626796875 0.7909521484375 0.07489583333333334 0.050751953125
1 0.6781575520833334 0.8073193359375 0.04911458333333333 0.062548828125
1 0.4736328125 0.8642578125 0.07055989583333333 0.048857421875
1 0.36176432291666666 0.871259765625 0.03965494791666666 0.0610400390625
1 0.3837890625 0.74072265625 0.03300130208333333 0.0582275390625
1 0.30712890625 0.87646484375 0.056315104166666664 0.053896484375
1 0.17887369791666666 0.263671875 0.07348958333333333 0.039794921875
1 0.28369140625 0.80224609375 0.046061197916666664 0.0552978515625
1 0.6373567708333333 0.90771484375 0.08110677083333333 0.0316796875
1 0.21354166666666666 0.85693359375 0.06774739583333333 0.04443359375
1 0.15787760416666666 0.7939453125 0.04858723958333333 0.058349609375
1 0.22265625 0.67578125 0.030455729166666667 0.057587890625
1 0.21614583333333334 0.82861328125 0.0712109375 0.0357373046875
1 0.18782552083333334 0.79052734375 0.04520833333333333 0.057587890625
1 0.6266861979166667 0.87939453125 0.08504557291666666 0.0299853515625
1 0.66015625 0.4085546875 0.06026692708333333 0.055087890625
1 0.22509765625 0.80419921875 0.069375 0.0396435546875
1 0.4127604166666667 0.7421875 0.03615234375 0.058779296875
1 0.4404296875 0.79248046875 0.049680989583333335 0.0574951171875
1 0.7194010416666666 0.7060546875 0.08341796875 0.0225390625
1 0.301328125 0.6648828125 0.035345052083333335 0.059423828125
1 0.3569921875 0.744306640625 0.03380208333333334 0.0620361328125
1 0.2682291666666667 0.880859375 0.052369791666666665 0.0569775390625
1 0.33268880208333335 0.918779296875 0.0590234375 0.05234375
1 0.25765625 0.8539990234375 0.04885416666666667 0.0538232421875
1 0.3678385416666667 0.921875 0.055501302083333336 0.0513623046875
1 0.7086197916666667 0.861484375 0.08000651041666666 0.046669921875
1 0.4732161458333333 0.836474609375 0.07125651041666667 0.0462939453125
1 0.3128450520833333 0.9023779296875 0.05837239583333333 0.0548095703125
1 0.2471223958333333 0.740390625 0.07393880208333332 0.0441064453125
1 0.52515625 0.6860693359375 0.0618359375 0.0554541015625
1 0.3120833333333333 0.5664453125 0.06109375 0.0515478515625
1 0.52259765625 0.58248046875 0.0605859375 0.053837890625
1 0.42739583333333336 0.4562841796875 0.052434895833333335 0.058037109375
1 0.34186197916666666 0.4662109375 0.06974609375 0.0450537109375
1 0.36782552083333336 0.455712890625 0.06873046875 0.046962890625
1 0.6063411458333333 0.5034423828125 0.06618489583333333 0.053076171875
1 0.22680338541666667 0.3953857421875 0.06974609375 0.0484912109375
1 0.2685546875 0.3507080078125 0.06770833333333333 0.05001953125
1 0.18735026041666666 0.34345703125 0.056002604166666664 0.0553662109375
1 0.2469140625 0.281025390625 0.06007161458333333 0.0565087890625
1 0.6299283854166667 0.172333984375 0.07846354166666666 0.0479150390625
