1 0.4996744791666667 0.7290283203125 0.043046875000000005 0.0341796875
1 0.3619791666666667 0.5810546875 0.023359375 0.0390625
1 0.3998111979166667 0.490693359375 0.043619791666666664 0.035615234375
1 0.4930208333333333 0.5641552734375 0.030514322916666666 0.03892578125
1 0.4367903645833333 0.43849609375 0.04335286458333334 0.0358349609375
1 0.6168489583333333 0.66650390625 0.027578125 0.0406201171875
1 0.6440104166666667 0.7780224609375 0.05299479166666667 0.0239697265625
1 0.3723958333333333 0.4519482421875 0.02482421875 0.0390087890625
1 0.46037109375 0.5763623046875 0.037649739583333335 0.0367431640625
1 0.4375 0.535029296875 0.026490885416666665 0.0391748046875
1 0.3270442708333333 0.584365234375 0.05454427083333333 0.0165869140625
1 0.37556640625 0.491201171875 0.0434765625 0.0319921875
1 0.34162760416666665 0.538955078125 0.054837239583333336 0.0187060546875
1 0.3162434895833333 0.308837890625 0.052167968749999995 0.0276953125
1 0.32497395833333337 0.4550341796875 0.03244140625 0.041767578125
1 0.373046875 0.55322265625 0.052571614583333336 0.0191943359375
1 0.28587239583333335 0.6379296875 0.04934244791666667 0.031435546875
1 0.416015625 0.53369140625 0.024778645833333335 0.0365625
1 0.32270182291666666 0.6594775390625 0.03958984375 0.0361474609375
1 0.4145703125 0.460458984375 0.0405859375 0.0353564453125
1 0.29330078125 0.5963818359375 0.05619791666666666 0.017470703125
1 0.5275260416666666 0.658203125 0.04463541666666667 0.0318603515625
1 0.35081380208333335 0.6036865234375 0.051848958333333334 0.0266162109375
1 0.3125911458333333 0.3253564453125 0.05214192708333334 0.02935546875
1 0.4735221354166667 0.53662109375 0.05067708333333334 0.0173779296875
1 0.4368359375 0.5785888671875 0.04405598958333334 0.038984375
1 0.435546875 0.458251953125 0.04121744791666667 0.0373828125
1 0.3263346354166667 0.55615234375 0.051393229166666665 0.0146728515625
1 0.54359375 0.7158203125 0.055572916666666666 0.0206005859375
1 0.5003255208333334 0.748046875 0.043294270833333336 0.0335400390625
1 0.31712239583333335 0.639052734375 0.050625 0.028046875
1 0.35050130208333335 0.46140625 0.025950520833333334 0.0399365234375
1 0.2740299479166667 0.5829248046875 0.05385416666666667 0.0204150390625
1 0.3681640625 0.63720703125 0.020891927083333334 0.0418408203125
1 0.466796875 0.71826171875 0.04345703125 0.035400390625
1 0.27165364583333335 0.5684423828125 0.05466796875 0.0187060546875
1 0.5634765625 0.69091796875 0.029765625 0.0396435546875
1 0.5125520833333334 0.682451171875 0.041341145833333336 0.0372021484375
1 0.3873697916666667 0.627333984375 0.02080078125 0.041962890625
1 0.3621744791666666 0.508515625 0.03111328125 0.0398388671875
1 0.5442708333333334 0.6896875 0.03200520833333333 0.0398193359375
1 0.3355078125 0.6139794921875 0.054082031249999996 0.0275341796875
1 0.5139973958333334 0.568359375 0.02854166666666667 0.03955078125
1 0.27999999999999997 0.66259765625 0.05083984375 0.0205224609375
1 0.6010807291666667 0.653681640625 0.028209635416666667 0.0393896484375
1 0.3681640625 0.3310546875 0.02048828125 0.0410791015625
1 0.3252669270833333 0.5698681640625 0.05246744791666667 0.0155126953125
1 0.4695963541666666 0.561142578125 0.033535156249999996 0.0387841796875
1 0.3492838541666667 0.6562744140625 0.020097656250000002 0.0412109375
1 0.4352213541666667 0.59814453125 0.0405078125 0.0333251953125
1 0.494140625 0.4580078125 0.04658854166666667 0.030439453125
1 0.28838541666666667 0.54787109375 0.051666666666666666 0.0305224609375
1 0.4634700520833333 0.694228515625 0.03619140625 0.0366796875
1 0.55078125 0.50755859375 0.050703124999999995 0.0221337890625
1 0.53947265625 0.7294921875 0.05360026041666666 0.0211181640625
1 0.2810872395833333 0.296875 0.024778645833333335 0.0397021484375
1 0.4744661458333333 0.6464013671875 0.026080729166666667 0.041337890625
1 0.2511393229166667 0.66943359375 0.049401041666666666 0.0284423828125
1 0.435 0.41578125 0.054811197916666665 0.018271484375
1 0.38876953124999997 0.5148828125 0.04676432291666666 0.0271044921875
1 0.33252604166666666 0.517412109375 0.03791015625 0.03634765625
1 0.5846354166666666 0.6474609375 0.02463541666666667 0.038544921875
1 0.28369140625 0.329345703125 0.05147135416666667 0.029755859375
1 0.3883463541666667 0.332763671875 0.02170572916666667 0.0406787109375
1 0.32110677083333333 0.3627099609375 0.048704427083333335 0.03228515625
1 0.5535286458333334 0.5210400390625 0.05126953125 0.023779296875
1 0.2649283854166667 0.6338525390625 0.0496484375 0.0330419921875
1 0.5608723958333334 0.63671875 0.0234375 0.038330078125
1 0.5371484375 0.495615234375 0.05376953125 0.022255859375
1 0.31787109375 0.277587890625 0.054036458333333336 0.016923828125
1 0.3499348958333333 0.331298828125 0.021790364583333333 0.040986328125
1 0.4635416666666667 0.492431640625 0.05025390625 0.026259765625
1 0.3146158854166667 0.2100830078125 0.030397135416666665 0.042021484375
1 0.3624153645833333 0.3716552734375 0.04732421875 0.0315625
1 0.5436197916666666 0.6396484375 0.02805338541666667 0.0389697265625
1 0.304453125 0.61666015625 0.04888671875 0.0279052734375
1 0.2936197916666667 0.5274072265625 0.049928385416666665 0.030302734375
1 0.6350911458333334 0.364013671875 0.04960286458333333 0.0299853515625
1 0.2877604166666667 0.264892578125 0.05293619791666667 0.028974609375
1 0.3369140625 0.427734375 0.0194921875 0.03927734375
1 0.2745768229166667 0.2135009765625 0.031412760416666664 0.04193359375
1 0.564453125 0.34375 0.025839843749999997 0.03927734375
1 0.4505208333333333 0.400634765625 0.052656249999999995 0.0149560546875
1 0.2963411458333333 0.2160400390625 0.033294270833333334 0.043486328125
1 0.6678059895833334 0.7919091796875 0.054322916666666665 0.0168310546875
1 0.40008463541666667 0.46916015625 0.04216796875 0.034404296875
1 0.2484700520833333 0.5529541015625 0.04878255208333334 0.035693359375
1 0.464609375 0.4400732421875 0.044023437500000005 0.03361328125
1 0.3351236979166667 0.353515625 0.04997395833333334 0.032421875
1 0.3252083333333333 0.2971484375 0.053144531249999995 0.027958984375
