1 0.6256510416666666 0.77197265625 0.03159505208333333 0.0379638671875
1 0.3336588541666667 0.599609375 0.038125 0.035615234375
1 0.6861979166666666 0.37890625 0.03741536458333333 0.0368359375
1 0.33154296875 0.6439892578125 0.04064453125 0.0390771484375
1 0.6692708333333334 0.345458984375 0.04512369791666667 0.03271484375
1 0.4033203125 0.393310546875 0.030703124999999998 0.0383935546875
1 0.669921875 0.437255859375 0.052369791666666665 0.021455078125
1 0.3818359375 0.48291015625 0.03871744791666667 0.0352783203125
1 0.4153645833333333 0.376708984375 0.0321875 0.0391259765625
1 0.41728515625 0.319091796875 0.03560546875 0.0406787109375
1 0.4443815104166667 0.325048828125 0.04143880208333333 0.03921875
1 0.4290364583333333 0.5087890625 0.020651041666666665 0.0391845703125
1 0.5719401041666666 0.459716796875 0.05684244791666667 0.02685546875
1 0.4544270833333333 0.371826171875 0.046751302083333335 0.031982421875
1 0.5953776041666666 0.3427734375 0.03568359375 0.039794921875
1 0.39815104166666665 0.31556640625 0.03623697916666666 0.038759765625
1 0.3473307291666667 0.259033203125 0.021542968750000002 0.042021484375
1 0.5735677083333334 0.343017578125 0.035078125 0.038330078125
1 0.357421875 0.42919921875 0.02080078125 0.042177734375
1 0.501953125 0.415771484375 0.04083333333333333 0.0348828125
1 0.36296875 0.6100341796875 0.030397135416666665 0.040302734375
1 0.4505208333333333 0.505859375 0.022910156249999997 0.0394921875
1 0.4153645833333333 0.490234375 0.03000651041666667 0.0379638671875
1 0.4488932291666667 0.45556640625 0.04223958333333333 0.0337841796875
1 0.5657552083333334 0.416259765625 0.053144531249999995 0.01953125
1 0.5693359375 0.393798828125 0.0508203125 0.02365234375
1 0.5791015625 0.433837890625 0.05244791666666667 0.02267578125
1 0.3857421875 0.60400390625 0.0326953125 0.03802734375
1 0.4153645833333333 0.433349609375 0.021119791666666665 0.038759765625
1 0.3883463541666667 0.4072265625 0.02685546875 0.041474609375
1 0.7213541666666666 0.3544921875 0.0234375 0.0413232421875
1 0.4007161458333333 0.46240234375 0.050130208333333336 0.0180517578125
1 0.3447265625 0.397705078125 0.02463541666666667 0.03927734375
1 0.4645182291666667 0.41552734375 0.041829427083333336 0.035830078125
1 0.3860677083333333 0.57568359375 0.0370703125 0.0382373046875
1 0.3662109375 0.389404296875 0.022220052083333334 0.04123046875
1 0.5257161458333334 0.433349609375 0.052656249999999995 0.0181298828125
1 0.6448567708333334 0.38232421875 0.052858072916666665 0.01771484375
1 0.3343098958333333 0.4345703125 0.02658854166666667 0.03927734375
1 0.5367838541666666 0.38818359375 0.04658854166666667 0.033662109375
1 0.4137369791666667 0.6279296875 0.03871744791666667 0.0367138671875
1 0.6734114583333333 0.4203515625 0.05576822916666666 0.0243798828125
1 0.3118489583333333 0.43017578125 0.03236979166666667 0.04025390625
1 0.7024739583333334 0.356689453125 0.022565104166666666 0.0389697265625
1 0.3603515625 0.58203125 0.03481119791666667 0.0376904296875
1 0.3064778645833333 0.389892578125 0.024778645833333335 0.040009765625
1 0.3720703125 0.361328125 0.049765625 0.02302734375
1 0.3292643229166667 0.2657373046875 0.022988281250000003 0.0426171875
1 0.31982421875 0.62841796875 0.03908203125 0.0364990234375
1 0.3753255208333333 0.43603515625 0.020104166666666666 0.03927734375
1 0.3708723958333333 0.3126806640625 0.047486979166666665 0.034609375
1 0.3245442708333333 0.39501953125 0.026002604166666665 0.038330078125
1 0.6018880208333334 0.76611328125 0.03194010416666667 0.0410791015625
1 0.3212890625 0.55029296875 0.0405078125 0.0364990234375
1 0.3175455729166667 0.222900390625 0.054361979166666664 0.0289306640625
1 0.3727213541666667 0.347412109375 0.05025390625 0.0218212890625
1 0.4684244791666667 0.494140625 0.030520833333333334 0.038115234375
1 0.3759765625 0.260009765625 0.029889322916666666 0.0393359375
1 0.640625 0.400146484375 0.054036458333333336 0.022080078125
1 0.4876302083333333 0.45556640625 0.05025390625 0.02400390625
1 0.3460286458333333 0.489501953125 0.041914062499999995 0.0354931640625
1 0.6393229166666666 0.7568359375 0.029661458333333335 0.0401025390625
1 0.5400390625 0.326416015625 0.023255208333333333 0.04052734375
1 0.3990169270833333 0.616640625 0.03833333333333334 0.0359765625
1 0.4586588541666667 0.5322265625 0.053346354166666665 0.0157177734375
1 0.66732421875 0.4070361328125 0.05556640625 0.0251806640625
1 0.4547526041666667 0.38916015625 0.042154947916666664 0.027373046875
1 0.5608723958333334 0.320068359375 0.02449869791666667 0.041689453125
1 0.6458333333333334 0.7099609375 0.049680989583333335 0.0283349609375
1 0.33333984375 0.5620703125 0.03882161458333334 0.0368310546875
1 0.6432291666666666 0.3671875 0.05444661458333333 0.017578125
1 0.32467447916666664 0.23599609375 0.05399739583333333 0.0261572265625
1 0.7395833333333334 0.344970703125 0.02685546875 0.0423291015625
1 0.2918294270833333 0.2626953125 0.021627604166666665 0.042021484375
1 0.3111979166666667 0.2685546875 0.021542968750000002 0.040986328125
1 0.3580729166666667 0.2239990234375 0.03257161458333333 0.040009765625
1 0.6031901041666666 0.73681640625 0.04121744791666667 0.03662109375
1 0.2779947916666667 0.693359375 0.04443359375 0.0350048828125
1 0.3606770833333333 0.552734375 0.03369140625 0.030625
1 0.4345703125 0.43359375 0.020651041666666665 0.0378125
1 0.4505208333333333 0.6845703125 0.049192708333333335 0.0286572265625
1 0.5472005208333334 0.64453125 0.049680989583333335 0.0237255859375
1 0.4163411458333333 0.291748046875 0.052858072916666665 0.022294921875
1 0.5478515625 0.65869140625 0.048463541666666665 0.0232861328125
1 0.5706380208333334 0.444091796875 0.04512369791666667 0.0184326171875
1 0.3551432291666667 0.478271484375 0.02921875 0.025087890625
1 0.3055078125 0.6225341796875 0.04116536458333333 0.0388232421875
1 0.35059244791666666 0.64712890625 0.04196614583333333 0.03677734375
1 0.5292578125 0.374189453125 0.04639973958333333 0.0339111328125
1 0.461640625 0.3316552734375 0.036484375 0.0398583984375
