1 0.2669986979166667 0.77083984375 0.05395833333333333 0.018935546875
1 0.4788411458333333 0.73974609375 0.050130208333333336 0.0198388671875
1 0.6611328125 0.77734375 0.024069010416666665 0.038544921875
1 0.5657552083333334 0.334228515625 0.02025390625 0.0423876953125
1 0.2932942708333333 0.482666015625 0.052369791666666665 0.0225830078125
1 0.2760416666666667 0.63330078125 0.022988281250000003 0.040009765625
1 0.570546875 0.2281591796875 0.04780598958333334 0.0340673828125
1 0.27685546875 0.184482421875 0.045735677083333336 0.0378125
1 0.7558463541666667 0.5748828125 0.0560546875 0.018828125
1 0.3458138020833333 0.6624658203125 0.033125 0.03880859375
1 0.4903385416666666 0.69921875 0.052382812499999994 0.0173046875
1 0.3266341145833333 0.823408203125 0.052734375 0.0178515625
1 0.65234375 0.68505859375 0.024921875 0.042236328125
1 0.5374479166666667 0.2427099609375 0.054375 0.02646484375
1 0.5891927083333334 0.75634765625 0.022031250000000002 0.0393359375
1 0.4459635416666667 0.369384765625 0.022910156249999997 0.0403125
1 0.4178645833333334 0.797353515625 0.0522265625 0.025810546875
1 0.4125260416666667 0.2501513671875 0.053763020833333335 0.0247900390625
1 0.23128255208333334 0.3828125 0.05643880208333333 0.0173046875
1 0.4651692708333333 0.78466796875 0.050703124999999995 0.0191943359375
1 0.580078125 0.262939453125 0.0405859375 0.038544921875
1 0.501953125 0.267822265625 0.021360677083333335 0.0430322265625
1 0.708984375 0.421875 0.032311197916666666 0.0416259765625
1 0.6442057291666666 0.258544921875 0.045572916666666664 0.0348193359375
1 0.2643229166666667 0.424580078125 0.03421875 0.0410107421875
1 0.3610026041666667 0.32275390625 0.03169921875 0.0409228515625
1 0.3969140625 0.6007958984375 0.024016927083333334 0.0406640625
1 0.5004427083333333 0.1980029296875 0.035631510416666665 0.041806640625
1 0.4807942708333333 0.68505859375 0.05293619791666667 0.0185107421875
1 0.4114908854166666 0.7841796875 0.05052083333333333 0.0244775390625
1 0.4225260416666667 0.35400390625 0.027792968749999997 0.042724609375
1 0.5591536458333334 0.770009765625 0.04304036458333333 0.03427734375
1 0.52029296875 0.2020556640625 0.038561197916666665 0.0414453125
1 0.6233723958333334 0.281005859375 0.03029296875 0.042236328125
1 0.42893880208333335 0.765625 0.05353515625 0.016845703125
1 0.5434049479166666 0.2837744140625 0.029140625 0.040517578125
1 0.734375 0.311279296875 0.038411458333333336 0.040986328125
1 0.5807356770833333 0.289794921875 0.054635416666666665 0.0202490234375
1 0.3667122395833333 0.744619140625 0.050156250000000006 0.0252587890625
1 0.365234375 0.282958984375 0.03560546875 0.0394287109375
1 0.3175455729166667 0.6886181640625 0.030924479166666668 0.03955078125
1 0.6751302083333334 0.705078125 0.029889322916666666 0.0391259765625
1 0.3863932291666667 0.286376953125 0.032063802083333336 0.03927734375
1 0.34198567708333333 0.2034912109375 0.05413411458333334 0.01953125
1 0.3333333333333333 0.80908203125 0.052369791666666665 0.0196826171875
1 0.6803385416666666 0.7763671875 0.024576822916666668 0.0399462890625
1 0.3835677083333333 0.326162109375 0.03109375 0.0405322265625
1 0.3831380208333333 0.402587890625 0.03257161458333333 0.03802734375
1 0.734375 0.43701171875 0.026490885416666665 0.04046875
1 0.2574869791666667 0.63232421875 0.021360677083333335 0.0401611328125
1 0.697265625 0.303955078125 0.042402343749999995 0.0364990234375
1 0.2889583333333333 0.593740234375 0.023802083333333335 0.0400537109375
1 0.337890625 0.76708984375 0.0546484375 0.01994140625
1 0.4677734375 0.2374267578125 0.052858072916666665 0.025908203125
1 0.4231770833333333 0.29296875 0.043294270833333336 0.0406201171875
1 0.7389322916666666 0.3486328125 0.03257161458333333 0.040009765625
1 0.67818359375 0.6728515625 0.03944010416666666 0.0365625
1 0.6510416666666666 0.289306640625 0.03989583333333333 0.0398583984375
1 0.5205729166666667 0.2314892578125 0.05311197916666666 0.023837890625
1 0.4427083333333333 0.31884765625 0.052734375 0.0305029296875
1 0.4485677083333333 0.75341796875 0.052167968749999995 0.0181884765625
1 0.28977864583333335 0.35107421875 0.055 0.020966796875
1 0.40015625 0.2626904296875 0.05370442708333333 0.024404296875
1 0.5198567708333334 0.2783935546875 0.020651041666666665 0.0435888671875
1 0.6998697916666666 0.264404296875 0.028867187500000002 0.041474609375
1 0.24007161458333334 0.3525390625 0.050618489583333336 0.027373046875
1 0.27294921875 0.7436474609375 0.026692708333333332 0.0394189453125
1 0.5977734375 0.71142578125 0.041555989583333335 0.0348828125
1 0.3143359375 0.62533203125 0.05442057291666667 0.016416015625
1 0.2989908854166667 0.33349609375 0.052369791666666665 0.0210107421875
1 0.3109895833333333 0.63998046875 0.05262369791666666 0.0154248046875
1 0.6959635416666666 0.3857421875 0.024212239583333333 0.042021484375
1 0.68359375 0.344345703125 0.02854166666666667 0.0410546875
1 0.3776041666666667 0.7908837890625 0.030579427083333333 0.0402099609375
1 0.7421744791666667 0.5957080078125 0.05103515625 0.0278857421875
1 0.2382291666666667 0.6397998046875 0.021712239583333334 0.0415283203125
1 0.58041015625 0.7958984375 0.03205078125 0.0374755859375
1 0.6416015625 0.77734375 0.024921875 0.039794921875
1 0.2618815104166667 0.366943359375 0.05591145833333333 0.018583984375
1 0.76171875 0.46142578125 0.03293619791666667 0.03173828125
1 0.41808593749999995 0.218251953125 0.05486328125 0.0244580078125
1 0.24470052083333335 0.1986865234375 0.03877604166666667 0.03759765625
1 0.3014322916666667 0.7994677734375 0.02712239583333333 0.041376953125
1 0.75390625 0.62451171875 0.022910156249999997 0.0391259765625
1 0.6652408854166666 0.7236328125 0.0319921875 0.0384521484375
1 0.5188802083333334 0.317626953125 0.054850260416666664 0.0185107421875
1 0.5327278645833333 0.7545458984375 0.05174479166666667 0.0214453125
1 0.55892578125 0.797841796875 0.0315234375 0.0399560546875
1 0.7376302083333334 0.38916015625 0.021627604166666665 0.0397021484375
1 0.2955729166666667 0.66845703125 0.039225260416666664 0.04046875
1 0.5325130208333334 0.8119775390625 0.04091796875 0.0364404296875
1 0.716796875 0.32666015625 0.028157552083333332 0.040771484375
1 0.4787369791666667 0.1975927734375 0.034166666666666665 0.04244140625
1 0.4519140625 0.81787109375 0.04969401041666666 0.0270068359375
1 0.701171875 0.69775390625 0.031412760416666664 0.038818359375
1 0.6979166666666666 0.6331298828125 0.019941406249999998 0.040732421875
1 0.4534505208333333 0.343017578125 0.05147135416666667 0.024091796875
1 0.2758203125 0.2393603515625 0.04864583333333333 0.0360986328125
1 0.69140625 0.469482421875 0.026751302083333334 0.038115234375
1 0.2451171875 0.42578125 0.036705729166666666 0.03759765625
1 0.4964192708333333 0.332275390625 0.049765625 0.0172412109375
1 0.22444661458333334 0.398193359375 0.05375 0.0201416015625
1 0.484375 0.31005859375 0.04658854166666667 0.0341796875
1 0.33203125 0.182861328125 0.053059895833333336 0.028212890625
1 0.2820638020833333 0.7981689453125 0.02449869791666667 0.0406689453125
1 0.59216796875 0.397626953125 0.05247395833333333 0.0183740234375
1 0.7526041666666666 0.255615234375 0.03169921875 0.0409228515625
1 0.42708984375 0.2058154296875 0.056516927083333335 0.0239013671875
1 0.4661458333333333 0.2548828125 0.046751302083333335 0.0230712890625
1 0.23410807291666666 0.585947265625 0.02468098958333333 0.0403125
1 0.5478841145833333 0.206630859375 0.050618489583333336 0.03396484375
1 0.7740885416666666 0.59876953125 0.025937500000000002 0.040810546875
1 0.41526692708333335 0.2345068359375 0.05422526041666667 0.024697265625
1 0.3704427083333333 0.2286572265625 0.024863281249999997 0.0451318359375
1 0.60873046875 0.25634765625 0.024726562499999997 0.04212890625
1 0.3460286458333333 0.262939453125 0.024863281249999997 0.042021484375
1 0.6409505208333334 0.72216796875 0.026959635416666666 0.040009765625
1 0.38110677083333333 0.8193359375 0.05420572916666667 0.0190869140625
1 0.23595703125 0.2345361328125 0.049641927083333336 0.0348681640625
1 0.72265625 0.666015625 0.056028645833333335 0.0171044921875
1 0.32395182291666663 0.217119140625 0.055501302083333336 0.01869140625
1 0.7578125 0.392822265625 0.0224609375 0.0382373046875
1 0.4544270833333333 0.2939453125 0.04764973958333333 0.031923828125
1 0.5185546875 0.7685546875 0.050703124999999995 0.0184033203125
1 0.33203125 0.2340087890625 0.056236979166666666 0.019013671875
1 0.23248046874999997 0.18310546875 0.03798177083333334 0.04025390625
1 0.3232421875 0.302978515625 0.045572916666666664 0.0379638671875
1 0.2511393229166667 0.7415283203125 0.026041666666666668 0.0410986328125
1 0.765625 0.4365234375 0.03609375 0.03732421875
1 0.7766927083333334 0.399169921875 0.024863281249999997 0.039794921875
1 0.40803385416666665 0.4405859375 0.05416666666666667 0.024130859375
1 0.3421223958333333 0.36279296875 0.05147135416666667 0.0239111328125
1 0.7356770833333334 0.6329248046875 0.020891927083333334 0.040966796875
1 0.7643229166666666 0.3173828125 0.03806640625 0.0359521484375
1 0.7298177083333334 0.468994140625 0.045572916666666664 0.03125
1 0.4869791666666667 0.80712890625 0.02482421875 0.0393359375
1 0.21761067708333334 0.64404296875 0.020957031249999997 0.041474609375
1 0.26318359375 0.79751953125 0.02449869791666667 0.0409326171875
1 0.7682291666666666 0.2413330078125 0.03369140625 0.0420849609375
1 0.21972005208333334 0.515615234375 0.03282552083333334 0.0390380859375
1 0.21549479166666666 0.5800830078125 0.023984375000000002 0.041435546875
1 0.4010416666666667 0.308837890625 0.025449218750000002 0.03634765625
1 0.5045572916666666 0.80615234375 0.025449218750000002 0.0393359375
1 0.7743489583333334 0.5579345703125 0.05319010416666667 0.0203759765625
1 0.24186197916666666 0.258056640625 0.04712239583333333 0.0350634765625
1 0.4233984375 0.18802734375 0.05666015625 0.0237451171875
1 0.2212434895833333 0.61669921875 0.054772135416666666 0.0239306640625
1 0.736328125 0.226806640625 0.03849609375 0.042021484375
1 0.6059049479166666 0.77763671875 0.020598958333333334 0.0412060546875
1 0.22330729166666666 0.46775390625 0.02921875 0.0393359375
1 0.76953125 0.64892578125 0.04537109375 0.031083984375
1 0.2747395833333333 0.263916015625 0.038209635416666665 0.038759765625
1 0.6829427083333334 0.2734375 0.026692708333333332 0.0397021484375
1 0.3362630208333333 0.78125 0.051679687499999995 0.0186474609375
1 0.7565234375 0.5464111328125 0.054921875 0.01900390625
1 0.4075520833333333 0.377685546875 0.050904947916666665 0.030625
1 0.775390625 0.37060546875 0.051881510416666665 0.025224609375
1 0.25059895833333334 0.6684814453125 0.043294270833333336 0.036455078125
1 0.5866015625 0.6852294921875 0.052825520833333334 0.0233056640625
1 0.3385416666666667 0.79638671875 0.052167968749999995 0.01994140625
1 0.28876953125 0.222783203125 0.0394921875 0.040654296875
1 0.7701822916666666 0.289794921875 0.052571614583333336 0.025556640625
1 0.28271484375 0.309814453125 0.055787760416666665 0.0323486328125
1 0.712890625 0.755859375 0.045983072916666666 0.0333251953125
1 0.2554427083333333 0.2112060546875 0.04246744791666667 0.03892578125
1 0.29276692708333335 0.179677734375 0.04160807291666666 0.04021484375
1 0.58595703125 0.219892578125 0.048040364583333335 0.034423828125
1 0.5539973958333334 0.2527099609375 0.055338541666666664 0.0286328125
1 0.5690104166666666 0.3048291015625 0.055338541666666664 0.0196240234375
1 0.7052083333333333 0.3456884765625 0.028313802083333336 0.04150390625
1 0.7165755208333334 0.3966796875 0.02530598958333333 0.0437548828125
1 0.6464388020833333 0.31078125 0.05319010416666667 0.0257373046875
1 0.6434375 0.3257421875 0.05147786458333333 0.0254150390625
1 0.6702473958333334 0.3614501953125 0.028736979166666666 0.04150390625
1 0.6803255208333333 0.401826171875 0.0248828125 0.040537109375
1 0.64537109375 0.3519580078125 0.03131510416666667 0.0418212890625
1 0.6380729166666667 0.37625 0.04847005208333333 0.02927734375
1 0.6226302083333334 0.3857421875 0.04847005208333333 0.028955078125
1 0.6177018229166666 0.3406982421875 0.03345703125 0.039892578125
1 0.5913216145833333 0.32654296875 0.03302734375 0.039248046875
1 0.587890625 0.3556591796875 0.04932942708333333 0.029921875
1 0.5919596354166666 0.3715869140625 0.048040364583333335 0.0321728515625
1 0.52890625 0.339736328125 0.04203776041666666 0.035390625
1 0.5497135416666666 0.3600048828125 0.032174479166666665 0.0418212890625
1 0.4853645833333333 0.354375 0.04847005208333333 0.0312060546875
1 0.49201822916666665 0.3685302734375 0.04975911458333334 0.0286328125
1 0.540703125 0.38380859375 0.05190104166666667 0.0244482421875
1 0.5415625000000001 0.4005419921875 0.05104817708333333 0.0257373046875
1 0.5186132812500001 0.408583984375 0.04289713541666667 0.0341015625
1 0.48944010416666667 0.39458984375 0.03517578125 0.0382861328125
1 0.4632747395833334 0.400859375 0.027454427083333333 0.039892578125
1 0.43410807291666664 0.4063330078125 0.04289713541666667 0.0328173828125
1 0.4085807291666667 0.4071337890625 0.04246744791666667 0.035068359375
1 0.3701888020833333 0.38783203125 0.03259765625 0.0395703125
1 0.34188151041666665 0.3778564453125 0.05319010416666667 0.0267041015625
1 0.3022005208333333 0.3770556640625 0.030455729166666667 0.0418212890625
1 0.2839713541666667 0.391533203125 0.04546875 0.03345703125
1 0.2711002604166667 0.4032763671875 0.044609375 0.033134765625
1 0.31335286458333333 0.4087451171875 0.04246744791666667 0.035712890625
1 0.32536458333333335 0.41919921875 0.04332682291666667 0.035390625
1 0.29812500000000003 0.4360888671875 0.04546875 0.033134765625
1 0.3541080729166666 0.4299755859375 0.055338541666666664 0.01705078125
1 0.42509765625 0.431748046875 0.05147786458333333 0.0263818359375
1 0.3843489583333333 0.4486376953125 0.04975911458333334 0.0286328125
1 0.435390625 0.46005859375 0.054049479166666664 0.016728515625
1 0.7028515624999999 0.4489599609375 0.03560546875 0.0376416015625
1 0.610625 0.4098681640625 0.05447916666666667 0.02380859375
1 0.6415104166666666 0.4158203125 0.033886718749999996 0.0395703125
1 0.6584505208333333 0.42322265625 0.030026041666666666 0.04150390625
1 0.6741080729166667 0.4412353515625 0.02788411458333333 0.04021484375
1 0.6545898437500001 0.4621484375 0.030885416666666665 0.0382861328125
1 0.6835481770833334 0.4946435546875 0.04074869791666667 0.035712890625
1 0.6174869791666667 0.435927734375 0.046757812499999996 0.0308837890625
1 0.6149088541666666 0.452978515625 0.045039062500000004 0.0308837890625
1 0.5945377604166667 0.4592529296875 0.0471875 0.02927734375
1 0.5797395833333333 0.4248291015625 0.02959635416666667 0.0395703125
1 0.5589322916666667 0.428369140625 0.03431640625 0.0363525390625
1 0.5231119791666666 0.43287109375 0.053619791666666666 0.0151220703125
1 0.47228515624999995 0.4240234375 0.05147786458333333 0.0257373046875
1 0.47078125 0.442041015625 0.05190104166666667 0.0231640625
1 0.4918033854166666 0.451533203125 0.04847005208333333 0.0286328125
1 0.5128190104166667 0.4574853515625 0.0476171875 0.029599609375
1 0.5239713541666667 0.469228515625 0.0476171875 0.02798828125
1 0.5555013020833334 0.4566796875 0.028313802083333336 0.0395703125
1 0.6415104166666666 0.481611328125 0.04847005208333333 0.027666015625
1 0.6749674479166666 0.512822265625 0.03302734375 0.039248046875
1 0.7094986979166666 0.529873046875 0.03860677083333333 0.0360302734375
1 0.58724609375 0.4787158203125 0.03431640625 0.0360302734375
1 0.6191992187500001 0.4909423828125 0.04160807291666666 0.035390625
1 0.6485872395833333 0.514267578125 0.021445312499999997 0.04021484375
1 0.6200585937499999 0.51330078125 0.04074869791666667 0.035712890625
1 0.5570052083333333 0.4894970703125 0.053619791666666666 0.0151220703125
1 0.5475651041666666 0.503330078125 0.05447916666666667 0.0157666015625
1 0.2796809895833333 0.452177734375 0.057480468750000006 0.0202685546875
1 0.3313671875 0.4510498046875 0.04847005208333333 0.0315283203125
1 0.34574218749999996 0.4605419921875 0.046328125 0.029921875
1 0.3592513020833333 0.4698681640625 0.045039062500000004 0.0318505859375
1 0.40343749999999995 0.4732470703125 0.05104817708333333 0.0263818359375
1 0.45040364583333337 0.4809716796875 0.046328125 0.029599609375
1 0.39142578125 0.483544921875 0.05190104166666667 0.02380859375
1 0.37555338541666666 0.493515625 0.05447916666666667 0.0231640625
1 0.37319661458333336 0.50783203125 0.05147786458333333 0.021552734375
1 0.3658984375 0.5221484375 0.052330729166666666 0.0199462890625
1 0.33330078125 0.4949658203125 0.027454427083333333 0.03892578125
1 0.29705078125 0.4698681640625 0.05276041666666667 0.0209130859375
1 0.2430078125 0.4677783203125 0.032174479166666665 0.0386083984375
1 0.25694661458333334 0.480810546875 0.030885416666666665 0.04021484375
1 0.23550130208333334 0.50638671875 0.027454427083333333 0.0386083984375
1 0.264453125 0.5041357421875 0.03302734375 0.039248046875
1 0.2964127604166667 0.50638671875 0.052330729166666666 0.0263818359375
1 0.3060611979166667 0.5178076171875 0.05018880208333334 0.0286328125
1 0.3169986979166667 0.529873046875 0.050618489583333336 0.028310546875
1 0.33759114583333333 0.5379150390625 0.050618489583333336 0.0270263671875
1 0.35110026041666664 0.5498193359375 0.046757812499999996 0.0315283203125
1 0.23378255208333332 0.544189453125 0.03603515625 0.0363525390625
1 0.26423828125 0.5355029296875 0.04031901041666667 0.035712890625
1 0.27517578125000003 0.5485302734375 0.036458333333333336 0.0373193359375
1 0.29276692708333335 0.558984375 0.04332682291666667 0.033779296875
1 0.31292317708333334 0.56912109375 0.030455729166666667 0.040537109375
1 0.251796875 0.5884228515625 0.0248828125 0.0418212890625
1 0.2700325520833333 0.593408203125 0.021022135416666667 0.04021484375
1 0.4225260416666667 0.501396484375 0.05147786458333333 0.0254150390625
1 0.482578125 0.4920703125 0.039466145833333334 0.035068359375
1 0.49930989583333335 0.49962890625 0.04031901041666667 0.03474609375
1 0.46563151041666667 0.5150732421875 0.04847005208333333 0.028310546875
1 0.4433268229166667 0.5216650390625 0.05018880208333334 0.0254150390625
1 0.42059244791666667 0.5284228515625 0.05018880208333334 0.02734375
1 0.4083658854166667 0.542255859375 0.04289713541666667 0.0305615234375
1 0.39764322916666667 0.553037109375 0.04289713541666667 0.03345703125
1 0.3847786458333333 0.56365234375 0.043756510416666665 0.0321728515625
1 0.37083333333333335 0.5723388671875 0.04074869791666667 0.0328173828125
1 0.3536783854166667 0.5798974609375 0.0441796875 0.033134765625
1 0.49994791666666666 0.5229541015625 0.03989583333333333 0.0369970703125
1 0.5237565104166667 0.5253662109375 0.04203776041666666 0.035390625
1 0.53041015625 0.5420947265625 0.045039062500000004 0.0321728515625
1 0.5443489583333333 0.5549658203125 0.046328125 0.0308837890625
1 0.5675130208333333 0.564296875 0.052330729166666666 0.0205908203125
1 0.5793098958333334 0.52005859375 0.0458984375 0.0312060546875
1 0.5928190104166667 0.5308349609375 0.048040364583333335 0.028955078125
1 0.6050455729166667 0.5411328125 0.05104817708333333 0.0250927734375
1 0.6116927083333333 0.5601123046875 0.04203776041666666 0.035390625
1 0.6271354166666666 0.57185546875 0.046328125 0.0305615234375
1 0.654375 0.541611328125 0.045039062500000004 0.0318505859375
1 0.6687434895833334 0.5552880859375 0.03774739583333333 0.0379638671875
1 0.6908398437500001 0.5549658203125 0.036458333333333336 0.039248046875
1 0.7212955729166667 0.563974609375 0.05447916666666667 0.017373046875
1 0.7049934895833333 0.5958251953125 0.0476171875 0.0315283203125
1 0.69126953125 0.5856884765625 0.05104817708333333 0.0286328125
1 0.6563085937500001 0.580703125 0.05490885416666667 0.0205908203125
1 0.6357161458333334 0.6016162109375 0.04203776041666666 0.035390625
1 0.5880989583333334 0.5897119140625 0.046328125 0.0308837890625
1 0.5593619791666666 0.5911572265625 0.04975911458333334 0.029921875
1 0.5005924479166667 0.5610791015625 0.0471875 0.0308837890625
1 0.44632812499999996 0.5498193359375 0.046757812499999996 0.0321728515625
1 0.4694921875 0.5676708984375 0.026165364583333333 0.040859375
1 0.322578125 0.5927685546875 0.05147786458333333 0.024130859375
1 0.32643880208333337 0.613037109375 0.05490885416666667 0.01705078125
1 0.36032552083333336 0.60177734375 0.054049479166666664 0.0176953125
1 0.42917317708333336 0.5750732421875 0.05190104166666667 0.024130859375
1 0.4439713541666667 0.5929296875 0.04031901041666667 0.0360302734375
1 0.458984375 0.6024169921875 0.043756510416666665 0.033134765625
1 0.5145377604166667 0.5842431640625 0.04847005208333333 0.027666015625
1 0.5066015625 0.597109375 0.04889973958333333 0.028955078125
1 0.4757161458333334 0.6139990234375 0.03774739583333333 0.0363525390625
1 0.49051432291666663 0.621884765625 0.038177083333333334 0.0379638671875
1 0.5559309895833333 0.607568359375 0.05147786458333333 0.022841796875
1 0.5329817708333333 0.618505859375 0.05619140625 0.01640625
1 0.5147526041666667 0.6363623046875 0.05490885416666667 0.0212353515625
1 0.41416015624999997 0.6104638671875 0.024453125000000003 0.040859375
1 0.43110026041666666 0.630888671875 0.05147786458333333 0.0244482421875
1 0.4439713541666667 0.6419921875 0.05147786458333333 0.023486328125
1 0.46584635416666664 0.65099609375 0.052330729166666666 0.023486328125
1 0.46499348958333336 0.666923828125 0.05147786458333333 0.02380859375
1 0.5211848958333333 0.660810546875 0.05490885416666667 0.0212353515625
1 0.5108919270833333 0.673359375 0.052330729166666666 0.0193017578125
1 0.5327669270833334 0.6910498046875 0.05319010416666667 0.018662109375
1 0.5582877604166666 0.66998046875 0.04332682291666667 0.033134765625
1 0.5512109374999999 0.6378076171875 0.0471875 0.0312060546875
1 0.5722330729166667 0.6442431640625 0.0471875 0.0324951171875
1 0.59796875 0.61544921875 0.04889973958333333 0.028955078125
1 0.6174869791666667 0.6252587890625 0.04160807291666666 0.0363525390625
1 0.63228515625 0.63861328125 0.03345703125 0.039248046875
1 0.64322265625 0.659365234375 0.036458333333333336 0.04021484375
1 0.6044010416666666 0.657431640625 0.054049479166666664 0.02927734375
1 0.6061197916666666 0.6759326171875 0.05490885416666667 0.0263818359375
1 0.6610221354166667 0.62091796875 0.03345703125 0.039248046875
1 0.678828125 0.6395751953125 0.02359375 0.0424658203125
1 0.7167903645833333 0.6384521484375 0.0223046875 0.0421435546875
1 0.32836588541666667 0.6688525390625 0.030455729166666667 0.039248046875
1 0.2788216145833333 0.6627392578125 0.04289713541666667 0.035390625
1 0.35517578125 0.6268701171875 0.03603515625 0.0369970703125
1 0.36912109375 0.6337841796875 0.03560546875 0.0386083984375
1 0.4012890625 0.6447265625 0.04246744791666667 0.0321728515625
1 0.3751236979166667 0.6611328125 0.030455729166666667 0.039248046875
1 0.389921875 0.6720703125 0.028313802083333336 0.040537109375
1 0.4203776041666667 0.6693359375 0.044609375 0.033134765625
1 0.41951822916666665 0.687353515625 0.04975911458333334 0.0286328125
1 0.42745442708333337 0.699580078125 0.04847005208333333 0.0286328125
1 0.57609375 0.7348046875 0.03345703125 0.040537109375
1 0.5645117187500001 0.70890625 0.0223046875 0.040859375
1 0.5477799479166666 0.7311083984375 0.0248828125 0.04150390625
1 0.5267578125 0.721455078125 0.027454427083333333 0.04150390625
1 0.5066015625 0.7266015625 0.030885416666666665 0.03892578125
1 0.4602734375 0.7106787109375 0.054049479166666664 0.018017578125
1 0.46756510416666663 0.7253173828125 0.054049479166666664 0.01705078125
1 0.43281901041666665 0.72869140625 0.041178385416666664 0.03474609375
1 0.4096549479166667 0.7496044921875 0.04546875 0.0328173828125
1 0.39593098958333334 0.724833984375 0.05147786458333333 0.0257373046875
1 0.38134114583333334 0.7338427734375 0.048040364583333335 0.02380859375
1 0.5261197916666667 0.78869140625 0.05276041666666667 0.0260595703125
1 0.44826171875 0.803974609375 0.05147786458333333 0.0250927734375
1 0.4780729166666667 0.7639208984375 0.04847005208333333 0.029921875
1 0.33330078125 0.7536279296875 0.054049479166666664 0.01640625
1 0.29812500000000003 0.761025390625 0.030026041666666666 0.0382861328125
1 0.29469401041666665 0.7312646484375 0.041178385416666664 0.0341015625
1 0.31893229166666665 0.72998046875 0.0441796875 0.035390625
1 0.37319661458333336 0.695234375 0.04289713541666667 0.0341015625
1 0.34016276041666665 0.7079443359375 0.0471875 0.033134765625
1 0.3521744791666667 0.7179150390625 0.04546875 0.0324951171875
1 0.380703125 0.7669775390625 0.04847005208333333 0.029599609375
