1 0.4593098958333333 0.564453125 0.07279296875 0.02810546875
1 0.5100911458333334 0.365234375 0.050703124999999995 0.0517578125
1 0.2745768229166667 0.290771484375 0.06197265625 0.0433642578125
1 0.5016276041666666 0.62841796875 0.07214192708333333 0.024931640625
1 0.19514973958333334 0.5966796875 0.06685546875 0.042021484375
1 0.6986263020833333 0.730966796875 0.07085286458333333 0.046826171875
1 0.4264322916666667 0.74072265625 0.07527994791666666 0.0241845703125
1 0.341796875 0.35693359375 0.054036458333333336 0.0445263671875
1 0.4615885416666667 0.470458984375 0.052369791666666665 0.0496826171875
1 0.2936197916666667 0.275390625 0.06587890625 0.0451953125
1 0.630859375 0.73388671875 0.053834635416666665 0.0523388671875
1 0.3811848958333333 0.3525390625 0.0546484375 0.047607421875
1 0.3057942708333333 0.5378662109375 0.04116536458333333 0.05375
1 0.35251953125 0.849423828125 0.055852864583333335 0.0522998046875
1 0.3649088541666667 0.423095703125 0.07186197916666666 0.023466796875
1 0.24934895833333334 0.33740234375 0.047200520833333336 0.050234375
1 0.3697916666666667 0.59716796875 0.07214192708333333 0.0225048828125
1 0.3134765625 0.32373046875 0.03486979166666667 0.0551171875
1 0.4567057291666667 0.439453125 0.07014973958333333 0.03732421875
1 0.4609505208333333 0.4016943359375 0.06673177083333333 0.0396435546875
1 0.4716796875 0.54931640625 0.07186197916666666 0.02810546875
1 0.42578125 0.6845703125 0.04512369791666667 0.0505078125
1 0.40625 0.315673828125 0.048951822916666665 0.053896484375
1 0.4267578125 0.427978515625 0.06490234375 0.04193359375
1 0.4564322916666667 0.5183349609375 0.07557291666666667 0.0344921875
1 0.3958333333333333 0.5366650390625 0.04837890625 0.0521337890625
1 0.5598958333333334 0.393310546875 0.05444661458333333 0.0517578125
1 0.3356119791666667 0.5587890625 0.03770182291666666 0.053984375
1 0.22582682291666667 0.39013671875 0.07600260416666667 0.0303369140625
1 0.23751953125 0.4751123046875 0.07607421874999999 0.034150390625
1 0.24703776041666667 0.458740234375 0.07626302083333333 0.0313134765625
1 0.21175130208333334 0.366943359375 0.073203125 0.03271484375
1 0.6334635416666666 0.37353515625 0.059446614583333335 0.049775390625
1 0.41796875 0.58154296875 0.0692578125 0.035400390625
1 0.5169270833333334 0.4794921875 0.04984375 0.0513623046875
1 0.4814453125 0.59326171875 0.068359375 0.0381787109375
1 0.4046223958333333 0.177978515625 0.07401692708333334 0.03265625
1 0.6142578125 0.61181640625 0.07161458333333333 0.0382373046875
1 0.35189453125 0.5313037109375 0.03833984375 0.05796875
1 0.3269856770833333 0.251708984375 0.06823567708333333 0.045595703125
1 0.58265625 0.4127685546875 0.06357421875000001 0.0466748046875
1 0.4677734375 0.6669921875 0.0508203125 0.053984375
1 0.3134765625 0.1781005859375 0.07197916666666666 0.0293115234375
1 0.48466145833333335 0.5108984375 0.06766276041666668 0.043857421875
1 0.2765299479166667 0.3388671875 0.05126953125 0.0530078125
1 0.3688151041666667 0.30908203125 0.027630208333333333 0.055205078125
1 0.30810546875 0.41650390625 0.05643880208333333 0.0477001953125
1 0.26352213541666664 0.6066845703125 0.06952473958333334 0.0406591796875
1 0.3427734375 0.311767578125 0.02938151041666667 0.0552978515625
1 0.53515625 0.3747265625 0.05326171875 0.0533740234375
1 0.3626302083333333 0.1256103515625 0.07043619791666667 0.0440087890625
1 0.6031901041666666 0.453369140625 0.074140625 0.025908203125
1 0.4651692708333333 0.346923828125 0.05347005208333333 0.0506005859375
1 0.5530598958333334 0.49560546875 0.074140625 0.0296484375
1 0.4225260416666667 0.6259765625 0.07332682291666666 0.02615234375
1 0.3971354166666667 0.91357421875 0.06575520833333333 0.0474267578125
1 0.2128515625 0.420146484375 0.05824869791666667 0.0481640625
1 0.4163411458333333 0.1292724609375 0.068359375 0.0447705078125
1 0.4459635416666667 0.6103515625 0.07625651041666666 0.024794921875
1 0.19759114583333334 0.31494140625 0.06823567708333333 0.0337841796875
1 0.337890625 0.1400146484375 0.07197916666666666 0.0382373046875
1 0.6494140625 0.326416015625 0.06709635416666666 0.0391845703125
1 0.22884114583333334 0.751953125 0.06384114583333333 0.0455322265625
1 0.3270572916666667 0.9375 0.07501302083333333 0.0309130859375
1 0.40625 0.36279296875 0.060143229166666666 0.0445849609375
1 0.4055989583333333 0.47119140625 0.06949869791666667 0.022978515625
1 0.6905208333333334 0.674140625 0.06466796875 0.05033203125
1 0.31787109375 0.39208984375 0.06266276041666667 0.03802734375
1 0.30419921875 0.19677734375 0.07197916666666666 0.0271142578125
1 0.4154036458333333 0.64552734375 0.0752734375 0.028828125
1 0.6331380208333334 0.34228515625 0.068359375 0.03955078125
1 0.19303385416666666 0.72021484375 0.07255208333333334 0.034365234375
1 0.3717447916666667 0.79736328125 0.040364583333333336 0.0579248046875
1 0.635859375 0.6955810546875 0.0576171875 0.05619140625
1 0.2671484375 0.90478515625 0.07553385416666666 0.02546875
1 0.580078125 0.6591796875 0.06949869791666667 0.035673828125
1 0.4235026041666667 0.8759765625 0.049765625 0.0567626953125
1 0.20475260416666666 0.62890625 0.07067708333333333 0.027529296875
1 0.22330729166666666 0.25732421875 0.06872395833333333 0.029814453125
1 0.5824283854166666 0.358896484375 0.06890625 0.05
1 0.20686848958333334 0.65673828125 0.07214192708333333 0.0365625
1 0.5758463541666666 0.583984375 0.07161458333333333 0.037109375
1 0.42966145833333336 0.7197265625 0.07574869791666666 0.0240478515625
1 0.3243815104166667 0.1597900390625 0.07307942708333333 0.0337841796875
1 0.3154296875 0.87841796875 0.029661458333333335 0.05685546875
1 0.6272786458333334 0.495361328125 0.07539713541666666 0.0237744140625
1 0.4778645833333333 0.31201171875 0.07597005208333334 0.0301513671875
1 0.3805338541666667 0.2340087890625 0.07161458333333333 0.0263525390625
1 0.6142578125 0.434814453125 0.07373046875 0.0276953125
1 0.2830403645833333 0.370849609375 0.06600260416666666 0.0379638671875
1 0.2737890625 0.5435888671875 0.042076822916666666 0.054560546875
1 0.3059895833333333 0.2186279296875 0.07173828125 0.0278466796875
1 0.6438932291666667 0.559599609375 0.0414453125 0.055322265625
1 0.3359375 0.8149853515625 0.03501302083333333 0.0594189453125
1 0.3935546875 0.681640625 0.03623697916666666 0.05685546875
1 0.24967447916666666 0.66650390625 0.05835286458333333 0.04638671875
1 0.13403645833333333 0.312255859375 0.068359375 0.038544921875
1 0.23502604166666666 0.29150390625 0.056764322916666665 0.0440966796875
1 0.25390625 0.426025390625 0.056640625 0.045595703125
1 0.6149088541666666 0.5556640625 0.03900390625 0.052705078125
1 0.2644856770833333 0.8330078125 0.028867187500000002 0.058779296875
1 0.22200520833333334 0.208984375 0.06848307291666667 0.0298779296875
1 0.7158854166666666 0.833984375 0.07922526041666667 0.028701171875
1 0.4332682291666667 0.162353515625 0.068359375 0.0348828125
1 0.3782552083333333 0.21337890625 0.07360677083333333 0.0276318359375
1 0.6832747395833333 0.6208740234375 0.07354817708333333 0.0397021484375
1 0.7350260416666666 0.78271484375 0.07080078125 0.0381787109375
1 0.2586263020833333 0.2379150390625 0.06563151041666666 0.027587890625
1 0.20052083333333334 0.341552734375 0.07092447916666667 0.025087890625
1 0.14575520833333333 0.34765625 0.057701822916666666 0.0440966796875
1 0.4944661458333333 0.468291015625 0.05098307291666667 0.0531884765625
1 0.19205729166666666 0.74365234375 0.06709635416666666 0.0383935546875
1 0.5992838541666666 0.309814453125 0.049765625 0.0533154296875
1 0.21175130208333334 0.1883544921875 0.07401692708333334 0.0295849609375
1 0.6116536458333334 0.47412109375 0.07373046875 0.024658203125
1 0.6162109375 0.77978515625 0.06722005208333333 0.0413818359375
1 0.7232226562499999 0.65234375 0.07680338541666666 0.028974609375
1 0.2955729166666667 0.9609375 0.07539713541666666 0.0250390625
1 0.2874348958333333 0.86669921875 0.03389322916666667 0.0569775390625
1 0.5478515625 0.5517578125 0.072265625 0.0341796875
1 0.5244140625 0.59619140625 0.055097656249999995 0.04876953125
1 0.4000651041666667 0.8671875 0.048951822916666665 0.052919921875
1 0.13029296875 0.291259765625 0.06722005208333333 0.0376904296875
1 0.3499348958333333 0.91259765625 0.048463541666666665 0.0423291015625
1 0.1875 0.290771484375 0.065390625 0.0350634765625
1 0.6438802083333334 0.419677734375 0.07348958333333333 0.029921875
1 0.2738671875 0.921875 0.07488281249999999 0.0250390625
1 0.4602864583333333 0.222412109375 0.0634765625 0.0440966796875
1 0.671875 0.755859375 0.03244791666666667 0.059111328125
1 0.22258463541666665 0.5043212890625 0.05356770833333333 0.0512548828125
1 0.8483072916666666 0.83447265625 0.08190755208333333 0.02810546875
1 0.7532552083333334 0.685546875 0.061848958333333336 0.04638671875
1 0.392578125 0.256591796875 0.07360677083333333 0.02791015625
1 0.15934244791666666 0.256103515625 0.054850260416666664 0.0492236328125
1 0.23958333333333334 0.85107421875 0.033567708333333335 0.059541015625
1 0.24717447916666668 0.7658740234375 0.06835286458333333 0.0460009765625
1 0.3831380208333333 0.194091796875 0.07214192708333333 0.028017578125
1 0.2236328125 0.226806640625 0.0712109375 0.0330810546875
1 0.5462239583333334 0.52978515625 0.07197916666666666 0.0322900390625
1 0.3776041666666667 0.50048828125 0.028932291666666665 0.0462939453125
1 0.7105338541666667 0.81005859375 0.07650390625 0.0279541015625
1 0.5801302083333334 0.6374755859375 0.07281901041666666 0.035166015625
1 0.7708333333333334 0.7255859375 0.045983072916666666 0.057587890625
1 0.24084635416666667 0.943359375 0.07649739583333333 0.0244775390625
1 0.6536458333333334 0.29345703125 0.06722005208333333 0.045869140625
1 0.15950520833333334 0.499755859375 0.05033203125 0.051943359375
1 0.7955729166666666 0.83837890625 0.03481119791666667 0.061767578125
1 0.1659375 0.78173828125 0.0770703125 0.0250390625
1 0.5579427083333334 0.56884765625 0.0712109375 0.0341796875
1 0.74609375 0.86279296875 0.07108723958333334 0.0359521484375
1 0.447265625 0.8837890625 0.04960286458333333 0.059111328125
1 0.78125 0.0933251953125 0.08146484375 0.0286572265625
1 0.7305924479166667 0.7607421875 0.07400390625 0.0348193359375
1 0.8404947916666666 0.86572265625 0.073203125 0.0397021484375
1 0.669921875 0.5498046875 0.03944661458333334 0.05685546875
1 0.7893229166666668 0.78060546875 0.046484375 0.05833984375
1 0.3948567708333333 0.95849609375 0.07389322916666667 0.027529296875
1 0.6276041666666666 0.261474609375 0.07373046875 0.02232421875
1 0.75390625 0.133056640625 0.07267578125 0.0482177734375
1 0.7662760416666666 0.8158642578125 0.033776041666666666 0.0583642578125
1 0.7265625 0.08740234375 0.05293619791666667 0.061767578125
1 0.8470052083333334 0.8125 0.08040364583333333 0.0276953125
1 0.6920572916666666 0.0953369140625 0.04960286458333333 0.0602099609375
1 0.7578125 0.92919921875 0.0634765625 0.0528271484375
1 0.603515625 0.73779296875 0.04858723958333333 0.0401611328125
1 0.3669140625 0.869267578125 0.05223307291666667 0.05494140625
1 0.25543619791666666 0.7861376953125 0.06625 0.047294921875
1 0.2563932291666667 0.5869140625 0.06943359375000001 0.0406103515625
1 0.281875 0.619404296875 0.07070963541666667 0.04251953125
1 0.6612044270833334 0.6822265625 0.05733072916666667 0.053505859375
1 0.7264973958333334 0.719970703125 0.06815755208333334 0.04873046875
1 0.58890625 0.5993359375 0.07197916666666666 0.037744140625
1 0.17804036458333336 0.48515625 0.05032552083333333 0.0530322265625
1 0.28091796875 0.4237646484375 0.0560546875 0.0496875
1 0.48634765625 0.358310546875 0.056692708333333335 0.0515966796875
1 0.36818359375 0.39390625 0.06625 0.0434765625
1 0.4398502604166667 0.236484375 0.0643359375 0.04873046875
1 0.31468098958333335 0.265869140625 0.06369791666666667 0.04251953125
1 0.13504557291666666 0.24890625 0.05478515625 0.0506396484375
1 0.7296809895833333 0.121826171875 0.07197916666666666 0.0468212890625
