1 0.5891927083333334 0.63623046875 0.0770703125 0.0431201171875
1 0.55828125 0.6240234375 0.08049479166666666 0.038115234375
1 0.646484375 0.4755859375 0.081015625 0.024140625
1 0.435546875 0.63134765625 0.06563151041666666 0.05099609375
1 0.5537109375 0.6630859375 0.07649739583333333 0.0425732421875
1 0.4417317708333333 0.66796875 0.07779947916666667 0.024140625
1 0.5654296875 0.5947265625 0.07197916666666666 0.040771484375
1 0.6419270833333334 0.498046875 0.07837239583333333 0.02302734375
1 0.4951171875 0.587890625 0.056516927083333335 0.056123046875
1 0.4788411458333333 0.60791015625 0.057701822916666666 0.05349609375
1 0.4000651041666667 0.56201171875 0.06722005208333333 0.04611328125
1 0.5465494791666666 0.57568359375 0.06811848958333333 0.04638671875
1 0.28533203125 0.6905859375 0.060911458333333335 0.0545947265625
1 0.3196614583333333 0.6923828125 0.04837890625 0.0564599609375
1 0.34833984375 0.774931640625 0.06335286458333333 0.0503955078125
1 0.3909505208333333 0.611328125 0.048463541666666665 0.0557275390625
1 0.2581380208333333 0.6499267578125 0.06563151041666666 0.052431640625
1 0.16324869791666666 0.261962890625 0.07470703125 0.03265625
1 0.3636067708333333 0.73095703125 0.053834635416666665 0.0549951171875
1 0.6650455729166667 0.454345703125 0.0827734375 0.0250390625
1 0.4495442708333333 0.69580078125 0.07837239583333333 0.0338427734375
1 0.666015625 0.255859375 0.07938802083333334 0.0345458984375
1 0.3284505208333333 0.5546875 0.06429036458333333 0.0462060546875
1 0.22526041666666666 0.71240234375 0.06229817708333333 0.0511767578125
1 0.2565104166666667 0.560546875 0.06823567708333333 0.04296875
1 0.15275390625 0.301025390625 0.06848307291666667 0.0440966796875
1 0.2972005208333333 0.82763671875 0.07552083333333333 0.0305615234375
1 0.185546875 0.293212890625 0.07002604166666666 0.0440966796875
1 0.21793619791666666 0.78857421875 0.04764973958333333 0.055419921875
1 0.21793619791666666 0.374267578125 0.07552083333333333 0.0325341796875
1 0.3492838541666667 0.69921875 0.04248046875 0.0589013671875
1 0.357421875 0.58642578125 0.03877604166666667 0.0589892578125
1 0.2726236979166667 0.7851806640625 0.0449609375 0.06041015625
1 0.6673177083333334 0.29931640625 0.05859375 0.0586572265625
1 0.22526041666666666 0.7431640625 0.072265625 0.0352197265625
1 0.3035481770833333 0.79052734375 0.048749999999999995 0.0560302734375
1 0.65234375 0.418701171875 0.07649739583333333 0.038759765625
1 0.6438802083333334 0.5185546875 0.07348958333333333 0.026259765625
1 0.24544270833333334 0.78564453125 0.044029947916666666 0.0574951171875
1 0.21256510416666666 0.4033203125 0.06774739583333333 0.0464794921875
1 0.3201497395833333 0.74755859375 0.03076171875 0.0574951171875
1 0.8118489583333334 0.8154296875 0.08085286458333334 0.0501416015625
1 0.720703125 0.52001953125 0.08040364583333333 0.0376904296875
1 0.2579752604166667 0.41357421875 0.03835286458333333 0.0559375
1 0.17626953125 0.81884765625 0.03200520833333333 0.0608544921875
1 0.15087890625 0.80029296875 0.03554036458333334 0.0615234375
1 0.2021484375 0.82568359375 0.03029296875 0.059541015625
1 0.1796875 0.35107421875 0.06860677083333333 0.0489501953125
1 0.2635091145833333 0.453369140625 0.07458333333333333 0.0294189453125
1 0.71875 0.3564453125 0.08430989583333333 0.02365234375
1 0.724609375 0.82080078125 0.038411458333333336 0.063720703125
1 0.31396484375 0.87744140625 0.04902994791666667 0.0571923828125
1 0.8092447916666666 0.84423828125 0.08203125 0.0516650390625
1 0.7532552083333334 0.81005859375 0.03643880208333333 0.0642724609375
1 0.6979166666666666 0.84423828125 0.03338541666666667 0.0654931640625
1 0.4420572916666667 0.60791015625 0.053059895833333336 0.04486328125
1 0.5306575520833333 0.67677734375 0.07458333333333333 0.045859375
1 0.6903580729166667 0.3088427734375 0.05776041666666667 0.0586669921875
1 0.36225260416666666 0.79400390625 0.0690625 0.0501904296875
1 0.28075520833333334 0.662255859375 0.06305989583333334 0.05115234375
