1 0.49827473958333335 0.2314404296875 0.047415364583333335 0.0315673828125
1 0.3382161458333333 0.76171875 0.05147135416666667 0.0223681640625
1 0.6611328125 0.239013671875 0.046510416666666665 0.0354931640625
1 0.3779296875 0.80615234375 0.047773437499999995 0.025556640625
1 0.3365885416666667 0.308837890625 0.04472005208333333 0.033720703125
1 0.3763020833333333 0.29052734375 0.04083333333333333 0.0365625
1 0.47576822916666667 0.25048828125 0.05497395833333333 0.025556640625
1 0.3043619791666667 0.57861328125 0.046510416666666665 0.0322900390625
1 0.681640625 0.5146484375 0.028769531249999997 0.042021484375
1 0.498046875 0.2607421875 0.050130208333333336 0.0263525390625
1 0.6491145833333333 0.414453125 0.03944661458333334 0.0383203125
1 0.3382161458333333 0.775390625 0.052083333333333336 0.0207958984375
1 0.6585286458333334 0.61279296875 0.029544270833333334 0.0378125
1 0.3583984375 0.7236328125 0.045572916666666664 0.026552734375
1 0.6009114583333334 0.67724609375 0.03300130208333333 0.038115234375
1 0.3349609375 0.79052734375 0.05497395833333333 0.0234228515625
1 0.4996744791666667 0.21337890625 0.046875 0.03021484375
1 0.6383463541666666 0.279296875 0.030703124999999998 0.044921875
1 0.3095703125 0.474365234375 0.03275390625 0.03955078125
1 0.5055338541666666 0.5419921875 0.03338541666666667 0.04046875
1 0.3048502604166667 0.5029296875 0.025735677083333335 0.042021484375
1 0.4140950520833333 0.78466796875 0.05315755208333334 0.019345703125
1 0.28292968749999997 0.722548828125 0.023938802083333335 0.04052734375
1 0.5686848958333334 0.65185546875 0.021282552083333333 0.040009765625
1 0.3916015625 0.7060546875 0.0439453125 0.0287646484375
1 0.3304036458333333 0.80517578125 0.051595052083333336 0.02302734375
1 0.6362955729166667 0.4551513671875 0.030520833333333334 0.03837890625
1 0.4632161458333333 0.720703125 0.054082031249999996 0.0172412109375
1 0.6067708333333334 0.51171875 0.020169270833333332 0.0374755859375
1 0.3811848958333333 0.66455078125 0.022988281250000003 0.0418408203125
1 0.5647786458333334 0.685546875 0.04419270833333333 0.0313720703125
1 0.2716471354166667 0.3369140625 0.0321875 0.0398583984375
1 0.2960611979166667 0.66845703125 0.025696614583333333 0.0403759765625
1 0.677734375 0.61083984375 0.02921875 0.03802734375
1 0.3346354166666667 0.6279296875 0.020891927083333334 0.0439453125
1 0.4633984375 0.7702880859375 0.048463541666666665 0.02794921875
1 0.25107421874999997 0.463193359375 0.04791015625 0.031044921875
1 0.4075520833333333 0.731171875 0.045820312499999995 0.030009765625
1 0.47265625 0.74462890625 0.036497395833333335 0.0350048828125
1 0.5325520833333334 0.8056640625 0.04248046875 0.0343017578125
1 0.3401692708333333 0.74609375 0.052167968749999995 0.0220361328125
1 0.6829427083333334 0.23095703125 0.047936197916666666 0.031494140625
1 0.3811848958333333 0.7197265625 0.046061197916666664 0.026611328125
1 0.6077473958333334 0.705078125 0.048463541666666665 0.02302734375
1 0.353515625 0.64892578125 0.02080078125 0.0438525390625
1 0.5338541666666666 0.72607421875 0.04537109375 0.0301513671875
1 0.49005208333333333 0.412109375 0.03494140625 0.0375537109375
1 0.41763671875 0.7700732421875 0.0517578125 0.019013671875
1 0.5638020833333334 0.194091796875 0.023255208333333333 0.0432763671875
1 0.6451822916666666 0.212890625 0.051679687499999995 0.0237744140625
1 0.3352864583333333 0.2880859375 0.045820312499999995 0.02650390625
1 0.6162109375 0.5947265625 0.021035156250000003 0.0409228515625
1 0.3024088541666667 0.77880859375 0.024355468749999998 0.0398583984375
1 0.4397786458333333 0.6640625 0.049680989583333335 0.0276953125
1 0.7039453125 0.3429833984375 0.026829427083333333 0.0417431640625
1 0.58275390625 0.7255859375 0.04949869791666667 0.0260009765625
1 0.5641276041666666 0.58837890625 0.049765625 0.0225830078125
1 0.23876953125 0.65234375 0.024029947916666666 0.041533203125
1 0.701171875 0.548828125 0.02072265625 0.03927734375
1 0.609375 0.1903076171875 0.03098307291666667 0.0428173828125
1 0.4215494791666667 0.259033203125 0.0517578125 0.017578125
1 0.3987630208333333 0.6796875 0.029947916666666668 0.0416259765625
1 0.51125 0.73779296875 0.031796875 0.0394921875
1 0.20458984375 0.438232421875 0.03236979166666667 0.040771484375
1 0.7024739583333334 0.272216796875 0.04537109375 0.0348828125
1 0.548828125 0.286865234375 0.03900390625 0.0394921875
1 0.5719401041666666 0.74609375 0.0517578125 0.02365234375
1 0.2676822916666667 0.7509765625 0.05545572916666667 0.0172412109375
1 0.6223958333333334 0.345458984375 0.03135416666666666 0.040986328125
1 0.6680989583333333 0.2893359375 0.048430989583333334 0.0304248046875
1 0.7350260416666666 0.57861328125 0.0258984375 0.04046875
1 0.5696614583333334 0.3623046875 0.028281249999999997 0.038544921875
1 0.6826692708333333 0.720732421875 0.03521484375 0.0375146484375
1 0.763671875 0.2322998046875 0.024309895833333334 0.0439453125
1 0.5113932291666666 0.35302734375 0.02370442708333333 0.0401611328125
1 0.234375 0.339599609375 0.03147135416666667 0.0416259765625
1 0.6015625 0.56103515625 0.04960286458333333 0.0156005859375
1 0.7277213541666666 0.231748046875 0.051321614583333335 0.0262060546875
1 0.5494791666666666 0.222412109375 0.023802083333333335 0.0426318359375
1 0.3723958333333333 0.7802734375 0.022031250000000002 0.0410791015625
1 0.6344401041666666 0.189697265625 0.039225260416666664 0.043212890625
1 0.4270833333333333 0.60107421875 0.050703124999999995 0.01890625
1 0.4192708333333333 0.27490234375 0.04984375 0.018935546875
1 0.4267578125 0.7548828125 0.05444661458333333 0.0171826171875
1 0.29053385416666666 0.304296875 0.03479817708333333 0.0400048828125
1 0.3655598958333333 0.3466796875 0.05098307291666667 0.01646484375
1 0.21337890625 0.33740234375 0.030234374999999997 0.038115234375
1 0.5843098958333334 0.1929931640625 0.02146484375 0.0425732421875
1 0.5517578125 0.35205078125 0.022565104166666666 0.0423291015625
1 0.5950520833333334 0.280498046875 0.024309895833333334 0.0422265625
1 0.23828125 0.609375 0.048749999999999995 0.0292041015625
1 0.45888671875000003 0.284619140625 0.030579427083333333 0.04052734375
1 0.6334635416666666 0.63427734375 0.047037760416666664 0.0227685546875
1 0.7545572916666666 0.5791015625 0.025351562499999997 0.0406201171875
1 0.4016927083333333 0.47509765625 0.022031250000000002 0.0408349609375
1 0.3684895833333333 0.263427734375 0.052858072916666665 0.0171044921875
1 0.6686197916666666 0.1865234375 0.046263020833333335 0.0393359375
1 0.2589518229166667 0.65234375 0.023619791666666667 0.0423876953125
1 0.7162890625 0.40078125 0.04671875 0.034765625
1 0.6432291666666666 0.505859375 0.05347005208333333 0.0147314453125
1 0.73828125 0.52490234375 0.043053385416666666 0.0360107421875
1 0.3323567708333333 0.27001953125 0.049765625 0.027802734375
1 0.49483723958333337 0.303955078125 0.039153645833333334 0.036806640625
1 0.4641927083333333 0.2237451171875 0.025247395833333335 0.043359375
1 0.21468098958333334 0.39990234375 0.036985677083333335 0.0398583984375
1 0.421875 0.634765625 0.052734375 0.0170458984375
1 0.4459635416666667 0.8095703125 0.049401041666666666 0.0272216796875
1 0.6139192708333333 0.2828759765625 0.026842447916666665 0.0434423828125
1 0.56259765625 0.3099853515625 0.02306640625 0.041357421875
1 0.7018229166666666 0.78369140625 0.050618489583333336 0.0236962890625
1 0.376953125 0.241455078125 0.04984375 0.0288720703125
1 0.7239583333333334 0.2135009765625 0.0517578125 0.024658203125
1 0.703125 0.430419921875 0.055097656249999995 0.0176416015625
1 0.244140625 0.73583984375 0.053059895833333336 0.0159619140625
1 0.39624348958333333 0.32908203125 0.029765625 0.0413818359375
1 0.2626953125 0.305908203125 0.041666666666666664 0.0334765625
1 0.638671875 0.660751953125 0.020651041666666665 0.04033203125
1 0.24479166666666666 0.72216796875 0.052369791666666665 0.01771484375
1 0.7721354166666666 0.58447265625 0.025351562499999997 0.0403125
1 0.5904947916666666 0.22265625 0.054036458333333336 0.0167236328125
1 0.28369140625 0.77734375 0.022565104166666666 0.0406201171875
1 0.6927083333333334 0.47509765625 0.05416015625 0.0218212890625
1 0.46600260416666667 0.705078125 0.052571614583333336 0.0185400390625
1 0.505859375 0.281982421875 0.052369791666666665 0.021240234375
1 0.6090494791666666 0.2529296875 0.05195963541666667 0.01890625
1 0.5274609375 0.7849755859375 0.04195963541666667 0.0337841796875
1 0.5774153645833333 0.4884912109375 0.05353515625 0.0164990234375
1 0.4283854166666667 0.2152099609375 0.052656249999999995 0.01744140625
1 0.4264322916666667 0.230712890625 0.05293619791666667 0.0173046875
1 0.7037760416666666 0.76904296875 0.05147135416666667 0.02615234375
1 0.708984375 0.7041015625 0.022988281250000003 0.0374755859375
1 0.3522135416666667 0.60986328125 0.020891927083333334 0.0411376953125
1 0.22054036458333334 0.64599609375 0.027727864583333334 0.04177734375
1 0.30242838541666667 0.74072265625 0.022851562500000002 0.04123046875
1 0.7578125 0.55126953125 0.05611328125 0.0204150390625
1 0.65083984375 0.70361328125 0.03869140625 0.0354931640625
1 0.7291666666666666 0.1998291015625 0.052858072916666665 0.02302734375
1 0.6920572916666666 0.19775390625 0.030169270833333334 0.04486328125
1 0.6770833333333334 0.66455078125 0.019941406249999998 0.0394921875
1 0.4563802083333333 0.1961669921875 0.047486979166666665 0.02140625
1 0.41394531250000005 0.289794921875 0.053515625000000004 0.0204150390625
1 0.21240234375 0.368896484375 0.054361979166666664 0.023515625
1 0.2644856770833333 0.77734375 0.021868489583333334 0.04025390625
1 0.21842447916666666 0.45849609375 0.02732421875 0.040986328125
1 0.4241536458333333 0.244873046875 0.05293619791666667 0.01751953125
1 0.5380859375 0.7607958984375 0.020169270833333332 0.041640625
1 0.5302734375 0.240625 0.020957031249999997 0.0425830078125
1 0.6311848958333334 0.318603515625 0.052656249999999995 0.0179150390625
1 0.7369791666666666 0.60888671875 0.053834635416666665 0.0247509765625
1 0.7387044270833334 0.2843896484375 0.04060546875 0.038486328125
1 0.7330729166666666 0.18359375 0.054772135416666666 0.0246142578125
1 0.27734375 0.623046875 0.022220052083333334 0.0398583984375
1 0.5758463541666666 0.273681640625 0.022805989583333335 0.0420849609375
1 0.6341861979166666 0.7265625 0.05177734375 0.020966796875
1 0.2578125 0.2890625 0.0448828125 0.0350634765625
1 0.7272135416666666 0.72900390625 0.0508203125 0.02400390625
1 0.6966731770833333 0.45947265625 0.05533203125 0.0173779296875
1 0.5895182291666666 0.237060546875 0.053671875 0.0170458984375
1 0.24251302083333334 0.6796875 0.051881510416666665 0.0184765625
1 0.5786979166666667 0.7575439453125 0.05240234375 0.0234765625
1 0.6979166666666666 0.798828125 0.05098958333333333 0.022841796875
1 0.21077473958333334 0.544921875 0.028769531249999997 0.0394921875
1 0.482421875 0.798994140625 0.01940755208333333 0.0420751953125
1 0.748671875 0.298583984375 0.04095703125 0.0390380859375
1 0.5003255208333334 0.7986669921875 0.018463541666666666 0.04240234375
1 0.3294270833333333 0.2318115234375 0.034342447916666664 0.0406201171875
1 0.5768229166666666 0.7958984375 0.020957031249999997 0.0410791015625
1 0.6627604166666666 0.7958984375 0.02146484375 0.0401611328125
1 0.3499348958333333 0.2315673828125 0.03350911458333333 0.03802734375
1 0.6432291666666666 0.79638671875 0.02033203125 0.0418408203125
1 0.7092578125000001 0.7561328125 0.051875000000000004 0.029560546875
1 0.5584244791666667 0.79623046875 0.022604166666666665 0.041513671875
1 0.4469986979166667 0.7924267578125 0.05129557291666667 0.024775390625
1 0.38092447916666666 0.7513525390625 0.040859374999999996 0.034775390625
1 0.43714843750000004 0.740048828125 0.05419270833333333 0.0165185546875
1 0.33676432291666664 0.731669921875 0.05120442708333334 0.0227294921875
1 0.30325520833333336 0.70470703125 0.035768229166666665 0.0365673828125
1 0.321796875 0.699833984375 0.03030598958333333 0.04009765625
1 0.3564322916666667 0.6953173828125 0.04536458333333334 0.0321875
1 0.349375 0.6811962890625 0.043294270833333336 0.0333203125
1 0.42580078125 0.6987744140625 0.03275390625 0.0391064453125
1 0.24818359375 0.7070556640625 0.053561197916666664 0.01921875
1 0.2588020833333333 0.69458984375 0.053561197916666664 0.01921875
1 0.27773437500000003 0.670693359375 0.0230859375 0.040341796875
1 0.31524739583333333 0.65537109375 0.020546875 0.0401708984375
1 0.33233072916666667 0.66298828125 0.023776041666666668 0.0415576171875
1 0.38277343750000004 0.6271484375 0.03786458333333333 0.0349755859375
1 0.4267578125 0.61736328125 0.052408854166666664 0.0195654296875
1 0.45826822916666665 0.6399609375 0.025859375 0.0387841796875
1 0.4806640625 0.64255859375 0.03232421875 0.0387841796875
1 0.5084830729166666 0.6522509765625 0.03162760416666666 0.0380908203125
1 0.30462890625 0.63017578125 0.03947916666666667 0.0351513671875
1 0.30982421875 0.6055908203125 0.04986979166666666 0.0271826171875
1 0.24460286458333333 0.59537109375 0.04917317708333333 0.0271826171875
1 0.25475911458333333 0.5829052734375 0.048710937499999996 0.0271826171875
1 0.28177083333333336 0.57935546875 0.04317057291666667 0.0308203125
1 0.21920572916666667 0.5747705078125 0.03994140625 0.0368798828125
1 0.38323567708333334 0.60515625 0.03924479166666667 0.035322265625
1 0.3809309895833333 0.5849853515625 0.04109375 0.0306494140625
1 0.4272135416666667 0.585849609375 0.052408854166666664 0.0202587890625
1 0.4644986979166667 0.595029296875 0.02401041666666667 0.0399951171875
1 0.5034049479166667 0.626455078125 0.04963541666666666 0.0242431640625
1 0.51009765625 0.613466796875 0.05055989583333333 0.0228564453125
1 0.5044401041666667 0.5861962890625 0.043404947916666665 0.0323779296875
1 0.4855078125 0.5631689453125 0.045709635416666665 0.03099609375
1 0.4735026041666666 0.5720849609375 0.046171875 0.02943359375
1 0.43841145833333334 0.5630810546875 0.03277994791666667 0.036708984375
1 0.41186197916666667 0.5566748046875 0.023548177083333333 0.039130859375
1 0.3755013020833333 0.56853515625 0.04270833333333333 0.0330712890625
1 0.34768229166666664 0.5721728515625 0.04016927083333333 0.0354931640625
1 0.3144401041666667 0.560830078125 0.05032552083333333 0.023896484375
1 0.3256380208333333 0.5494873046875 0.05102213541666667 0.025107421875
1 0.34341145833333336 0.5399658203125 0.051484375 0.0233740234375
1 0.3900455729166667 0.5404833984375 0.04501953125 0.0299560546875
1 0.26422526041666666 0.558408203125 0.05102213541666667 0.0252783203125
1 0.228671875 0.537802734375 0.021471354166666665 0.03740234375
1 0.25891276041666667 0.5438623046875 0.048248697916666666 0.0280517578125
1 0.29100911458333334 0.530009765625 0.020546875 0.0387841796875
1 0.2605338541666667 0.522998046875 0.041328125 0.0344580078125
1 0.28384765625 0.4917431640625 0.021933593749999997 0.0412109375
1 0.25487630208333334 0.5044677734375 0.03878255208333333 0.03583984375
1 0.23317708333333334 0.5020458984375 0.04248046875 0.0351513671875
1 0.22601562500000003 0.486806640625 0.04294270833333333 0.0354931640625
1 0.32967447916666665 0.505595703125 0.027701822916666664 0.0394775390625
1 0.3462955729166666 0.5118310546875 0.02677734375 0.0387841796875
1 0.36880859375 0.5156396484375 0.03578125 0.03740234375
1 0.38808593750000003 0.5244677734375 0.044785156250000006 0.0304736328125
1 0.4104817708333333 0.4994482421875 0.05032552083333333 0.0202587890625
1 0.36719401041666666 0.488369140625 0.052408854166666664 0.01921875
1 0.36626953125 0.473388671875 0.05055989583333333 0.0204296875
1 0.36580729166666665 0.459365234375 0.05332682291666666 0.021123046875
1 0.3736588541666667 0.44724609375 0.052408854166666664 0.0200830078125
1 0.32921223958333334 0.4662890625 0.030937500000000003 0.0387841796875
1 0.26815104166666665 0.455556640625 0.048248697916666666 0.0308203125
1 0.27692057291666666 0.44326171875 0.050097656250000004 0.0287451171875
1 0.2847721354166667 0.4306201171875 0.048710937499999996 0.0283984375
1 0.28881510416666667 0.4159033203125 0.05078776041666667 0.0287451171875
1 0.33464192708333335 0.4352978515625 0.05332682291666666 0.022509765625
1 0.34075520833333334 0.4185888671875 0.053561197916666664 0.0181787109375
1 0.37666015625 0.4197119140625 0.03116536458333333 0.0384375
1 0.4032096354166667 0.43884765625 0.03947916666666667 0.034111328125
1 0.29781901041666664 0.4025732421875 0.04848307291666667 0.0287451171875
1 0.34064453125 0.4012744140625 0.054251302083333335 0.017490234375
1 0.2312109375 0.4280224609375 0.032552083333333336 0.0394775390625
1 0.24275390625 0.412529296875 0.03532552083333333 0.037919921875
1 0.24645182291666667 0.3901025390625 0.040403645833333335 0.0370556640625
1 0.2571809895833333 0.376513671875 0.03832682291666666 0.0382666015625
1 0.2933138020833333 0.3833544921875 0.04778645833333334 0.0297802734375
1 0.31709635416666665 0.378330078125 0.04917317708333333 0.02943359375
1 0.35703124999999997 0.3843896484375 0.04640625 0.0304736328125
1 0.3543815104166667 0.3651708984375 0.04709635416666667 0.0304736328125
1 0.3127083333333333 0.35919921875 0.04917317708333333 0.028916015625
1 0.19196614583333335 0.39763671875 0.03716796875 0.0382666015625
1 0.25522135416666664 0.342919921875 0.0334765625 0.0413818359375
1 0.29943359375 0.3241357421875 0.034166666666666665 0.0380908203125
1 0.31697916666666665 0.328291015625 0.03277994791666667 0.0401708984375
1 0.3334830729166667 0.337294921875 0.03532552083333333 0.0384375
1 0.3725 0.3176416015625 0.029778645833333336 0.04103515625
1 0.4110546875 0.3162548828125 0.027936197916666666 0.04103515625
1 0.6352278645833334 0.2406005859375 0.044453125 0.03482421875
1 0.54830078125 0.26236328125 0.043320312500000006 0.0354638671875
1 0.7357421875 0.2512158203125 0.05125 0.0267578125
1 0.7140820312499999 0.259072265625 0.046998697916666665 0.0314306640625
1 0.67416015625 0.27181640625 0.043606770833333336 0.033974609375
1 0.71125 0.3048388671875 0.032278645833333335 0.0397119140625
1 0.6609895833333334 0.303349609375 0.047285156249999995 0.0312158203125
1 0.6901562499999999 0.325966796875 0.02463541666666667 0.040771484375
1 0.7167708333333334 0.3647216796875 0.032558593749999996 0.0405615234375
1 0.6919986979166667 0.38330078125 0.026048177083333332 0.040771484375
1 0.67642578125 0.397529296875 0.03511067708333333 0.0386474609375
1 0.6556119791666667 0.3346728515625 0.04388671875 0.0343994140625
1 0.6571679687499999 0.3538916015625 0.043606770833333336 0.034189453125
1 0.6683528645833333 0.36578125 0.04388671875 0.0346142578125
1 0.5235286458333334 0.30908203125 0.04077473958333334 0.037587890625
1 0.46463541666666663 0.315986328125 0.031145833333333334 0.040771484375
1 0.43405598958333336 0.3313818359375 0.03624348958333334 0.0384375
1 0.4731315104166667 0.3421044921875 0.028313802083333336 0.0394970703125
1 0.49011718750000005 0.3472021484375 0.023782552083333335 0.0411962890625
1 0.5303255208333334 0.3556982421875 0.01811848958333333 0.04162109375
1 0.5844010416666666 0.3245849609375 0.04077473958333334 0.0371630859375
1 0.5926171875 0.348583984375 0.028880208333333334 0.0405615234375
1 0.62064453125 0.3711962890625 0.04756510416666667 0.03015625
1 0.61044921875 0.383623046875 0.04983072916666667 0.0278173828125
1 0.6411718750000001 0.3996533203125 0.0387890625 0.035673828125
1 0.6619856770833333 0.4294873046875 0.034544270833333335 0.0380126953125
1 0.6887434895833334 0.4455224609375 0.053515625000000004 0.017412109375
1 0.65490234375 0.477587890625 0.02774739583333333 0.0394970703125
1 0.6197981770833333 0.46240234375 0.030013020833333334 0.0384375
1 0.6047916666666667 0.4746142578125 0.032278645833333335 0.0365234375
1 0.44070963541666663 0.352724609375 0.03765625 0.03822265625
1 0.39682291666666664 0.35771484375 0.05181640625 0.0244189453125
1 0.45798177083333336 0.3797998046875 0.0365234375 0.037587890625
1 0.48247395833333334 0.380224609375 0.041341145833333336 0.0363134765625
1 0.5218294270833334 0.391904296875 0.04020833333333333 0.0346142578125
1 0.56486328125 0.39083984375 0.054361979166666664 0.0214501953125
1 0.5889322916666667 0.40666015625 0.05322916666666667 0.019111328125
1 0.6070572916666667 0.4246044921875 0.05152994791666667 0.023994140625
1 0.564296875 0.417705078125 0.04247395833333333 0.033974609375
1 0.5454687500000001 0.4247119140625 0.04275390625 0.031005859375
1 0.51291015625 0.4136669921875 0.029166666666666664 0.039921875
1 0.5919075520833333 0.4490283203125 0.042187499999999996 0.0354638671875
1 0.5565169270833333 0.44923828125 0.05125 0.023994140625
1 0.56869140625 0.469091796875 0.048417968750000005 0.0254833984375
1 0.39887369791666666 0.3742578125 0.05079427083333333 0.028193359375
1 0.44586588541666666 0.3912890625 0.0346875 0.03876953125
1 0.40412760416666665 0.3881005859375 0.05057291666666667 0.02634765625
1 0.41005859375000003 0.40572265625 0.04274088541666667 0.0330615234375
1 0.4234830729166667 0.416044921875 0.04095052083333333 0.03423828125
1 0.43534505208333335 0.4289697265625 0.0387109375 0.0355810546875
1 0.46063151041666667 0.4244384765625 0.036920572916666665 0.0375927734375
1 0.48871744791666666 0.4377783203125 0.05415364583333334 0.0169482421875
1 0.5232877604166667 0.4445751953125 0.049453124999999994 0.0271875
1 0.5342513020833334 0.4689111328125 0.04453125 0.031552734375
1 0.5347005208333333 0.487958984375 0.040501302083333336 0.0320556640625
1 0.47282552083333335 0.453134765625 0.0519140625 0.0164453125
1 0.43109375 0.45556640625 0.042291666666666665 0.032392578125
1 0.4317643229166667 0.4750390625 0.042291666666666665 0.032724609375
1 0.45414062499999996 0.477470703125 0.041842447916666664 0.033564453125
1 0.5030338541666667 0.4761279296875 0.026406250000000003 0.0392724609375
1 0.48680989583333334 0.4857763671875 0.02931640625 0.0367529296875
1 0.5743098958333334 0.5119580078125 0.04453125 0.0303759765625
1 0.5746419270833333 0.535625 0.035800781250000004 0.0364208984375
1 0.5326888020833334 0.5065869140625 0.04677083333333334 0.0293701171875
1 0.5178059895833333 0.5158203125 0.04565104166666667 0.0283642578125
1 0.4731640625 0.5008837890625 0.04139973958333334 0.0333984375
1 0.4576106770833333 0.5085205078125 0.041171875000000004 0.0332275390625
1 0.439375 0.519091796875 0.041842447916666664 0.0328955078125
1 0.42818359375000004 0.5307568359375 0.04095052083333333 0.0337353515625
1 0.46063151041666667 0.5422509765625 0.03781901041666667 0.0355810546875
1 0.48960937499999996 0.5326025390625 0.029537760416666666 0.036083984375
1 0.5211588541666666 0.54837890625 0.0304296875 0.0384326171875
1 0.5429817708333333 0.544853515625 0.028417968749999998 0.0384326171875
1 0.5637890625 0.559873046875 0.023046874999999998 0.039609375
1 0.5354817708333334 0.57900390625 0.04072916666666667 0.0359130859375
1 0.5973567708333333 0.5916748046875 0.02259765625 0.0404443359375
1 0.6353971354166666 0.60443359375 0.01857421875 0.0404443359375
1 0.6451302083333333 0.580263671875 0.046093749999999996 0.032392578125
1 0.5382812499999999 0.60501953125 0.053033854166666665 0.0184619140625
1 0.5927669270833333 0.6197900390625 0.04520182291666667 0.030546875
1 0.5819140625 0.6319580078125 0.04453125 0.0333984375
1 0.5363802083333333 0.639677734375 0.0371484375 0.03708984375
1 0.614140625 0.6655224609375 0.0337890625 0.0391015625
1 0.5354817708333334 0.665771484375 0.03983072916666667 0.0355810546875
1 0.5423046875 0.6815478515625 0.03916015625 0.0365869140625
1 0.5009114583333333 0.6813818359375 0.04990234375 0.0292041015625
1 0.4774153645833333 0.687421875 0.049453124999999994 0.0288671875
1 0.52921875 0.7065576171875 0.052812500000000005 0.021484375
1 0.4376953125 0.6805419921875 0.04430338541666667 0.031552734375
1 0.569609375 0.7078125 0.0387109375 0.0367529296875
1 0.6718294270833334 0.7081591796875 0.03567708333333333 0.037666015625
1 0.6572851562500001 0.6657568359375 0.021953125 0.040546875
1 0.6119596354166666 0.542587890625 0.04833333333333333 0.0261083984375
1 0.7064778645833334 0.5159375 0.03711588541666667 0.037978515625
1 0.6430338541666667 0.520146484375 0.05408854166666666 0.01833984375
1 0.6516666666666667 0.533310546875 0.053515625000000004 0.019638671875
1 0.6646158854166667 0.544853515625 0.053515625000000004 0.0194189453125
1 0.6569921875 0.569453125 0.04689453125 0.03107421875
1 0.6837434895833333 0.567509765625 0.045748697916666664 0.0302099609375
1 0.6991406250000001 0.5928662109375 0.05005859375 0.029130859375
1 0.7179817708333333 0.567080078125 0.026184895833333333 0.0414306640625
