1 0.3740234375 0.058564453125 0.0644140625 0.0592041015625
1 0.5335286458333334 0.537109375 0.06079427083333333 0.0486767578125
1 0.5999348958333334 0.51904296875 0.07779947916666667 0.0318017578125
1 0.4456380208333333 0.5205078125 0.07291666666666667 0.031083984375
1 0.3102213541666667 0.607421875 0.059244791666666664 0.0530078125
1 0.5520833333333334 0.609375 0.06286458333333333 0.0506005859375
1 0.6881510416666666 0.626953125 0.08264322916666667 0.0253759765625
1 0.24983723958333334 0.7216796875 0.030703124999999998 0.0586572265625
1 0.4290364583333333 0.56005859375 0.07255208333333334 0.0295849609375
1 0.4095052083333333 0.63330078125 0.045820312499999995 0.0604248046875
1 0.4134114583333333 0.53564453125 0.07820963541666666 0.0313134765625
1 0.4860026041666667 0.55712890625 0.042076822916666666 0.0555126953125
1 0.2638346354166667 0.1795654296875 0.07625651041666666 0.030380859375
1 0.3502604166666667 0.2042236328125 0.07597005208333334 0.03494140625
1 0.6822916666666666 0.857421875 0.07307942708333333 0.0498681640625
1 0.21423177083333333 0.912109375 0.07609375 0.0372607421875
1 0.27099609375 0.203857421875 0.07649739583333333 0.029541015625
1 0.6744791666666666 0.486328125 0.06624348958333333 0.0486767578125
1 0.6546223958333334 0.52294921875 0.030455729166666667 0.059755859375
1 0.48606770833333335 0.91015625 0.0680078125 0.0525390625
1 0.48828125 0.6656201171875 0.06702473958333334 0.051416015625
1 0.67578125 0.88427734375 0.08027994791666666 0.04638671875
1 0.3868229166666666 0.08384765625 0.06392578125 0.0638427734375
1 0.29736328125 0.1175537109375 0.07568359375 0.0445263671875
1 0.5901692708333334 0.63916015625 0.06477864583333333 0.051455078125
1 0.27587890625 0.5439453125 0.07751302083333333 0.022841796875
1 0.2682291666666667 0.60205078125 0.03658203125 0.0586572265625
1 0.6310546874999999 0.8353515625 0.04080729166666667 0.0644921875
1 0.6284440104166666 0.68505859375 0.08209635416666666 0.0321728515625
1 0.24088541666666666 0.6328125 0.051679687499999995 0.056123046875
1 0.3802083333333333 0.219482421875 0.07678385416666667 0.038544921875
1 0.4280598958333333 0.1126123046875 0.051106770833333336 0.057587890625
1 0.37181640625 0.5864306640625 0.07292968749999999 0.041455078125
1 0.24169921875 0.298583984375 0.06624348958333333 0.046630859375
1 0.4684244791666667 0.72705078125 0.03944661458333334 0.0589892578125
1 0.24837239583333334 0.26708984375 0.06660807291666666 0.0558154296875
1 0.35833984375 0.625 0.06499348958333333 0.0519384765625
1 0.7044270833333334 0.91650390625 0.08027994791666666 0.0384521484375
1 0.2722981770833333 0.1558837890625 0.07751302083333333 0.034365234375
1 0.17268880208333334 0.55419921875 0.06587890625 0.0445263671875
1 0.6585286458333334 0.584970703125 0.034205729166666664 0.0612255859375
1 0.5468684895833333 0.4939892578125 0.07630208333333334 0.0397119140625
1 0.6343098958333333 0.8931591796875 0.062421874999999995 0.058134765625
1 0.6842447916666666 0.2086181640625 0.05591145833333333 0.0633544921875
1 0.6266276041666666 0.572265625 0.03305989583333333 0.0623193359375
1 0.673828125 0.1773681640625 0.057701822916666666 0.0631103515625
1 0.18994140625 0.1978759765625 0.07430338541666666 0.035400390625
1 0.3870442708333333 0.65625 0.03908203125 0.0584423828125
1 0.6074283854166667 0.438525390625 0.08063802083333334 0.0343310546875
1 0.8313802083333334 0.89892578125 0.0801171875 0.0409228515625
1 0.28662109375 0.136962890625 0.07779947916666667 0.0381787109375
1 0.7350260416666666 0.55859375 0.07197916666666666 0.049775390625
1 0.66556640625 0.64697265625 0.08370442708333332 0.030341796875
1 0.6549479166666666 0.66845703125 0.07637369791666666 0.030107421875
1 0.38021484375 0.5671923828125 0.06951171874999999 0.0406298828125
1 0.3460286458333333 0.1829833984375 0.07837239583333333 0.0345458984375
1 0.458984375 0.50390625 0.07255208333333334 0.032412109375
1 0.28466796875 0.241455078125 0.058027343749999995 0.0569775390625
1 0.3736979166666667 0.1279296875 0.07348958333333333 0.0406201171875
1 0.15087890625 0.876953125 0.06966145833333333 0.045107421875
1 0.4534505208333333 0.5966796875 0.059244791666666664 0.050322265625
1 0.4339192708333333 0.619140625 0.04984375 0.0598779296875
1 0.5680338541666666 0.83837890625 0.04960286458333333 0.059755859375
1 0.6842447916666666 0.552734375 0.029661458333333335 0.060087890625
1 0.21207682291666666 0.5591748046875 0.049765625 0.0560546875
1 0.7527278645833334 0.5771484375 0.07591796875 0.045107421875
1 0.4484375 0.4787646484375 0.07801432291666667 0.032724609375
1 0.5519466145833333 0.89501953125 0.059270833333333335 0.0572802734375
1 0.14298828125 0.853515625 0.07238932291666667 0.0409228515625
1 0.5279947916666666 0.2325439453125 0.05293619791666667 0.0628076171875
1 0.43359375 0.7095654296875 0.03574869791666666 0.06240234375
1 0.6018880208333334 0.5830078125 0.03251302083333333 0.06130859375
1 0.7330729166666666 0.5283203125 0.06490234375 0.0537109375
1 0.15893880208333333 0.6064453125 0.07552083333333333 0.0368359375
1 0.3720703125 0.45068359375 0.07539713541666666 0.034423828125
1 0.837890625 0.818359375 0.0770703125 0.0544140625
1 0.7575455729166666 0.82861328125 0.08354166666666667 0.0491357421875
1 0.2610677083333333 0.56396484375 0.07442057291666666 0.023515625
1 0.6915299479166667 0.6982421875 0.07299479166666667 0.0535888671875
1 0.6249283854166666 0.270751953125 0.06495442708333334 0.0545947265625
1 0.651875 0.0557275390625 0.08175130208333332 0.043701171875
1 0.2853190104166667 0.52294921875 0.0751171875 0.0227978515625
1 0.22631510416666667 0.229736328125 0.07401041666666668 0.0410791015625
1 0.59375 0.82958984375 0.044108072916666664 0.060302734375
1 0.3439453125 0.5087890625 0.05423828125 0.054296875
1 0.21623697916666665 0.72763671875 0.04347005208333333 0.055859375
1 0.18050130208333334 0.59228515625 0.0751171875 0.0347607421875
1 0.5598958333333334 0.63330078125 0.06103515625 0.04958984375
1 0.6868489583333334 0.82080078125 0.04902994791666667 0.0602099609375
1 0.3111979166666667 0.716796875 0.046510416666666665 0.053984375
1 0.73828125 0.479736328125 0.051393229166666665 0.056123046875
1 0.73046875 0.861328125 0.036705729166666666 0.0648828125
1 0.7825520833333334 0.52783203125 0.04321614583333333 0.062685546875
1 0.31471354166666665 0.5686474609375 0.06180338541666667 0.051455078125
1 0.18636067708333334 0.2216796875 0.07055989583333333 0.0382373046875
1 0.19124348958333334 0.7236328125 0.047037760416666664 0.0571923828125
1 0.5093033854166666 0.6123095703125 0.06464192708333334 0.050732421875
1 0.4300130208333333 0.07318359375 0.05611328125 0.062685546875
1 0.18471354166666668 0.9357373046875 0.07535807291666667 0.0337939453125
1 0.19710286458333334 0.281494140625 0.046751302083333335 0.0574951171875
1 0.5112630208333333 0.5806591796875 0.06680338541666667 0.0459033203125
1 0.17919921875 0.1788330078125 0.07820963541666666 0.03607421875
1 0.6567708333333333 0.31064453125 0.0708203125 0.053203125
1 0.1493359375 0.264404296875 0.046263020833333335 0.053408203125
1 0.32080078125 0.091064453125 0.06323567708333333 0.0584423828125
1 0.17333984375 0.2752392578125 0.047936197916666666 0.05703125
1 0.15169270833333334 0.34619140625 0.06001953125 0.05099609375
1 0.7552083333333334 0.724609375 0.08235677083333333 0.034365234375
1 0.4983723958333333 0.2301025390625 0.047200520833333336 0.0634765625
1 0.5938932291666666 0.480712890625 0.08098307291666666 0.028701171875
1 0.2177734375 0.323486328125 0.0780859375 0.0290380859375
1 0.7610677083333334 0.8779296875 0.033125 0.063232421875
1 0.392578125 0.70361328125 0.06001953125 0.0511767578125
1 0.19759114583333334 0.362060546875 0.0410546875 0.0551171875
1 0.20426432291666666 0.413330078125 0.0692578125 0.04486328125
1 0.6298828125 0.0373828125 0.08158203125 0.0440966796875
1 0.7044270833333334 0.065126953125 0.08634765625 0.04052734375
1 0.8248697916666666 0.87646484375 0.08130208333333333 0.0413818359375
1 0.22314453125 0.368408203125 0.046510416666666665 0.0574951171875
1 0.274765625 0.50185546875 0.08225911458333333 0.02517578125
1 0.3328450520833333 0.37060546875 0.07108723958333334 0.038603515625
1 0.8841145833333334 0.875 0.04067057291666667 0.0676904296875
1 0.6468098958333334 0.80419921875 0.04902994791666667 0.059541015625
1 0.24609375 0.9462890625 0.048951822916666665 0.0562451171875
1 0.5735677083333334 0.56005859375 0.054850260416666664 0.0501416015625
1 0.13477213541666666 0.91162109375 0.06963541666666666 0.0393359375
1 0.5352799479166667 0.2652783203125 0.06502604166666666 0.0555419921875
1 0.24104817708333334 0.387939453125 0.04321614583333333 0.0584423828125
1 0.4752604166666667 0.0880126953125 0.05444661458333333 0.061767578125
1 0.3232421875 0.8359375 0.06323567708333333 0.04931640625
1 0.35546875 0.156005859375 0.07580729166666667 0.0360107421875
1 0.377734375 0.4757373046875 0.07655598958333333 0.0377197265625
1 0.14176432291666666 0.309326171875 0.07145182291666667 0.04123046875
1 0.22249348958333334 0.814453125 0.03098307291666667 0.058134765625
1 0.6448567708333334 0.423095703125 0.0791015625 0.0301513671875
1 0.14274088541666666 0.830078125 0.07389322916666667 0.0391259765625
1 0.720703125 0.1993408203125 0.05781901041666667 0.0650048828125
1 0.69921875 0.111025390625 0.04512369791666667 0.0691552734375
1 0.26123046875 0.82568359375 0.03005208333333333 0.0622607421875
1 0.7760416666666666 0.95947265625 0.045286458333333335 0.0669580078125
1 0.4736328125 0.131103515625 0.05293619791666667 0.0606396484375
1 0.8138020833333334 0.85546875 0.07938802083333334 0.0383935546875
1 0.666015625 0.1135888671875 0.0449609375 0.0664697265625
1 0.6412760416666666 0.1043115234375 0.045286458333333335 0.0679345703125
1 0.3551432291666667 0.74169921875 0.069375 0.048125
1 0.34375 0.25 0.07348958333333333 0.04193359375
1 0.2766927083333333 0.7119140625 0.030579427083333333 0.059111328125
1 0.6723958333333333 0.3577685546875 0.07354166666666666 0.05134765625
1 0.5804036458333334 0.459716796875 0.08203125 0.0284423828125
1 0.2950846354166667 0.38427734375 0.072265625 0.035615234375
1 0.3097330729166667 0.9296875 0.031171875 0.0625634765625
1 0.376171875 0.4059619140625 0.04436848958333334 0.0578955078125
1 0.7259114583333334 0.1177978515625 0.046263020833333335 0.0686669921875
1 0.1953125 0.810546875 0.030397135416666665 0.058564453125
1 0.19596354166666666 0.7666015625 0.07483072916666667 0.0299853515625
1 0.6966145833333334 0.260498046875 0.03338541666666667 0.0630517578125
1 0.466796875 0.22900390625 0.046263020833333335 0.0625634765625
1 0.6048177083333334 0.107421875 0.051106770833333336 0.067080078125
1 0.6276041666666666 0.22607421875 0.044355468749999995 0.0631103515625
1 0.1865234375 0.9560546875 0.07080078125 0.032412109375
1 0.3408203125 0.349365234375 0.07267578125 0.0423291015625
1 0.08406901041666666 0.3330078125 0.05835286458333333 0.0538037109375
1 0.0878125 0.302734375 0.05904296875 0.0545947265625
1 0.5213606770833333 0.900693359375 0.05366536458333334 0.0598681640625
1 0.7278645833333334 0.273681640625 0.032063802083333336 0.065615234375
1 0.2810872395833333 0.94580078125 0.03194010416666667 0.059326171875
1 0.5548111979166667 0.8650390625 0.06289713541666667 0.055595703125
1 0.7005208333333334 0.95947265625 0.03305989583333333 0.0634765625
1 0.7311197916666666 0.95703125 0.033326822916666665 0.066591796875
1 0.5543619791666666 0.0699462890625 0.03369140625 0.0689111328125
1 0.17430989583333334 0.8871533203125 0.06471354166666667 0.04814453125
1 0.34862630208333334 0.845078125 0.06680338541666667 0.04697265625
1 0.33113932291666665 0.6147265625 0.06106119791666667 0.0512744140625
1 0.6194856770833334 0.91337890625 0.06471354166666667 0.0598876953125
1 0.7888411458333334 0.81611328125 0.07776041666666667 0.0516650390625
1 0.7280403645833333 0.6990771484375 0.07201822916666667 0.053232421875
1 0.6868098958333334 0.4636376953125 0.07097656249999999 0.04892578125
1 0.6779427083333333 0.3254638671875 0.07306640625000001 0.0512744140625
1 0.6502799479166667 0.284755859375 0.07097656249999999 0.0544091796875
1 0.26981770833333335 0.255791015625 0.05949869791666667 0.0559716796875
