1 0.27875 0.1596044921875 0.07430338541666666 0.0462060546875
1 0.2972005208333333 0.1318359375 0.0644140625 0.0526123046875
1 0.09760416666666666 0.2481787109375 0.07615234375 0.035029296875
1 0.4677734375 0.6162109375 0.062421874999999995 0.047333984375
1 0.23665364583333334 0.916015625 0.07865234375 0.0340869140625
1 0.25341796875 0.201171875 0.07470703125 0.0406201171875
1 0.4306640625 0.58251953125 0.054850260416666664 0.0513623046875
1 0.6899283854166667 0.328408203125 0.08157552083333333 0.044267578125
1 0.6541861979166667 0.8605126953125 0.07899739583333333 0.0460546875
1 0.40765625 0.430419921875 0.07841796875 0.0321044921875
1 0.24820963541666666 0.89794921875 0.07856770833333333 0.031796875
1 0.2747721354166667 0.6088330078125 0.07510416666666667 0.0330810546875
1 0.6783854166666666 0.5800537109375 0.08235677083333333 0.029306640625
1 0.2884114583333333 0.36181640625 0.04764973958333333 0.055419921875
1 0.28949869791666666 0.6267236328125 0.07802083333333333 0.03216796875
1 0.27667317708333333 0.4006591796875 0.0781640625 0.0322802734375
1 0.3087565104166667 0.10595703125 0.05781901041666667 0.0622265625
1 0.4657877604166667 0.5590283203125 0.07792317708333334 0.0302734375
1 0.5750846354166667 0.9025048828125 0.08038411458333333 0.04359375
1 0.31123697916666665 0.4521484375 0.07979817708333332 0.0325927734375
1 0.5821419270833333 0.9295263671875 0.08276041666666667 0.0427783203125
1 0.2732747395833333 0.339423828125 0.049192708333333335 0.0593994140625
1 0.24609375 0.94572265625 0.06978515625 0.0452587890625
1 0.7030533854166667 0.849609375 0.08374348958333333 0.0330810546875
1 0.4619140625 0.1483154296875 0.059446614583333335 0.0610986328125
1 0.6946614583333334 0.6083740234375 0.08430989583333333 0.038232421875
1 0.5065104166666666 0.70263671875 0.03983723958333333 0.0584423828125
1 0.060468749999999995 0.1939697265625 0.06172526041666667 0.0510888671875
1 0.5341796875 0.69775390625 0.04175130208333333 0.0602099609375
1 0.4833984375 0.48095703125 0.07483072916666667 0.038603515625
1 0.7526041666666666 0.72705078125 0.07723307291666666 0.04193359375
1 0.307109375 0.6451953125 0.08158203125 0.03388671875
1 0.23160807291666666 0.25439453125 0.03721354166666666 0.0582275390625
1 0.32005859375 0.3858642578125 0.04296223958333333 0.0605908203125
1 0.3495052083333334 0.4848486328125 0.035104166666666665 0.06087890625
1 0.7230338541666667 0.649619140625 0.08115885416666667 0.0458251953125
1 0.6686197916666666 0.2998046875 0.054036458333333336 0.060302734375
1 0.52125 0.4341357421875 0.03791666666666667 0.0602880859375
1 0.4202473958333333 0.087099609375 0.06360026041666667 0.0602099609375
1 0.6246744791666666 0.64306640625 0.07853515625 0.0237744140625
1 0.2623697916666667 0.58984375 0.07568359375 0.02908203125
1 0.18294270833333334 0.1748046875 0.07483072916666667 0.0428173828125
1 0.4124348958333333 0.3857177734375 0.052656249999999995 0.056328125
1 0.15999348958333334 0.845703125 0.07853515625 0.03705078125
1 0.3636067708333333 0.1358642578125 0.07360677083333333 0.045439453125
1 0.32373046875 0.70458984375 0.07568359375 0.02859375
1 0.6354166666666666 0.52001953125 0.07922526041666667 0.028017578125
1 0.46923828125 0.5248779296875 0.0615625 0.0521142578125
1 0.3561197916666667 0.1678466796875 0.081015625 0.026064453125
1 0.7384830729166666 0.8742822265625 0.08390625 0.0411962890625
1 0.3573177083333334 0.4359033203125 0.06972656249999999 0.0462060546875
1 0.6692708333333334 0.40087890625 0.07967447916666666 0.0252685546875
1 0.5262630208333333 0.6091162109375 0.07164713541666666 0.043759765625
1 0.41927734375 0.5210498046875 0.07694661458333334 0.04251953125
1 0.3858463541666666 0.38982421875 0.056477864583333336 0.058017578125
1 0.3352864583333333 0.3052880859375 0.045735677083333336 0.060966796875
1 0.4088541666666667 0.471572265625 0.035807291666666664 0.061494140625
1 0.8235677083333334 0.89013671875 0.08203125 0.036162109375
1 0.17252604166666666 0.19482421875 0.07108723958333334 0.0399462890625
1 0.484921875 0.5829296875 0.07841796875 0.0307861328125
1 0.20608723958333333 0.260361328125 0.03830078125 0.062685546875
1 0.23354166666666668 0.5382373046875 0.07064453125 0.044833984375
1 0.392578125 0.55029296875 0.073203125 0.0391845703125
1 0.4153645833333333 0.603515625 0.046875 0.057373046875
1 0.052656249999999995 0.260009765625 0.042076822916666666 0.0577099609375
1 0.794921875 0.83935546875 0.08296875 0.0323486328125
1 0.728515625 0.79345703125 0.059244791666666664 0.0572802734375
1 0.7341601562500001 0.941728515625 0.06810546875 0.058505859375
1 0.52734375 0.489990234375 0.06913411458333334 0.0439453125
1 0.35033203125 0.38923828125 0.04349609375 0.0604736328125
1 0.18115234375 0.6953125 0.07527994791666666 0.034697265625
1 0.6484375 0.372802734375 0.08056640625 0.025556640625
1 0.7098502604166667 0.8291259765625 0.08705729166666666 0.029580078125
1 0.7115885416666666 0.3603515625 0.044798177083333335 0.06130859375
1 0.685546875 0.441162109375 0.05912109375 0.05560546875
1 0.4590559895833333 0.43572265625 0.03397786458333333 0.0601611328125
1 0.3087565104166667 0.68701171875 0.07458333333333333 0.0306689453125
1 0.72265625 0.281494140625 0.06551432291666666 0.0602099609375
1 0.7311197916666666 0.39111328125 0.043053385416666666 0.060087890625
1 0.29224609375 0.5621630859375 0.07651041666666666 0.037451171875
1 0.1630859375 0.22119140625 0.074140625 0.030107421875
1 0.6520182291666666 0.440185546875 0.05611328125 0.055419921875
1 0.7434895833333334 0.8955078125 0.07853515625 0.03607421875
1 0.23258463541666666 0.8720703125 0.071328125 0.0293115234375
1 0.6110026041666666 0.61767578125 0.07694661458333334 0.03125
1 0.7389322916666666 0.546591796875 0.07625 0.0487841796875
1 0.7569270833333334 0.685263671875 0.07813802083333334 0.0428662109375
1 0.37552734374999996 0.4886865234375 0.03725911458333333 0.059189453125
1 0.375 0.0972314453125 0.06563151041666666 0.056123046875
1 0.7897135416666666 0.763671875 0.07837239583333333 0.041533203125
1 0.1787109375 0.861328125 0.07307942708333333 0.0364990234375
1 0.70703125 0.73388671875 0.07145182291666667 0.049775390625
1 0.3740234375 0.25732421875 0.03568359375 0.0635986328125
1 0.5133463541666666 0.544853515625 0.041666666666666664 0.058544921875
1 0.5562239583333334 0.56552734375 0.06789713541666667 0.0506787109375
1 0.8014322916666666 0.80322265625 0.058919270833333336 0.0625634765625
1 0.6677343750000001 0.8983837890625 0.0706640625 0.05640625
1 0.2041015625 0.6357421875 0.06600260416666666 0.0499560546875
1 0.8170572916666666 0.86865234375 0.08374348958333333 0.0338427734375
1 0.21744791666666666 0.72900390625 0.048749999999999995 0.0544140625
1 0.2177734375 0.6103515625 0.056640625 0.053896484375
1 0.7923177083333334 0.6337109375 0.06872395833333333 0.05619140625
1 0.466796875 0.1055908203125 0.04911458333333333 0.0650048828125
1 0.3001302083333333 0.8741015625 0.06746744791666666 0.0498681640625
1 0.6097005208333334 0.541015625 0.07430338541666666 0.0350048828125
1 0.29342447916666664 0.66845703125 0.08421223958333333 0.032470703125
1 0.24690755208333334 0.313544921875 0.03229817708333333 0.06158203125
1 0.3014322916666667 0.94677734375 0.05098307291666667 0.0562451171875
1 0.15673828125 0.247314453125 0.06811848958333333 0.0413232421875
1 0.11337239583333332 0.20978515625 0.05657552083333334 0.054306640625
1 0.08764973958333333 0.158203125 0.07360677083333333 0.0410791015625
1 0.25318359375 0.415244140625 0.07595052083333333 0.03544921875
1 0.6360677083333334 0.302001953125 0.047773437499999995 0.0628076171875
1 0.59765625 0.57568359375 0.07649739583333333 0.03607421875
1 0.26759765625 0.2734228515625 0.04729817708333334 0.05984375
1 0.4178450520833333 0.350517578125 0.06218098958333334 0.0593359375
1 0.4879557291666667 0.360595703125 0.07678385416666667 0.0416259765625
1 0.3408203125 0.190673828125 0.08130208333333333 0.0251318359375
1 0.7819010416666666 0.395751953125 0.08174479166666666 0.0464794921875
1 0.3219401041666667 0.497275390625 0.030703124999999998 0.0609619140625
1 0.4860026041666667 0.4395068359375 0.0321875 0.0593408203125
1 0.5553385416666666 0.6591796875 0.05708984375 0.057587890625
1 0.3289388020833333 0.21533203125 0.07983723958333333 0.022890625
1 0.542265625 0.407919921875 0.03794921875 0.0623974609375
1 0.765625 0.79638671875 0.05781901041666667 0.0592041015625
1 0.24983723958333334 0.72509765625 0.03857421875 0.0592041015625
1 0.31318359375 0.2587744140625 0.07945963541666666 0.02328125
1 0.7623697916666666 0.354736328125 0.05904296875 0.058779296875
1 0.6223958333333334 0.04779296875 0.08280598958333334 0.0418408203125
1 0.16022135416666666 0.2788330078125 0.06507161458333334 0.0486474609375
1 0.7649739583333334 0.601455078125 0.032877604166666664 0.065888671875
1 0.5859375 0.8740234375 0.0720703125 0.0541259765625
1 0.419375 0.124892578125 0.06055989583333333 0.05880859375
1 0.3247265625 0.2375341796875 0.07860677083333333 0.0230517578125
1 0.7123111979166666 0.6259228515625 0.08009765625 0.041611328125
1 0.5960286458333334 0.3828125 0.058027343749999995 0.0569775390625
1 0.6044921875 0.59814453125 0.07197916666666666 0.0322265625
1 0.3193359375 0.72802734375 0.07666015625 0.0247021484375
1 0.697265625 0.0802001953125 0.08414713541666667 0.0354931640625
1 0.59765625 0.121279296875 0.051106770833333336 0.06537109375
1 0.63671875 0.116943359375 0.03521484375 0.0669580078125
1 0.14729817708333334 0.828125 0.07527994791666666 0.035400390625
1 0.345703125 0.92431640625 0.04712239583333333 0.060517578125
1 0.17154947916666666 0.89599609375 0.073203125 0.0313720703125
1 0.228515625 0.83349609375 0.05375 0.056640625
1 0.10319010416666667 0.273193359375 0.0702734375 0.0394921875
1 0.4397786458333333 0.1802978515625 0.07108723958333334 0.0489501953125
1 0.8138020833333334 0.716796875 0.085859375 0.0283837890625
1 0.61009765625 0.4593212890625 0.03944661458333334 0.0595458984375
1 0.6940104166666666 0.1240869140625 0.035481770833333336 0.069033203125
1 0.18001302083333334 0.6748046875 0.07470703125 0.0347607421875
1 0.6809895833333334 0.258056640625 0.08430989583333333 0.025556640625
1 0.6611328125 0.1312255859375 0.035078125 0.0662255859375
1 0.29365234375 0.5156103515625 0.033743489583333335 0.059658203125
1 0.16715494791666666 0.71875 0.07014973958333333 0.0457763671875
1 0.6461588541666666 0.0672021484375 0.07995442708333333 0.04046875
1 0.8111979166666666 0.93994140625 0.03293619791666667 0.06537109375
1 0.6803385416666666 0.80029296875 0.07625651041666666 0.0340869140625
1 0.720703125 0.1324462890625 0.038125 0.0674462890625
1 0.87890625 0.87451171875 0.043294270833333336 0.0669580078125
1 0.775390625 0.94091796875 0.04443359375 0.067568359375
1 0.6266276041666666 0.1661376953125 0.06734375 0.055205078125
1 0.022643229166666667 0.1925048828125 0.04419270833333333 0.058134765625
1 0.24302083333333332 0.2187109375 0.07559895833333334 0.0421923828125
1 0.5688671875 0.7636181640625 0.07629557291666667 0.042587890625
1 0.4459635416666667 0.75603515625 0.030110677083333332 0.0628759765625
1 0.552734375 0.0838623046875 0.032877604166666664 0.0679345703125
1 0.2891927083333333 0.9229248046875 0.05751953125 0.056181640625
1 0.65072265625 0.91478515625 0.06386718749999999 0.05666015625
1 0.6033333333333334 0.860185546875 0.06249348958333333 0.0556298828125
1 0.72935546875 0.9688720703125 0.07417317708333333 0.06078125
1 0.7290104166666667 0.670634765625 0.07623046875 0.0432666015625
1 0.7135611979166666 0.559638671875 0.075546875 0.0468701171875
1 0.30492838541666667 0.8519482421875 0.07005208333333333 0.0473876953125
1 0.18337239583333334 0.6464306640625 0.06593098958333334 0.04841796875
1 0.24689453125000002 0.555771484375 0.06936197916666667 0.0473876953125
1 0.70978515625 0.4527587890625 0.061126302083333334 0.05666015625
1 0.3670833333333334 0.071337890625 0.06661458333333332 0.058203125
1 0.2613216145833333 0.1774462890625 0.07485677083333334 0.04275390625
1 0.0803515625 0.2062890625 0.06318359375 0.0530517578125
