1 0.3243815104166667 0.421630859375 0.06128255208333333 0.0486767578125
1 0.6796875 0.44384765625 0.07483072916666667 0.0431201171875
1 0.5319010416666666 0.4130859375 0.06197265625 0.05126953125
1 0.5608723958333334 0.37939453125 0.055585937499999995 0.0546875
1 0.671875 0.498291015625 0.07694661458333334 0.033662109375
1 0.6751302083333334 0.377197265625 0.06611979166666666 0.05072265625
1 0.5924479166666666 0.411865234375 0.060468749999999995 0.050810546875
1 0.6516927083333334 0.391357421875 0.06286458333333333 0.048310546875
1 0.3802083333333333 0.438720703125 0.071328125 0.0271142578125
1 0.5725911458333334 0.66845703125 0.07291666666666667 0.0418408203125
1 0.6149088541666666 0.63818359375 0.0546484375 0.0535888671875
1 0.3059895833333333 0.403564453125 0.06298828125 0.0484912109375
1 0.5758463541666666 0.60400390625 0.049765625 0.0555126953125
1 0.3857421875 0.413818359375 0.07002604166666666 0.04052734375
1 0.3857421875 0.6845703125 0.057701822916666666 0.0511767578125
1 0.5149739583333334 0.36767578125 0.05025390625 0.0567626953125
1 0.6302083333333334 0.488037109375 0.07092447916666667 0.0445849609375
1 0.658203125 0.63818359375 0.034544270833333335 0.0557275390625
1 0.708984375 0.8154296875 0.07214192708333333 0.0455322265625
1 0.6227213541666666 0.607421875 0.04634765625 0.0577099609375
1 0.5520833333333334 0.59716796875 0.045983072916666666 0.0559375
1 0.353515625 0.473388671875 0.04614583333333333 0.0552978515625
1 0.5836588541666666 0.341552734375 0.061608072916666666 0.0499560546875
1 0.7415364583333334 0.775390625 0.061158854166666665 0.0533154296875
1 0.7083333333333334 0.7783203125 0.061360677083333336 0.0523388671875
1 0.2765299479166667 0.314453125 0.06722005208333333 0.044677734375
1 0.3505859375 0.30126953125 0.050703124999999995 0.0582275390625
1 0.5751627604166667 0.647578125 0.07196614583333334 0.0418505859375
1 0.29150390625 0.64697265625 0.07307942708333333 0.0232861328125
1 0.6634114583333334 0.4609375 0.07348958333333333 0.03955078125
