1 0.6485091145833334 0.775390625 0.05201822916666667 0.023515625
1 0.419921875 0.52099609375 0.050416666666666665 0.0217724609375
1 0.4830729166666667 0.5263671875 0.02938151041666667 0.0365625
1 0.5198567708333334 0.5009765625 0.04809895833333333 0.0157177734375
1 0.5340104166666667 0.6829638671875 0.04376953125 0.032763671875
1 0.3899739583333333 0.544921875 0.04544921875 0.02970703125
1 0.3356119791666667 0.62353515625 0.045572916666666664 0.0313134765625
1 0.359375 0.300546875 0.041139322916666665 0.0362060546875
1 0.5426432291666666 0.705078125 0.049192708333333335 0.0289306640625
1 0.4651692708333333 0.51904296875 0.035807291666666664 0.035888671875
1 0.3795572916666667 0.2587890625 0.022298177083333332 0.0409228515625
1 0.6751302083333334 0.7880859375 0.050130208333333336 0.0177783203125
1 0.3906119791666667 0.64380859375 0.05096354166666667 0.02216796875
1 0.46248046875 0.6349658203125 0.05266276041666667 0.0220361328125
1 0.3564453125 0.49267578125 0.028828125 0.038330078125
1 0.4788411458333333 0.492431640625 0.047936197916666666 0.022080078125
1 0.3580729166666667 0.41650390625 0.045820312499999995 0.0330810546875
1 0.42266927083333333 0.5859375 0.03717447916666667 0.0354931640625
1 0.4059244791666667 0.66015625 0.049765625 0.019716796875
1 0.3974609375 0.279541015625 0.0312890625 0.0398583984375
1 0.4375 0.65234375 0.051679687499999995 0.0173046875
1 0.40532552083333334 0.532939453125 0.051080729166666665 0.0267822265625
1 0.5276692708333334 0.486083984375 0.053346354166666665 0.016279296875
1 0.3522135416666667 0.54736328125 0.028378906250000002 0.0391845703125
1 0.4905078125 0.721572265625 0.05271484375 0.02541015625
1 0.6324869791666666 0.37744140625 0.022988281250000003 0.04025390625
1 0.6604817708333334 0.7431640625 0.04837890625 0.031142578125
1 0.517578125 0.52783203125 0.04756510416666667 0.029755859375
1 0.5882161458333334 0.64990234375 0.0321875 0.039794921875
1 0.4277669270833333 0.62548828125 0.058268229166666664 0.0178515625
1 0.4711588541666667 0.5840185546875 0.046093749999999996 0.03189453125
1 0.32721354166666666 0.64771484375 0.045527343750000004 0.03306640625
1 0.4733072916666667 0.6982421875 0.044355468749999995 0.0291455078125
1 0.3902994791666667 0.31787109375 0.03857421875 0.0393359375
1 0.48315755208333333 0.5727001953125 0.04908203125 0.0279150390625
1 0.3610026041666667 0.367431640625 0.026184895833333333 0.0403125
1 0.3274739583333333 0.48974609375 0.041914062499999995 0.0352783203125
1 0.6070963541666666 0.39013671875 0.031048177083333333 0.0382373046875
1 0.47381510416666667 0.55298828125 0.053144531249999995 0.0198193359375
1 0.31201171875 0.6201171875 0.04830078125 0.031923828125
1 0.36265624999999996 0.323408203125 0.038730468750000004 0.039267578125
1 0.4993489583333333 0.406494140625 0.055097656249999995 0.0164013671875
1 0.599609375 0.451171875 0.050416666666666665 0.02091796875
1 0.3600260416666667 0.256103515625 0.022298177083333332 0.0409228515625
1 0.5839322916666666 0.38697265625 0.0408984375 0.0368359375
1 0.3792903645833334 0.486591796875 0.029824218750000003 0.040078125
1 0.5716145833333334 0.377685546875 0.041666666666666664 0.0359521484375
1 0.43388671875 0.610966796875 0.053359374999999994 0.016328125
1 0.5354817708333334 0.64501953125 0.0405078125 0.034697265625
1 0.3273111979166667 0.37158203125 0.021542968750000002 0.0403759765625
1 0.3818359375 0.367919921875 0.024778645833333335 0.038330078125
1 0.5224348958333334 0.7178125 0.04666666666666667 0.031826171875
1 0.4280598958333333 0.50048828125 0.05126953125 0.0224609375
1 0.4420572916666667 0.6806640625 0.04642578125 0.029482421875
1 0.5559895833333334 0.640625 0.03609375 0.0384521484375
1 0.40625 0.33349609375 0.05033203125 0.0296484375
1 0.3483072916666667 0.382080078125 0.02468098958333333 0.03759765625
1 0.3206380208333333 0.2998046875 0.052858072916666665 0.02162109375
1 0.4837239583333333 0.6748046875 0.023619791666666667 0.039794921875
1 0.30908203125 0.340087890625 0.051679687499999995 0.0158984375
1 0.6022135416666666 0.43701171875 0.051595052083333336 0.018984375
1 0.5768229166666666 0.46826171875 0.0458984375 0.0310205078125
1 0.5374348958333334 0.382080078125 0.025735677083333335 0.0401611328125
1 0.4000651041666667 0.36572265625 0.023802083333333335 0.0403759765625
1 0.5021354166666666 0.59765625 0.04317708333333333 0.0323486328125
1 0.3172200520833333 0.258056640625 0.03263671875 0.0396435546875
1 0.33138671875 0.436767578125 0.045989583333333334 0.0334765625
1 0.6373697916666666 0.404296875 0.049765625 0.0281689453125
1 0.57421875 0.352783203125 0.052734375 0.0160986328125
1 0.5032552083333334 0.470703125 0.05293619791666667 0.0231494140625
1 0.3473307291666667 0.466552734375 0.05147135416666667 0.0211181640625
1 0.3069661458333333 0.3251953125 0.053834635416666665 0.0161572265625
1 0.4918619791666667 0.421142578125 0.052369791666666665 0.0157763671875
1 0.54162109375 0.6697607421875 0.04635416666666667 0.032470703125
1 0.3076171875 0.36669921875 0.02146484375 0.0372607421875
1 0.29313802083333335 0.64306640625 0.05147135416666667 0.016923828125
1 0.28662109375 0.274658203125 0.0386328125 0.0376904296875
1 0.6370442708333334 0.445068359375 0.030865885416666666 0.0383935546875
1 0.5029752604166667 0.6776513671875 0.023860677083333334 0.040546875
1 0.2604166666666667 0.65380859375 0.048749999999999995 0.0270703125
1 0.3356119791666667 0.254150390625 0.027792968749999997 0.0397021484375
1 0.3282877604166667 0.595703125 0.05126953125 0.016982421875
1 0.5743880208333333 0.7188232421875 0.024036458333333333 0.041943359375
1 0.5986328125 0.340087890625 0.053671875 0.0185107421875
1 0.43798177083333334 0.57251953125 0.029720052083333334 0.039580078125
1 0.6744791666666666 0.260498046875 0.02638671875 0.042021484375
1 0.3568229166666667 0.6441650390625 0.03136067708333334 0.0405322265625
1 0.5237760416666667 0.5412060546875 0.048736979166666666 0.0300390625
1 0.33438802083333335 0.4214208984375 0.05018229166666666 0.03220703125
1 0.29675130208333333 0.2607421875 0.04053385416666667 0.0401708984375
