1 0.6986588541666667 0.798828125 0.05137369791666666 0.02302734375
1 0.4141080729166667 0.78662109375 0.05153645833333333 0.0167236328125
1 0.5380859375 0.76123046875 0.021119791666666665 0.04052734375
1 0.4215494791666667 0.77294921875 0.05375 0.016787109375
1 0.5276692708333334 0.78662109375 0.0414453125 0.0343017578125
1 0.466796875 0.7744140625 0.04911458333333333 0.022890625
1 0.4290364583333333 0.7587890625 0.052734375 0.0161572265625
1 0.5061848958333334 0.73974609375 0.0224609375 0.040771484375
1 0.6891666666666666 0.309326171875 0.054361979166666664 0.019912109375
1 0.5579427083333334 0.7958984375 0.01978515625 0.0403759765625
1 0.3250325520833333 0.454697265625 0.040364583333333336 0.036865234375
1 0.44140625 0.7451171875 0.05326171875 0.016787109375
1 0.3346354166666667 0.79345703125 0.053671875 0.0217431640625
1 0.3922526041666667 0.2349853515625 0.057493489583333335 0.021455078125
1 0.25123697916666665 0.4634228515625 0.05033203125 0.0252685546875
1 0.5013020833333334 0.7978515625 0.020651041666666665 0.0410791015625
1 0.7115885416666666 0.26513671875 0.04128255208333333 0.0377490234375
1 0.7076822916666666 0.65673828125 0.055787760416666665 0.0190576171875
1 0.3820703125 0.7202880859375 0.04931640625 0.0254931640625
1 0.36473958333333334 0.247783203125 0.04517578125 0.035849609375
1 0.537109375 0.28369140625 0.036705729166666666 0.0390625
1 0.4820963541666667 0.7998046875 0.019869791666666668 0.0401025390625
1 0.2694010416666667 0.7556103515625 0.0533984375 0.0238916015625
1 0.6924544270833333 0.33212890625 0.052858072916666665 0.0203173828125
1 0.6627604166666666 0.7958984375 0.021542968750000002 0.04052734375
1 0.5966796875 0.39794921875 0.051679687499999995 0.0225390625
1 0.525625 0.607880859375 0.035078125 0.0386474609375
1 0.3499348958333333 0.43310546875 0.030703124999999998 0.03955078125
1 0.7612890625 0.254140625 0.055013020833333336 0.0234326171875
1 0.4398697916666667 0.4524560546875 0.03692708333333333 0.0350634765625
1 0.5621744791666666 0.377685546875 0.02742838541666667 0.0398583984375
1 0.2745768229166667 0.257568359375 0.048749999999999995 0.0290380859375
1 0.6953125 0.34939453125 0.05054036458333333 0.0245654296875
1 0.38328125 0.7524462890625 0.04684895833333333 0.0312255859375
1 0.5087890625 0.367431640625 0.026653645833333333 0.0426318359375
1 0.5654296875 0.244873046875 0.049967447916666664 0.0270068359375
1 0.2859700520833333 0.5498046875 0.025839843749999997 0.0377490234375
1 0.697265625 0.197265625 0.0224609375 0.042177734375
1 0.3040559895833333 0.70671875 0.02805338541666667 0.037333984375
1 0.6402994791666666 0.1883544921875 0.033567708333333335 0.04046875
1 0.2911783854166667 0.669921875 0.021953125 0.039794921875
1 0.3234049479166667 0.70556640625 0.028990885416666667 0.0367724609375
1 0.3776041666666667 0.6318017578125 0.04014322916666666 0.0367041015625
1 0.4609375 0.2548828125 0.046751302083333335 0.03390625
1 0.42629557291666664 0.63232421875 0.050410156250000004 0.0219873046875
1 0.57064453125 0.7414990234375 0.050130208333333336 0.026630859375
1 0.6291861979166666 0.68310546875 0.051907552083333336 0.0167236328125
1 0.2991861979166667 0.287841796875 0.04917317708333333 0.0330810546875
1 0.5660807291666666 0.458740234375 0.05025390625 0.0232861328125
1 0.7265625 0.29443359375 0.051595052083333336 0.0201416015625
1 0.4602864583333333 0.448486328125 0.04083333333333333 0.034365234375
1 0.5335286458333334 0.3876953125 0.027727864583333334 0.0389111328125
1 0.3499348958333333 0.66357421875 0.027727864583333334 0.0401611328125
1 0.6726367187500001 0.2348876953125 0.04931640625 0.0335400390625
1 0.3292578125 0.231748046875 0.05029296875 0.0308642578125
1 0.5764973958333334 0.7958984375 0.021360677083333335 0.040986328125
1 0.2643229166666667 0.295654296875 0.022988281250000003 0.0442822265625
1 0.34765625 0.255615234375 0.04512369791666667 0.0362255859375
1 0.5250651041666666 0.44482421875 0.021542968750000002 0.038759765625
1 0.3392513020833334 0.7504931640625 0.05129557291666667 0.020869140625
1 0.73666015625 0.4072265625 0.05895182291666667 0.016982421875
1 0.46802734375 0.226806640625 0.041243489583333334 0.0365625
1 0.3857421875 0.54443359375 0.04960286458333333 0.016923828125
1 0.5328776041666666 0.72607421875 0.0449609375 0.0273291015625
1 0.404296875 0.650390625 0.051881510416666665 0.0173779296875
1 0.6569140625 0.210263671875 0.05231770833333333 0.0275927734375
1 0.7532552083333334 0.5791015625 0.051191406249999995 0.0283837890625
1 0.3307291666666667 0.80712890625 0.05395833333333333 0.0224169921875
1 0.62109375 0.5693359375 0.021282552083333333 0.0411376953125
1 0.6611197916666667 0.29541015625 0.05614583333333333 0.0171826171875
1 0.7037760416666666 0.7685546875 0.051881510416666665 0.0263525390625
1 0.2593489583333333 0.5104931640625 0.02809895833333333 0.0398193359375
1 0.7353645833333333 0.19001953125 0.0578515625 0.0168212890625
1 0.20100911458333334 0.36572265625 0.04658854166666667 0.0375390625
1 0.763671875 0.556640625 0.051393229166666665 0.02791015625
1 0.3776041666666667 0.80712890625 0.04809895833333333 0.0251318359375
1 0.701171875 0.783203125 0.049680989583333335 0.023515625
1 0.24499348958333333 0.7478369140625 0.05370442708333333 0.0248583984375
1 0.6331380208333334 0.36181640625 0.051191406249999995 0.0283837890625
1 0.6729231770833333 0.1834326171875 0.04970703125 0.0373095703125
1 0.54333984375 0.196533203125 0.056588541666666665 0.0192431640625
1 0.5527083333333334 0.25607421875 0.05369791666666667 0.0258447265625
1 0.7284244791666666 0.439697265625 0.0541796875 0.0240478515625
1 0.6347526041666667 0.274169921875 0.045039062500000004 0.0372607421875
1 0.4847005208333333 0.287109375 0.05224609375 0.02685546875
1 0.2958854166666667 0.2134423828125 0.03152994791666667 0.0407763671875
1 0.5016276041666666 0.2171630859375 0.033776041666666666 0.0413232421875
1 0.3740234375 0.45361328125 0.020891927083333334 0.0408349609375
1 0.388671875 0.517578125 0.033776041666666666 0.0373828125
1 0.3736979166666667 0.77978515625 0.021197916666666667 0.04046875
1 0.30120442708333334 0.7828515625 0.025065104166666668 0.04046875
1 0.5885416666666666 0.340576171875 0.03826822916666667 0.0372607421875
1 0.59765625 0.438232421875 0.0262890625 0.0386962890625
1 0.44745442708333333 0.8109619140625 0.049680989583333335 0.0283349609375
1 0.36527343749999996 0.5598486328125 0.0538671875 0.017734375
1 0.3209635416666667 0.2122802734375 0.03212239583333334 0.04296875
1 0.4102864583333334 0.2516650390625 0.05454427083333333 0.019951171875
1 0.740234375 0.450439453125 0.053346354166666665 0.024658203125
1 0.4267903645833333 0.297607421875 0.05092447916666667 0.0264599609375
1 0.7786458333333334 0.2288818359375 0.024863281249999997 0.0445849609375
1 0.23501953125 0.273466796875 0.0419921875 0.0369873046875
1 0.3111067708333333 0.430390625 0.05442708333333333 0.016845703125
1 0.5651041666666666 0.28125 0.045572916666666664 0.035400390625
1 0.7395833333333334 0.2342529296875 0.04960286458333333 0.0165869140625
1 0.39820963541666665 0.6026806640625 0.05293619791666667 0.0161572265625
1 0.4788411458333333 0.7470703125 0.03521484375 0.038115234375
1 0.6737434895833333 0.2614501953125 0.051953124999999996 0.028671875
1 0.513046875 0.2294970703125 0.035143229166666665 0.041533203125
1 0.337890625 0.7802734375 0.052083333333333336 0.0201708984375
1 0.6842447916666666 0.70458984375 0.03440104166666667 0.038544921875
1 0.7513020833333334 0.42041015625 0.052167968749999995 0.0171826171875
1 0.4241536458333333 0.394775390625 0.051595052083333336 0.0207666015625
1 0.3133138020833333 0.490234375 0.03916666666666666 0.038759765625
1 0.7337239583333334 0.2208251953125 0.05224609375 0.0152490234375
1 0.2840169270833333 0.777900390625 0.027057291666666667 0.040634765625
1 0.62109375 0.1844482421875 0.0336328125 0.0428173828125
1 0.23974609375 0.298583984375 0.03521484375 0.0432763671875
1 0.48828125 0.2666015625 0.054036458333333336 0.0171826171875
1 0.7298177083333334 0.5224609375 0.03147135416666667 0.0406787109375
1 0.7317708333333334 0.321044921875 0.03421875 0.0406201171875
1 0.7604166666666666 0.277099609375 0.052656249999999995 0.027177734375
1 0.6402994791666666 0.4296875 0.04136067708333333 0.02791015625
1 0.6958268229166666 0.49759765625 0.037304687499999996 0.038486328125
1 0.4208984375 0.3193359375 0.050904947916666665 0.018876953125
1 0.22477213541666666 0.49853515625 0.02736328125 0.0391259765625
1 0.7565104166666666 0.32763671875 0.030865885416666666 0.0386962890625
1 0.7486132812499999 0.35791015625 0.056445312500000004 0.02091796875
1 0.21240234375 0.47328125 0.027955729166666665 0.039853515625
1 0.3909505208333333 0.218505859375 0.05416015625 0.0212841796875
1 0.7701822916666666 0.305908203125 0.03521484375 0.0432763671875
1 0.6966145833333334 0.71826171875 0.03493489583333333 0.036162109375
1 0.20751953125 0.67626953125 0.03777994791666667 0.037109375
1 0.755859375 0.390380859375 0.05423828125 0.01751953125
1 0.6471354166666666 0.40771484375 0.046875 0.030380859375
1 0.6360416666666667 0.2493408203125 0.04967447916666667 0.0323095703125
1 0.6435546875 0.79638671875 0.02056640625 0.042177734375
1 0.5156184895833333 0.4736328125 0.051464843749999996 0.0200634765625
1 0.53841796875 0.3415234375 0.05451822916666666 0.0224609375
1 0.7552083333333334 0.5322265625 0.029095052083333333 0.0372607421875
1 0.7057291666666666 0.4644970703125 0.048014322916666664 0.031162109375
1 0.427734375 0.2176513671875 0.04028645833333334 0.038759765625
1 0.4527994791666667 0.2020263671875 0.05486979166666667 0.01798828125
1 0.6306770833333334 0.4583935546875 0.04154947916666667 0.034775390625
1 0.7337239583333334 0.66650390625 0.0508203125 0.024794921875
1 0.6617838541666666 0.7227587890625 0.03486979166666667 0.0388671875
1 0.392578125 0.452880859375 0.022115885416666665 0.0381787109375
1 0.7486979166666666 0.6162109375 0.049765625 0.031494140625
1 0.6305338541666666 0.71533203125 0.043131510416666664 0.0321044921875
1 0.232421875 0.58544921875 0.03975260416666667 0.0375390625
1 0.6533203125 0.333984375 0.022298177083333332 0.0406201171875
1 0.2635091145833333 0.7829541015625 0.027688802083333335 0.0417138671875
1 0.5755208333333334 0.2249658203125 0.0458984375 0.036904296875
1 0.5364583333333334 0.22607421875 0.03540364583333334 0.041689453125
1 0.47237630208333337 0.65890625 0.050703124999999995 0.0231494140625
1 0.19809244791666666 0.32966796875 0.0328515625 0.0423876953125
1 0.20621744791666666 0.6259765625 0.02805338541666667 0.0398583984375
1 0.7369791666666666 0.2047119140625 0.050904947916666665 0.01548828125
1 0.7550716145833333 0.460029296875 0.05295572916666667 0.026484375
1 0.22737630208333334 0.54634765625 0.021953125 0.0400537109375
1 0.19986979166666666 0.44384765625 0.023359375 0.04193359375
1 0.7662760416666666 0.369384765625 0.052571614583333336 0.020966796875
1 0.2784830729166667 0.2076416015625 0.03281901041666666 0.041689453125
1 0.66904296875 0.28125 0.05604166666666666 0.0185400390625
1 0.45037760416666667 0.5556640625 0.048430989583333334 0.0284375
1 0.21817057291666667 0.433916015625 0.025351562499999997 0.0408935546875
1 0.4488932291666667 0.4990234375 0.03589192708333334 0.035615234375
1 0.7962239583333334 0.337646484375 0.023984375000000002 0.040009765625
1 0.5712890625 0.1845703125 0.047037760416666664 0.0381787109375
1 0.7103255208333333 0.7564892578125 0.05011067708333333 0.02853515625
1 0.5319335937499999 0.8083349609375 0.04407552083333333 0.0334033203125
1 0.4493489583333334 0.7954638671875 0.05149739583333333 0.025751953125
1 0.33869140625 0.76431640625 0.05382161458333334 0.019833984375
1 0.30296875 0.74361328125 0.025983072916666666 0.0403662109375
1 0.2834830729166667 0.7251708984375 0.025052083333333332 0.03966796875
1 0.3338216145833333 0.73421875 0.05335286458333333 0.021572265625
1 0.36374348958333336 0.7272607421875 0.049179687500000006 0.023662109375
1 0.40132812500000004 0.7100341796875 0.05011067708333333 0.02470703125
1 0.2461328125 0.7326513671875 0.05335286458333333 0.021923828125
1 0.24868489583333334 0.7176904296875 0.05382161458333334 0.019833984375
1 0.26330078125 0.701162109375 0.05242838541666667 0.02087890625
1 0.23754557291666667 0.691591796875 0.04546875 0.0316650390625
1 0.2716471354166667 0.672626953125 0.02087890625 0.0403662109375
1 0.30969401041666667 0.668798828125 0.021803385416666668 0.0417578125
1 0.3287174479166667 0.667060546875 0.025520833333333336 0.0410595703125
1 0.22409505208333333 0.666015625 0.0417578125 0.0354931640625
1 0.241953125 0.65853515625 0.04222005208333333 0.0337548828125
1 0.26330078125 0.6433984375 0.054283854166666666 0.0187890625
1 0.31595703125 0.6390478515625 0.052890625 0.0212255859375
1 0.22525390625 0.6226953125 0.02830078125 0.0400146484375
1 0.241953125 0.6146923828125 0.03015625 0.0393212890625
1 0.2637630208333333 0.6162548828125 0.02737630208333333 0.0403662109375
1 0.2832486979166667 0.619560546875 0.02737630208333333 0.0400146484375
1 0.26399088541666665 0.58302734375 0.048255208333333334 0.0302734375
1 0.29600911458333334 0.599033203125 0.038971354166666666 0.0365380859375
1 0.30528645833333334 0.5823291015625 0.034335937500000004 0.0372314453125
1 0.42336588541666664 0.6143408203125 0.04686197916666667 0.0295751953125
1 0.36119140624999996 0.625654296875 0.040364583333333336 0.036884765625
1 0.3372981770833334 0.6134716796875 0.05382161458333334 0.023662109375
1 0.3444921875 0.597119140625 0.05149739583333333 0.0243603515625
1 0.3444921875 0.5814599609375 0.054283854166666666 0.0264453125
1 0.38740885416666665 0.5736328125 0.0417578125 0.035146484375
1 0.35191406249999996 0.687939453125 0.04871744791666666 0.0299267578125
1 0.35794921874999996 0.702900390625 0.04778645833333334 0.0299267578125
1 0.3834635416666667 0.6771533203125 0.02830078125 0.038974609375
1 0.4078190104166666 0.6834130859375 0.029694010416666666 0.03966796875
1 0.4495768229166666 0.6743701171875 0.052890625 0.02087890625
1 0.44192057291666664 0.691767578125 0.04871744791666666 0.029228515625
1 0.43310546875 0.7081201171875 0.03850911458333333 0.03619140625
1 0.41222656249999995 0.73421875 0.049641927083333336 0.0278369140625
1 0.46720703125 0.7263916015625 0.05103515625 0.021923828125
1 0.4764908854166667 0.7100341796875 0.05196614583333333 0.0226171875
1 0.4869270833333333 0.6908984375 0.05335286458333333 0.017744140625
1 0.5307747395833333 0.706728515625 0.05382161458333334 0.0173974609375
1 0.5778645833333333 0.7543994140625 0.05057291666666667 0.0271435546875
1 0.5811132812500001 0.721171875 0.04871744791666666 0.027490234375
1 0.5778645833333333 0.702900390625 0.045006510416666666 0.0341015625
1 0.5711393229166667 0.68671875 0.04546875 0.0316650390625
1 0.5085026041666666 0.6641015625 0.0417578125 0.03583984375
1 0.5265950520833333 0.67923828125 0.025983072916666666 0.03966796875
1 0.54677734375 0.6788916015625 0.02830078125 0.0403662109375
1 0.5553645833333333 0.651923828125 0.05196614583333333 0.0184423828125
1 0.5358723958333333 0.629130859375 0.028763020833333333 0.0403662109375
1 0.4857682291666667 0.6456591796875 0.05196614583333333 0.0212255859375
1 0.4962044270833333 0.632958984375 0.05242838541666667 0.021572265625
1 0.484609375 0.615908203125 0.05149739583333333 0.021572265625
1 0.46883463541666665 0.598857421875 0.05149739583333333 0.021572265625
1 0.4776497395833333 0.5863330078125 0.05335286458333333 0.0201806640625
1 0.51267578125 0.5955517578125 0.034335937500000004 0.03583984375
1 0.4887825520833333 0.5736328125 0.05149739583333333 0.021923828125
1 0.5170833333333333 0.5680615234375 0.049641927083333336 0.025400390625
1 0.6541861979166667 0.69646484375 0.05474609375 0.02470703125
1 0.6984960937500001 0.6780224609375 0.05057291666666667 0.0302734375
1 0.66625 0.6647998046875 0.023196614583333334 0.04140625
1 0.6293619791666667 0.6674072265625 0.05335286458333333 0.0173974609375
1 0.5815755208333333 0.661494140625 0.04407552083333333 0.0327099609375
1 0.6314518229166667 0.652099609375 0.05474609375 0.0173974609375
1 0.6500130208333333 0.6380029296875 0.052890625 0.01705078125
1 0.5699739583333333 0.6357421875 0.054283854166666666 0.016005859375
1 0.6198502604166667 0.6280859375 0.052890625 0.0271435546875
1 0.60013671875 0.614169921875 0.049641927083333336 0.0243603515625
1 0.5688151041666667 0.6108642578125 0.03619140625 0.0365380859375
1 0.5599999999999999 0.59416015625 0.03990234375 0.033056640625
1 0.5553645833333333 0.5738037109375 0.03990234375 0.0341015625
1 0.5532747395833334 0.552578125 0.045006510416666666 0.031318359375
1 0.72123046875 0.63974609375 0.05613932291666667 0.0184423828125
1 0.7182096354166667 0.6181689453125 0.05196614583333333 0.0288818359375
1 0.6887500000000001 0.6204345703125 0.049641927083333336 0.0306201171875
1 0.6467643229166666 0.6119091796875 0.04453776041666666 0.0337548828125
1 0.5843619791666667 0.5633642578125 0.02365885416666667 0.0403662109375
1 0.6040755208333334 0.5851123046875 0.023196614583333334 0.0393212890625
1 0.6604492187500001 0.595205078125 0.05057291666666667 0.0233154296875
1 0.7087044270833333 0.5833740234375 0.04129557291666667 0.03583984375
1 0.7690169270833334 0.585634765625 0.05335286458333333 0.0271435546875
1 0.7219270833333334 0.549970703125 0.03248046875 0.0372314453125
1 0.6989583333333332 0.560927734375 0.02365885416666667 0.0403662109375
1 0.6386458333333334 0.5640625 0.021803385416666668 0.0410595703125
1 0.658828125 0.5642333984375 0.020416666666666666 0.0400146484375
1 0.6773828125 0.572236328125 0.020416666666666666 0.040712890625
1 0.6926953125 0.53361328125 0.04268229166666667 0.0344482421875
1 0.6766861979166667 0.5256103515625 0.03850911458333333 0.03583984375
1 0.66625 0.504384765625 0.025983072916666666 0.0379296875
1 0.6458333333333334 0.527177734375 0.025052083333333332 0.03966796875
1 0.6237955729166667 0.5165625 0.02737630208333333 0.0393212890625
1 0.6031510416666667 0.51830078125 0.029694010416666666 0.0379296875
1 0.5876041666666666 0.52787109375 0.03201171875 0.0375830078125
1 0.55837890625 0.52212890625 0.02830078125 0.0379296875
1 0.5293815104166667 0.5409228515625 0.02690755208333333 0.038623046875
1 0.5117513020833333 0.53744140625 0.02690755208333333 0.0393212890625
1 0.4857682291666667 0.546142578125 0.03340494791666667 0.0379296875
1 0.43519531250000004 0.5466650390625 0.048255208333333334 0.0271435546875
1 0.4590885416666666 0.5282177734375 0.04593098958333333 0.0299267578125
1 0.47904296874999996 0.5125634765625 0.025520833333333336 0.0375830078125
1 0.49550781250000003 0.5087353515625 0.025052083333333332 0.038974609375
1 0.5286848958333333 0.508037109375 0.04871744791666666 0.0271435546875
1 0.5634830729166667 0.4963818359375 0.05242838541666667 0.0149609375
1 0.5857486979166667 0.4802001953125 0.04222005208333333 0.0334033203125
1 0.628203125 0.4904638671875 0.04639322916666667 0.0295751953125
1 0.529609375 0.4850732421875 0.054283854166666666 0.02087890625
1 0.40550130208333335 0.50908203125 0.03248046875 0.0375830078125
1 0.3686197916666667 0.5191748046875 0.0338671875 0.038974609375
1 0.3444921875 0.5108203125 0.024589843750000003 0.0410595703125
1 0.3314973958333333 0.5370947265625 0.029231770833333334 0.038623046875
1 0.3240755208333333 0.5605810546875 0.03572265625 0.0382763671875
1 0.29229817708333333 0.52404296875 0.05011067708333333 0.0271435546875
1 0.29623697916666664 0.5083837890625 0.05149739583333333 0.0229638671875
1 0.23986979166666667 0.50734375 0.02690755208333333 0.0403662109375
1 0.24729166666666666 0.5473583984375 0.020416666666666666 0.03966796875
1 0.26654296875 0.5475341796875 0.019947916666666666 0.0400146484375
1 0.3591080729166667 0.4735888671875 0.02690755208333333 0.03966796875
1 0.24659505208333332 0.4784619140625 0.05057291666666667 0.0264453125
1 0.31317708333333333 0.466455078125 0.03990234375 0.03583984375
1 0.2834830729166667 0.47671875 0.02690755208333333 0.0403662109375
1 0.257265625 0.4507958984375 0.05335286458333333 0.0233154296875
1 0.27419921875000003 0.440009765625 0.052890625 0.0240087890625
1 0.65255859375 0.4614111328125 0.04315104166666667 0.0341015625
1 0.6648567708333334 0.4765478515625 0.03990234375 0.03583984375
1 0.5609309895833333 0.44470703125 0.05103515625 0.0243603515625
1 0.5595377604166667 0.42939453125 0.05103515625 0.0264453125
1 0.57716796875 0.409560546875 0.05382161458333334 0.0194873046875
1 0.6119661458333333 0.3872900390625 0.05011067708333333 0.023662109375
1 0.6321484375 0.377548828125 0.05057291666666667 0.0264453125
1 0.59224609375 0.360673828125 0.03850911458333333 0.0379296875
1 0.4131575520833333 0.445751953125 0.024589843750000003 0.0403662109375
1 0.4440104166666667 0.425048828125 0.05382161458333334 0.019140625
1 0.4892447916666667 0.445751953125 0.04871744791666666 0.031318359375
1 0.49087239583333336 0.4281787109375 0.04546875 0.0337548828125
1 0.5029361979166667 0.411650390625 0.03990234375 0.0354931640625
1 0.5210286458333333 0.406083984375 0.03711588541666667 0.03619140625
1 0.45653645833333334 0.4081689453125 0.05196614583333333 0.0222705078125
1 0.47904296874999996 0.3892041015625 0.05335286458333333 0.019833984375
1 0.363515625 0.417216796875 0.037578125 0.036884765625
1 0.3836979166666667 0.415302734375 0.03990234375 0.03583984375
1 0.40550130208333335 0.4074755859375 0.048255208333333334 0.02853515625
1 0.19347005208333334 0.39546875 0.038971354166666666 0.035146484375
1 0.20947916666666666 0.4027783203125 0.04129557291666667 0.0372314453125
1 0.23499348958333333 0.419306640625 0.029231770833333334 0.03966796875
1 0.2626041666666667 0.416171875 0.04453776041666666 0.0334033203125
1 0.27837890625 0.4072998046875 0.04639322916666667 0.0337548828125
1 0.30528645833333334 0.406953125 0.04546875 0.0316650390625
1 0.32662760416666664 0.394599609375 0.034335937500000004 0.038974609375
1 0.23244791666666667 0.3820703125 0.03990234375 0.038974609375
1 0.24775390625000002 0.37267578125 0.03711588541666667 0.03966796875
1 0.27048828125 0.3751123046875 0.03711588541666667 0.03966796875
1 0.2927604166666667 0.375634765625 0.03619140625 0.038623046875
1 0.29716796875 0.3552783203125 0.037578125 0.038974609375
1 0.33033854166666665 0.3705908203125 0.038046875 0.03966796875
1 0.34008463541666667 0.3526708984375 0.034335937500000004 0.0400146484375
1 0.36397786458333337 0.377724609375 0.021803385416666668 0.0400146484375
1 0.3976171875 0.3787646484375 0.04732421875 0.0309716796875
1 0.39343750000000005 0.358408203125 0.03990234375 0.0375830078125
1 0.45746744791666666 0.373544921875 0.0417578125 0.0337548828125
1 0.48901692708333333 0.3592822265625 0.021341145833333335 0.040712890625
1 0.43496093750000003 0.3683251953125 0.03665364583333333 0.0372314453125
1 0.4240625 0.3458837890625 0.024127604166666667 0.0403662109375
1 0.45700520833333336 0.3403173828125 0.04268229166666667 0.034794921875
1 0.46604817708333335 0.32361328125 0.03665364583333333 0.036884765625
1 0.49365234375 0.328486328125 0.038971354166666666 0.0375830078125
1 0.5442252604166666 0.35580078125 0.05011067708333333 0.0260986328125
1 0.5342513020833334 0.3270947265625 0.054283854166666666 0.0222705078125
1 0.5040950520833333 0.309345703125 0.05057291666666667 0.025751953125
1 0.22149739583333336 0.3344775390625 0.0337109375 0.0413427734375
1 0.24449869791666667 0.3387939453125 0.03529947916666667 0.0404541015625
1 0.25977213541666666 0.330908203125 0.03490234375 0.040751953125
1 0.2817838541666667 0.3149951171875 0.02736328125 0.042236328125
1 0.30121744791666666 0.31767578125 0.02736328125 0.042236328125
1 0.31529296875 0.330908203125 0.02934895833333333 0.0413427734375
1 0.33829427083333335 0.315888671875 0.026966145833333333 0.0410498046875
1 0.36189453125 0.335966796875 0.028157552083333332 0.0413427734375
1 0.38231770833333334 0.3408740234375 0.03410807291666667 0.0392626953125
1 0.3708203125 0.3096435546875 0.05076171875 0.0243896484375
1 0.39044921875 0.2987841796875 0.04878255208333334 0.0294482421875
1 0.3218359375 0.27751953125 0.041640625 0.03748046875
1 0.3460286458333333 0.278857421875 0.03767578125 0.039560546875
1 0.2817838541666667 0.2455419921875 0.04957682291666667 0.030634765625
1 0.5219205729166666 0.2920947265625 0.036484375 0.0386669921875
1 0.4541015625 0.2916455078125 0.049179687500000006 0.032421875
1 0.41246093749999996 0.2745458984375 0.05155598958333333 0.027958984375
1 0.3829166666666666 0.2726123046875 0.051953124999999996 0.0288525390625
1 0.7289453125 0.2584814453125 0.041243489583333334 0.0362890625
1 0.6910677083333333 0.2279931640625 0.04481770833333334 0.0342041015625
