1 0.4267578125 0.56005859375 0.07483072916666667 0.034609375
1 0.5930989583333334 0.46435546875 0.045820312499999995 0.0599658203125
1 0.3694661458333333 0.447509765625 0.06311197916666667 0.05072265625
1 0.3824153645833333 0.5129248046875 0.03630859375 0.05666015625
1 0.67693359375 0.4837255859375 0.05576171875 0.056904296875
1 0.4306770833333333 0.51904296875 0.0644140625 0.0460498046875
1 0.6305338541666666 0.4588134765625 0.055501302083333336 0.0584423828125
1 0.3191731770833333 0.65478515625 0.06860677083333333 0.044677734375
1 0.3662109375 0.70166015625 0.04419270833333333 0.057587890625
1 0.42914713541666666 0.4915673828125 0.074921875 0.036845703125
1 0.7350260416666666 0.38427734375 0.06990885416666666 0.05203125
1 0.2716471354166667 0.77392578125 0.069375 0.0428759765625
1 0.3889973958333333 0.71142578125 0.044798177083333335 0.0608544921875
1 0.3177083333333333 0.6826171875 0.06587890625 0.0426318359375
1 0.2586263020833333 0.8125 0.07637369791666666 0.030380859375
1 0.3369140625 0.53759765625 0.06697916666666666 0.045869140625
1 0.6256510416666666 0.5830078125 0.06416666666666666 0.0523388671875
1 0.41944010416666666 0.40966796875 0.07623697916666666 0.031630859375
1 0.4861067708333333 0.5350439453125 0.058515624999999995 0.051953125
1 0.3636067708333333 0.4150390625 0.05416015625 0.056123046875
1 0.27734375 0.62841796875 0.06823567708333333 0.0459619140625
1 0.5406901041666666 0.455810546875 0.03712890625 0.0565478515625
1 0.5192057291666666 0.438232421875 0.035807291666666664 0.0609765625
1 0.6731770833333334 0.4208984375 0.08040364583333333 0.024931640625
1 0.3531901041666667 0.509765625 0.04005859375 0.0580126953125
1 0.642578125 0.3798828125 0.043541666666666666 0.058564453125
1 0.5729166666666666 0.44580078125 0.03983723958333333 0.06076171875
1 0.40179036458333334 0.38173828125 0.08013020833333333 0.0331982421875
1 0.6106770833333334 0.378173828125 0.03998046875 0.0609765625
1 0.572265625 0.39111328125 0.04732421875 0.0604248046875
1 0.6653125 0.3501904296875 0.073203125 0.0445849609375
1 0.41505859375 0.363525390625 0.07881510416666666 0.031552734375
1 0.6959635416666666 0.5126953125 0.07539713541666666 0.0443408203125
1 0.39412760416666665 0.4755859375 0.0791015625 0.027177734375
1 0.48302734374999995 0.47216796875 0.07395833333333333 0.035615234375
1 0.7161458333333334 0.457763671875 0.05517578125 0.0602099609375
1 0.2804361979166667 0.65234375 0.06901041666666667 0.04486328125
1 0.427265625 0.4481640625 0.08031901041666667 0.0276318359375
1 0.3518880208333333 0.56982421875 0.07332682291666666 0.0310205078125
1 0.6959635416666666 0.390625 0.07145182291666667 0.0467236328125
1 0.5511067708333334 0.53564453125 0.050618489583333336 0.0564599609375
1 0.6627604166666666 0.80810546875 0.08358072916666666 0.0272216796875
1 0.46897786458333335 0.42326171875 0.07862630208333334 0.0233740234375
1 0.3294270833333333 0.7197265625 0.03338541666666667 0.059326171875
1 0.5511067708333334 0.37353515625 0.05375 0.0618896484375
1 0.33638671875000004 0.3765576171875 0.046751302083333335 0.05767578125
1 0.2626953125 0.73046875 0.046263020833333335 0.060087890625
1 0.6057942708333334 0.6162109375 0.03005208333333333 0.060517578125
1 0.6614583333333334 0.76904296875 0.06026041666666667 0.0594189453125
1 0.6204427083333334 0.76416015625 0.03635416666666667 0.0625634765625
1 0.5871158854166666 0.33544921875 0.07966796875 0.026201171875
1 0.337890625 0.7587890625 0.06490234375 0.0477001953125
1 0.6627604166666666 0.63818359375 0.03257161458333333 0.061982421875
1 0.3006184895833333 0.73583984375 0.029889322916666666 0.0584423828125
1 0.6341145833333334 0.6396484375 0.029661458333333335 0.0611865234375
1 0.3025716145833333 0.423828125 0.051393229166666665 0.0569775390625
1 0.3440755208333333 0.3056640625 0.056236979166666666 0.056123046875
1 0.24283854166666666 0.78369140625 0.06787109375 0.0375390625
1 0.46267578125 0.525595703125 0.065234375 0.050810546875
1 0.6608984375 0.4619873046875 0.05520182291666667 0.0568310546875
