1 0.2392578125 0.4072265625 0.05054036458333333 0.0333251953125
1 0.76462890625 0.4007958984375 0.03147135416666667 0.0406201171875
1 0.4720052083333333 0.275634765625 0.027265625 0.04248046875
1 0.416484375 0.6564306640625 0.05513020833333334 0.016220703125
1 0.3642578125 0.65869140625 0.052369791666666665 0.0157763671875
1 0.5403645833333334 0.70947265625 0.021119791666666665 0.0396435546875
1 0.4501953125 0.37353515625 0.03338541666666667 0.040771484375
1 0.37426432291666667 0.7887939453125 0.025078125000000003 0.040703125
1 0.4915364583333333 0.2848583984375 0.0223828125 0.043076171875
1 0.3113151041666667 0.6962890625 0.04321614583333333 0.03390625
1 0.5703125 0.72802734375 0.03135416666666666 0.0396435546875
1 0.5530598958333334 0.76220703125 0.041666666666666664 0.0345458984375
1 0.5567838541666666 0.305908203125 0.03142578125 0.0403125
1 0.3352864583333333 0.806640625 0.05423828125 0.0193798828125
1 0.37374348958333337 0.644091796875 0.05293619791666667 0.0157177734375
1 0.744140625 0.444091796875 0.03806640625 0.0396435546875
1 0.7133333333333334 0.4625634765625 0.05203776041666667 0.0263427734375
1 0.3346354166666667 0.2381591796875 0.045572916666666664 0.037109375
1 0.5735677083333334 0.18115234375 0.0419921875 0.0393359375
1 0.4488932291666667 0.61572265625 0.05293619791666667 0.01646484375
1 0.5165494791666666 0.1864013671875 0.03128255208333333 0.042021484375
1 0.3827018229166667 0.7324365234375 0.04763671875 0.030556640625
1 0.4164583333333333 0.798193359375 0.05220052083333334 0.022890625
1 0.4667252604166667 0.783359375 0.05511067708333334 0.0187841796875
1 0.5891927083333334 0.73388671875 0.031106770833333335 0.03802734375
1 0.3528645833333333 0.443603515625 0.02732421875 0.0403125
1 0.263671875 0.365234375 0.060143229166666666 0.0178515625
1 0.30126953125 0.7955517578125 0.024576822916666668 0.041357421875
1 0.4270833333333333 0.450927734375 0.02712239583333333 0.0389111328125
1 0.3043424479166667 0.6440673828125 0.05415364583333334 0.0170263671875
1 0.2880729166666667 0.26365234375 0.04835286458333333 0.0345751953125
1 0.2652994791666667 0.37939453125 0.056764322916666665 0.016787109375
1 0.4772135416666667 0.312255859375 0.039225260416666664 0.03802734375
1 0.7487630208333332 0.330322265625 0.055097656249999995 0.0213330078125
1 0.3268033854166667 0.8212890625 0.053144531249999995 0.018798828125
1 0.4641927083333333 0.25341796875 0.048749999999999995 0.0364404296875
1 0.6600455729166667 0.4676025390625 0.05231770833333333 0.0249169921875
1 0.3382161458333333 0.77880859375 0.052571614583333336 0.02001953125
1 0.33984375 0.268798828125 0.02056640625 0.0433642578125
1 0.23258463541666666 0.5634765625 0.04248046875 0.03705078125
1 0.5338541666666666 0.262939453125 0.051595052083333336 0.018583984375
1 0.6849283854166667 0.2968896484375 0.027786458333333333 0.0420263671875
1 0.3909505208333333 0.40283203125 0.044108072916666664 0.0338427734375
1 0.7094596354166667 0.648642578125 0.0532421875 0.02005859375
1 0.3577473958333333 0.255615234375 0.020957031249999997 0.0413232421875
1 0.767578125 0.319091796875 0.053671875 0.0247509765625
1 0.7419466145833334 0.6234521484375 0.030397135416666665 0.0409228515625
1 0.3938802083333333 0.42041015625 0.043053385416666666 0.035673828125
1 0.4320703125 0.7669580078125 0.05426432291666666 0.0224462890625
1 0.4222005208333333 0.251220703125 0.05444661458333333 0.0205712890625
1 0.2649739583333333 0.309326171875 0.030924479166666668 0.0428173828125
1 0.3994140625 0.446044921875 0.030169270833333334 0.0409228515625
1 0.3250325520833333 0.31712890625 0.0387109375 0.0404736328125
1 0.53708984375 0.18701171875 0.032740885416666664 0.042021484375
1 0.31787109375 0.22021484375 0.024778645833333335 0.0453515625
1 0.6457682291666667 0.6779150390625 0.031412760416666664 0.038115234375
1 0.4754752604166667 0.6277490234375 0.05347005208333333 0.021162109375
1 0.6116536458333334 0.7216796875 0.025735677083333335 0.038603515625
1 0.2994791666666667 0.359375 0.05025390625 0.031435546875
1 0.5325065104166666 0.8112451171875 0.04373046875 0.036357421875
1 0.24690755208333334 0.3095703125 0.030169270833333334 0.0428759765625
1 0.4573567708333333 0.421630859375 0.029602864583333333 0.03802734375
1 0.25244140625 0.252197265625 0.030924479166666668 0.0396435546875
1 0.4358723958333333 0.2744140625 0.048665364583333336 0.035888671875
1 0.36744140625 0.671875 0.0534375 0.0156689453125
1 0.5212955729166667 0.783134765625 0.04564453125 0.03375
1 0.4095052083333333 0.276611328125 0.050416666666666665 0.03705078125
1 0.28125 0.435302734375 0.03159505208333333 0.041474609375
1 0.2594205729166667 0.212783203125 0.03228515625 0.0405029296875
1 0.765625 0.599560546875 0.0234375 0.0420166015625
1 0.28125 0.74169921875 0.023255208333333333 0.042236328125
1 0.3704427083333333 0.45556640625 0.022031250000000002 0.0399462890625
1 0.3518880208333333 0.295166015625 0.04756510416666667 0.0256640625
1 0.2626953125 0.49853515625 0.023886718749999997 0.0391845703125
1 0.7845052083333334 0.5928564453125 0.022565104166666666 0.042646484375
1 0.32080078125 0.434326171875 0.02805338541666667 0.0396435546875
1 0.27159505208333334 0.7674462890625 0.05138020833333334 0.02580078125
1 0.5244140625 0.3115234375 0.03849609375 0.0362841796875
1 0.4150390625 0.23681640625 0.0576171875 0.01798828125
1 0.5953776041666666 0.63720703125 0.026184895833333333 0.040009765625
1 0.5029296875 0.8017578125 0.02370442708333333 0.0423291015625
1 0.2864583333333333 0.310546875 0.031171875 0.0425732421875
1 0.7454427083333334 0.479736328125 0.04537109375 0.0376904296875
1 0.5530598958333334 0.79638671875 0.021035156250000003 0.0408349609375
1 0.67578125 0.70947265625 0.04463541666666667 0.0290380859375
1 0.4986979166666667 0.34326171875 0.049680989583333335 0.0284423828125
1 0.549921875 0.2007080078125 0.03160807291666667 0.0424853515625
1 0.376953125 0.2469482421875 0.021119791666666665 0.0435205078125
1 0.2998046875 0.18306640625 0.025553385416666668 0.0430322265625
1 0.2503255208333333 0.6064453125 0.037272135416666664 0.038115234375
1 0.30157552083333333 0.726015625 0.04371744791666667 0.0332373046875
1 0.23111979166666666 0.3210107421875 0.027727864583333334 0.0417236328125
1 0.6471354166666666 0.712890625 0.042565104166666666 0.031494140625
1 0.5660807291666666 0.2158203125 0.028704427083333334 0.0399462890625
1 0.24267578125 0.203369140625 0.03153645833333333 0.0423291015625
1 0.2801953125 0.1850341796875 0.026829427083333333 0.04365234375
1 0.6225130208333333 0.27287109375 0.032037760416666665 0.0411279296875
1 0.3528645833333333 0.501953125 0.03835286458333333 0.0364404296875
1 0.6025390625 0.2257080078125 0.030455729166666667 0.0420849609375
1 0.7034049479166667 0.6742333984375 0.05513671875 0.0176416015625
1 0.2596484375 0.734326171875 0.023580729166666665 0.0410400390625
1 0.2799479166666667 0.337646484375 0.05611328125 0.016845703125
1 0.6614583333333334 0.282958984375 0.048665364583333336 0.0328369140625
1 0.3822135416666667 0.818359375 0.05333333333333334 0.018935546875
1 0.530546875 0.74267578125 0.051464843749999996 0.016787109375
1 0.541015625 0.2371826171875 0.038411458333333336 0.033662109375
1 0.7864583333333334 0.40625 0.03000651041666667 0.0406201171875
1 0.4222005208333333 0.476806640625 0.03721354166666666 0.0391259765625
1 0.2703450520833333 0.66796875 0.025494791666666666 0.0399462890625
1 0.3084309895833333 0.6611328125 0.052167968749999995 0.0171826171875
1 0.27880859375 0.53955078125 0.05033203125 0.01912109375
1 0.45234375 0.8180517578125 0.04905598958333333 0.0283154296875
1 0.4720052083333333 0.227783203125 0.05326171875 0.0212841796875
1 0.3323567708333333 0.474853515625 0.049479166666666664 0.02630859375
1 0.22428385416666666 0.5146484375 0.026549479166666667 0.03802734375
1 0.2989908854166667 0.2384033203125 0.026243489583333335 0.0364404296875
1 0.4964192708333333 0.1868896484375 0.029726562499999998 0.0428759765625
1 0.22249348958333334 0.6005859375 0.03159505208333333 0.0396435546875
1 0.2630208333333333 0.796875 0.024778645833333335 0.0418408203125
1 0.4860026041666667 0.808447265625 0.02272786458333333 0.040986328125
1 0.28173828125 0.79736328125 0.02449869791666667 0.04193359375
1 0.7786458333333334 0.4384765625 0.037272135416666664 0.0386962890625
1 0.6100260416666666 0.19189453125 0.043541666666666666 0.0381787109375
1 0.421875 0.2218017578125 0.054850260416666664 0.0158984375
1 0.21978515624999997 0.3640576171875 0.04298177083333333 0.0378076171875
1 0.23779296875 0.435302734375 0.028483072916666668 0.039794921875
1 0.5300065104166667 0.276611328125 0.053873697916666664 0.018095703125
1 0.7703580729166667 0.4571728515625 0.03788411458333333 0.0393408203125
1 0.7688802083333334 0.2379150390625 0.0253125 0.0433642578125
1 0.33726562499999996 0.75048828125 0.05444661458333333 0.0184765625
1 0.3828255208333333 0.364501953125 0.04861979166666667 0.0330810546875
1 0.7721354166666666 0.6317529296875 0.03540364583333334 0.0374755859375
1 0.2532552083333333 0.350341796875 0.058919270833333336 0.01583984375
1 0.2749153645833333 0.2265625 0.03180338541666667 0.0407470703125
1 0.4048046875 0.30712890625 0.05321614583333333 0.0243359375
1 0.666015625 0.2445068359375 0.056315104166666664 0.016279296875
1 0.6481966145833333 0.3045703125 0.0538671875 0.023759765625
1 0.33179036458333333 0.17591796875 0.04974609375 0.029912109375
1 0.7721354166666666 0.54736328125 0.0312890625 0.0382373046875
1 0.3968098958333333 0.525390625 0.049967447916666664 0.02140625
1 0.7109375 0.69287109375 0.05126953125 0.019638671875
1 0.6687630208333334 0.25927734375 0.05635416666666667 0.0160205078125
1 0.23974609375 0.280029296875 0.05347005208333333 0.015302734375
1 0.2618815104166667 0.52685546875 0.055787760416666665 0.0184033203125
1 0.5774739583333334 0.7939453125 0.030924479166666668 0.0410791015625
1 0.3065950520833333 0.674853515625 0.05545572916666667 0.0178759765625
1 0.4225260416666667 0.206298828125 0.054361979166666664 0.0156689453125
1 0.20849609375 0.3037109375 0.02439453125 0.0428759765625
1 0.583515625 0.2215478515625 0.030611979166666668 0.043349609375
1 0.5091145833333334 0.245849609375 0.05147135416666667 0.02365234375
1 0.7881315104166666 0.3736962890625 0.04193359375 0.0388232421875
1 0.51171875 0.76025390625 0.039388020833333336 0.018232421875
1 0.3958333333333333 0.50244140625 0.047037760416666664 0.0232373046875
1 0.4140625 0.17578125 0.056028645833333335 0.0173046875
1 0.19775390625 0.338134765625 0.053346354166666665 0.0164013671875
1 0.7506510416666666 0.25390625 0.024251302083333332 0.04177734375
1 0.4228515625 0.19091796875 0.055299479166666665 0.015302734375
1 0.33672526041666667 0.1960791015625 0.05054036458333333 0.0300439453125
1 0.7350260416666666 0.2225341796875 0.03029296875 0.0432763671875
1 0.7623697916666666 0.288330078125 0.053671875 0.027529296875
1 0.44999348958333335 0.8029052734375 0.053619791666666666 0.0281494140625
1 0.41431640625 0.7829541015625 0.05155598958333333 0.0222705078125
1 0.33780598958333335 0.7931591796875 0.05444661458333333 0.0204150390625
1 0.38399739583333337 0.7656298828125 0.04784505208333333 0.027841796875
1 0.3382161458333333 0.765009765625 0.053619791666666666 0.02103515625
1 0.3025390625 0.75634765625 0.025162760416666666 0.0408349609375
1 0.36791666666666667 0.7418115234375 0.046197916666666665 0.0284619140625
1 0.32646484375 0.7240234375 0.038359375 0.037431640625
1 0.28356770833333333 0.6986572265625 0.045781249999999996 0.0349560546875
1 0.41246093749999996 0.747841796875 0.048671875 0.0293896484375
1 0.45288411458333333 0.7503173828125 0.053619791666666666 0.021962890625
1 0.47845052083333334 0.7597509765625 0.04289713541666667 0.0340283203125
1 0.47989583333333335 0.7357763671875 0.05320963541666667 0.0194873046875
1 0.39822916666666663 0.7240234375 0.045781249999999996 0.0312451171875
1 0.43143229166666663 0.7261865234375 0.048671875 0.03248046875
1 0.4613346354166667 0.7186083984375 0.05320963541666667 0.0197998046875
1 0.49969401041666667 0.719072265625 0.041660156250000004 0.035576171875
1 0.52134765625 0.70484375 0.019798177083333333 0.0423779296875
1 0.4920638020833333 0.6916943359375 0.04372395833333333 0.035263671875
1 0.45329427083333335 0.703603515625 0.053619791666666666 0.0194873046875
1 0.40875 0.6933984375 0.03794921875 0.035576171875
1 0.3895703125 0.698193359375 0.043307291666666664 0.033408203125
1 0.3592513020833333 0.7138134765625 0.04537109375 0.0343359375
1 0.3475 0.7009765625 0.04248046875 0.035263671875
1 0.5621809895833333 0.6992724609375 0.027220052083333335 0.039287109375
1 0.6244661458333333 0.6743701171875 0.03382161458333333 0.0408349609375
1 0.6686002604166666 0.6802490234375 0.03382161458333333 0.0408349609375
1 0.6846809895833333 0.65875 0.055266927083333334 0.0194873046875
1 0.7108723958333334 0.63400390625 0.05733072916666667 0.018251953125
1 0.4254557291666667 0.678857421875 0.0449609375 0.0312451171875
1 0.4559765625 0.6813330078125 0.041660156250000004 0.0331005859375
1 0.46669921875000003 0.6632373046875 0.05155598958333333 0.022890625
1 0.5052604166666667 0.6705078125 0.02392578125 0.0417626953125
1 0.4520572916666667 0.6459130859375 0.053619791666666666 0.0222705078125
1 0.4031770833333333 0.6344677734375 0.04743489583333333 0.03279296875
1 0.41287109375 0.6219384765625 0.04701822916666667 0.0318603515625
1 0.2812955729166667 0.6304443359375 0.05609375 0.01732421875
1 0.32687499999999997 0.62998046875 0.045781249999999996 0.0318603515625
1 0.34502604166666667 0.62224609375 0.04908203125 0.0300048828125
1 0.35368489583333335 0.6103369140625 0.04908203125 0.027841796875
1 0.26479817708333336 0.5970361328125 0.03959635416666667 0.035263671875
1 0.245 0.57275390625 0.04372395833333333 0.0349560546875
1 0.2742838541666667 0.5662548828125 0.03134765625 0.039287109375
1 0.28830729166666663 0.5795556640625 0.032174479166666665 0.0386669921875
1 0.29779296875 0.594404296875 0.03382161458333333 0.0399072265625
1 0.32069010416666666 0.5953369140625 0.0317578125 0.0380517578125
1 0.31099609375 0.5597607421875 0.03299479166666667 0.0380517578125
1 0.33120442708333336 0.5585205078125 0.028873697916666666 0.037431640625
1 0.34007161458333335 0.539033203125 0.036705729166666666 0.03619140625
1 0.3547135416666667 0.5291357421875 0.037122395833333335 0.0380517578125
1 0.35223958333333333 0.579248046875 0.03794921875 0.037431640625
1 0.36853515625000005 0.584970703125 0.036705729166666666 0.0377392578125
1 0.39142578125 0.55728515625 0.030520833333333334 0.039287109375
1 0.4118424479166667 0.5520263671875 0.034231770833333335 0.037431640625
1 0.4310221354166666 0.5503271484375 0.029694010416666666 0.038359375
1 0.4149348958333334 0.586982421875 0.041243489583333334 0.0343359375
1 0.4369986979166667 0.6018310546875 0.05402994791666666 0.018251953125
1 0.49907552083333334 0.635859375 0.05279296875 0.021962890625
1 0.5394986979166666 0.6372509765625 0.042070312500000005 0.0340283203125
1 0.5669270833333333 0.635703125 0.04248046875 0.035263671875
1 0.58177734375 0.6640087890625 0.04083333333333333 0.0349560546875
1 0.53970703125 0.66462890625 0.05155598958333333 0.0244384765625
1 0.55125 0.67607421875 0.05155598958333333 0.0244384765625
1 0.6368359375 0.6392626953125 0.02392578125 0.041142578125
1 0.656015625 0.6322998046875 0.021035156250000003 0.0389794921875
1 0.6745768229166668 0.627353515625 0.02020833333333333 0.0414501953125
1 0.6898372395833333 0.6084814453125 0.04083333333333333 0.0358837890625
1 0.7114908854166666 0.606162109375 0.0346484375 0.0386669921875
1 0.73046875 0.592705078125 0.05031901041666667 0.0290771484375
1 0.7562434895833333 0.558056640625 0.0317578125 0.0395947265625
1 0.7401627604166667 0.569814453125 0.030110677083333332 0.0414501953125
1 0.72427734375 0.5311474609375 0.0346484375 0.0389794921875
1 0.7162369791666667 0.5555859375 0.029283854166666665 0.0389794921875
1 0.6985026041666668 0.561923828125 0.030937500000000003 0.0386669921875
1 0.6184570312500001 0.6039306640625 0.028834635416666667 0.040185546875
1 0.6354817708333333 0.5973095703125 0.029850260416666666 0.039326171875
1 0.6536783854166667 0.5934521484375 0.030045572916666666 0.0382763671875
1 0.6635221354166666 0.5749658203125 0.03067708333333333 0.0394140625
1 0.6832747395833333 0.5727978515625 0.028261718749999998 0.0403173828125
1 0.5829817708333334 0.6089599609375 0.04998697916666667 0.0278466796875
1 0.5473828125 0.6108642578125 0.04293619791666667 0.033564453125
1 0.5896809895833334 0.5873974609375 0.04369791666666667 0.032841796875
1 0.534140625 0.602861328125 0.04249348958333333 0.03470703125
1 0.5232747395833334 0.589951171875 0.03982421875 0.03841796875
1 0.5770768229166666 0.5747998046875 0.03944661458333334 0.03669921875
1 0.5608138020833333 0.568720703125 0.037408854166666665 0.0355029296875
1 0.5269010416666667 0.565673828125 0.053417968749999996 0.0198779296875
1 0.49533203125 0.5985498046875 0.029661458333333335 0.0398974609375
1 0.47897786458333336 0.5904248046875 0.03188802083333333 0.0393701171875
1 0.4675390625 0.5759423828125 0.03188802083333333 0.038984375
1 0.44588541666666665 0.5760400390625 0.03556640625 0.037275390625
1 0.4659244791666666 0.546689453125 0.05087890625 0.0243115234375
1 0.5 0.5461669921875 0.021848958333333335 0.0394580078125
1 0.51892578125 0.540068359375 0.021595052083333333 0.0386962890625
1 0.53759765625 0.5366943359375 0.023372395833333334 0.040517578125
1 0.5589388020833334 0.5286669921875 0.025403645833333335 0.040185546875
1 0.60912109375 0.56330078125 0.03938151041666667 0.034189453125
1 0.6266471354166666 0.5588232421875 0.041412760416666666 0.0366650390625
1 0.6333854166666667 0.5429345703125 0.039635416666666666 0.0348974609375
1 0.6412565104166666 0.527880859375 0.04014322916666666 0.033369140625
1 0.6714908854166667 0.5362646484375 0.029472656250000003 0.0387109375
1 0.69623046875 0.5231884765625 0.02369140625 0.03970703125
1 0.5899348958333334 0.5412646484375 0.05182942708333333 0.02298828125
1 0.59603515625 0.52501953125 0.051321614583333335 0.02193359375
1 0.5979427083333334 0.51005859375 0.05259114583333333 0.020595703125
1 0.709921875 0.4891259765625 0.023756510416666668 0.0411376953125
1 0.6891796874999999 0.4826953125 0.021022135416666667 0.0387548828125
1 0.6683789062500001 0.4936767578125 0.025026041666666665 0.0411865234375
1 0.6523111979166667 0.50361328125 0.026679687499999997 0.039619140625
1 0.6309049479166667 0.4915576171875 0.025787760416666666 0.0393310546875
1 0.5977213541666667 0.477099609375 0.021022135416666667 0.040419921875
1 0.5786002604166667 0.483720703125 0.02216796875 0.041279296875
1 0.5527799479166667 0.500205078125 0.032141927083333334 0.038046875
1 0.51740234375 0.51111328125 0.04649088541666666 0.03033203125
1 0.524296875 0.4909375 0.05201822916666667 0.0218896484375
1 0.473828125 0.4998681640625 0.05335286458333333 0.0173681640625
1 0.47992838541666666 0.5214013671875 0.04014322916666666 0.0356640625
1 0.45150390625 0.5266455078125 0.03347005208333333 0.0366162109375
1 0.4337174479166667 0.51328125 0.025852864583333333 0.038955078125
1 0.46411458333333333 0.4727880859375 0.03518880208333333 0.037998046875
1 0.49225260416666666 0.4829345703125 0.052083333333333336 0.0211328125
1 0.5453515624999999 0.4720947265625 0.05157552083333333 0.01994140625
1 0.5045703125 0.4659326171875 0.051321614583333335 0.022373046875
1 0.48466145833333335 0.4335595703125 0.03880859375 0.0390869140625
1 0.49783854166666663 0.4441357421875 0.037858072916666666 0.0373779296875
1 0.5340755208333333 0.452138671875 0.04871744791666666 0.0247998046875
1 0.6255078125 0.4523291015625 0.03404296875 0.0385205078125
1 0.5948893229166666 0.450947265625 0.04903645833333333 0.0271826171875
1 0.5793945312500001 0.441181640625 0.05106770833333333 0.02765625
1 0.5604036458333334 0.434365234375 0.049921875000000004 0.026416015625
1 0.5573828125 0.4189306640625 0.05087890625 0.02412109375
1 0.5532877604166667 0.4058056640625 0.0509375 0.0259765625
1 0.5215950520833333 0.4185986328125 0.02693359375 0.0396533203125
1 0.67806640625 0.446494140625 0.053417968749999996 0.025419921875
1 0.7141406250000001 0.4350341796875 0.0239453125 0.0410888671875
1 0.6759375 0.4326025390625 0.05106770833333333 0.0276513671875
1 0.23764322916666666 0.49271484375 0.03522135416666667 0.0401708984375
1 0.2542903645833333 0.4648486328125 0.03473958333333333 0.0401708984375
1 0.28589192708333333 0.4583349609375 0.04680338541666667 0.0343798828125
1 0.30061197916666665 0.46955078125 0.04921875 0.03076171875
1 0.2513932291666667 0.3971728515625 0.051145833333333335 0.0329296875
1 0.20699869791666667 0.374013671875 0.04439453125 0.0401708984375
1 0.31841796875 0.5163134765625 0.03809244791666667 0.0391552734375
1 0.30419270833333334 0.5069384765625 0.03696614583333333 0.0366796875
1 0.2884440104166667 0.4996728515625 0.037610677083333335 0.037216796875
1 0.30065755208333333 0.40537109375 0.03150390625 0.0390869140625
1 0.3130338541666667 0.3902685546875 0.04018229166666667 0.0384228515625
1 0.3417252604166667 0.4069091796875 0.022018229166666667 0.0403564453125
1 0.3602083333333333 0.3975341796875 0.020416666666666666 0.04029296875
1 0.34944010416666665 0.366728515625 0.03423828125 0.0401611328125
1 0.4216536458333333 0.399130859375 0.02033203125 0.0404736328125
1 0.4670182291666667 0.3986181640625 0.029895833333333333 0.0400537109375
1 0.4815690104166667 0.386533203125 0.028450520833333336 0.0405908203125
1 0.5000130208333333 0.381591796875 0.024348958333333334 0.0427587890625
1 0.5205013020833333 0.371611328125 0.02194010416666667 0.041005859375
1 0.7442838541666666 0.496962890625 0.04743489583333333 0.0343359375
1 0.7451106770833333 0.4036962890625 0.030110677083333332 0.04021484375
1 0.7284049479166667 0.418232421875 0.02474609375 0.04021484375
1 0.7110807291666666 0.39626953125 0.03382161458333333 0.0389794921875
1 0.69251953125 0.3937939453125 0.030520833333333334 0.0408349609375
1 0.6574609375 0.4227197265625 0.05279296875 0.0281494140625
1 0.66076171875 0.401220703125 0.046197916666666665 0.035263671875
1 0.6287955729166667 0.405244140625 0.0243359375 0.0414501953125
1 0.6104427083333334 0.4092626953125 0.02227213541666667 0.0420703125
1 0.5912630208333333 0.4083349609375 0.025983072916666666 0.0414501953125
1 0.7550065104166667 0.3661083984375 0.04000651041666667 0.039287109375
1 0.7312890625 0.3412060546875 0.055266927083333334 0.022890625
1 0.7209830729166667 0.355439453125 0.05609375 0.0197998046875
1 0.7032421875 0.3678125 0.05609375 0.0179443359375
1 0.6927278645833334 0.33873046875 0.04000651041666667 0.0395947265625
1 0.6384895833333334 0.38095703125 0.0494921875 0.0281494140625
1 0.6603515624999999 0.372451171875 0.053619791666666666 0.0253662109375
1 0.6512760416666666 0.3535791015625 0.05444661458333333 0.0253662109375
1 0.650859375 0.3376513671875 0.053619791666666666 0.027529296875
1 0.66220703125 0.3249658203125 0.05485677083333334 0.0262939453125
1 0.60548828125 0.3709033203125 0.0346484375 0.04021484375
1 0.5823958333333333 0.3738427734375 0.037122395833333335 0.0386669921875
1 0.5619791666666667 0.376162109375 0.03258463541666667 0.0408349609375
1 0.5384635416666667 0.3843603515625 0.030937500000000003 0.0405224609375
1 0.5343424479166666 0.3450732421875 0.02845703125 0.0405224609375
1 0.5533138020833334 0.339814453125 0.029283854166666665 0.0417626953125
1 0.5776497395833333 0.337958984375 0.02020833333333333 0.0423779296875
1 0.5988932291666667 0.3357958984375 0.021445312499999997 0.04423828125
1 0.6168359375 0.3308447265625 0.02020833333333333 0.04423828125
1 0.5727018229166666 0.297744140625 0.0317578125 0.0423779296875
1 0.5937369791666667 0.2948046875 0.030937500000000003 0.04392578125
1 0.6106445312500001 0.2873828125 0.03341145833333333 0.0426904296875
1 0.5106315104166667 0.300478515625 0.04224609375 0.0393359375
1 0.4511393229166667 0.310673828125 0.04662109375 0.0364208984375
1 0.44847005208333335 0.3310693359375 0.04710286458333333 0.0371484375
1 0.42977213541666665 0.33453125 0.04759114583333333 0.036787109375
1 0.42224609375000005 0.35875 0.03350911458333333 0.0422509765625
1 0.38728515625 0.3410888671875 0.053906249999999996 0.0251318359375
1 0.35693359375 0.3216015625 0.04953125 0.0327783203125
1 0.3770833333333334 0.3146826171875 0.04904947916666667 0.030595703125
1 0.31662760416666663 0.337080078125 0.03787760416666667 0.039697265625
1 0.3923828125 0.2831787109375 0.04856119791666667 0.0338720703125
1 0.3207552083333333 0.27771484375 0.023795572916666664 0.0411572265625
1 0.28991536458333333 0.28390625 0.04759114583333333 0.03314453125
1 0.39384114583333335 0.38005859375 0.04759114583333333 0.0324169921875
