1 0.5171158854166666 0.3291796875 0.02 0.04125
1 0.6213932291666667 0.3160546875 0.04 0.039638671875
1 0.48033203124999996 0.2624853515625 0.037858072916666666 0.0428564453125
1 0.5210416666666667 0.2265966796875 0.03070963541666667 0.0428564453125
1 0.5328255208333333 0.257666015625 0.021425781249999998 0.0428564453125
1 0.5496158854166667 0.2343603515625 0.029283854166666665 0.0423193359375
1 0.6992513020833333 0.2386474609375 0.05570963541666666 0.0208935546875
1 0.629609375 0.23650390625 0.04356770833333334 0.0348193359375
1 0.6406770833333334 0.248291015625 0.04285807291666666 0.035888671875
1 0.654609375 0.2568603515625 0.036425781250000004 0.036962890625
1 0.6724609375 0.2654345703125 0.04356770833333334 0.036962890625
1 0.2960546875 0.3313232421875 0.05070963541666667 0.02625
1 0.2964127604166667 0.350068359375 0.04856770833333333 0.0273193359375
1 0.35033854166666667 0.361318359375 0.05070963541666667 0.0273193359375
1 0.32391276041666667 0.3677490234375 0.04928385416666667 0.0316064453125
1 0.3678385416666667 0.3822119140625 0.052851562500000004 0.0208935546875
1 0.31927083333333334 0.3840869140625 0.045709635416666665 0.0353564453125
1 0.29498697916666666 0.3848876953125 0.04714192708333333 0.03375
1 0.2892708333333333 0.4028369140625 0.044283854166666664 0.0342822265625
1 0.28712890625 0.425068359375 0.04 0.04017578125
1 0.31927083333333334 0.4191748046875 0.03 0.0391064453125
1 0.32891276041666667 0.4373876953125 0.034999999999999996 0.035888671875
1 0.34676432291666665 0.4438134765625 0.032141927083333334 0.035888671875
1 0.35426432291666665 0.4041748046875 0.044283854166666664 0.0283935546875
1 0.37640625 0.410068359375 0.03570963541666667 0.03267578125
1 0.42497395833333335 0.400693359375 0.05570963541666666 0.015
1 0.3867643229166667 0.4242626953125 0.036425781250000004 0.0321435546875
1 0.4085481770833333 0.42640625 0.03570963541666667 0.0353564453125
1 0.4335481770833333 0.4215869140625 0.03285807291666667 0.0375
1 0.47283203125 0.40685546875 0.04285807291666666 0.03267578125
1 0.53818359375 0.383818359375 0.05070963541666667 0.029462890625
1 0.5321158854166667 0.396943359375 0.04856770833333333 0.03
1 0.5292578125 0.4143505859375 0.04714192708333333 0.0305322265625
1 0.5917513020833333 0.4416748046875 0.05070963541666667 0.03267578125
1 0.5046158854166667 0.4293505859375 0.024999999999999998 0.0391064453125
1 0.4656901041666666 0.429619140625 0.04856770833333333 0.0267822265625
1 0.4756901041666666 0.4456884765625 0.03570963541666667 0.033212890625
1 0.41998046875 0.4523876953125 0.049999999999999996 0.0273193359375
1 0.4371223958333333 0.4620263671875 0.04142578125 0.029462890625
1 0.5392578124999999 0.4486376953125 0.018567708333333332 0.0391064453125
1 0.5596158854166667 0.4617626953125 0.019283854166666666 0.040712890625
1 0.577109375 0.4625634765625 0.02 0.04017578125
1 0.6024674479166666 0.4880078125 0.05070963541666667 0.0160693359375
1 0.5192578125 0.45640625 0.025716145833333332 0.040712890625
1 0.4992578125 0.4700634765625 0.024283854166666664 0.036962890625
1 0.4810481770833333 0.4823828125 0.033567708333333335 0.036962890625
1 0.46140625 0.4807763671875 0.03856770833333333 0.0380322265625
1 0.4492643229166667 0.4944384765625 0.03714192708333333 0.0385693359375
1 0.42390625 0.50783203125 0.020716145833333335 0.0375
1 0.38712239583333335 0.479169921875 0.05142578125 0.0230322265625
1 0.3917643229166667 0.4944384765625 0.0578515625 0.0235693359375
1 0.3453385416666667 0.4976513671875 0.05356770833333333 0.0225
1 0.39140625 0.5169384765625 0.03856770833333333 0.03642578125
1 0.37569661458333337 0.524169921875 0.03570963541666667 0.035888671875
1 0.36248046875 0.53943359375 0.032141927083333334 0.039638671875
1 0.3492643229166667 0.5504150390625 0.03142578125 0.0391064453125
1 0.3256966145833333 0.530595703125 0.021425781249999998 0.036962890625
1 0.30712890625 0.538095703125 0.024283854166666664 0.04125
1 0.5296158854166667 0.4831884765625 0.04356770833333334 0.0342822265625
1 0.5446158854166666 0.4931005859375 0.04642578125 0.02625
1 0.5574674479166667 0.5051513671875 0.04928385416666667 0.02892578125
1 0.5292578125 0.5271142578125 0.04142578125 0.0342822265625
1 0.4785481770833333 0.5190771484375 0.021425781249999998 0.0385693359375
1 0.43676432291666667 0.531669921875 0.026425781250000002 0.0380322265625
1 0.45461588541666664 0.53193359375 0.026425781250000002 0.039638671875
1 0.4949739583333333 0.537294921875 0.03285807291666667 0.0385693359375
1 0.39998046875 0.54318359375 0.04856770833333333 0.0278564453125
1 0.4156901041666667 0.5705029296875 0.028567708333333334 0.0385693359375
1 0.43497395833333335 0.5742529296875 0.028567708333333334 0.040712890625
1 0.45390625 0.57505859375 0.026425781250000002 0.04125
1 0.47390625 0.5683642578125 0.023567708333333336 0.039638671875
1 0.51318359375 0.5785400390625 0.05214192708333334 0.0267822265625
1 0.4921158854166667 0.5935400390625 0.05570963541666666 0.0171435546875
1 0.3817643229166667 0.5747900390625 0.05356770833333333 0.0171435546875
1 0.41426432291666665 0.5997021484375 0.04 0.036962890625
1 0.39248046875000003 0.600771484375 0.04070963541666667 0.036962890625
1 0.3692643229166667 0.5978271484375 0.03570963541666667 0.03642578125
1 0.3435546875 0.6018408203125 0.02 0.04125
1 0.3660546875 0.6294287109375 0.027858072916666667 0.0385693359375
1 0.34998046875000005 0.6430908203125 0.027141927083333333 0.04125
1 0.3353385416666667 0.650322265625 0.03070963541666667 0.039638671875
1 0.37140625 0.6637158203125 0.05142578125 0.0267822265625
1 0.39962239583333337 0.627021484375 0.05214192708333334 0.02517578125
1 0.3978385416666667 0.6463037109375 0.04714192708333333 0.03267578125
1 0.4271223958333333 0.6570166015625 0.027141927083333333 0.0391064453125
1 0.4517643229166666 0.637734375 0.03928385416666667 0.036962890625
1 0.46283203125 0.661572265625 0.054283854166666666 0.0225
1 0.6442513020833334 0.6492529296875 0.05142578125 0.03
1 0.6703190104166666 0.6200537109375 0.033567708333333335 0.04017578125
1 0.7003190104166667 0.6455029296875 0.05214192708333334 0.018212890625
