1 0.11800130208333333 0.1773681640625 0.06990885416666666 0.026611328125
1 0.546875 0.4072265625 0.03944661458333334 0.0537109375
1 0.5768229166666666 0.408935546875 0.04296875 0.0535888671875
1 0.28515625 0.501953125 0.05416015625 0.0541064453125
1 0.19954427083333334 0.5537109375 0.06966145833333333 0.0354931640625
1 0.8040364583333334 0.11279296875 0.07723307291666666 0.031923828125
1 0.6575520833333334 0.39697265625 0.050618489583333336 0.0545947265625
1 0.6197916666666666 0.349853515625 0.06563151041666666 0.0391259765625
1 0.5999348958333334 0.39892578125 0.043867187499999995 0.055419921875
1 0.4137369791666667 0.418701171875 0.05497395833333333 0.051455078125
1 0.6647135416666666 0.5283203125 0.03835286458333333 0.0559375
1 0.3277994791666667 0.525390625 0.036640625 0.05203125
1 0.10473307291666667 0.214384765625 0.07723307291666666 0.02630859375
1 0.6305338541666666 0.5732421875 0.06392578125 0.047880859375
1 0.6194661458333334 0.5009765625 0.04858723958333333 0.04638671875
1 0.13305989583333333 0.351806640625 0.06978515625 0.0264111328125
1 0.12801432291666667 0.37255859375 0.07360677083333333 0.0261083984375
1 0.544921875 0.449462890625 0.05126953125 0.0498681640625
1 0.6539713541666666 0.2958984375 0.072265625 0.023330078125
1 0.7272135416666666 0.53369140625 0.06587890625 0.043701171875
1 0.55859375 0.51953125 0.05879557291666667 0.045107421875
1 0.6302083333333334 0.3974609375 0.045045572916666665 0.05251953125
1 0.3531901041666667 0.529296875 0.035279947916666665 0.0541064453125
1 0.791015625 0.4296875 0.029947916666666668 0.0558154296875
1 0.19449869791666666 0.21142578125 0.03609375 0.05490234375
1 0.19710286458333334 0.3330078125 0.07161458333333333 0.0340869140625
1 0.2853190104166667 0.4697265625 0.05737630208333333 0.0439453125
1 0.626953125 0.47119140625 0.05375 0.0545947265625
1 0.763671875 0.444091796875 0.029765625 0.0535888671875
1 0.48046875 0.376220703125 0.06872395833333333 0.0350048828125
1 0.5979817708333334 0.51513671875 0.046751302083333335 0.0484033203125
1 0.3736979166666667 0.451416015625 0.062174479166666664 0.04876953125
1 0.4088541666666667 0.45166015625 0.0517578125 0.051455078125
1 0.1220703125 0.277099609375 0.028483072916666668 0.0552978515625
1 0.623046875 0.548828125 0.06197265625 0.045107421875
1 0.20279947916666666 0.48046875 0.05859375 0.044677734375
1 0.5182291666666666 0.476318359375 0.030865885416666666 0.0560302734375
1 0.6650390625 0.5830078125 0.04544921875 0.053896484375
1 0.2972005208333333 0.5263671875 0.041666666666666664 0.052705078125
1 0.15706380208333334 0.482666015625 0.030703124999999998 0.05490234375
1 0.31298828125 0.5849609375 0.07527994791666666 0.0232861328125
1 0.4228515625 0.53955078125 0.07186197916666666 0.0322265625
1 0.693359375 0.58154296875 0.0448828125 0.048037109375
1 0.3522135416666667 0.381103515625 0.05517578125 0.0491357421875
1 0.4951171875 0.405517578125 0.05859375 0.0408349609375
1 0.6927083333333334 0.33740234375 0.07214192708333333 0.0231494140625
1 0.3343098958333333 0.471923828125 0.048463541666666665 0.0511767578125
1 0.19596354166666666 0.1727294921875 0.06966145833333333 0.02791015625
1 0.24186197916666666 0.435302734375 0.028769531249999997 0.0504150390625
1 0.6881510416666666 0.392333984375 0.05517578125 0.049501953125
1 0.2392578125 0.57421875 0.052571614583333336 0.051455078125
1 0.5380859375 0.3505859375 0.0663671875 0.04177734375
1 0.8046875 0.1619873046875 0.07014973958333333 0.040771484375
1 0.3408203125 0.26513671875 0.04223958333333333 0.0545068359375
1 0.15592447916666666 0.52587890625 0.06611979166666666 0.0373828125
1 0.21923828125 0.298095703125 0.06848307291666667 0.0313720703125
1 0.11694661458333333 0.1976318359375 0.07238932291666667 0.026201171875
1 0.3782552083333333 0.484375 0.07442057291666666 0.022841796875
1 0.5836588541666666 0.32275390625 0.06673177083333333 0.0410791015625
1 0.5419921875 0.537109375 0.06746744791666666 0.0462939453125
1 0.3333333333333333 0.56396484375 0.06888671875 0.025556640625
1 0.5856119791666666 0.466552734375 0.03486979166666667 0.0557275390625
1 0.4957682291666667 0.46044921875 0.03244791666666667 0.0486767578125
1 0.7265625 0.37158203125 0.041914062499999995 0.0559375
1 0.3245442708333333 0.289794921875 0.04370442708333333 0.0545068359375
1 0.14957682291666666 0.3125 0.030234374999999997 0.053193359375
1 0.7545572916666666 0.37890625 0.045286458333333335 0.0562451171875
1 0.18636067708333334 0.435087890625 0.0692578125 0.0348193359375
1 0.16650390625 0.2117919921875 0.03466796875 0.0552978515625
1 0.2859700520833333 0.251708984375 0.046263020833333335 0.0538037109375
1 0.4046223958333333 0.52490234375 0.07539713541666666 0.034697265625
1 0.20572916666666666 0.275146484375 0.072265625 0.0352197265625
1 0.21923828125 0.2069091796875 0.03735677083333334 0.0565478515625
1 0.7096354166666666 0.44677734375 0.07255208333333334 0.021865234375
1 0.6770833333333334 0.35888671875 0.07307942708333333 0.022890625
1 0.7760416666666666 0.39013671875 0.047037760416666664 0.0548095703125
1 0.15731119791666667 0.5458984375 0.06848307291666667 0.0378125
1 0.7415364583333334 0.293212890625 0.04809895833333333 0.0546875
1 0.20475260416666666 0.316162109375 0.07186197916666666 0.031982421875
1 0.1591015625 0.27734375 0.051191406249999995 0.0498681640625
1 0.8046875 0.092529296875 0.07751302083333333 0.0283349609375
1 0.5992838541666666 0.2235107421875 0.05126953125 0.0545068359375
1 0.625 0.81396484375 0.04740234375 0.0557275390625
1 0.21256510416666666 0.50927734375 0.04667317708333333 0.0518505859375
1 0.7981770833333334 0.1324462890625 0.07527994791666666 0.0308544921875
1 0.7083333333333334 0.427734375 0.07458333333333333 0.0212109375
1 0.7024739583333334 0.6171875 0.07389322916666667 0.0372021484375
1 0.7688802083333334 0.50244140625 0.06888671875 0.0498681640625
1 0.6848958333333334 0.2188720703125 0.04712239583333333 0.055205078125
1 0.20572916666666666 0.15087890625 0.07568359375 0.0242333984375
1 0.7975260416666666 0.27587890625 0.03770182291666666 0.0571923828125
1 0.1298828125 0.441162109375 0.03000651041666667 0.0528271484375
1 0.693359375 0.482421875 0.07067708333333333 0.0475146484375
1 0.4033203125 0.5029296875 0.07080078125 0.0284423828125
1 0.7109375 0.6611328125 0.07238932291666667 0.03927734375
1 0.244140625 0.5185546875 0.030169270833333334 0.0541064453125
1 0.673828125 0.318603515625 0.07893880208333333 0.02140625
1 0.2561848958333333 0.281982421875 0.050703124999999995 0.0498681640625
1 0.5843098958333334 0.7802734375 0.041829427083333336 0.0552978515625
1 0.7766927083333334 0.300537109375 0.039609375 0.0548095703125
1 0.08219401041666667 0.267333984375 0.042402343749999995 0.0545068359375
1 0.17464192708333334 0.419677734375 0.07360677083333333 0.034697265625
1 0.806640625 0.357666015625 0.057942708333333336 0.0492236328125
1 0.2955729166666667 0.60693359375 0.07430338541666666 0.0249951171875
1 0.6559244791666666 0.449462890625 0.027467447916666665 0.0535888671875
1 0.4117838541666667 0.564453125 0.07238932291666667 0.0230712890625
1 0.2683919270833333 0.437744140625 0.032311197916666666 0.0528271484375
1 0.7708333333333334 0.1939697265625 0.0478515625 0.0564599609375
1 0.7265625 0.67822265625 0.07255208333333334 0.0428173828125
1 0.7454427083333334 0.5166015625 0.0625390625 0.045439453125
1 0.5719401041666666 0.27734375 0.04067057291666667 0.0533154296875
1 0.4475911458333333 0.446533203125 0.026549479166666667 0.05224609375
1 0.7024739583333334 0.265869140625 0.03005208333333333 0.0548095703125
1 0.74609375 0.59521484375 0.060911458333333335 0.0482177734375
1 0.4749348958333333 0.43505859375 0.030397135416666665 0.052431640625
1 0.14705729166666667 0.400390625 0.07837239583333333 0.028486328125
1 0.400390625 0.583984375 0.07568359375 0.0220361328125
1 0.6240234375 0.27490234375 0.07597005208333334 0.022294921875
1 0.3570963541666667 0.354248046875 0.05814453125 0.04708984375
1 0.578125 0.23974609375 0.05859375 0.0489501953125
1 0.771484375 0.56103515625 0.051679687499999995 0.04931640625
1 0.12516276041666666 0.2371826171875 0.07080078125 0.026611328125
1 0.6285807291666666 0.61328125 0.06746744791666666 0.03705078125
1 0.19547526041666666 0.2481689453125 0.073203125 0.0227197265625
1 0.18619791666666666 0.372314453125 0.03721354166666666 0.0545947265625
1 0.11165364583333333 0.334228515625 0.0625390625 0.0347607421875
1 0.7467447916666666 0.250244140625 0.060468749999999995 0.047880859375
1 0.626953125 0.1964111328125 0.03798177083333334 0.0562451171875
1 0.09578776041666666 0.30126953125 0.03428385416666666 0.053896484375
1 0.5458984375 0.279052734375 0.03877604166666667 0.053984375
1 0.4095052083333333 0.382080078125 0.07197916666666666 0.0231494140625
1 0.13289713541666667 0.497314453125 0.03169921875 0.05224609375
1 0.609375 0.787109375 0.044029947916666666 0.0542919921875
1 0.7024739583333334 0.0980859375 0.05497395833333333 0.05490234375
1 0.4075520833333333 0.6025390625 0.07332682291666666 0.022294921875
1 0.744140625 0.6962890625 0.069375 0.04611328125
1 0.5602213541666666 0.8388671875 0.07580729166666667 0.02685546875
1 0.787109375 0.2132568359375 0.047773437499999995 0.0570703125
1 0.2939453125 0.298583984375 0.03159505208333333 0.055419921875
1 0.7330729166666666 0.1856689453125 0.03350911458333333 0.0574951171875
1 0.2314453125 0.625 0.06860677083333333 0.036162109375
1 0.677734375 0.82861328125 0.048216145833333335 0.0559375
1 0.8190104166666666 0.42724609375 0.030169270833333334 0.0555126953125
1 0.7760416666666666 0.0549951171875 0.056966145833333336 0.04779296875
1 0.7506510416666666 0.1441650390625 0.039388020833333336 0.05419921875
1 0.5647786458333334 0.81884765625 0.07539713541666666 0.030107421875
1 0.5559895833333334 0.775390625 0.043131510416666664 0.0545947265625
1 0.65234375 0.814453125 0.046959635416666666 0.0569775390625
1 0.748046875 0.085693359375 0.03623697916666666 0.0589892578125
1 0.77734375 0.70361328125 0.06490234375 0.0406201171875
1 0.373046875 0.269775390625 0.0278515625 0.055205078125
1 0.5260416666666666 0.77978515625 0.03944661458333334 0.056640625
1 0.3359375 0.83740234375 0.03448567708333333 0.0565478515625
1 0.2605794270833333 0.8388671875 0.028606770833333333 0.0574951171875
1 0.7096354166666666 0.6357421875 0.07238932291666667 0.0365625
1 0.263671875 0.88232421875 0.07173828125 0.0322265625
1 0.7174479166666666 0.0348828125 0.061360677083333336 0.052431640625
1 0.6546223958333334 0.68115234375 0.030110677083333332 0.0569775390625
1 0.3113606770833333 0.92529296875 0.050703124999999995 0.0549951171875
1 0.21077473958333334 0.8759765625 0.03826822916666667 0.0557275390625
1 0.2620442708333333 0.91064453125 0.07092447916666667 0.0300439453125
1 0.25048828125 0.92822265625 0.07267578125 0.0315576171875
1 0.6061197916666666 0.85693359375 0.07291666666666667 0.035400390625
1 0.29150390625 0.8515625 0.03712890625 0.058779296875
1 0.30517578125 0.81103515625 0.03871744791666667 0.0548095703125
1 0.1953125 0.896484375 0.0415234375 0.0582275390625
1 0.23356119791666666 0.84033203125 0.029153645833333335 0.0570703125
1 0.1650390625 0.89306640625 0.03857421875 0.058779296875
1 0.8352864583333334 0.9345703125 0.03741536458333333 0.065126953125
1 0.865234375 0.93310546875 0.03712890625 0.064638671875
1 0.7819010416666666 0.95166015625 0.03300130208333333 0.0650048828125
1 0.8118489583333334 0.9580078125 0.03345052083333334 0.067080078125
1 0.5342252604166667 0.556357421875 0.06472005208333333 0.0439599609375
1 0.7161653645833334 0.548115234375 0.0708203125 0.045791015625
1 0.7091471354166666 0.48744140625 0.07021484374999999 0.04625
1 0.2588671875 0.5822265625 0.05861328125 0.0517431640625
1 0.5107161458333334 0.359912109375 0.06654947916666666 0.04212890625
1 0.5986393229166667 0.3370166015625 0.07021484374999999 0.0402978515625
1 0.7295963541666667 0.3152685546875 0.05861328125 0.04625
1 0.19934244791666667 0.45859375 0.06410807291666666 0.04533203125
