1 0.38620442708333336 0.2671435546875 0.051145833333333335 0.02857421875
1 0.36744140625 0.811357421875 0.03619140625 0.038359375
1 0.35585937500000003 0.7959765625 0.03619140625 0.0401708984375
1 0.32980468749999997 0.805205078125 0.03522135416666667 0.0398095703125
1 0.3175 0.7943505859375 0.03473958333333333 0.03908203125
1 0.30712239583333334 0.77751953125 0.033294270833333334 0.037998046875
1 0.2870963541666667 0.808642578125 0.024127604166666667 0.0416162109375
1 0.24246744791666666 0.8068359375 0.040052083333333335 0.0358251953125
1 0.25815104166666664 0.79869140625 0.039563802083333335 0.0354638671875
1 0.26249348958333335 0.7766162109375 0.03473958333333333 0.03763671875
1 0.2784114583333333 0.7677490234375 0.0328125 0.038720703125
1 0.29867838541666664 0.7505615234375 0.024127604166666667 0.0405322265625
1 0.3341471354166667 0.755625 0.025572916666666667 0.0419775390625
1 0.3589973958333333 0.7373486328125 0.03087890625 0.0401708984375
1 0.38432942708333334 0.7507421875 0.03522135416666667 0.037998046875
1 0.41665364583333336 0.772275390625 0.024609375 0.0398095703125
1 0.43595703125 0.7755322265625 0.024609375 0.0419775390625
1 0.4593619791666667 0.7635888671875 0.033776041666666666 0.0398095703125
1 0.48662109375 0.7824072265625 0.026536458333333332 0.0412548828125
1 0.5020638020833333 0.7623193359375 0.021712239583333334 0.0416162109375
1 0.5220833333333333 0.78294921875 0.020266927083333334 0.04306640625
1 0.5512760416666667 0.7773388671875 0.03136067708333334 0.0419775390625
1 0.5898828125 0.79181640625 0.04197916666666667 0.03763671875
1 0.5990494791666666 0.7697412109375 0.027506510416666668 0.0412548828125
1 0.62076171875 0.771005859375 0.02267578125 0.0416162109375
1 0.63982421875 0.78439453125 0.02798828125 0.0416162109375
1 0.66515625 0.7749853515625 0.03233072916666666 0.0408935546875
1 0.6875911458333334 0.7684716796875 0.03087890625 0.0401708984375
1 0.7059244791666667 0.77408203125 0.02798828125 0.0419775390625
1 0.7384960937499999 0.75634765625 0.04487630208333334 0.03619140625
1 0.75080078125 0.745673828125 0.04439453125 0.0336572265625
1 0.7799934895833333 0.738076171875 0.026536458333333332 0.0416162109375
1 0.7558658854166667 0.720341796875 0.027506510416666668 0.0408935546875
1 0.77203125 0.703876953125 0.04439453125 0.0354638671875
1 0.7807161458333334 0.6901220703125 0.045358072916666665 0.03619140625
1 0.7553841145833333 0.6667822265625 0.03811848958333333 0.0394482421875
1 0.7679296875 0.626611328125 0.02267578125 0.0423388671875
1 0.7486328125 0.6351171875 0.023645833333333335 0.0405322265625
1 0.7187109375 0.6606298828125 0.05162760416666667 0.0285888671875
1 0.70279296875 0.6698583984375 0.050664062499999996 0.031123046875
1 0.68373046875 0.6810791015625 0.05597005208333333 0.0231591796875
1 0.7131640625000001 0.6986279296875 0.05597005208333333 0.01990234375
1 0.7189518229166666 0.7150927734375 0.05500651041666666 0.0217138671875
1 0.7039973958333333 0.735 0.05404296875 0.0260546875
1 0.6431966145833333 0.7467578125 0.048255208333333334 0.0300390625
1 0.6583984374999999 0.7389794921875 0.047766927083333334 0.031123046875
1 0.6610546875 0.723056640625 0.04921875 0.0289501953125
1 0.6694986979166666 0.7102099609375 0.050664062499999996 0.0285888671875
1 0.6620182291666666 0.6917529296875 0.05018229166666666 0.0293115234375
1 0.60990234375 0.7313818359375 0.048255208333333334 0.030400390625
1 0.5655143229166667 0.7420556640625 0.052109375000000006 0.026416015625
1 0.624140625 0.706044921875 0.04487630208333334 0.0332958984375
1 0.5910872395833333 0.7143701171875 0.028951822916666665 0.0405322265625
1 0.5746809895833334 0.708759765625 0.027018229166666668 0.0408935546875
1 0.5544140625 0.7098486328125 0.026054687500000003 0.0416162109375
1 0.5170182291666666 0.71798828125 0.053561197916666664 0.024609375
1 0.48517578125 0.74259765625 0.047766927083333334 0.031845703125
1 0.47431640625 0.7308349609375 0.04921875 0.03076171875
1 0.7216080729166667 0.610146484375 0.03619140625 0.03763671875
1 0.69869140625 0.6246240234375 0.05597005208333333 0.020263671875
1 0.7114778645833333 0.6425341796875 0.053561197916666664 0.0213525390625
1 0.6721484375000001 0.6385546875 0.036673177083333335 0.036552734375
1 0.66177734375 0.6526708984375 0.03619140625 0.0394482421875
1 0.6415104166666666 0.656650390625 0.03136067708333334 0.0401708984375
1 0.6260677083333334 0.672392578125 0.023645833333333335 0.0419775390625
1 0.6072526041666667 0.6787255859375 0.01978515625 0.0394482421875
1 0.5963932291666666 0.64326171875 0.04632161458333334 0.0336572265625
1 0.57974609375 0.6533935546875 0.040052083333333335 0.037275390625
1 0.5640690104166667 0.6651513671875 0.029915364583333336 0.03908203125
1 0.5409049479166667 0.6845166015625 0.028951822916666665 0.0416162109375
1 0.52015625 0.6910302734375 0.02509114583333333 0.0416162109375
1 0.5025455729166667 0.686142578125 0.02267578125 0.0405322265625
1 0.465390625 0.69048828125 0.054524739583333336 0.019541015625
1 0.4405403645833333 0.7105712890625 0.052109375000000006 0.0220751953125
1 0.42509765625 0.6951904296875 0.04053385416666667 0.0354638671875
1 0.46973307291666666 0.6684130859375 0.050664062499999996 0.0289501953125
1 0.5131575520833334 0.661533203125 0.052597656250000006 0.02388671875
1 0.46490885416666666 0.6479638671875 0.04680338541666667 0.031484375
1 0.4813151041666666 0.62896484375 0.023645833333333335 0.0419775390625
1 0.50037109375 0.6298681640625 0.0231640625 0.0408935546875
1 0.5196744791666666 0.633486328125 0.02123046875 0.0416162109375
1 0.5384895833333333 0.6380126953125 0.02219401041666667 0.0412548828125
1 0.6255859375 0.6311376953125 0.05548828125 0.0159228515625
1 0.6236588541666667 0.6173828125 0.052597656250000006 0.0159228515625
1 0.6791471354166667 0.60291015625 0.04970052083333334 0.0282275390625
1 0.6523697916666666 0.6054443359375 0.048255208333333334 0.030400390625
1 0.60580078125 0.5864404296875 0.047766927083333334 0.0278662109375
1 0.5968749999999999 0.598203125 0.05307942708333333 0.02533203125
1 0.57154296875 0.62208984375 0.05162760416666667 0.0231591796875
1 0.5628580729166667 0.6105078125 0.052597656250000006 0.019541015625
1 0.5355989583333333 0.5922314453125 0.051145833333333335 0.024248046875
1 0.561171875 0.5743212890625 0.027018229166666668 0.0398095703125
1 0.58384765625 0.5549560546875 0.04439453125 0.031484375
1 0.4740755208333333 0.58029296875 0.02943359375 0.0401708984375
1 0.4924088541666667 0.580107421875 0.03233072916666666 0.0398095703125
1 0.5244986979166667 0.5687109375 0.052109375000000006 0.017734375
1 0.5242578125 0.5542333984375 0.052597656250000006 0.0155615234375
1 0.5377669270833333 0.540302734375 0.054524739583333336 0.0166455078125
1 0.7295703124999999 0.5593017578125 0.020266927083333334 0.0401708984375
1 0.7100260416666666 0.56255859375 0.023645833333333335 0.0416162109375
1 0.69193359375 0.5611083984375 0.02219401041666667 0.0416162109375
1 0.6719075520833333 0.5699755859375 0.01978515625 0.0412548828125
1 0.6528515625 0.5703369140625 0.024127604166666667 0.0412548828125
1 0.635234375 0.5687109375 0.025572916666666667 0.0408935546875
1 0.6169010416666666 0.5603857421875 0.03136067708333334 0.0394482421875
1 0.65767578125 0.5439208984375 0.05500651041666666 0.0159228515625
1 0.6641861979166667 0.5216650390625 0.04390625 0.0336572265625
1 0.6113541666666666 0.5384912109375 0.04632161458333334 0.031845703125
1 0.5703385416666666 0.5308935546875 0.04921875 0.0275048828125
1 0.5780598958333333 0.5162353515625 0.05018229166666666 0.0235205078125
1 0.42895833333333333 0.661171875 0.04149739583333333 0.0369140625
1 0.4062825520833333 0.66044921875 0.04149739583333333 0.038359375
1 0.3951822916666667 0.6852392578125 0.05500651041666666 0.017734375
1 0.37178385416666665 0.671669921875 0.04583984375 0.0347412109375
1 0.353203125 0.7132861328125 0.04921875 0.031123046875
1 0.3437955729166667 0.7017041015625 0.04970052083333334 0.031123046875
1 0.32738932291666667 0.69265625 0.04487630208333334 0.032568359375
1 0.31677734375 0.727216796875 0.026536458333333332 0.0401708984375
1 0.28878906249999997 0.7235986328125 0.03233072916666666 0.0394482421875
1 0.26055989583333333 0.7398828125 0.03184895833333334 0.0394482421875
1 0.23546875 0.7502001953125 0.033776041666666666 0.03908203125
1 0.21568359375 0.716181640625 0.028951822916666665 0.0419775390625
1 0.24608723958333334 0.7208837890625 0.052109375000000006 0.0289501953125
1 0.23740234375 0.688857421875 0.024127604166666667 0.0394482421875
1 0.25573567708333333 0.688857421875 0.024127604166666667 0.0416162109375
1 0.27576171875 0.696455078125 0.021712239583333334 0.0401708984375
1 0.2938541666666667 0.6859619140625 0.0231640625 0.0401708984375
1 0.31026041666666665 0.673115234375 0.0231640625 0.0398095703125
1 0.3281119791666667 0.66244140625 0.018333333333333333 0.0437890625
1 0.34693359375 0.658095703125 0.020266927083333334 0.0423388671875
1 0.3672005208333333 0.644345703125 0.024127604166666667 0.0408935546875
1 0.35103515625000004 0.6206396484375 0.033294270833333334 0.03908203125
1 0.32087890625 0.63240234375 0.039563802083333335 0.037998046875
1 0.28444661458333337 0.6602685546875 0.04487630208333334 0.0358251953125
1 0.23595052083333334 0.6568310546875 0.051145833333333335 0.030400390625
1 0.3056770833333333 0.6249853515625 0.03522135416666667 0.0398095703125
1 0.27696614583333334 0.6387353515625 0.036673177083333335 0.038359375
1 0.2571809895833333 0.634033203125 0.0328125 0.03908203125
1 0.24367187499999998 0.6267919921875 0.03570963541666667 0.0405322265625
1 0.22292317708333334 0.6228125 0.03570963541666667 0.03908203125
1 0.224375 0.584091796875 0.024127604166666667 0.0412548828125
1 0.24439453125 0.5877099609375 0.01978515625 0.0412548828125
1 0.26321614583333336 0.586259765625 0.021712239583333334 0.0412548828125
1 0.28106770833333333 0.6014599609375 0.02267578125 0.0412548828125
1 0.31798177083333334 0.5996533203125 0.05404296875 0.0166455078125
1 0.31822265625 0.5857177734375 0.05548828125 0.017734375
1 0.41182942708333337 0.5962158203125 0.03811848958333333 0.037275390625
1 0.38408854166666667 0.58029296875 0.04632161458333334 0.031484375
1 0.4156901041666667 0.5618359375 0.052597656250000006 0.0235205078125
1 0.4588736979166667 0.5477197265625 0.04632161458333334 0.0329296875
1 0.45453125 0.5305322265625 0.04439453125 0.0332958984375
1 0.6680468749999999 0.4963330078125 0.048736979166666666 0.0285888671875
1 0.6328255208333333 0.5008544921875 0.023645833333333335 0.0405322265625
1 0.6123177083333333 0.504111328125 0.02509114583333333 0.0398095703125
1 0.5980859374999999 0.4936181640625 0.026536458333333332 0.0405322265625
1 0.5811979166666666 0.4854736328125 0.026536458333333332 0.037998046875
1 0.5626171875 0.4854736328125 0.02509114583333333 0.0408935546875
1 0.54548828125 0.47697265625 0.024609375 0.0405322265625
1 0.5242578125 0.4898193359375 0.030397135416666665 0.037998046875
1 0.5351171875 0.5169580078125 0.04053385416666667 0.0358251953125
1 0.5059244791666667 0.5289013671875 0.030397135416666665 0.0408935546875
1 0.48517578125 0.5162353515625 0.026536458333333332 0.0401708984375
1 0.4977213541666667 0.4936181640625 0.04487630208333334 0.031845703125
1 0.42630859374999996 0.5336083984375 0.041015625 0.0358251953125
1 0.39325520833333333 0.5401220703125 0.04632161458333334 0.03076171875
1 0.35585937500000003 0.5576708984375 0.030397135416666665 0.03908203125
1 0.32980468749999997 0.561474609375 0.040052083333333335 0.037275390625
1 0.2972330729166667 0.55984375 0.029915364583333336 0.0398095703125
1 0.2788997395833333 0.562197265625 0.028951822916666665 0.038720703125
1 0.25307942708333336 0.546455078125 0.04583984375 0.03619140625
1 0.2499479166666667 0.5285400390625 0.04342447916666667 0.036552734375
1 0.2938541666666667 0.5231103515625 0.036673177083333335 0.0394482421875
1 0.32594401041666665 0.5406640625 0.048736979166666666 0.0289501953125
1 0.3213606770833333 0.5274560546875 0.051145833333333335 0.0278662109375
1 0.36454427083333335 0.5209423828125 0.026536458333333332 0.0394482421875
1 0.40194010416666665 0.5182275390625 0.05500651041666666 0.0166455078125
1 0.44512369791666667 0.50791015625 0.057421875000000004 0.017734375
1 0.46563151041666667 0.4820361328125 0.027018229166666668 0.0398095703125
1 0.44777994791666664 0.4827587890625 0.026054687500000003 0.03908203125
1 0.4156901041666667 0.4970556640625 0.047766927083333334 0.0293115234375
1 0.38939453125 0.4919873046875 0.051145833333333335 0.0271435546875
1 0.23836588541666667 0.48041015625 0.029915364583333336 0.0408935546875
1 0.24439453125 0.45236328125 0.03908203125 0.03908203125
1 0.26200520833333335 0.4901806640625 0.02123046875 0.0416162109375
1 0.28106770833333333 0.4997705078125 0.020748697916666666 0.0412548828125
1 0.31388020833333335 0.500673828125 0.05162760416666667 0.03220703125
1 0.2697265625 0.4597802734375 0.038600260416666664 0.0401708984375
1 0.30712239583333334 0.476611328125 0.04294270833333333 0.0340185546875
1 0.3377669270833333 0.48529296875 0.02219401041666667 0.0405322265625
1 0.3561002604166667 0.4811328125 0.02123046875 0.0401708984375
1 0.38939453125 0.4747998046875 0.05307942708333333 0.02533203125
1 0.4253385416666667 0.463037109375 0.023645833333333335 0.038720703125
1 0.48276041666666664 0.46611328125 0.04583984375 0.031123046875
1 0.49675130208333335 0.456162109375 0.04294270833333333 0.031484375
1 0.5160546874999999 0.4501904296875 0.04583984375 0.0332958984375
1 0.5319791666666667 0.4416845703125 0.04390625 0.03220703125
1 0.6202799479166666 0.4708203125 0.05162760416666667 0.020263671875
1 0.6562239583333334 0.4682861328125 0.04921875 0.030400390625
1 0.6552604166666667 0.450732421875 0.04921875 0.0285888671875
1 0.6164192708333334 0.440419921875 0.03908203125 0.03619140625
1 0.6212434895833333 0.421240234375 0.03908203125 0.03763671875
1 0.5886718750000001 0.4563427734375 0.05307942708333333 0.0231591796875
1 0.5778190104166666 0.4440380859375 0.054524739583333336 0.0217138671875
1 0.3194270833333333 0.45380859375 0.02123046875 0.0398095703125
1 0.3413802083333333 0.443857421875 0.03136067708333334 0.0401708984375
1 0.36768229166666666 0.4543505859375 0.029915364583333336 0.0401708984375
1 0.38673828125 0.448203125 0.027506510416666668 0.0423388671875
1 0.405078125 0.4453076171875 0.027506510416666668 0.0401708984375
1 0.4574283854166667 0.4471142578125 0.04439453125 0.0343798828125
1 0.29578776041666666 0.4378857421875 0.047285156249999995 0.031123046875
1 0.2774479166666667 0.428115234375 0.052109375000000006 0.0282275390625
1 0.2513932291666667 0.4225048828125 0.05500651041666666 0.0278662109375
1 0.23474609375 0.380888671875 0.03715494791666667 0.0394482421875
1 0.24680989583333335 0.3975341796875 0.03233072916666666 0.0394482421875
1 0.27069661458333333 0.3913818359375 0.03087890625 0.0408935546875
1 0.28830729166666663 0.3968115234375 0.028470052083333332 0.0401708984375
1 0.30833333333333335 0.39771484375 0.02798828125 0.0405322265625
1 0.3252213541666667 0.4073095703125 0.02798828125 0.0416162109375
1 0.3500651041666667 0.416171875 0.027506510416666668 0.043427734375
1 0.34451822916666663 0.3857763671875 0.04921875 0.031123046875
1 0.3737109375 0.405498046875 0.028470052083333332 0.04306640625
1 0.4007356770833333 0.413095703125 0.050664062499999996 0.03076171875
1 0.42799479166666665 0.43046875 0.048255208333333334 0.0271435546875
1 0.44560546875 0.42015625 0.04487630208333334 0.0332958984375
1 0.4786588541666667 0.4241357421875 0.04053385416666667 0.0347412109375
1 0.49216796875 0.414365234375 0.04149739583333333 0.0354638671875
1 0.5088151041666666 0.4071240234375 0.03908203125 0.03619140625
1 0.5397005208333333 0.4199755859375 0.033294270833333334 0.038720703125
1 0.5606901041666666 0.4210595703125 0.0328125 0.037998046875
1 0.57974609375 0.4167138671875 0.0342578125 0.038720703125
1 0.7819205729166666 0.4659326171875 0.054524739583333336 0.0278662109375
1 0.7327083333333334 0.459599609375 0.052597656250000006 0.0289501953125
1 0.7119596354166666 0.4509130859375 0.053561197916666664 0.0267822265625
1 0.7626236979166667 0.4436767578125 0.052597656250000006 0.031123046875
1 0.7814388020833333 0.436259765625 0.04970052083333334 0.031484375
1 0.7775781249999999 0.4141845703125 0.04487630208333334 0.03076171875
1 0.7862630208333333 0.39427734375 0.040052083333333335 0.037275390625
1 0.7447721354166666 0.4064013671875 0.03233072916666666 0.0405322265625
1 0.7286067708333334 0.412734375 0.03087890625 0.0408935546875
1 0.71099609375 0.42232421875 0.027506510416666668 0.0412548828125
1 0.68927734375 0.430830078125 0.027506510416666668 0.038720703125
1 0.6709440104166666 0.4234130859375 0.02943359375 0.0398095703125
1 0.6533333333333333 0.4156298828125 0.028951822916666665 0.0394482421875
1 0.6784244791666666 0.393193359375 0.052109375000000006 0.026416015625
1 0.70423828125 0.3830615234375 0.052597656250000006 0.0220751953125
1 0.74115234375 0.3792626953125 0.051145833333333335 0.0260546875
1 0.7824088541666666 0.37021484375 0.057421875000000004 0.0166455078125
1 0.7819205729166666 0.3550146484375 0.05838541666666667 0.0166455078125
1 0.7742057291666667 0.3412646484375 0.056451822916666665 0.018095703125
1 0.7322265625000001 0.35103515625 0.03715494791666667 0.03763671875
1 0.6820442708333333 0.364423828125 0.056451822916666665 0.017373046875
1 0.64271484375 0.387041015625 0.027018229166666668 0.0423388671875
1 0.6272786458333334 0.38251953125 0.02798828125 0.0412548828125
1 0.5360807291666666 0.39427734375 0.05500651041666666 0.0170068359375
1 0.5264322916666667 0.3745556640625 0.05018229166666666 0.0267822265625
1 0.57275390625 0.389033203125 0.04632161458333334 0.031845703125
1 0.5922916666666667 0.382880859375 0.04583984375 0.032568359375
1 0.5959114583333334 0.365869140625 0.045358072916666665 0.031123046875
1 0.60291015625 0.35103515625 0.04680338541666667 0.0332958984375
1 0.6195572916666666 0.342890625 0.04439453125 0.0343798828125
1 0.6441666666666667 0.3414453125 0.04439453125 0.037275390625
1 0.6675651041666667 0.33873046875 0.04390625 0.0369140625
1 0.6960351562499999 0.3414453125 0.047766927083333334 0.0343798828125
1 0.5462109375 0.3635205078125 0.05500651041666666 0.0227978515625
1 0.5452473958333334 0.3485009765625 0.05500651041666666 0.0224365234375
1 0.5027864583333334 0.342529296875 0.039563802083333335 0.0358251953125
1 0.49216796875 0.3734716796875 0.045358072916666665 0.03763671875
1 0.47335286458333337 0.37853515625 0.0424609375 0.03763671875
1 0.4535677083333333 0.3814306640625 0.036673177083333335 0.03908203125
1 0.44271484375 0.3957275390625 0.03908203125 0.0358251953125
1 0.4125520833333333 0.380888671875 0.03570963541666667 0.0394482421875
1 0.3951822916666667 0.3868603515625 0.03570963541666667 0.0405322265625
1 0.36695963541666665 0.3669580078125 0.027506510416666668 0.042705078125
1 0.34403645833333335 0.358994140625 0.02798828125 0.042705078125
1 0.30953776041666664 0.3676806640625 0.05548828125 0.0209912109375
1 0.260078125 0.357548828125 0.05404296875 0.0260546875
1 0.2668359375 0.34361328125 0.05500651041666666 0.026416015625
1 0.2842057291666667 0.3338427734375 0.05307942708333333 0.0271435546875
1 0.32087890625 0.3389111328125 0.03184895833333334 0.0394482421875
1 0.36212890625 0.3354736328125 0.053561197916666664 0.02533203125
1 0.3978385416666667 0.3533837890625 0.053561197916666664 0.0285888671875
1 0.43041015625 0.3557373046875 0.0328125 0.03908203125
1 0.46659505208333335 0.3519384765625 0.05307942708333333 0.024248046875
1 0.4557421875 0.3327587890625 0.054524739583333336 0.0213525390625
1 0.43595703125 0.315205078125 0.053561197916666664 0.018095703125
1 0.3515169270833333 0.317919921875 0.054524739583333336 0.025693359375
1 0.31412109375 0.3132177734375 0.0328125 0.0394482421875
1 0.29651041666666667 0.30796875 0.03233072916666666 0.0412548828125
1 0.22750651041666667 0.3331201171875 0.052597656250000006 0.0300390625
1 0.31243489583333334 0.282275390625 0.050664062499999996 0.0289501953125
1 0.3437955729166667 0.2705126953125 0.026536458333333332 0.0437890625
1 0.3080859375 0.2585693359375 0.048736979166666666 0.0351025390625
1 0.3187044270833333 0.239208984375 0.05548828125 0.020263671875
1 0.2542903645833333 0.3128515625 0.0588671875 0.0191796875
1 0.24970703125000002 0.298017578125 0.05838541666666667 0.01845703125
1 0.251875 0.28408203125 0.05790364583333333 0.018818359375
1 0.2477734375 0.2677978515625 0.056451822916666665 0.018818359375
1 0.2615234375 0.2551318359375 0.05790364583333333 0.019541015625
1 0.2629752604166667 0.2397509765625 0.0588671875 0.01845703125
1 0.24005208333333336 0.2240087890625 0.057421875000000004 0.0166455078125
1 0.3611653645833333 0.22998046875 0.028470052083333332 0.0423388671875
1 0.386015625 0.216953125 0.02509114583333333 0.0437890625
1 0.2422265625 0.196142578125 0.0328125 0.042705078125
1 0.262734375 0.1968701171875 0.030397135416666665 0.043427734375
1 0.2829947916666667 0.1937939453125 0.026536458333333332 0.04451171875
1 0.29988932291666665 0.19162109375 0.026536458333333332 0.0459619140625
1 0.3213606770833333 0.2033837890625 0.026054687500000003 0.045595703125
1 0.42654947916666663 0.194697265625 0.05983072916666667 0.018818359375
1 0.4219661458333333 0.2102587890625 0.0603125 0.018818359375
1 0.4200325520833333 0.226181640625 0.056451822916666665 0.0217138671875
1 0.43257812500000004 0.2531396484375 0.02267578125 0.04451171875
1 0.5141276041666667 0.3238916015625 0.05162760416666667 0.0275048828125
1 0.5184700520833333 0.309775390625 0.04970052083333334 0.0260546875
1 0.5329427083333333 0.2991015625 0.050664062499999996 0.0300390625
1 0.48830729166666664 0.2934912109375 0.047285156249999995 0.03619140625
1 0.47190755208333335 0.2866162109375 0.0424609375 0.03619140625
1 0.4615299479166666 0.2732275390625 0.047766927083333334 0.03619140625
1 0.5107486979166667 0.272685546875 0.050664062499999996 0.0278662109375
1 0.58095703125 0.3271484375 0.04149739583333333 0.03908203125
1 0.5597200520833333 0.324072265625 0.04342447916666667 0.038720703125
1 0.4637044270833333 0.2498828125 0.045358072916666665 0.037275390625
1 0.4617708333333333 0.231064453125 0.04632161458333334 0.037275390625
1 0.46611328125 0.1977734375 0.03570963541666667 0.04306640625
1 0.48951822916666665 0.1952392578125 0.03233072916666666 0.04306640625
1 0.5080924479166666 0.196142578125 0.033776041666666666 0.044150390625
1 0.4945833333333333 0.236494140625 0.02219401041666667 0.04306640625
1 0.5143684895833334 0.2359521484375 0.02123046875 0.044873046875
1 0.5397005208333333 0.2243701171875 0.023645833333333335 0.043427734375
1 0.5406640625 0.2663525390625 0.0342578125 0.0405322265625
1 0.5780598958333333 0.2991015625 0.05404296875 0.0235205078125
1 0.583125 0.282998046875 0.053561197916666664 0.0267822265625
1 0.5672005208333334 0.259658203125 0.04970052083333334 0.031484375
1 0.6347526041666667 0.316474609375 0.057421875000000004 0.01845703125
1 0.6945898437500001 0.3146630859375 0.05548828125 0.0227978515625
1 0.6856640625 0.30181640625 0.05404296875 0.02388671875
1 0.6593619791666666 0.2878857421875 0.03811848958333333 0.0401708984375
1 0.6270377604166667 0.2938525390625 0.048736979166666666 0.0340185546875
1 0.6340299479166667 0.2719580078125 0.05597005208333333 0.0220751953125
1 0.6253450520833334 0.259111328125 0.056940104166666665 0.0209912109375
1 0.5978450520833333 0.2462646484375 0.056940104166666665 0.0227978515625
1 0.61521484375 0.2294384765625 0.056940104166666665 0.0217138671875
1 0.65091796875 0.21224609375 0.05790364583333333 0.017734375
1 0.6403059895833333 0.1975927734375 0.05790364583333333 0.018095703125
1 0.6977213541666667 0.2790185546875 0.051145833333333335 0.0340185546875
1 0.6711848958333334 0.257666015625 0.04632161458333334 0.03619140625
1 0.6875911458333334 0.2493408203125 0.0424609375 0.03763671875
1 0.6974804687499999 0.233056640625 0.03811848958333333 0.03908203125
1 0.6545377604166667 0.233779296875 0.04970052083333334 0.0332958984375
1 0.7884375 0.315927734375 0.047285156249999995 0.038359375
1 0.7389778645833333 0.32642578125 0.05548828125 0.020263671875
1 0.7483854166666667 0.3126708984375 0.05500651041666666 0.019541015625
1 0.741875 0.2969287109375 0.056451822916666665 0.0191796875
1 0.7413932291666666 0.281552734375 0.05548828125 0.018818359375
1 0.7797526041666667 0.2900537109375 0.0231640625 0.04306640625
1 0.8009830729166666 0.2793798828125 0.026054687500000003 0.044150390625
1 0.7269140625 0.2531396484375 0.028470052083333332 0.04451171875
1 0.7479036458333334 0.2524169921875 0.02219401041666667 0.0437890625
1 0.7674479166666667 0.2524169921875 0.023645833333333335 0.04451171875
1 0.7860221354166667 0.2484375 0.024127604166666667 0.0423388671875
1 0.7551432291666668 0.2247314453125 0.05790364583333333 0.0159228515625
