1 0.6344075520833333 0.28375 0.04708333333333333 0.0344873046875
1 0.4420572916666667 0.384033203125 0.051106770833333336 0.02140625
1 0.7135416666666666 0.2998046875 0.050130208333333336 0.022294921875
1 0.3417643229166667 0.2106298828125 0.05364583333333334 0.0230078125
1 0.5143229166666666 0.4736328125 0.04902994791666667 0.024794921875
1 0.4440104166666667 0.2039794921875 0.04902994791666667 0.02650390625
1 0.78029296875 0.419189453125 0.05542317708333333 0.0176416015625
1 0.24334635416666664 0.2732861328125 0.04436848958333334 0.0363525390625
1 0.5706054687500001 0.2346875 0.05154296875 0.029677734375
1 0.6342252604166666 0.3117333984375 0.050631510416666664 0.0250439453125
1 0.40939453125 0.407958984375 0.05319661458333333 0.024658203125
1 0.5520833333333334 0.1939697265625 0.046510416666666665 0.035615234375
1 0.2421875 0.20654296875 0.049479166666666664 0.0362255859375
1 0.5309244791666666 0.219970703125 0.046263020833333335 0.0342431640625
1 0.3938802083333333 0.5654296875 0.0312890625 0.0367138671875
1 0.5673828125 0.2685205078125 0.027688802083333335 0.0425390625
1 0.3175455729166667 0.3974609375 0.03635416666666667 0.039794921875
1 0.7796940104166666 0.39701171875 0.05277994791666666 0.02865234375
1 0.4615885416666667 0.42431640625 0.04931640625 0.0249951171875
1 0.6637369791666666 0.258544921875 0.050130208333333336 0.0183740234375
1 0.5810546875 0.33056640625 0.031822916666666666 0.0397021484375
1 0.7124479166666666 0.2743212890625 0.044348958333333334 0.0368115234375
1 0.77548828125 0.2865380859375 0.04667317708333333 0.0332763671875
1 0.27024739583333335 0.232080078125 0.034654947916666665 0.038818359375
1 0.7962239583333334 0.252685546875 0.03595052083333333 0.0394287109375
1 0.3430989583333333 0.33642578125 0.05395833333333333 0.0164013671875
1 0.76953125 0.70263671875 0.053548177083333336 0.016845703125
1 0.4973958333333333 0.37158203125 0.027792968749999997 0.0408349609375
1 0.24979817708333332 0.3153515625 0.04099609375 0.0376171875
1 0.25224609375 0.38134765625 0.05576171875 0.020966796875
1 0.41300130208333335 0.1915283203125 0.058398437500000004 0.0185107421875
1 0.4632161458333333 0.578125 0.04565755208333333 0.0256640625
1 0.7484440104166666 0.28712890625 0.0448828125 0.0352197265625
1 0.7825520833333334 0.352783203125 0.04658854166666667 0.0306689453125
1 0.458984375 0.48779296875 0.02468098958333333 0.0367724609375
1 0.5435677083333333 0.2793359375 0.04482421875 0.0336181640625
1 0.28333984375 0.5054541015625 0.045735677083333336 0.0337841796875
1 0.46387369791666666 0.5208056640625 0.05417317708333333 0.01771484375
1 0.5261979166666667 0.255537109375 0.05541015625 0.019462890625
1 0.3772786458333333 0.2093505859375 0.04136067708333333 0.0376904296875
1 0.6640625 0.287841796875 0.028444010416666665 0.0423876953125
1 0.3043619791666667 0.2257080078125 0.02658854166666667 0.0435205078125
1 0.26958984375 0.34765625 0.051106770833333336 0.0234228515625
1 0.78125 0.226318359375 0.05537760416666667 0.0206005859375
1 0.6634114583333334 0.24365234375 0.05326171875 0.0184033203125
1 0.6061197916666666 0.2322998046875 0.02080078125 0.0435205078125
1 0.29920572916666666 0.2523779296875 0.04869791666666667 0.0322509765625
1 0.33232421875 0.49412109375 0.05298177083333333 0.02037109375
1 0.7306640624999999 0.212734375 0.049765625 0.0299365234375
1 0.5445963541666666 0.37451171875 0.05147135416666667 0.0159619140625
1 0.2643229166666667 0.405517578125 0.049680989583333335 0.031923828125
1 0.4153645833333333 0.7998046875 0.05423828125 0.01994140625
1 0.4208268229166667 0.4739111328125 0.049967447916666664 0.024169921875
1 0.65587890625 0.349287109375 0.05506510416666666 0.0223486328125
1 0.5922265624999999 0.20572265625 0.04854166666666667 0.0345751953125
1 0.6617838541666666 0.2281494140625 0.052083333333333336 0.0190869140625
1 0.7734375 0.2564208984375 0.03481119791666667 0.0409228515625
1 0.6383463541666666 0.71533203125 0.038411458333333336 0.036162109375
1 0.35962890625 0.351318359375 0.053515625000000004 0.0186181640625
1 0.4837239583333333 0.1890869140625 0.05025390625 0.028701171875
1 0.69666015625 0.193134765625 0.05537760416666667 0.0201416015625
1 0.7734375 0.37060546875 0.04128255208333333 0.0348193359375
1 0.2884114583333333 0.1827392578125 0.03560546875 0.0393359375
1 0.7330729166666666 0.2509765625 0.0458984375 0.03125
1 0.423828125 0.77392578125 0.03735677083333334 0.0365625
1 0.5768229166666666 0.7216796875 0.028014322916666667 0.0401025390625
1 0.25592447916666666 0.73201171875 0.05322916666666667 0.0215478515625
1 0.46064453125 0.454306640625 0.053834635416666665 0.0176025390625
1 0.25341796875 0.1759033203125 0.05005208333333333 0.0321044921875
1 0.3450520833333333 0.4544189453125 0.021627604166666665 0.0405029296875
1 0.4544270833333333 0.27751953125 0.045045572916666665 0.0335888671875
1 0.359375 0.37890625 0.025247395833333335 0.040771484375
1 0.24267578125 0.242431640625 0.031048177083333333 0.041474609375
1 0.5416666666666666 0.72607421875 0.05098307291666667 0.0191943359375
1 0.748046875 0.203369140625 0.04830078125 0.0301513671875
1 0.7916666666666666 0.490234375 0.03684244791666667 0.0355517578125
1 0.6764322916666666 0.310302734375 0.021282552083333333 0.0403125
1 0.45973307291666665 0.7383935546875 0.04513671875 0.0303759765625
1 0.81640625 0.2430419921875 0.02272786458333333 0.04486328125
1 0.51755859375 0.23263671875 0.0490625 0.0302099609375
1 0.34136067708333334 0.3024267578125 0.029095052083333333 0.041650390625
1 0.69921875 0.2259521484375 0.021790364583333333 0.0426318359375
1 0.42147135416666665 0.5969873046875 0.026360677083333336 0.04013671875
1 0.2805989583333333 0.70263671875 0.051393229166666665 0.0180517578125
1 0.4850260416666667 0.2347412109375 0.045983072916666666 0.034365234375
1 0.6637369791666666 0.7546923828125 0.052083333333333336 0.020966796875
1 0.2780859375 0.2685791015625 0.031412760416666664 0.0419775390625
1 0.6123046875 0.33482421875 0.02634765625 0.0406201171875
1 0.5611263020833334 0.3319384765625 0.03192057291666667 0.040439453125
1 0.4794921875 0.37896484375 0.023984375000000002 0.0400390625
1 0.5149739583333334 0.4423828125 0.027630208333333333 0.035673828125
1 0.7376302083333334 0.320068359375 0.04296875 0.033388671875
1 0.4309895833333333 0.50439453125 0.022643229166666667 0.03802734375
1 0.3274283854166667 0.540751953125 0.027220052083333335 0.038759765625
1 0.6588541666666666 0.7001953125 0.04858723958333333 0.0201416015625
1 0.44869140625000004 0.231884765625 0.024127604166666667 0.0435205078125
1 0.29612630208333335 0.641484375 0.054492187500000004 0.0171826171875
1 0.6945963541666668 0.7428515625 0.04088541666666667 0.0356103515625
1 0.4016927083333333 0.346923828125 0.030110677083333332 0.04025390625
1 0.36958984375000004 0.7644970703125 0.043164062499999996 0.0343798828125
1 0.24964192708333333 0.6912548828125 0.0395703125 0.037529296875
1 0.4317447916666666 0.239599609375 0.0283984375 0.0413671875
1 0.6374934895833334 0.20318359375 0.054453125 0.0217041015625
1 0.23030598958333334 0.6728515625 0.023255208333333333 0.0394287109375
1 0.7600195312500001 0.6582763671875 0.055475260416666665 0.016845703125
1 0.28421223958333336 0.6265380859375 0.056315104166666664 0.01646484375
1 0.7819010416666666 0.52880859375 0.028157552083333332 0.04025390625
1 0.24397786458333334 0.652451171875 0.02938151041666667 0.0398583984375
1 0.7205924479166667 0.7028662109375 0.038834635416666666 0.03537109375
1 0.43262369791666666 0.1754150390625 0.055390625 0.0172412109375
1 0.26543619791666667 0.6510595703125 0.029824218750000003 0.04052734375
1 0.642109375 0.187421875 0.055579427083333334 0.0215478515625
1 0.29227864583333335 0.7802001953125 0.050690104166666666 0.026611328125
1 0.7220572916666667 0.3331005859375 0.047903645833333335 0.0303955078125
1 0.6673177083333334 0.783203125 0.051393229166666665 0.0177783203125
1 0.408203125 0.220703125 0.021790364583333333 0.044677734375
1 0.7534505208333333 0.643173828125 0.0547265625 0.01892578125
1 0.7942708333333334 0.61083984375 0.03123046875 0.0401611328125
1 0.6725260416666666 0.767578125 0.050130208333333336 0.018876953125
1 0.4208984375 0.359375 0.021360677083333335 0.0410791015625
1 0.666015625 0.72705078125 0.023802083333333335 0.0403125
1 0.36462890625000005 0.71923828125 0.029257812499999997 0.03634765625
1 0.30145833333333333 0.676865234375 0.03153645833333333 0.038759765625
1 0.26732421875 0.78515625 0.04419270833333333 0.0345458984375
1 0.23207682291666668 0.3499951171875 0.03095052083333333 0.041494140625
1 0.7861002604166667 0.6369775390625 0.032630208333333334 0.0376904296875
1 0.37072265624999995 0.6889990234375 0.05102213541666667 0.0245654296875
1 0.2499609375 0.75638671875 0.03959635416666667 0.037099609375
1 0.7356770833333334 0.4990234375 0.025104166666666667 0.0381787109375
1 0.32014322916666665 0.722724609375 0.0416796875 0.0344482421875
1 0.8001302083333334 0.5224609375 0.024960937500000002 0.038818359375
1 0.2978515625 0.75439453125 0.021790364583333333 0.0394287109375
1 0.69921875 0.6677001953125 0.026243489583333335 0.041181640625
1 0.4264322916666667 0.639794921875 0.022115885416666665 0.03955078125
1 0.5989583333333334 0.74853515625 0.02146484375 0.0372607421875
1 0.6555989583333334 0.79638671875 0.0508203125 0.0185400390625
1 0.46430338541666666 0.7936669921875 0.03533854166666667 0.03615234375
1 0.5833333333333334 0.77099609375 0.023802083333333335 0.0403759765625
1 0.39315104166666665 0.76310546875 0.04393880208333333 0.033173828125
1 0.7272135416666666 0.3794921875 0.022988281250000003 0.0415234375
1 0.7213541666666666 0.537109375 0.02352213541666667 0.0362841796875
1 0.5188802083333334 0.7529296875 0.03159505208333333 0.03759765625
1 0.2921549479166667 0.5466796875 0.022220052083333334 0.04091796875
1 0.5384114583333334 0.708984375 0.05224609375 0.0206005859375
1 0.3769986979166667 0.380859375 0.024453125000000003 0.0405908203125
1 0.2721028645833333 0.7520654296875 0.032630208333333334 0.037763671875
1 0.3391927083333333 0.757705078125 0.021282552083333333 0.039609375
1 0.3779296875 0.482177734375 0.048463541666666665 0.0165234375
1 0.5434700520833333 0.7702392578125 0.03177083333333333 0.038583984375
1 0.6591796875 0.459228515625 0.02645182291666667 0.0394287109375
1 0.6250455729166667 0.2349267578125 0.02232421875 0.045048828125
1 0.4915364583333333 0.77216796875 0.03224609375 0.0397998046875
1 0.4759440104166666 0.7805712890625 0.0351953125 0.037236328125
1 0.740234375 0.53564453125 0.02146484375 0.03662109375
1 0.4576822916666667 0.312744140625 0.021119791666666665 0.0420849609375
1 0.5567903645833333 0.7806396484375 0.03556640625 0.0395703125
1 0.2805989583333333 0.81494140625 0.03595052083333333 0.03732421875
1 0.765625 0.53755859375 0.026184895833333333 0.0390625
1 0.685546875 0.54248046875 0.050703124999999995 0.01548828125
1 0.3714192708333333 0.640390625 0.025351562499999997 0.040048828125
1 0.4076432291666667 0.747412109375 0.051119791666666664 0.0248974609375
1 0.2539192708333333 0.815234375 0.035319010416666664 0.0392529296875
1 0.6735416666666666 0.6178271484375 0.05186848958333334 0.0210595703125
1 0.3587239583333333 0.81689453125 0.028483072916666668 0.0391259765625
1 0.4072265625 0.646484375 0.021868489583333334 0.0379052734375
1 0.4404296875 0.35595703125 0.019641927083333333 0.04052734375
1 0.4951171875 0.4239111328125 0.019563802083333335 0.03861328125
1 0.3017578125 0.81689453125 0.030865885416666666 0.038818359375
1 0.30346354166666667 0.42619140625 0.05576171875 0.016220703125
1 0.31884765625 0.81689453125 0.029544270833333334 0.0394921875
1 0.3408203125 0.8154296875 0.0283203125 0.0394921875
1 0.28615234375 0.4408984375 0.055390625 0.0147802734375
1 0.6616731770833334 0.2135986328125 0.05438151041666667 0.022255859375
1 0.48136067708333335 0.21142578125 0.054876302083333335 0.0172412109375
1 0.36921875 0.5244189453125 0.052825520833333334 0.01712890625
1 0.5746223958333333 0.666884765625 0.051907552083333336 0.017646484375
1 0.5472005208333334 0.358642578125 0.049680989583333335 0.014501953125
1 0.39560546874999997 0.539287109375 0.05393229166666667 0.0159228515625
1 0.5262174479166667 0.2873974609375 0.04722005208333333 0.035009765625
1 0.4715690104166667 0.2690576171875 0.044069010416666665 0.0356982421875
1 0.48126302083333333 0.253193359375 0.03948567708333333 0.0378125
1 0.5130989583333333 0.7740576171875 0.0328515625 0.0395556640625
1 0.709296875 0.731337890625 0.04490885416666667 0.0345849609375
1 0.7162304687500001 0.67494140625 0.02983723958333333 0.0411376953125
1 0.6752408854166667 0.6878271484375 0.050930989583333336 0.0257666015625
1 0.6386263020833333 0.6790087890625 0.04400390625 0.0330029296875
1 0.6071289062499999 0.678447265625 0.049127604166666665 0.0268994140625
1 0.282578125 0.67474609375 0.03585286458333333 0.03880859375
1 0.2537434895833333 0.7178564453125 0.05507161458333334 0.0202392578125
1 0.30216796875 0.7276953125 0.04176432291666667 0.0332666015625
1 0.3363541666666667 0.7138330078125 0.03844401041666667 0.033818359375
1 0.3263802083333333 0.6859765625 0.04509114583333334 0.0324365234375
1 0.38422526041666666 0.67751953125 0.04990234375 0.026611328125
1 0.32970052083333334 0.6549267578125 0.027350260416666664 0.0396435546875
1 0.3491080729166667 0.652568359375 0.025501302083333333 0.0399169921875
1 0.3875520833333333 0.6506298828125 0.025501302083333333 0.0404736328125
1 0.4150846354166667 0.7351806640625 0.05174479166666667 0.022177734375
1 0.488828125 0.72201171875 0.048417968750000005 0.0274462890625
1 0.49511067708333334 0.7085693359375 0.04768229166666666 0.02716796875
1 0.41250000000000003 0.71037109375 0.03400390625 0.0396435546875
1 0.42525390625000004 0.6966455078125 0.03067708333333333 0.0377001953125
1 0.4481705729166667 0.71341796875 0.03955078125 0.035205078125
1 0.4505729166666667 0.68333984375 0.03474609375 0.03880859375
1 0.42728515624999996 0.666015625 0.05174479166666667 0.025224609375
1 0.48660807291666663 0.6887451171875 0.05211588541666667 0.0202392578125
1 0.5370638020833333 0.694150390625 0.05322265625 0.02162109375
1 0.536875 0.6800146484375 0.05507161458333334 0.02162109375
1 0.4825455729166667 0.6672607421875 0.043984375 0.0327099609375
1 0.49843750000000003 0.6565869140625 0.03880859375 0.0374267578125
1 0.5134049479166667 0.647578125 0.036223958333333334 0.0360400390625
1 0.54076171875 0.653125 0.0199609375 0.0404736328125
1 0.57716796875 0.653125 0.05211588541666667 0.0182958984375
1 0.6281770833333333 0.65755859375 0.05138020833333334 0.0205126953125
1 0.57439453125 0.6384326171875 0.05322265625 0.0188525390625
1 0.4550065104166667 0.632470703125 0.0391796875 0.035205078125
1 0.4729296875 0.6077978515625 0.05211588541666667 0.0146923828125
1 0.5150716145833333 0.624013671875 0.05063802083333333 0.0232861328125
1 0.5634895833333333 0.6227685546875 0.05138020833333334 0.0169091796875
1 0.611171875 0.635380859375 0.045462239583333335 0.0304931640625
1 0.66033203125 0.6428662109375 0.05211588541666667 0.0182958984375
1 0.6394466145833334 0.62595703125 0.05174479166666667 0.0188525390625
1 0.7041341145833333 0.630947265625 0.03770182291666666 0.0371484375
1 0.25578125 0.6172265625 0.044355468749999995 0.03576171875
1 0.2687174479166667 0.5835400390625 0.042877604166666666 0.0354833984375
1 0.2990234375 0.586455078125 0.022174479166666667 0.0390869140625
1 0.32729817708333336 0.59462890625 0.04620442708333333 0.0304931640625
1 0.33154947916666666 0.612373046875 0.05470703125 0.022177734375
1 0.3452278645833333 0.6234619140625 0.05026692708333333 0.022177734375
1 0.3746158854166666 0.603916015625 0.048417968750000005 0.0268896484375
1 0.38625651041666664 0.590751953125 0.05174479166666667 0.02162109375
1 0.3147330729166667 0.5560986328125 0.029199218750000002 0.0399169921875
1 0.3491080729166667 0.547919921875 0.02254557291666667 0.0390869140625
1 0.3716536458333333 0.5612255859375 0.026985677083333336 0.0390869140625
1 0.44244140625 0.5495849609375 0.039921875 0.0340966796875
1 0.4186002604166667 0.52865234375 0.04916015625 0.026611328125
1 0.37294921875000003 0.5098046875 0.05322265625 0.014970703125
1 0.38736328125 0.49705078125 0.05618489583333333 0.0160791015625
1 0.29533203125 0.49427734375 0.04139973958333334 0.034931640625
1 0.5071223958333334 0.6019775390625 0.042877604166666666 0.0318798828125
1 0.510078125 0.585068359375 0.04509114583333334 0.030771484375
1 0.47367187499999996 0.552353515625 0.024765625 0.0390869140625
1 0.49806640625 0.5538818359375 0.0336328125 0.03880859375
1 0.5230143229166667 0.5584521484375 0.03474609375 0.03576171875
1 0.5422395833333333 0.589365234375 0.026614583333333334 0.039365234375
1 0.559609375 0.5964306640625 0.02439453125 0.0390869140625
1 0.5904752604166666 0.61181640625 0.05211588541666667 0.0205126953125
1 0.598046875 0.5997607421875 0.05396484375 0.02134765625
1 0.6516471354166666 0.60169921875 0.05174479166666667 0.016357421875
1 0.63556640625 0.5882568359375 0.053593749999999996 0.0155224609375
1 0.6043359375 0.578828125 0.05248697916666667 0.024951171875
1 0.5897330729166667 0.5677392578125 0.05211588541666667 0.022177734375
1 0.5762434895833334 0.55720703125 0.05026692708333333 0.02439453125
1 0.5557291666666667 0.549306640625 0.04990234375 0.0268896484375
1 0.5601627604166667 0.5319775390625 0.04916015625 0.02716796875
1 0.5113736979166666 0.532255859375 0.05063802083333333 0.0227294921875
1 0.5169205729166667 0.5202001953125 0.04916015625 0.023564453125
1 0.5137760416666667 0.5025927734375 0.0487890625 0.02716796875
1 0.5374348958333334 0.4960791015625 0.04509114583333334 0.02578125
1 0.5548046875 0.489150390625 0.0487890625 0.027998046875
1 0.7610546875 0.61875 0.04361328125 0.034375
1 0.7471940104166667 0.610849609375 0.043984375 0.033544921875
1 0.7381380208333334 0.5962939453125 0.04361328125 0.0354833984375
1 0.7096744791666666 0.599482421875 0.0391796875 0.03576171875
1 0.7429427083333334 0.56884765625 0.04139973958333334 0.0354833984375
1 0.7126302083333332 0.575087890625 0.04361328125 0.0346533203125
1 0.6937825520833334 0.569404296875 0.039921875 0.0354833984375
1 0.6740104166666666 0.566630859375 0.04028645833333334 0.034931640625
1 0.6523828125 0.56427734375 0.04213541666666667 0.0340966796875
1 0.632421875 0.5495849609375 0.05100911458333333 0.020791015625
1 0.643515625 0.533505859375 0.05396484375 0.0230078125
1 0.5655208333333334 0.5138232421875 0.05248697916666667 0.0230078125
1 0.5932421875 0.526298828125 0.0295703125 0.0396435546875
1 0.6137565104166667 0.5233837890625 0.02994140625 0.03880859375
1 0.6385221354166667 0.5068896484375 0.023287760416666668 0.0396435546875
1 0.6734505208333333 0.5202001953125 0.047311197916666665 0.030771484375
1 0.6932291666666667 0.512158203125 0.04250651041666667 0.033544921875
1 0.7043164062499999 0.4981591796875 0.04028645833333334 0.0354833984375
1 0.76068359375 0.50009765625 0.03770182291666666 0.0377001953125
1 0.6697591145833334 0.4883203125 0.039921875 0.0346533203125
1 0.7811979166666667 0.47126953125 0.05507161458333334 0.026611328125
1 0.7660416666666667 0.443271484375 0.04990234375 0.02994140625
1 0.7488541666666667 0.4531103515625 0.04953125 0.03021484375
1 0.7268619791666667 0.4745947265625 0.05138020833333334 0.029384765625
1 0.7120768229166666 0.4644775390625 0.05211588541666667 0.0274462890625
1 0.6758528645833333 0.451865234375 0.025501302083333333 0.0404736328125
1 0.6948893229166666 0.4422998046875 0.0295703125 0.0396435546875
1 0.7093033854166667 0.42982421875 0.03400390625 0.03853515625
1 0.7178059895833333 0.40958984375 0.03326822916666667 0.0390869140625
1 0.7449739583333334 0.4100048828125 0.024023437499999998 0.042138671875
1 0.7449739583333334 0.3677294921875 0.025501302083333333 0.0413037109375
1 0.7100455729166667 0.344580078125 0.05026692708333333 0.0304931640625
1 0.7056119791666666 0.37091796875 0.025872395833333336 0.04158203125
1 0.68306640625 0.4086181640625 0.03770182291666666 0.0382568359375
1 0.6684635416666667 0.3993310546875 0.03955078125 0.037978515625
1 0.6457291666666667 0.4213720703125 0.04583333333333334 0.0310498046875
1 0.6283593749999999 0.4294091796875 0.04583333333333334 0.0304931640625
1 0.6405598958333333 0.4658642578125 0.028092447916666666 0.0396435546875
1 0.6218880208333334 0.4779248046875 0.021067708333333334 0.0399169921875
1 0.6047005208333334 0.486376953125 0.022174479166666667 0.0401953125
1 0.5862239583333334 0.48416015625 0.021438802083333333 0.0401953125
1 0.5418684895833333 0.453388671875 0.028828125 0.0390869140625
1 0.5644140625 0.46544921875 0.02365885416666667 0.0399169921875
1 0.6104296875 0.45255859375 0.04768229166666666 0.0324365234375
1 0.5958333333333333 0.4428564453125 0.047311197916666665 0.0340966796875
1 0.5845572916666667 0.42982421875 0.04324869791666667 0.03576171875
1 0.5653385416666666 0.424697265625 0.04324869791666667 0.033818359375
1 0.6632877604166666 0.3613525390625 0.05507161458333334 0.0218994140625
1 0.6690169270833333 0.37521484375 0.05544270833333333 0.0196826171875
1 0.6130208333333333 0.3671728515625 0.05063802083333333 0.0268896484375
1 0.6353841145833333 0.3971142578125 0.05248697916666667 0.025224609375
1 0.6032226562499999 0.3929541015625 0.031790364583333335 0.0401953125
1 0.5862239583333334 0.3882421875 0.028092447916666666 0.0401953125
1 0.5607161458333333 0.400439453125 0.03030598958333333 0.0401953125
1 0.540390625 0.3991943359375 0.03326822916666667 0.0399169921875
1 0.439296875 0.4321826171875 0.04620442708333333 0.0304931640625
1 0.41397786458333335 0.4357861328125 0.04509114583333334 0.0310498046875
1 0.4156380208333333 0.4543603515625 0.04768229166666666 0.0288330078125
1 0.3768294270833333 0.4644775390625 0.05063802083333333 0.026337890625
1 0.32416015625 0.477646484375 0.05174479166666667 0.02162109375
1 0.3010611979166667 0.4600439453125 0.04768229166666666 0.030771484375
1 0.26003255208333337 0.4844384765625 0.04324869791666667 0.0346533203125
1 0.26631510416666665 0.460595703125 0.05507161458333334 0.0268896484375
1 0.3648177083333333 0.4380029296875 0.031048177083333333 0.0382568359375
1 0.3773828125 0.420400390625 0.03474609375 0.03853515625
1 0.3991927083333333 0.3836669921875 0.02439453125 0.04158203125
1 0.27315104166666665 0.36814453125 0.05766276041666666 0.017744140625
1 0.31029947916666667 0.365234375 0.04250651041666667 0.0363134765625
1 0.31399739583333336 0.3476318359375 0.04324869791666667 0.034931640625
1 0.5359505208333334 0.3242041015625 0.02291666666666667 0.04296875
1 0.50841796875 0.3321044921875 0.036595052083333336 0.0404736328125
1 0.47810546875 0.33654296875 0.01958984375 0.0426904296875
1 0.45814453125000004 0.3538671875 0.02033203125 0.043525390625
1 0.5052734375 0.30923828125 0.035481770833333336 0.0396435546875
1 0.48771484375 0.297177734375 0.04250651041666667 0.0377001953125
1 0.4385546875 0.310068359375 0.023287760416666668 0.042412109375
1 0.42044921874999996 0.3192138671875 0.024765625 0.042412109375
1 0.39253906250000004 0.3239306640625 0.03844401041666667 0.0401953125
1 0.3637109375 0.3120068359375 0.028092447916666666 0.0418603515625
1 0.23341796874999998 0.30646484375 0.04176432291666667 0.0374267578125
1 0.2720442708333333 0.292880859375 0.04953125 0.0313232421875
1 0.26409505208333334 0.3262841796875 0.04028645833333334 0.0371484375
1 0.2949609375 0.3168603515625 0.03770182291666666 0.036591796875
1 0.32286458333333334 0.3070166015625 0.026985677083333336 0.0418603515625
1 0.31639973958333334 0.2777734375 0.04805338541666667 0.0316015625
1 0.3252669270833333 0.2345263671875 0.027350260416666664 0.042138671875
1 0.3505859375 0.2712548828125 0.028463541666666665 0.042412109375
1 0.3746158854166666 0.2841455078125 0.029199218750000002 0.0410302734375
1 0.41582682291666667 0.29080078125 0.05100911458333333 0.032158203125
1 0.40990885416666667 0.2761083984375 0.04805338541666667 0.0310498046875
1 0.40251953125 0.2618310546875 0.05026692708333333 0.030771484375
1 0.3581640625 0.2445068359375 0.039921875 0.03880859375
1 0.37960286458333337 0.2379931640625 0.04139973958333334 0.0390869140625
1 0.52966796875 0.199736328125 0.046575520833333335 0.0340966796875
1 0.6965559895833334 0.2666845703125 0.044726562500000004 0.039365234375
1 0.73388671875 0.232724609375 0.04916015625 0.0296630859375
1 0.7677083333333333 0.32365234375 0.042877604166666666 0.0363134765625
1 0.78859375 0.3192138671875 0.041028645833333335 0.0363134765625
1 0.26959635416666666 0.419248046875 0.04917317708333333 0.0303564453125
1 0.29548828125 0.395908203125 0.032200520833333336 0.0391650390625
1 0.25900390624999997 0.1974609375 0.05322916666666667 0.03279296875
