1 0.2830989583333333 0.265625 0.07149088541666666 0.03689453125
1 0.23209635416666666 0.2138671875 0.045983072916666666 0.053984375
1 0.2080078125 0.1611328125 0.07389322916666667 0.0285498046875
1 0.27880859375 0.2005615234375 0.044355468749999995 0.051455078125
1 0.67578125 0.64013671875 0.07173828125 0.023955078125
1 0.23899088541666666 0.445341796875 0.04520833333333333 0.0527587890625
1 0.17936197916666666 0.224853515625 0.052369791666666665 0.048857421875
1 0.3172265625 0.507724609375 0.029895833333333333 0.057607421875
1 0.39126302083333336 0.48951171875 0.03828776041666667 0.055654296875
1 0.3113606770833333 0.220458984375 0.046875 0.0501416015625
1 0.3105338541666667 0.4443115234375 0.04673177083333333 0.0508203125
1 0.3343098958333333 0.2139892578125 0.048665364583333336 0.0506005859375
1 0.783203125 0.54833984375 0.07043619791666667 0.0440087890625
1 0.6797395833333333 0.72021484375 0.07716796875 0.0251318359375
1 0.74609375 0.6162109375 0.06811848958333333 0.03802734375
1 0.34722005208333334 0.4608056640625 0.04416666666666667 0.0540283203125
1 0.19401041666666666 0.6650390625 0.053834635416666665 0.05126953125
1 0.45933593749999996 0.5100732421875 0.05544270833333333 0.047880859375
1 0.7291666666666666 0.65087890625 0.06624348958333333 0.04904296875
1 0.3776041666666667 0.80615234375 0.049967447916666664 0.05251953125
1 0.4490625 0.4826904296875 0.050592447916666665 0.053671875
1 0.8203125 0.740234375 0.0791015625 0.0394921875
1 0.11125 0.4091796875 0.07332682291666666 0.0274365234375
1 0.693359375 0.61865234375 0.06872395833333333 0.0283349609375
1 0.3186848958333333 0.171630859375 0.06746744791666666 0.0401611328125
1 0.7890625 0.9052734375 0.06034505208333333 0.0528271484375
1 0.19954427083333334 0.1859130859375 0.06799479166666667 0.033662109375
1 0.6705729166666666 0.66845703125 0.07055989583333333 0.0401611328125
1 0.638671875 0.587890625 0.03005208333333333 0.0537109375
1 0.24267578125 0.7119140625 0.058678385416666666 0.047880859375
1 0.28618489583333334 0.3089404296875 0.06778645833333334 0.03955078125
1 0.73046875 0.83544921875 0.06229817708333333 0.0523388671875
1 0.3997395833333333 0.646484375 0.03000651041666667 0.0552978515625
1 0.7591145833333334 0.578125 0.03194010416666667 0.055205078125
1 0.29141927083333335 0.4985205078125 0.0287890625 0.0558203125
1 0.6846549479166667 0.5806396484375 0.0584375 0.048896484375
1 0.2574869791666667 0.354736328125 0.043131510416666664 0.0474267578125
1 0.3460286458333333 0.406982421875 0.040364583333333336 0.050234375
1 0.8098958333333334 0.1705322265625 0.06649088541666666 0.0518505859375
1 0.2882486979166667 0.77490234375 0.061608072916666666 0.0472412109375
1 0.6755924479166667 0.697265625 0.07615234375 0.0292041015625
1 0.6861979166666666 0.55224609375 0.0634765625 0.0484912109375
1 0.3932291666666667 0.68505859375 0.0692578125 0.04123046875
1 0.7115885416666666 0.261962890625 0.06787109375 0.041689453125
1 0.19059244791666666 0.369384765625 0.07442057291666666 0.0219140625
1 0.28183593749999997 0.7518017578125 0.060911458333333335 0.045869140625
1 0.4016927083333333 0.1225 0.06685546875 0.0393359375
1 0.1077734375 0.23609375 0.08279947916666668 0.023193359375
1 0.6490885416666666 0.78173828125 0.057493489583333335 0.0533154296875
1 0.18782552083333334 0.72900390625 0.06286458333333333 0.0489501953125
1 0.5812434895833333 0.83154296875 0.05133463541666666 0.0549951171875
1 0.3450520833333333 0.91552734375 0.04321614583333333 0.0596630859375
1 0.6302083333333334 0.80224609375 0.06026041666666667 0.0523388671875
1 0.2620442708333333 0.1787109375 0.046263020833333335 0.0528271484375
1 0.13505859374999998 0.388916015625 0.07439453124999999 0.021650390625
1 0.7736523437499999 0.646484375 0.06923828124999999 0.045546875
1 0.4970703125 0.69287109375 0.065390625 0.0406201171875
1 0.73046875 0.568740234375 0.0332421875 0.058720703125
1 0.7662760416666666 0.257568359375 0.06514322916666666 0.0457763671875
1 0.7356770833333334 0.1826171875 0.0712109375 0.03125
1 0.22916666666666666 0.40869140625 0.07145182291666667 0.027177734375
1 0.12516276041666666 0.4326171875 0.07186197916666666 0.0310205078125
1 0.7395833333333334 0.2318115234375 0.0751171875 0.0218212890625
1 0.7994791666666666 0.83984375 0.08235677083333333 0.030791015625
1 0.14990234375 0.2861328125 0.061608072916666666 0.04296875
1 0.2840169270833333 0.6142578125 0.06103515625 0.045439453125
1 0.20133463541666666 0.2587890625 0.072265625 0.0212109375
1 0.15836588541666666 0.33056640625 0.028444010416666665 0.0472412109375
1 0.22623697916666666 0.29833984375 0.07043619791666667 0.02091796875
1 0.357890625 0.5107421875 0.056230468750000005 0.049306640625
1 0.16845703125 0.873046875 0.0663671875 0.0426318359375
1 0.23763020833333334 0.76171875 0.031171875 0.0544140625
1 0.4078776041666667 0.79736328125 0.041139322916666665 0.0582275390625
1 0.109296875 0.286376953125 0.061360677083333336 0.0428759765625
1 0.20361328125 0.349365234375 0.07108723958333334 0.022158203125
1 0.7454427083333334 0.712890625 0.05444661458333333 0.051455078125
1 0.4280598958333333 0.6552734375 0.027467447916666665 0.0559375
1 0.4088541666666667 0.101748046875 0.06913411458333334 0.03759765625
1 0.24381510416666666 0.6767578125 0.072265625 0.0250390625
1 0.7445703125 0.21044921875 0.07673177083333334 0.0224609375
1 0.798828125 0.82080078125 0.08113932291666666 0.031494140625
1 0.1171875 0.2191162109375 0.0712109375 0.022294921875
1 0.7975260416666666 0.7548828125 0.07735026041666666 0.0368359375
1 0.4404296875 0.5458984375 0.07108723958333334 0.02037109375
1 0.6110026041666666 0.845703125 0.03486979166666667 0.056337890625
1 0.5638020833333334 0.90625 0.03533854166666667 0.0614306640625
1 0.12248046875 0.25634765625 0.07360677083333333 0.02224609375
1 0.7180989583333334 0.12103515625 0.06660807291666666 0.048037109375
1 0.20572916666666666 0.329833984375 0.06860677083333333 0.0213330078125
1 0.7662760416666666 0.09912109375 0.0625390625 0.04904296875
1 0.7884114583333334 0.59423828125 0.03350911458333333 0.059541015625
1 0.22607421875 0.80029296875 0.0702734375 0.02650390625
1 0.2080078125 0.2802734375 0.0751171875 0.0210888671875
1 0.3212890625 0.360595703125 0.0692578125 0.025556640625
1 0.6774934895833334 0.7389111328125 0.07727213541666667 0.02546875
1 0.2659505208333333 0.4423828125 0.042154947916666664 0.050322265625
1 0.3430989583333333 0.54541015625 0.07373046875 0.020341796875
1 0.7298177083333334 0.80126953125 0.061484375 0.0533154296875
1 0.2646354166666667 0.5034716796875 0.030260416666666665 0.0580126953125
1 0.818359375 0.9111328125 0.06103515625 0.053408203125
1 0.11637369791666667 0.1822509765625 0.06197265625 0.044921875
1 0.1611328125 0.8310546875 0.072265625 0.0428173828125
1 0.79296875 0.798828125 0.07763671875 0.029482421875
1 0.7044270833333334 0.517578125 0.0751171875 0.024931640625
1 0.5419921875 0.80029296875 0.04984375 0.0577099609375
1 0.4554036458333333 0.65966796875 0.029153645833333335 0.0565478515625
1 0.5078125 0.8017578125 0.0386328125 0.0580126953125
1 0.5634765625 0.8134765625 0.04740234375 0.053896484375
1 0.3844401041666667 0.2191162109375 0.06913411458333334 0.0399462890625
1 0.81640625 0.865234375 0.07983723958333333 0.0320458984375
1 0.3155924479166667 0.40087890625 0.0370703125 0.0530078125
1 0.21142578125 0.7607421875 0.030455729166666667 0.0538037109375
1 0.10718098958333333 0.33544921875 0.027526041666666667 0.0526123046875
1 0.599609375 0.72119140625 0.048216145833333335 0.0574951171875
1 0.17919921875 0.7783203125 0.03944661458333334 0.0557275390625
1 0.3694661458333333 0.396484375 0.043378906249999995 0.0545068359375
1 0.5749739583333333 0.4794921875 0.07425130208333333 0.029814453125
1 0.17057291666666666 0.89990234375 0.061608072916666666 0.0516650390625
1 0.7916666666666666 0.7763671875 0.07539713541666666 0.0322900390625
1 0.404296875 0.1485595703125 0.06079427083333333 0.0406201171875
1 0.23860677083333334 0.63623046875 0.034342447916666664 0.05419921875
1 0.3678385416666667 0.9296875 0.04345703125 0.0579248046875
1 0.7369791666666666 0.156005859375 0.07401692708333334 0.0264111328125
1 0.3603515625 0.75439453125 0.048951822916666665 0.0533154296875
1 0.23258463541666666 0.90478515625 0.052858072916666665 0.0549951171875
1 0.4417317708333333 0.173095703125 0.06286458333333333 0.045869140625
1 0.29541015625 0.90576171875 0.042154947916666664 0.058349609375
1 0.3548177083333333 0.144775390625 0.06563151041666666 0.0452587890625
1 0.50056640625 0.496591796875 0.03607421875 0.05494140625
1 0.18815104166666666 0.70361328125 0.06404947916666666 0.0430322265625
1 0.2791341145833333 0.6455078125 0.0605859375 0.0443408203125
1 0.26513671875 0.9033203125 0.048216145833333335 0.0555126953125
1 0.13288411458333335 0.33287109375 0.028346354166666667 0.0535302734375
1 0.2683919270833333 0.81591796875 0.05912109375 0.0443408203125
1 0.8170572916666666 0.2271728515625 0.06526692708333333 0.0438525390625
1 0.2902018229166667 0.5685009765625 0.03895182291666666 0.055478515625
1 0.3805338541666667 0.3115234375 0.0508203125 0.0499560546875
1 0.5882161458333334 0.8974609375 0.035078125 0.0610986328125
1 0.322265625 0.90478515625 0.042317708333333336 0.057802734375
1 0.6381770833333333 0.5336181640625 0.04205729166666666 0.0565576171875
1 0.4606119791666667 0.56201171875 0.07002604166666666 0.0204931640625
1 0.3483072916666667 0.291259765625 0.036009114583333335 0.0559375
1 0.7454427083333334 0.4970703125 0.040891927083333335 0.04568359375
1 0.6145833333333334 0.66748046875 0.036985677083333335 0.0571923828125
1 0.3346354166666667 0.75927734375 0.04931640625 0.053408203125
1 0.5758463541666666 0.56884765625 0.037473958333333335 0.0491357421875
1 0.8470052083333334 0.79052734375 0.03147135416666667 0.0594189453125
1 0.5338541666666666 0.89892578125 0.035078125 0.06076171875
1 0.7903645833333334 0.294189453125 0.07067708333333333 0.044189453125
1 0.7532552083333334 0.87890625 0.07597005208333334 0.0252685546875
1 0.5143229166666666 0.72265625 0.07214192708333333 0.0235595703125
1 0.2963671875 0.2819287109375 0.06865234375 0.039736328125
1 0.6770572916666667 0.2454443359375 0.047968750000000004 0.0573876953125
1 0.5935807291666667 0.4493212890625 0.06932291666666666 0.04060546875
1 0.611328125 0.403076171875 0.07291666666666667 0.0267041015625
1 0.736328125 0.305908203125 0.05416015625 0.0501416015625
1 0.5308984375 0.5335107421875 0.046015625000000004 0.0531103515625
1 0.6227213541666666 0.919921875 0.03540364583333334 0.0594189453125
1 0.4114583333333333 0.5058056640625 0.03513671875 0.055869140625
1 0.37021484374999997 0.469248046875 0.04072916666666667 0.054384765625
1 0.20814453125 0.3937060546875 0.07636067708333334 0.029814453125
1 0.11750651041666667 0.371572265625 0.07994791666666666 0.02462890625
1 0.564453125 0.180419921875 0.0312890625 0.0586572265625
1 0.24186197916666666 0.939453125 0.07255208333333334 0.026064453125
1 0.58203125 0.2646484375 0.07751302083333333 0.0250390625
1 0.5875651041666666 0.318359375 0.07527994791666666 0.020966796875
1 0.7041731770833333 0.841484375 0.06349609375 0.055244140625
1 0.1917578125 0.9114892578125 0.0622265625 0.0523828125
1 0.16826822916666664 0.8498193359375 0.0723828125 0.0423828125
1 0.3828841145833333 0.7021923828125 0.07365885416666666 0.0414306640625
1 0.6749674479166666 0.7745751953125 0.054609374999999995 0.056669921875
1 0.7889388020833333 0.665283203125 0.06794270833333334 0.046669921875
1 0.30827473958333335 0.3212109375 0.06794270833333334 0.0433349609375
1 0.273984375 0.2490625 0.06921223958333333 0.0419091796875
1 0.213984375 0.2212060546875 0.04698567708333334 0.0538134765625
1 0.33272135416666665 0.1569140625 0.06857421875 0.0433349609375
1 0.7943359375 0.2643017578125 0.06603515625 0.04857421875
1 0.7371940104166667 0.10833984375 0.0673046875 0.0500048828125
1 0.7892578124999999 0.1583447265625 0.06603515625 0.052861328125
1 0.2767252604166667 0.727939453125 0.06320963541666667 0.050302734375
