1 0.5612304687499999 0.2760546875 0.05478515625 0.020439453125
1 0.4947330729166666 0.1990966796875 0.021868489583333334 0.04296875
1 0.5933333333333334 0.324130859375 0.04509114583333334 0.0332958984375
1 0.7687630208333333 0.2789892578125 0.02471354166666667 0.041650390625
1 0.5621744791666666 0.2149658203125 0.05244791666666667 0.019560546875
1 0.24108072916666667 0.3158935546875 0.04973958333333334 0.0315380859375
1 0.5944010416666666 0.2452392578125 0.05423828125 0.018583984375
1 0.45575520833333333 0.2302685546875 0.041914062499999995 0.041533203125
1 0.37515625 0.73779296875 0.051217447916666665 0.0201708984375
1 0.529296875 0.1834716796875 0.03735677083333334 0.0381787109375
1 0.69140625 0.2958984375 0.045045572916666665 0.029921875
1 0.3287760416666667 0.275390625 0.04960286458333333 0.0342431640625
1 0.78017578125 0.4803125 0.056100260416666665 0.0163427734375
1 0.5771484375 0.72216796875 0.04732421875 0.028974609375
1 0.2794596354166667 0.2286376953125 0.03560546875 0.038818359375
1 0.345703125 0.3837890625 0.04732421875 0.0231494140625
1 0.31009765625 0.3289453125 0.04538411458333333 0.0367431640625
1 0.4720052083333333 0.47412109375 0.04667317708333333 0.023466796875
1 0.537109375 0.309814453125 0.048749999999999995 0.0298779296875
1 0.5270182291666666 0.2100830078125 0.039225260416666664 0.0355517578125
1 0.7070963541666666 0.7022119140625 0.05241536458333334 0.0234716796875
1 0.3104427083333333 0.29345703125 0.05268880208333334 0.0185400390625
1 0.23649088541666666 0.2822265625 0.045045572916666665 0.0330224609375
1 0.4069010416666667 0.68115234375 0.049967447916666664 0.0166650390625
1 0.35772786458333333 0.815029296875 0.036848958333333334 0.0358935546875
1 0.5 0.755859375 0.03755859375 0.0337841796875
1 0.43344401041666664 0.202822265625 0.03556640625 0.04154296875
1 0.5699869791666666 0.26123046875 0.05517578125 0.016923828125
1 0.6484375 0.2171630859375 0.053548177083333336 0.0193505859375
1 0.41015625 0.80859375 0.046510416666666665 0.0293115234375
1 0.39177734375 0.4009228515625 0.05032552083333333 0.023349609375
1 0.26220703125 0.2342529296875 0.03554036458333334 0.04052734375
1 0.6927083333333334 0.72314453125 0.048951822916666665 0.0235595703125
1 0.4496614583333333 0.2772314453125 0.04563802083333333 0.033857421875
1 0.611328125 0.3662109375 0.05126953125 0.0238671875
1 0.5218098958333334 0.7529296875 0.03658203125 0.0335986328125
1 0.29418619791666667 0.8097509765625 0.04645833333333333 0.0348876953125
1 0.4134114583333333 0.416015625 0.05326171875 0.01771484375
1 0.7408854166666666 0.7119140625 0.03448567708333333 0.035341796875
1 0.609375 0.2315673828125 0.056236979166666666 0.0193798828125
1 0.22444661458333334 0.61767578125 0.04083333333333333 0.0330810546875
1 0.6487630208333334 0.7099609375 0.04642578125 0.029921875
1 0.6282552083333334 0.269287109375 0.048665364583333336 0.032470703125
1 0.5083723958333334 0.317958984375 0.04527994791666667 0.0331005859375
1 0.4899088541666667 0.263916015625 0.03493489583333333 0.0389697265625
1 0.22819010416666666 0.51806640625 0.033125 0.037109375
1 0.6940104166666666 0.64111328125 0.02805338541666667 0.0372607421875
1 0.7890625 0.28759765625 0.026653645833333333 0.0411376953125
1 0.7272135416666666 0.341796875 0.033567708333333335 0.0383935546875
1 0.4467903645833333 0.326904296875 0.047903645833333335 0.0335400390625
1 0.6966145833333334 0.276123046875 0.0458984375 0.0298779296875
1 0.2955729166666667 0.35888671875 0.03540364583333334 0.0408349609375
1 0.7584635416666666 0.394287109375 0.03257161458333333 0.0398583984375
1 0.6090494791666666 0.73828125 0.02938151041666667 0.035888671875
1 0.3172200520833333 0.73486328125 0.030520833333333334 0.03271484375
1 0.6870833333333333 0.2419873046875 0.054348958333333336 0.0246923828125
1 0.4232942708333333 0.7347119140625 0.045110677083333335 0.0306884765625
1 0.6160677083333334 0.6022412109375 0.05171875 0.020849609375
1 0.2820638020833333 0.2034912109375 0.03421875 0.0390625
1 0.33026692708333333 0.79794921875 0.03673828125 0.0382861328125
1 0.3388671875 0.72412109375 0.02317057291666667 0.0382373046875
1 0.3916015625 0.76904296875 0.054563802083333335 0.01953125
1 0.32373046875 0.25390625 0.05126953125 0.026962890625
1 0.422578125 0.7870703125 0.047226562500000006 0.030185546875
1 0.38005208333333335 0.7850048828125 0.052890625 0.01771484375
1 0.4830729166666667 0.7822265625 0.039674479166666665 0.0341796875
1 0.4290364583333333 0.57666015625 0.055097656249999995 0.01548828125
1 0.6057942708333334 0.283203125 0.03428385416666666 0.03955078125
1 0.7506510416666666 0.27197265625 0.020891927083333334 0.039794921875
1 0.4762369791666667 0.1915283203125 0.021790364583333333 0.0416259765625
1 0.7864583333333334 0.40673828125 0.034752604166666666 0.0393359375
1 0.376953125 0.3793505859375 0.05131510416666666 0.0278759765625
1 0.4986979166666667 0.7216796875 0.04740234375 0.024658203125
1 0.6979166666666666 0.37255859375 0.05643880208333333 0.020888671875
1 0.7578125 0.67041015625 0.043619791666666664 0.031923828125
1 0.6608072916666666 0.67138671875 0.021627604166666665 0.0393359375
1 0.37505859375 0.3505859375 0.04981119791666667 0.0236962890625
1 0.5472005208333334 0.69482421875 0.048828125 0.0212841796875
1 0.3385416666666667 0.408935546875 0.022910156249999997 0.0397021484375
1 0.2801106770833333 0.263427734375 0.05684244791666667 0.0170458984375
1 0.3876953125 0.2861328125 0.041666666666666664 0.03802734375
1 0.75 0.3427734375 0.03635416666666667 0.0406201171875
1 0.7526041666666666 0.5241064453125 0.021282552083333333 0.0396044921875
1 0.287109375 0.277587890625 0.05716796875 0.016845703125
1 0.7258528645833334 0.4719921875 0.053098958333333335 0.0182568359375
1 0.26879557291666667 0.790458984375 0.04606770833333334 0.0331005859375
1 0.20572916666666666 0.51806640625 0.0326953125 0.0364990234375
1 0.5934244791666666 0.42724609375 0.029153645833333335 0.0381787109375
1 0.4407552083333333 0.8115234375 0.03224609375 0.0330224609375
1 0.4759114583333333 0.359375 0.02033203125 0.0389111328125
1 0.767578125 0.705078125 0.034342447916666664 0.0375390625
1 0.73046875 0.270263671875 0.021119791666666665 0.0396435546875
1 0.2513020833333333 0.366943359375 0.052369791666666665 0.0207958984375
1 0.7623697916666666 0.36767578125 0.05497395833333333 0.0165869140625
1 0.7747395833333334 0.325439453125 0.027792968749999997 0.0401025390625
1 0.5784505208333334 0.394775390625 0.04960286458333333 0.0172412109375
1 0.31555338541666667 0.7660498046875 0.05306640625 0.016220703125
1 0.5055338541666666 0.69287109375 0.02468098958333333 0.03662109375
1 0.3805338541666667 0.431884765625 0.023072916666666665 0.0386962890625
1 0.429921875 0.4325732421875 0.05434244791666667 0.018720703125
1 0.3651432291666667 0.308876953125 0.04345703125 0.0396533203125
1 0.416015625 0.4736328125 0.0508203125 0.0163427734375
1 0.3063151041666667 0.2049560546875 0.03440104166666667 0.0398583984375
1 0.4954427083333333 0.35498046875 0.02080078125 0.0382373046875
1 0.7369791666666666 0.30126953125 0.05025390625 0.0185400390625
1 0.31787109375 0.400390625 0.02352213541666667 0.0423291015625
1 0.47650390625 0.3159619140625 0.028483072916666668 0.04046875
1 0.22444661458333334 0.341064453125 0.04809895833333333 0.03125
1 0.29226562500000003 0.748046875 0.05052083333333333 0.0231494140625
1 0.359375 0.414794921875 0.022910156249999997 0.0418408203125
1 0.24007161458333334 0.2401123046875 0.026549479166666667 0.0394287109375
1 0.73828125 0.31591796875 0.05195963541666667 0.018583984375
1 0.4580078125 0.367919921875 0.01875 0.038759765625
1 0.25453125 0.767578125 0.05276041666666667 0.023515625
1 0.5654296875 0.7734375 0.025208333333333333 0.04052734375
1 0.6461588541666666 0.73486328125 0.048951822916666665 0.0176416015625
1 0.7838541666666666 0.51025390625 0.043619791666666664 0.04123046875
1 0.4397786458333333 0.3623046875 0.019563802083333335 0.0401025390625
1 0.7981770833333334 0.380615234375 0.021868489583333334 0.04177734375
1 0.75 0.64794921875 0.05147135416666667 0.0227197265625
1 0.7981770833333334 0.31787109375 0.023984375000000002 0.041533203125
1 0.4951171875 0.447509765625 0.022805989583333335 0.040986328125
1 0.7799479166666666 0.466796875 0.053144531249999995 0.0155419921875
1 0.5787760416666666 0.1871337890625 0.053346354166666665 0.0206005859375
1 0.7513020833333334 0.6181640625 0.051191406249999995 0.0224169921875
1 0.3282877604166667 0.206298828125 0.03135416666666666 0.04052734375
1 0.4606119791666667 0.4130859375 0.023359375 0.0379052734375
1 0.7610677083333334 0.494140625 0.059694010416666665 0.017578125
1 0.5299479166666666 0.77978515625 0.04931640625 0.0160986328125
1 0.7486979166666666 0.24365234375 0.056315104166666664 0.0178515625
1 0.35162109375 0.3191162109375 0.03944661458333334 0.0375390625
1 0.7421875 0.5830078125 0.03712890625 0.0334765625
1 0.6142578125 0.412841796875 0.020651041666666665 0.0426318359375
1 0.4036458333333333 0.2213134765625 0.026549479166666667 0.04046875
1 0.662109375 0.2802734375 0.019713541666666667 0.0403125
1 0.22509765625 0.4805322265625 0.021790364583333333 0.0409228515625
1 0.7864583333333334 0.35302734375 0.04419270833333333 0.015302734375
1 0.2919921875 0.64453125 0.046263020833333335 0.0164013671875
1 0.4850260416666667 0.3994140625 0.020104166666666666 0.0413232421875
1 0.646484375 0.2020263671875 0.05293619791666667 0.0204150390625
1 0.48335937500000004 0.7608935546875 0.041555989583333335 0.03408203125
1 0.34100911458333333 0.809345703125 0.038867187500000004 0.0385009765625
1 0.28765625 0.796142578125 0.04583333333333334 0.0318994140625
1 0.40224609375000003 0.7561328125 0.05353515625 0.0195263671875
1 0.379140625 0.71900390625 0.04546875 0.0299755859375
1 0.39032552083333333 0.705390625 0.040703125 0.0352001953125
1 0.41397786458333335 0.7044287109375 0.03666666666666667 0.0354736328125
1 0.43487630208333333 0.7029150390625 0.040332031250000004 0.0352001953125
1 0.4477083333333333 0.68490234375 0.02639973958333333 0.0387744140625
1 0.46623046875 0.67115234375 0.023098958333333332 0.0409765625
1 0.47466145833333334 0.7026416015625 0.04216796875 0.0346484375
1 0.5676106770833333 0.730556640625 0.04693359375 0.0266748046875
1 0.5329622395833333 0.72203125 0.03923177083333333 0.034375
1 0.2585091145833333 0.75283203125 0.04986979166666666 0.025576171875
1 0.2678580729166667 0.72203125 0.04290364583333334 0.032177734375
1 0.2997591145833333 0.70869140625 0.03263671875 0.03794921875
1 0.3234049479166667 0.7008544921875 0.030800781250000003 0.0387744140625
1 0.3582421875 0.6893017578125 0.046197916666666665 0.029423828125
1 0.2783072916666667 0.6942529296875 0.05059895833333333 0.0283251953125
1 0.29150390625 0.6678515625 0.039602864583333335 0.0349267578125
1 0.2629036458333333 0.67404296875 0.03373697916666667 0.039052734375
1 0.24585286458333333 0.6686767578125 0.03630208333333333 0.0398779296875
1 0.23412109375 0.6550634765625 0.03630208333333333 0.039052734375
1 0.34119140625000005 0.6741796875 0.050234375 0.0178759765625
1 0.3355078125 0.6612548828125 0.05866536458333333 0.01732421875
1 0.23320312499999998 0.6017138671875 0.041067708333333335 0.0352001953125
1 0.2698763020833333 0.6272900390625 0.05427083333333333 0.022001953125
1 0.26822265625 0.607763671875 0.04876953125 0.0285986328125
1 0.21194010416666667 0.5809521484375 0.04913411458333333 0.0316259765625
1 0.2284375 0.5584033203125 0.05646484375 0.0178759765625
1 0.21597005208333334 0.5449267578125 0.05646484375 0.015673828125
1 0.4433138020833333 0.655751953125 0.04546875 0.0316259765625
1 0.41544270833333335 0.655888671875 0.041067708333333335 0.0341015625
1 0.38592447916666667 0.6567138671875 0.04583333333333334 0.0330029296875
1 0.38061197916666667 0.6424169921875 0.0483984375 0.0313525390625
1 0.35347656250000004 0.6341650390625 0.028600260416666665 0.03794921875
1 0.333125 0.6356787109375 0.02970052083333333 0.0387744140625
1 0.32083984375 0.617666015625 0.030800781250000003 0.03794921875
1 0.30544270833333337 0.60900390625 0.029335937500000003 0.0382275390625
1 0.2942578125 0.588515625 0.02823567708333333 0.0401513671875
1 0.3602604166666667 0.6063916015625 0.053170572916666665 0.0231005859375
1 0.3883072916666667 0.6197265625 0.04766927083333333 0.03052734375
1 0.41690755208333335 0.6189013671875 0.03153645833333333 0.0404248046875
1 0.43891276041666666 0.624541015625 0.021998697916666667 0.0401513671875
1 0.4570638020833333 0.6168408203125 0.020898437500000002 0.040703125
1 0.4788802083333333 0.6407666015625 0.02493489583333333 0.0401513671875
1 0.4920768229166667 0.66771484375 0.03593098958333333 0.03740234375
1 0.49483072916666665 0.63017578125 0.023098958333333332 0.0404248046875
1 0.5148111979166666 0.6378759765625 0.02419921875 0.0409765625
1 0.5318619791666667 0.6613916015625 0.033365885416666664 0.0385009765625
1 0.5485481770833334 0.66716796875 0.03373697916666667 0.039052734375
1 0.5824609374999999 0.6939794921875 0.023834635416666666 0.0409765625
1 0.6194986979166667 0.693291015625 0.02896484375 0.039599609375
1 0.6414973958333333 0.6737646484375 0.0245703125 0.0401513671875
1 0.6072135416666666 0.6784423828125 0.029335937500000003 0.0385009765625
1 0.5707291666666666 0.6651025390625 0.0341015625 0.0365771484375
1 0.5997005208333334 0.6545166015625 0.03703125 0.03794921875
1 0.6299479166666667 0.6425537109375 0.030800781250000003 0.0387744140625
1 0.6699153645833333 0.703330078125 0.04913411458333333 0.0283251953125
1 0.71080078125 0.6873779296875 0.054635416666666665 0.022275390625
1 0.7355533854166666 0.675693359375 0.041067708333333335 0.036298828125
1 0.6966861979166666 0.6679931640625 0.05133463541666666 0.0275
1 0.5380859375 0.629072265625 0.038385416666666665 0.0346533203125
1 0.5752278645833333 0.6333349609375 0.038736979166666664 0.0373193359375
1 0.5990364583333333 0.6318701171875 0.0358984375 0.03705078125
1 0.6402669270833333 0.6112109375 0.049401041666666666 0.0303857421875
1 0.6649674479166666 0.6152099609375 0.04620442708333333 0.029853515625
1 0.6587434895833334 0.6383984375 0.042291666666666665 0.0319873046875
1 0.6893098958333334 0.5969482421875 0.04798177083333333 0.0285205078125
1 0.6118359375 0.5890869140625 0.05224609375 0.0197265625
1 0.7268098958333334 0.575361328125 0.03909505208333333 0.035986328125
1 0.7154361979166667 0.56283203125 0.038385416666666665 0.0354541015625
1 0.7035286458333333 0.54763671875 0.034472656250000004 0.03865234375
1 0.6797135416666666 0.5649658203125 0.034472656250000004 0.038115234375
1 0.7703450520833334 0.54083984375 0.039453125 0.035185546875
1 0.43714843750000004 0.589619140625 0.0540234375 0.015458984375
1 0.4870833333333333 0.602412109375 0.04300130208333333 0.0346533203125
1 0.47855468749999996 0.5814892578125 0.03234375 0.0375830078125
1 0.5681184895833333 0.6148095703125 0.04371744791666667 0.03171875
1 0.5572786458333333 0.60361328125 0.0469140625 0.0322509765625
1 0.5238671874999999 0.6044140625 0.04904296875 0.0258544921875
1 0.5103645833333333 0.5794921875 0.03341145833333333 0.0378515625
1 0.5188932291666667 0.56203125 0.03695963541666667 0.0354541015625
1 0.5332877604166667 0.554169921875 0.034472656250000004 0.0357177734375
1 0.5476822916666667 0.5781591796875 0.04762369791666667 0.0282568359375
1 0.5825130208333333 0.5713623046875 0.0326953125 0.038115234375
1 0.6100585937499999 0.5664306640625 0.04158203125 0.0357177734375
1 0.6388411458333333 0.56203125 0.03802734375 0.035986328125
1 0.6509244791666667 0.5757568359375 0.03163411458333334 0.0394482421875
1 0.6752734375 0.53337890625 0.038385416666666665 0.03625
1 0.6486197916666666 0.528310546875 0.03909505208333333 0.0357177734375
1 0.6830924479166667 0.5175146484375 0.04264973958333334 0.0349169921875
1 0.6189388020833334 0.5421728515625 0.05224609375 0.0255908203125
1 0.6024153645833333 0.5332421875 0.04904296875 0.0247900390625
1 0.5693619791666666 0.5452392578125 0.022037760416666666 0.0391845703125
1 0.5491015625 0.5377734375 0.022037760416666666 0.0402490234375
1 0.7308919270833334 0.5255126953125 0.024524739583333333 0.04078125
1 0.2557161458333333 0.5874853515625 0.055091145833333334 0.020791015625
1 0.26229166666666665 0.573359375 0.053313802083333334 0.020791015625
1 0.28183593749999997 0.560966796875 0.05615234375 0.017861328125
1 0.26975260416666663 0.545771484375 0.05544270833333333 0.016259765625
1 0.29356770833333334 0.534443359375 0.05686197916666667 0.0165283203125
1 0.2699283854166667 0.520048828125 0.055800781249999994 0.02185546875
1 0.3227083333333333 0.5229833984375 0.053313802083333334 0.0197265625
1 0.32608723958333335 0.5456396484375 0.054375 0.0255908203125
1 0.33319661458333333 0.558564453125 0.049401041666666666 0.0247900390625
1 0.3282161458333333 0.57642578125 0.05011067708333333 0.0285205078125
1 0.3458138020833333 0.5872216796875 0.04904296875 0.02345703125
1 0.3929036458333333 0.592685546875 0.049401041666666666 0.026923828125
1 0.3770833333333334 0.572158203125 0.05046875 0.0247900390625
1 0.41475911458333337 0.562431640625 0.053313802083333334 0.0175927734375
1 0.45580729166666667 0.5618994140625 0.03731770833333333 0.03625
1 0.4655859375 0.548837890625 0.03625 0.0357177734375
1 0.48015625 0.54017578125 0.03625 0.0365185546875
1 0.43181640625 0.538173828125 0.041940104166666665 0.03412109375
1 0.4184895833333333 0.523515625 0.03234375 0.0383837890625
1 0.38419270833333335 0.5512353515625 0.05188802083333333 0.0186572265625
1 0.37583984374999996 0.538974609375 0.055091145833333334 0.0186572265625
1 0.37459635416666665 0.5247119140625 0.051178385416666666 0.01732421875
1 0.3587825520833334 0.504853515625 0.05153645833333333 0.02505859375
1 0.3189778645833333 0.50765625 0.05224609375 0.0210595703125
1 0.3182682291666667 0.4835302734375 0.03305338541666667 0.0373193359375
1 0.353984375 0.4884619140625 0.04975911458333334 0.0258544921875
1 0.3770833333333334 0.4802001953125 0.04122395833333333 0.0349169921875
1 0.4080078125 0.4979248046875 0.045494791666666666 0.0277197265625
1 0.28876953125 0.490859375 0.03376302083333333 0.03865234375
1 0.2656640625 0.4956591796875 0.03234375 0.03865234375
1 0.2470052083333333 0.4927294921875 0.029140625 0.0402490234375
1 0.2598046875 0.4670068359375 0.052597656250000006 0.0186572265625
1 0.5027213541666666 0.5267138671875 0.020970052083333333 0.040517578125
1 0.4463932291666666 0.503125 0.029856770833333334 0.038115234375
1 0.4673567708333333 0.504453125 0.02345703125 0.039716796875
1 0.48673177083333335 0.5057861328125 0.026653645833333333 0.04078125
1 0.5077018229166667 0.4853955078125 0.019544270833333332 0.0394482421875
1 0.52564453125 0.5067236328125 0.022037760416666666 0.0399853515625
1 0.5464388020833334 0.49845703125 0.020970052083333333 0.0394482421875
1 0.56509765625 0.50458984375 0.01990234375 0.0410498046875
1 0.5842903645833334 0.5127197265625 0.021321614583333332 0.041318359375
1 0.6041927083333333 0.5069873046875 0.024876302083333333 0.04158203125
1 0.6248046875000001 0.503125 0.02701171875 0.0402490234375
1 0.6598111979166666 0.496591796875 0.04798177083333333 0.029853515625
1 0.6930403645833333 0.493525390625 0.024876302083333333 0.04078125
1 0.7136588541666667 0.4971240234375 0.024166666666666666 0.04158203125
1 0.7794075520833333 0.4520751953125 0.05686197916666667 0.015458984375
1 0.779765625 0.4374169921875 0.057578125 0.017060546875
1 0.7579036458333334 0.420625 0.055091145833333334 0.0202587890625
1 0.7268098958333334 0.4287548828125 0.05473307291666666 0.021591796875
1 0.7250325520833334 0.4435498046875 0.05686197916666667 0.020791015625
1 0.7255598958333334 0.4571435546875 0.057220052083333334 0.0191943359375
1 0.73693359375 0.390634765625 0.03234375 0.039716796875
1 0.7191666666666667 0.397431640625 0.03234375 0.038916015625
1 0.6996158854166666 0.3985009765625 0.03234375 0.038916015625
1 0.67865234375 0.4710009765625 0.049401041666666666 0.031455078125
1 0.6777604166666666 0.454208984375 0.04904296875 0.0277197265625
1 0.67740234375 0.4382177734375 0.051178385416666666 0.0282568359375
1 0.6724283854166666 0.4242236328125 0.05473307291666666 0.02638671875
1 0.6665625000000001 0.4112939453125 0.05295572916666667 0.0255908203125
1 0.65341796875 0.3991650390625 0.054375 0.0237255859375
1 0.6367122395833333 0.4326171875 0.028079427083333334 0.0394482421875
1 0.6450651041666667 0.4752685546875 0.020611979166666666 0.0394482421875
1 0.62462890625 0.464072265625 0.023098958333333332 0.0394482421875
1 0.59921875 0.4736669921875 0.03341145833333333 0.0367822265625
1 0.5853580729166666 0.4666064453125 0.03341145833333333 0.038115234375
1 0.56509765625 0.46513671875 0.03198567708333334 0.0378515625
1 0.5530143229166666 0.449013671875 0.03198567708333334 0.038115234375
1 0.5722070312499999 0.4222216796875 0.029856770833333334 0.038916015625
1 0.54376953125 0.430751953125 0.034830729166666664 0.0378515625
1 0.5219140624999999 0.4598095703125 0.025944010416666666 0.0399853515625
1 0.46274088541666664 0.4539453125 0.04833333333333333 0.029853515625
1 0.436796875 0.4510107421875 0.04833333333333333 0.0303857421875
1 0.39947916666666666 0.4562109375 0.045494791666666666 0.030654296875
1 0.344921875 0.437548828125 0.05224609375 0.021591796875
1 0.35132161458333333 0.4532763671875 0.055091145833333334 0.0210595703125
1 0.3333723958333333 0.4652734375 0.04904296875 0.0258544921875
1 0.30049479166666665 0.452744140625 0.03376302083333333 0.0391845703125
1 0.2846809895833333 0.4450146484375 0.03625 0.038115234375
1 0.26638020833333337 0.4416796875 0.036608072916666665 0.0373193359375
1 0.24380859375 0.4408837890625 0.038385416666666665 0.0378515625
1 0.2925 0.4079638671875 0.0326953125 0.0402490234375
1 0.26975260416666663 0.4060986328125 0.0398046875 0.034384765625
1 0.26210937500000003 0.3878369140625 0.040162760416666665 0.03412109375
1 0.3056510416666667 0.3757080078125 0.04620442708333333 0.0301220703125
1 0.4327083333333333 0.392236328125 0.03802734375 0.0375830078125
1 0.5247591145833334 0.4212890625 0.039453125 0.03865234375
1 0.5128515625 0.40916015625 0.038385416666666665 0.0357177734375
1 0.5403971354166667 0.393037109375 0.034472656250000004 0.0365185546875
1 0.5089453125 0.3843701171875 0.03198567708333334 0.0399853515625
1 0.6240950520833334 0.3847705078125 0.053313802083333334 0.0183935546875
1 0.65341796875 0.371044921875 0.04087239583333333 0.03412109375
1 0.5746940104166667 0.3781103515625 0.05473307291666666 0.0194580078125
1 0.56314453125 0.3618505859375 0.05011067708333333 0.0285205078125
1 0.5597656249999999 0.3465234375 0.05046875 0.0255908203125
1 0.6086328125 0.34865234375 0.05224609375 0.024521484375
1 0.63919921875 0.343857421875 0.049401041666666666 0.0287890625
1 0.5219140624999999 0.351455078125 0.035182291666666664 0.038115234375
1 0.55408203125 0.333193359375 0.05188802083333333 0.026123046875
1 0.38152994791666667 0.3034716796875 0.04087239583333333 0.0365185546875
1 0.32306640625 0.317734375 0.04477864583333333 0.0367822265625
1 0.27455078125 0.339189453125 0.039453125 0.0365185546875
1 0.23527994791666665 0.3307958984375 0.04762369791666667 0.0319873046875
1 0.2566015625 0.3061376953125 0.04904296875 0.0322509765625
1 0.27170572916666663 0.2978759765625 0.04655598958333334 0.0333203125
1 0.4542122395833333 0.29427734375 0.04975911458333334 0.03412109375
1 0.6836263020833333 0.3595849609375 0.05366536458333334 0.020791015625
1 0.7017513020833334 0.3242626953125 0.03091796875 0.039716796875
1 0.6854036458333334 0.331328125 0.030208333333333334 0.0394482421875
1 0.6653190104166666 0.3341259765625 0.031276041666666664 0.0402490234375
1 0.6017057291666666 0.3106689453125 0.04477864583333333 0.034384765625
1 0.6329817708333333 0.3161328125 0.03625 0.0383837890625
1 0.6422200520833333 0.2982763671875 0.041940104166666665 0.03412109375
1 0.6777604166666666 0.2554931640625 0.053313802083333334 0.0231884765625
1 0.6439973958333333 0.241767578125 0.04122395833333333 0.038916015625
1 0.5679427083333334 0.290546875 0.053313802083333334 0.022392578125
1 0.5224479166666667 0.2789501953125 0.038385416666666665 0.0375830078125
1 0.5098307291666667 0.265888671875 0.03802734375 0.0391845703125
1 0.5530143229166666 0.2418994140625 0.04904296875 0.0327880859375
1 0.5276041666666667 0.235234375 0.05153645833333333 0.02798828125
1 0.4831770833333333 0.239765625 0.04655598958333334 0.0333203125
1 0.5714908854166666 0.2017822265625 0.057578125 0.0213232421875
1 0.4471028645833333 0.2119091796875 0.03767578125 0.0410498046875
