1 0.5860221354166667 0.4612255859375 0.049687499999999996 0.02560546875
1 0.5777994791666666 0.41015625 0.0508203125 0.0258642578125
1 0.35307942708333334 0.508505859375 0.04298177083333333 0.0325341796875
1 0.66056640625 0.43318359375 0.035546875 0.0370849609375
1 0.5836588541666666 0.365234375 0.037923177083333336 0.03515625
1 0.5462239583333334 0.465087890625 0.02352213541666667 0.03732421875
1 0.4440104166666667 0.48486328125 0.04756510416666667 0.029814453125
1 0.4248046875 0.46044921875 0.048828125 0.0264599609375
1 0.654296875 0.47998046875 0.04902994791666667 0.0263525390625
1 0.5159505208333334 0.403076171875 0.028281249999999997 0.03689453125
1 0.5472005208333334 0.415283203125 0.03741536458333333 0.0321044921875
1 0.6292317708333334 0.4287109375 0.042076822916666666 0.0322265625
1 0.3935546875 0.406982421875 0.041914062499999995 0.0327783203125
1 0.4222005208333333 0.39794921875 0.030865885416666666 0.0379638671875
1 0.6369205729166666 0.455322265625 0.052819010416666666 0.0240478515625
1 0.2937825520833333 0.348388671875 0.053144531249999995 0.0241845703125
1 0.3440755208333333 0.360107421875 0.03953125 0.02908203125
1 0.6048177083333334 0.38671875 0.044270833333333336 0.0322265625
1 0.5833333333333334 0.52294921875 0.04858723958333333 0.0248876953125
1 0.3675130208333333 0.457275390625 0.04984375 0.02224609375
1 0.5777994791666666 0.435302734375 0.05033203125 0.02580078125
1 0.4768880208333333 0.587890625 0.03169921875 0.0364404296875
1 0.57853515625 0.449033203125 0.050865885416666666 0.0269970703125
1 0.3948567708333333 0.61767578125 0.023886718749999997 0.03662109375
1 0.4046223958333333 0.6455078125 0.03421875 0.0372607421875
1 0.2589518229166667 0.328125 0.05639973958333333 0.01890625
1 0.2930078125 0.3725244140625 0.051881510416666665 0.027451171875
1 0.4514973958333333 0.399169921875 0.02370442708333333 0.0396435546875
1 0.46111979166666667 0.608603515625 0.03755208333333333 0.036650390625
1 0.3509114583333333 0.38916015625 0.023802083333333335 0.0394921875
1 0.5494791666666666 0.50634765625 0.02938151041666667 0.038603515625
1 0.5548307291666666 0.5723486328125 0.02902994791666667 0.038828125
1 0.3528645833333333 0.30126953125 0.048749999999999995 0.02908203125
1 0.295 0.3220849609375 0.04956380208333333 0.03041015625
1 0.4329427083333333 0.44140625 0.0478515625 0.0167236328125
1 0.435546875 0.339599609375 0.048951822916666665 0.0276953125
1 0.4348958333333333 0.6006103515625 0.026894531250000003 0.037548828125
1 0.5032552083333334 0.5146484375 0.048014322916666664 0.027373046875
1 0.52783203125 0.443193359375 0.04830078125 0.0263818359375
1 0.5387369791666666 0.57666015625 0.029544270833333334 0.03607421875
1 0.6822916666666666 0.43310546875 0.03493489583333333 0.035673828125
1 0.4401041666666667 0.373046875 0.026080729166666667 0.042236328125
1 0.3678385416666667 0.6064453125 0.0376171875 0.03662109375
1 0.5719075520833333 0.56435546875 0.026197916666666668 0.0392626953125
1 0.4143880208333333 0.59765625 0.025696614583333333 0.038544921875
1 0.396484375 0.44140625 0.02931640625 0.0379052734375
1 0.36562500000000003 0.6447119140625 0.03169270833333333 0.038095703125
1 0.6848958333333334 0.619140625 0.04984375 0.0253759765625
1 0.4671223958333333 0.6494140625 0.021282552083333333 0.039794921875
1 0.4270833333333333 0.47412109375 0.0449609375 0.024658203125
1 0.6492513020833334 0.4656982421875 0.050416666666666665 0.024384765625
1 0.610859375 0.5756591796875 0.030514322916666666 0.0392578125
1 0.5374348958333334 0.5185546875 0.028606770833333333 0.0354931640625
1 0.638671875 0.388427734375 0.021542968750000002 0.0397021484375
1 0.5859375 0.492919921875 0.030800781250000003 0.0378125
1 0.41912760416666667 0.6558984375 0.036432291666666665 0.0380126953125
1 0.3224283854166667 0.354248046875 0.042890624999999995 0.027177734375
1 0.32852864583333335 0.6420654296875 0.03248046875 0.0391796875
1 0.568359375 0.49951171875 0.02921875 0.0389111328125
1 0.5289713541666666 0.59765625 0.038938802083333335 0.03396484375
1 0.38671875 0.37353515625 0.03989583333333333 0.0285498046875
1 0.41162109375 0.35037109375 0.03760416666666667 0.0378173828125
1 0.5055338541666666 0.52978515625 0.04756510416666667 0.0273291015625
1 0.37618489583333337 0.3586376953125 0.04597005208333333 0.0318798828125
1 0.6018880208333334 0.63916015625 0.04005859375 0.0350048828125
1 0.33984375 0.65576171875 0.03169921875 0.03955078125
1 0.38074218750000005 0.5078369140625 0.034016927083333336 0.037548828125
1 0.3735481770833333 0.66416015625 0.031412760416666664 0.039384765625
1 0.5908203125 0.56048828125 0.021035156250000003 0.0400927734375
1 0.4996744791666667 0.482666015625 0.023619791666666667 0.0389697265625
1 0.3587239583333333 0.318359375 0.03389322916666667 0.023515625
1 0.5003255208333334 0.5775537109375 0.02056640625 0.0410595703125
1 0.3330859375 0.53197265625 0.04880208333333333 0.0297265625
1 0.4249674479166667 0.42578125 0.051679687499999995 0.015302734375
1 0.6529947916666666 0.654296875 0.04740234375 0.0255126953125
1 0.36328125 0.33837890625 0.04984375 0.0171044921875
1 0.5628255208333334 0.66162109375 0.026653645833333333 0.0396435546875
1 0.6959635416666666 0.6513671875 0.046263020833333335 0.0318017578125
1 0.642578125 0.66650390625 0.049192708333333335 0.0256201171875
1 0.5303320312500001 0.47103515625 0.02736328125 0.0387060546875
1 0.5319010416666666 0.360595703125 0.021197916666666667 0.0391259765625
1 0.38663411458333335 0.3934521484375 0.04597005208333333 0.033125
1 0.3141276041666667 0.5390625 0.043782552083333336 0.028974609375
1 0.42799479166666665 0.6703564453125 0.03985677083333333 0.0373876953125
1 0.2620442708333333 0.2193603515625 0.021542968750000002 0.04345703125
1 0.3165625 0.3169580078125 0.04656901041666667 0.034423828125
1 0.6020963541666667 0.48755859375 0.03201822916666667 0.039169921875
1 0.34254557291666665 0.497119140625 0.044134114583333335 0.033408203125
1 0.5877799479166667 0.3975244140625 0.05059895833333333 0.0266748046875
1 0.2971875 0.3899609375 0.053170572916666665 0.0269482421875
