1 0.7272135416666666 0.25634765625 0.021868489583333334 0.0409228515625
1 0.4264322916666667 0.248046875 0.021035156250000003 0.042236328125
1 0.4075520833333333 0.254150390625 0.020651041666666665 0.0390625
1 0.728515625 0.359130859375 0.030865885416666666 0.0399462890625
1 0.2864583333333333 0.76904296875 0.02272786458333333 0.038603515625
1 0.3688151041666667 0.81396484375 0.03263671875 0.0375390625
1 0.564453125 0.7333984375 0.045572916666666664 0.02685546875
1 0.5524088541666666 0.34765625 0.018821614583333333 0.0393359375
1 0.6409505208333334 0.34375 0.03554036458333334 0.0378125
1 0.3798828125 0.216796875 0.02614583333333333 0.04046875
1 0.6842447916666666 0.7119140625 0.03574869791666666 0.03396484375
1 0.3795572916666667 0.76318359375 0.03770182291666666 0.0357373046875
1 0.6266276041666666 0.2568359375 0.052858072916666665 0.0202490234375
1 0.27978515625 0.47607421875 0.04512369791666667 0.0330810546875
1 0.5166015625 0.2362060546875 0.028606770833333333 0.0406201171875
1 0.2255859375 0.69384765625 0.035078125 0.0347607421875
1 0.7877604166666666 0.5751953125 0.023984375000000002 0.0391845703125
1 0.2532552083333333 0.74658203125 0.034609375 0.0382373046875
1 0.3113606770833333 0.77880859375 0.032063802083333336 0.040009765625
1 0.4967447916666667 0.2359619140625 0.029765625 0.0383935546875
1 0.25830078125 0.72119140625 0.0478515625 0.0281689453125
1 0.6617838541666666 0.29296875 0.03835286458333333 0.038544921875
1 0.2664388020833333 0.77392578125 0.025494791666666666 0.038759765625
1 0.7779947916666666 0.5361328125 0.04960286458333333 0.026552734375
1 0.6155598958333334 0.74267578125 0.049401041666666666 0.03271484375
1 0.7415364583333334 0.301513671875 0.051191406249999995 0.023466796875
1 0.349609375 0.75830078125 0.0449609375 0.0246142578125
1 0.3328450520833333 0.315185546875 0.01978515625 0.0406787109375
1 0.4205729166666667 0.76904296875 0.0405859375 0.0362255859375
1 0.2937825520833333 0.281982421875 0.051881510416666665 0.0295849609375
1 0.7493489583333334 0.66162109375 0.029824218750000003 0.0355517578125
1 0.21484375 0.55615234375 0.03275390625 0.0382373046875
1 0.7473958333333334 0.257568359375 0.021282552083333333 0.0393359375
1 0.2605794270833333 0.258544921875 0.030455729166666667 0.0410791015625
1 0.7389322916666666 0.499755859375 0.026959635416666666 0.03607421875
1 0.7799479166666666 0.68603515625 0.053671875 0.021240234375
1 0.5354817708333334 0.71142578125 0.032063802083333336 0.0365625
1 0.6686197916666666 0.6884765625 0.049401041666666666 0.0190576171875
1 0.3727213541666667 0.2578125 0.052656249999999995 0.019990234375
1 0.5426432291666666 0.26513671875 0.0253125 0.0423876953125
1 0.3234049479166667 0.480712890625 0.0336328125 0.0369873046875
1 0.7698372395833334 0.6989306640625 0.056757812500000004 0.01873046875
1 0.4752604166666667 0.72216796875 0.03318359375 0.03689453125
1 0.7669270833333334 0.259765625 0.022298177083333332 0.0379052734375
1 0.3307291666666667 0.80615234375 0.03501302083333333 0.039794921875
1 0.4612630208333333 0.2318115234375 0.046959635416666666 0.030380859375
1 0.7884114583333334 0.625 0.024960937500000002 0.0381787109375
1 0.771484375 0.3876953125 0.054361979166666664 0.0171044921875
1 0.787109375 0.259521484375 0.022298177083333332 0.0401611328125
1 0.6363932291666666 0.291259765625 0.04642578125 0.0335986328125
1 0.3805338541666667 0.65673828125 0.047037760416666664 0.01548828125
1 0.724609375 0.401611328125 0.02056640625 0.0381787109375
1 0.6139322916666666 0.2281494140625 0.053059895833333336 0.017578125
1 0.3756510416666667 0.724609375 0.048665364583333336 0.0146728515625
1 0.7076822916666666 0.755859375 0.02056640625 0.0393359375
1 0.2555338541666667 0.79833984375 0.03212239583333334 0.0340869140625
1 0.7421419270833334 0.33673828125 0.05199869791666667 0.026494140625
1 0.24088541666666666 0.494140625 0.02736328125 0.0373828125
1 0.775390625 0.360107421875 0.053834635416666665 0.01833984375
1 0.6901041666666666 0.41015625 0.05025390625 0.026611328125
1 0.7473958333333334 0.7109375 0.05054036458333333 0.018935546875
1 0.69921875 0.2349853515625 0.03857421875 0.0379638671875
1 0.5680338541666666 0.256103515625 0.04160807291666666 0.0347607421875
1 0.3974609375 0.386474609375 0.03369140625 0.0383935546875
1 0.29436848958333334 0.3533203125 0.05231119791666666 0.0251806640625
1 0.7688802083333334 0.490234375 0.03540364583333334 0.035341796875
1 0.31494140625 0.259033203125 0.049967447916666664 0.02859375
1 0.2527669270833333 0.399169921875 0.03568359375 0.040986328125
1 0.4205729166666667 0.206298828125 0.053346354166666665 0.0170458984375
1 0.4143880208333333 0.2213134765625 0.049765625 0.0178515625
1 0.279296875 0.498779296875 0.052369791666666665 0.0163427734375
1 0.6712239583333334 0.78076171875 0.028014322916666667 0.0396435546875
1 0.23990885416666666 0.8037109375 0.036497395833333335 0.033203125
1 0.3688151041666667 0.68310546875 0.019869791666666668 0.03732421875
1 0.7265625 0.77099609375 0.029726562499999998 0.0389111328125
1 0.443359375 0.6806640625 0.02056640625 0.0379052734375
1 0.53515625 0.2239990234375 0.03345052083333334 0.038544921875
1 0.287109375 0.80810546875 0.023072916666666665 0.0384521484375
1 0.552734375 0.79150390625 0.03798177083333334 0.0325927734375
1 0.5901692708333334 0.8040234375 0.021542968750000002 0.0424267578125
1 0.3880208333333333 0.68359375 0.02048828125 0.038115234375
1 0.7682291666666666 0.59130859375 0.023984375000000002 0.0397021484375
1 0.7545572916666666 0.2314453125 0.05423828125 0.019013671875
1 0.74609375 0.72509765625 0.05054036458333333 0.0165234375
1 0.4661458333333333 0.19677734375 0.0321875 0.0401611328125
1 0.3740234375 0.71044921875 0.0478515625 0.01490234375
1 0.6168619791666666 0.626953125 0.05244791666666667 0.0225048828125
1 0.6474609375 0.73388671875 0.024778645833333335 0.0375390625
1 0.509765625 0.197021484375 0.03188151041666667 0.0382373046875
1 0.4248046875 0.68017578125 0.019941406249999998 0.0389697265625
1 0.23111979166666666 0.42822265625 0.026796874999999998 0.0390625
1 0.212890625 0.60546875 0.023802083333333335 0.03759765625
1 0.5341796875 0.767578125 0.028867187500000002 0.038330078125
1 0.32149088541666665 0.53435546875 0.050865885416666666 0.022998046875
1 0.24365234375 0.319580078125 0.052734375 0.025419921875
1 0.7916666666666666 0.332275390625 0.04014322916666666 0.035615234375
1 0.6539713541666666 0.2337646484375 0.053346354166666665 0.03173828125
1 0.35650390625 0.5276025390625 0.05091145833333333 0.0225537109375
1 0.3141276041666667 0.371826171875 0.053144531249999995 0.0210888671875
1 0.7688802083333334 0.415283203125 0.0517578125 0.018876953125
1 0.76953125 0.43115234375 0.051679687499999995 0.0182958984375
1 0.4895833333333333 0.1943359375 0.03281901041666666 0.038603515625
1 0.6100260416666666 0.79052734375 0.021035156250000003 0.0409228515625
1 0.3240559895833333 0.2091064453125 0.023359375 0.0406201171875
1 0.4560546875 0.48291015625 0.0478515625 0.01478515625
1 0.6888020833333334 0.759765625 0.02033203125 0.0390625
1 0.21728515625 0.715791015625 0.03147135416666667 0.036591796875
1 0.4453125 0.3984375 0.049967447916666664 0.0192724609375
1 0.6803385416666666 0.3916015625 0.052369791666666665 0.016787109375
1 0.3587239583333333 0.79833984375 0.03416015625 0.0374755859375
1 0.2431640625 0.2015380859375 0.03318359375 0.0403125
1 0.798828125 0.292236328125 0.022565104166666666 0.0343017578125
1 0.7845052083333334 0.72705078125 0.0234375 0.0393359375
1 0.3515625 0.278076171875 0.05684244791666667 0.0309619140625
1 0.2607421875 0.19580078125 0.03200520833333333 0.04025390625
1 0.24072265625 0.293212890625 0.046263020833333335 0.0264599609375
1 0.3492838541666667 0.3623046875 0.051679687499999995 0.0190869140625
1 0.3414713541666667 0.73046875 0.020403645833333334 0.0416259765625
1 0.4889322916666667 0.7802734375 0.03200520833333333 0.038544921875
1 0.33984375 0.2427978515625 0.0546484375 0.0163427734375
1 0.4488932291666667 0.7265625 0.03835286458333333 0.03607421875
1 0.6412760416666666 0.1961669921875 0.054772135416666666 0.0165234375
1 0.7467447916666666 0.7392578125 0.052167968749999995 0.0157763671875
1 0.28173828125 0.5126953125 0.052656249999999995 0.016845703125
1 0.23974609375 0.22607421875 0.04931640625 0.025908203125
1 0.6487630208333334 0.2110595703125 0.051106770833333336 0.01646484375
1 0.4248046875 0.189208984375 0.050703124999999995 0.0173046875
1 0.2996419270833333 0.19091796875 0.028483072916666668 0.04177734375
1 0.2801106770833333 0.19091796875 0.029726562499999998 0.0401611328125
1 0.6002604166666666 0.2440185546875 0.053834635416666665 0.0165869140625
1 0.3779296875 0.73876953125 0.049192708333333335 0.0157763671875
1 0.6178385416666666 0.54052734375 0.048216145833333335 0.0205224609375
1 0.77734375 0.29736328125 0.024127604166666667 0.0386962890625
1 0.4459635416666667 0.5166015625 0.04911458333333333 0.023955078125
1 0.2967578125 0.267041015625 0.05224609375 0.0277392578125
1 0.37660156250000004 0.2811279296875 0.04872395833333334 0.0286181640625
1 0.3531184895833333 0.3163525390625 0.020546875 0.041826171875
1 0.37689453125 0.30732421875 0.029355468750000002 0.04138671875
1 0.46172526041666667 0.248544921875 0.054596354166666666 0.0259765625
1 0.5110351562500001 0.273642578125 0.04872395833333334 0.0330224609375
1 0.27835286458333336 0.291005859375 0.050416666666666665 0.0288232421875
1 0.29916015625 0.3159912109375 0.049713541666666666 0.0259130859375
1 0.24362630208333333 0.3470654296875 0.055 0.0240625
1 0.26389973958333335 0.328818359375 0.05323567708333333 0.020888671875
1 0.2912239583333333 0.33767578125 0.05218098958333334 0.0195654296875
1 0.2676041666666667 0.3715234375 0.05076822916666667 0.030146484375
1 0.3589192708333333 0.3887109375 0.03807942708333333 0.037021484375
1 0.33388671875000003 0.3945263671875 0.04794921875 0.030146484375
1 0.32048828125 0.40986328125 0.04231119791666666 0.0359619140625
1 0.2801171875 0.3998193359375 0.044069010416666665 0.0317333984375
1 0.31167317708333336 0.4253369140625 0.037369791666666666 0.034638671875
1 0.26795572916666666 0.4230859375 0.05570963541666666 0.0185107421875
1 0.2832942708333333 0.442255859375 0.05253255208333333 0.02458984375
1 0.3696744791666667 0.4209716796875 0.049713541666666666 0.024326171875
1 0.40387369791666666 0.409599609375 0.05323567708333333 0.016396484375
1 0.4400130208333333 0.4177978515625 0.04794921875 0.0264453125
1 0.46697916666666667 0.4271875 0.030670572916666666 0.03833984375
1 0.39770182291666667 0.3473291015625 0.037369791666666666 0.03728515625
1 0.42537760416666665 0.3535400390625 0.022213541666666666 0.0423095703125
1 0.4553450520833333 0.374033203125 0.03561197916666667 0.0367578125
1 0.476328125 0.37376953125 0.033847656250000004 0.03833984375
1 0.5024153645833334 0.3687451171875 0.026796874999999998 0.040458984375
1 0.39752604166666666 0.30501953125 0.0278515625 0.040458984375
1 0.4169140625 0.3088525390625 0.0264453125 0.0423095703125
1 0.43384114583333333 0.3134814453125 0.028561197916666666 0.041513671875
1 0.44847005208333335 0.3326513671875 0.028912760416666666 0.0401953125
1 0.4664518229166667 0.3346337890625 0.028912760416666666 0.040458984375
1 0.48478515625 0.336884765625 0.030319010416666667 0.04072265625
1 0.5154622395833334 0.3493115234375 0.0408984375 0.0364892578125
1 0.5218098958333334 0.331728515625 0.04371744791666667 0.0351708984375
1 0.5290364583333333 0.314541015625 0.04266276041666667 0.033583984375
1 0.4334895833333334 0.274873046875 0.05253255208333333 0.0261767578125
1 0.46398437499999995 0.2793701171875 0.04583333333333334 0.0319970703125
1 0.4798502604166666 0.2884912109375 0.047246093749999996 0.030146484375
1 0.49589192708333335 0.300390625 0.043365885416666666 0.0317333984375
1 0.5551236979166666 0.307529296875 0.050416666666666665 0.0253857421875
1 0.57205078125 0.340849609375 0.02150390625 0.0417822265625
1 0.5935546875000001 0.3314599609375 0.025032552083333336 0.040986328125
1 0.61294921875 0.3395263671875 0.025032552083333336 0.0417822265625
1 0.57875 0.2997314453125 0.05182942708333333 0.0251220703125
1 0.57998046875 0.2833349609375 0.05147786458333333 0.027763671875
1 0.6362174479166667 0.2705126953125 0.0546484375 0.0222119140625
1 0.6872786458333334 0.249482421875 0.03940104166666667 0.03701171875
1 0.6733138020833334 0.2606689453125 0.040553385416666664 0.03701171875
1 0.6983723958333333 0.28046875 0.04858723958333333 0.03529296875
1 0.7402669270833333 0.2870654296875 0.055091145833333334 0.022666015625
1 0.6876627604166666 0.3052880859375 0.056236979166666666 0.0177880859375
1 0.7062174479166666 0.3210693359375 0.048203125000000006 0.03328125
1 0.7546093749999999 0.3223583984375 0.0501171875 0.02783203125
1 0.7790950520833334 0.374150390625 0.056236979166666666 0.0160693359375
1 0.77240234375 0.402412109375 0.055852864583333335 0.0197998046875
1 0.7066015625 0.355927734375 0.03443359375 0.0404541015625
1 0.6907226562500001 0.36568359375 0.03634114583333333 0.03701171875
1 0.6589713541666666 0.3724267578125 0.05087890625 0.0252490234375
1 0.6272135416666667 0.376875 0.05087890625 0.0266845703125
1 0.5929752604166666 0.376875 0.04514322916666667 0.0289794921875
1 0.5690690104166667 0.3827587890625 0.05087890625 0.0281201171875
1 0.5660091145833334 0.3979638671875 0.0462890625 0.02869140625
1 0.5321484375 0.3905029296875 0.033665364583333336 0.036728515625
1 0.6138281250000001 0.4011181640625 0.045527343750000004 0.030986328125
1 0.624921875 0.41259765625 0.044759114583333336 0.0321337890625
1 0.6436653645833333 0.418046875 0.044759114583333336 0.0321337890625
1 0.5113020833333334 0.4029833984375 0.0462890625 0.030703125
1 0.4975260416666667 0.4131689453125 0.045527343750000004 0.0315625
1 0.57193359375 0.4176171875 0.05203125 0.0215185546875
1 0.5453450520833333 0.4276611328125 0.05087890625 0.0197998046875
1 0.50421875 0.4341162109375 0.04361328125 0.029267578125
1 0.4872005208333334 0.451474609375 0.029459635416666668 0.0387353515625
1 0.59623046875 0.434833984375 0.05317708333333334 0.0146337890625
1 0.5564388020833334 0.444013671875 0.052408854166666664 0.0220947265625
1 0.5321484375 0.456064453125 0.05203125 0.0163525390625
1 0.5648567708333333 0.465966796875 0.04934895833333333 0.0258251953125
1 0.6124869791666666 0.452333984375 0.04973307291666667 0.02955078125
1 0.6522721354166666 0.44501953125 0.020657552083333332 0.0401708984375
1 0.6719791666666667 0.44373046875 0.0202734375 0.039306640625
1 0.7052604166666666 0.46208984375 0.04858723958333333 0.027255859375
1 0.7138671875 0.449609375 0.04897135416666667 0.0275439453125
1 0.7521223958333333 0.455205078125 0.03978515625 0.0358642578125
1 0.7668554687500001 0.4646728515625 0.03863932291666667 0.0364404296875
1 0.7106184895833333 0.4893505859375 0.03634114583333333 0.0387353515625
1 0.6909114583333333 0.492216796875 0.032903645833333335 0.03701171875
1 0.6656640625 0.4833251953125 0.02907552083333333 0.039306640625
1 0.6402213541666667 0.4698388671875 0.029459635416666668 0.039306640625
1 0.6239648437499999 0.479306640625 0.028307291666666665 0.037587890625
1 0.6071289062499999 0.4851904296875 0.032903645833333335 0.03615234375
1 0.5872395833333334 0.487626953125 0.03060546875 0.0387353515625
1 0.571171875 0.49322265625 0.03596354166666667 0.03615234375
1 0.560078125 0.507138671875 0.032903645833333335 0.0364404296875
1 0.5445833333333333 0.514453125 0.032519531250000004 0.036728515625
1 0.5237304687500001 0.4772998046875 0.04667317708333333 0.030126953125
1 0.5093880208333333 0.4869091796875 0.04781901041666667 0.0275439453125
1 0.5017317708333333 0.49982421875 0.0462890625 0.02697265625
1 0.46309895833333337 0.458935546875 0.04246744791666667 0.032421875
1 0.6585872395833333 0.5069970703125 0.04322916666666667 0.0321337890625
1 0.6245377604166666 0.511728515625 0.05164713541666666 0.0197998046875
1 0.58302734375 0.526220703125 0.032135416666666666 0.03615234375
1 0.6216666666666667 0.52607421875 0.05203125 0.0215185546875
1 0.69435546875 0.5280859375 0.02907552083333333 0.039306640625
1 0.7171223958333334 0.528515625 0.03404947916666667 0.0378759765625
1 0.743515625 0.54142578125 0.022571614583333333 0.0401708984375
1 0.7609244791666666 0.5606494140625 0.03596354166666667 0.0378759765625
1 0.7337630208333333 0.5718408203125 0.02983723958333333 0.0390234375
1 0.6991406250000001 0.55849609375 0.0462890625 0.0312744140625
1 0.7025846354166667 0.5788720703125 0.0409375 0.0358642578125
1 0.7090885416666667 0.596513671875 0.04016927083333333 0.0355810546875
1 0.7328059895833333 0.6016796875 0.04858723958333333 0.0275439453125
1 0.6681510416666666 0.5333935546875 0.04246744791666667 0.0321337890625
1 0.6599283854166667 0.55060546875 0.03672526041666666 0.03615234375
1 0.6490234375 0.56423828125 0.03557942708333333 0.0358642578125
1 0.6735091145833333 0.5912060546875 0.021041666666666667 0.0381591796875
1 0.6465364583333334 0.59048828125 0.033665364583333336 0.03615234375
1 0.7689583333333333 0.6275048828125 0.026015625 0.041318359375
1 0.7492578124999999 0.6252099609375 0.025631510416666666 0.0407421875
1 0.7123372395833334 0.62162109375 0.053561197916666664 0.01865234375
1 0.66298828125 0.634677734375 0.02983723958333333 0.0372998046875
1 0.6893815104166667 0.6458642578125 0.03443359375 0.03615234375
1 0.7094661458333333 0.648017578125 0.03557942708333333 0.0364404296875
1 0.7127213541666667 0.66982421875 0.04897135416666667 0.02783203125
1 0.70640625 0.7019580078125 0.03022135416666667 0.0387353515625
1 0.61669921875 0.75748046875 0.04897135416666667 0.02869140625
1 0.5979492187500001 0.73380859375 0.04514322916666667 0.02955078125
1 0.6283658854166666 0.699091796875 0.02486979166666667 0.0404541015625
1 0.5126367187499999 0.70970703125 0.03443359375 0.0381591796875
1 0.4944661458333333 0.712578125 0.03404947916666667 0.0358642578125
1 0.4845182291666667 0.674990234375 0.03634114583333333 0.03529296875
1 0.51359375 0.660068359375 0.043997395833333335 0.0318505859375
1 0.5520442708333334 0.6714013671875 0.03672526041666666 0.0355810546875
1 0.56103515625 0.703251953125 0.0409375 0.033857421875
1 0.5870442708333333 0.7058349609375 0.04016927083333333 0.036728515625
1 0.59814453125 0.69306640625 0.03863932291666667 0.03529296875
1 0.60177734375 0.6729833984375 0.040553385416666664 0.03529296875
1 0.61478515625 0.6632275390625 0.03978515625 0.032998046875
1 0.6425195312499999 0.6650927734375 0.03863932291666667 0.0350048828125
1 0.6627929687499999 0.6635107421875 0.03863932291666667 0.0335693359375
1 0.626640625 0.63611328125 0.05126302083333333 0.02123046875
1 0.5709765625 0.6560546875 0.02869140625 0.0387353515625
1 0.5799674479166667 0.6333837890625 0.03443359375 0.0358642578125
1 0.552421875 0.6264990234375 0.025247395833333335 0.0387353515625
1 0.6197591145833333 0.609140625 0.04973307291666667 0.0229541015625
1 0.6117252604166666 0.5968017578125 0.04973307291666667 0.024677734375
1 0.60349609375 0.5838916015625 0.0501171875 0.0252490234375
1 0.5683007812499999 0.6001025390625 0.043997395833333335 0.0335693359375
1 0.5675390625 0.5772900390625 0.05164713541666666 0.0154931640625
1 0.5870442708333333 0.561943359375 0.05087890625 0.0249609375
1 0.60732421875 0.5526171875 0.0501171875 0.0241015625
1 0.5463020833333333 0.539990234375 0.047441406250000005 0.026396484375
1 0.5438151041666667 0.5570654296875 0.0462890625 0.0289794921875
1 0.5225846354166667 0.56265625 0.04590494791666667 0.0258251953125
1 0.5304296875 0.595654296875 0.0202734375 0.0407421875
1 0.5153190104166666 0.6292236328125 0.04514322916666667 0.029267578125
1 0.48471354166666664 0.64615234375 0.05050130208333333 0.023525390625
1 0.4690234375 0.6262109375 0.048203125000000006 0.0238134765625
1 0.4908333333333333 0.6115771484375 0.03443359375 0.037587890625
1 0.50537109375 0.6013916015625 0.03443359375 0.03615234375
1 0.34775390624999997 0.4500390625 0.03596354166666667 0.03701171875
1 0.36822265625 0.44458984375 0.037109375 0.0364404296875
1 0.39557291666666666 0.449609375 0.020657552083333332 0.0407421875
1 0.41814453125 0.4649609375 0.02677734375 0.037587890625
1 0.43325520833333336 0.4540576171875 0.027161458333333333 0.039306640625
1 0.47017578125000004 0.5088623046875 0.04590494791666667 0.025537109375
1 0.5126367187499999 0.5250732421875 0.04361328125 0.030986328125
1 0.4093424479166667 0.4893505859375 0.041315104166666665 0.032421875
1 0.378359375 0.4827490234375 0.044375 0.0335693359375
1 0.37032552083333337 0.4978125 0.041315104166666665 0.0321337890625
1 0.41087239583333335 0.5156005859375 0.0351953125 0.03615234375
1 0.3332161458333333 0.510009765625 0.04897135416666667 0.027255859375
1 0.27410807291666667 0.5329638671875 0.04781901041666667 0.0284033203125
1 0.23527994791666665 0.55720703125 0.03443359375 0.0390234375
1 0.25172526041666665 0.5648095703125 0.0351953125 0.0381591796875
1 0.27544921875 0.563232421875 0.03825520833333333 0.0350048828125
1 0.24656250000000002 0.458359375 0.044759114583333336 0.030703125
1 0.26569010416666666 0.4641015625 0.043997395833333335 0.0318505859375
1 0.41259765625 0.5421435546875 0.052408854166666664 0.020947265625
1 0.3768294270833333 0.5613671875 0.020657552083333332 0.039306640625
1 0.35865234375 0.5635205078125 0.0202734375 0.0390234375
1 0.3307291666666667 0.575859375 0.02486979166666667 0.0390234375
1 0.23336588541666667 0.6029736328125 0.020657552083333332 0.0398828125
1 0.2523046875 0.6005322265625 0.021803385416666668 0.0395947265625
1 0.27200520833333336 0.59794921875 0.022955729166666664 0.0390234375
1 0.29323567708333337 0.5916357421875 0.024101562500000003 0.0395947265625
1 0.3094986979166667 0.59794921875 0.026015625 0.0395947265625
1 0.36554036458333333 0.5899169921875 0.05317708333333334 0.0206591796875
1 0.34258463541666667 0.6075634765625 0.04934895833333333 0.025537109375
1 0.33723307291666665 0.6209033203125 0.05164713541666666 0.0252490234375
1 0.3804622395833333 0.6167431640625 0.031751302083333335 0.03701171875
1 0.42770833333333336 0.5612255859375 0.048203125000000006 0.0258251953125
1 0.44703125 0.5685400390625 0.04781901041666667 0.030126953125
1 0.46098958333333334 0.5782958984375 0.042083333333333334 0.0318505859375
1 0.47725260416666665 0.586044921875 0.04322916666666667 0.0318505859375
1 0.41699869791666666 0.5850390625 0.04897135416666667 0.0275439453125
1 0.40609375 0.6009619140625 0.05164713541666666 0.018076171875
1 0.45601562500000004 0.607275390625 0.05050130208333333 0.0243896484375
1 0.41948567708333334 0.6163134765625 0.05317708333333334 0.014921875
1 0.45085286458333335 0.6451513671875 0.03022135416666667 0.0381591796875
1 0.43000651041666665 0.6428515625 0.03060546875 0.0387353515625
1 0.4112565104166667 0.643427734375 0.028307291666666665 0.0381591796875
1 0.3731901041666667 0.6412744140625 0.052408854166666664 0.017216796875
1 0.3008854166666667 0.624775390625 0.0501171875 0.027255859375
1 0.2813802083333333 0.6343896484375 0.04322916666666667 0.0315625
1 0.316953125 0.6472998046875 0.04781901041666667 0.02869140625
1 0.3251822916666667 0.659638671875 0.048203125000000006 0.02869140625
1 0.35081380208333335 0.67642578125 0.019127604166666666 0.0398828125
1 0.315234375 0.680869140625 0.05203125 0.01951171875
1 0.2335546875 0.6315185546875 0.05317708333333334 0.0229541015625
1 0.24484375 0.6428515625 0.05279296875 0.0243896484375
1 0.21366536458333332 0.658349609375 0.03634114583333333 0.0364404296875
1 0.2540234375 0.6561962890625 0.05050130208333333 0.026396484375
1 0.26875 0.6655224609375 0.0462890625 0.02783203125
1 0.27850911458333333 0.6780029296875 0.04590494791666667 0.0298388671875
1 0.24388671875 0.6881884765625 0.03481119791666667 0.0358642578125
1 0.28654296875 0.7033935546875 0.042845052083333335 0.032998046875
1 0.31982421875 0.69765625 0.05279296875 0.0163525390625
1 0.31370442708333335 0.7220458984375 0.042845052083333335 0.0341455078125
1 0.27831380208333334 0.737109375 0.03328125 0.036728515625
1 0.31370442708333335 0.744853515625 0.0390234375 0.0355810546875
1 0.3963411458333333 0.7659423828125 0.041315104166666665 0.0312744140625
1 0.4206315104166667 0.7853125 0.04246744791666667 0.0321337890625
1 0.31848307291666667 0.7962158203125 0.03481119791666667 0.036728515625
1 0.4060546875 0.6854345703125 0.020266927083333334 0.0412158203125
1 0.6679752604166667 0.7151611328125 0.040540364583333335 0.0351318359375
