1 0.11181640625 0.354736328125 0.06901041666666667 0.0397021484375
1 0.3662109375 0.51025390625 0.05395833333333333 0.0475146484375
1 0.4163411458333333 0.67578125 0.07002604166666666 0.0323486328125
1 0.3981119791666667 0.64990234375 0.0692578125 0.031083984375
1 0.4091796875 0.52001953125 0.027955729166666665 0.0552978515625
1 0.4453125 0.6298828125 0.02736328125 0.0570703125
1 0.6031901041666666 0.52001953125 0.07197916666666666 0.027265625
1 0.4186197916666667 0.6171875 0.028157552083333332 0.0560302734375
1 0.4964192708333333 0.6572265625 0.06901041666666667 0.03802734375
1 0.4078776041666667 0.293701171875 0.06697916666666666 0.04568359375
1 0.3299153645833333 0.68359375 0.05781901041666667 0.0471484375
1 0.4391276041666667 0.300048828125 0.06453776041666666 0.0452587890625
1 0.3271744791666667 0.314306640625 0.07880208333333334 0.024697265625
1 0.3912760416666667 0.68896484375 0.07291666666666667 0.034609375
1 0.3009440104166667 0.437255859375 0.03849609375 0.0516650390625
1 0.4417317708333333 0.5087890625 0.030638020833333335 0.0530078125
1 0.3294270833333333 0.50927734375 0.053144531249999995 0.048583984375
1 0.4755859375 0.5341796875 0.035279947916666665 0.0560302734375
1 0.5475260416666666 0.5517578125 0.04911458333333333 0.0499560546875
1 0.71734375 0.5828662109375 0.05922526041666667 0.0540966796875
1 0.4000651041666667 0.271484375 0.06860677083333333 0.0438525390625
1 0.3245442708333333 0.5478515625 0.07470703125 0.02037109375
1 0.4912109375 0.6357421875 0.06660807291666666 0.038544921875
1 0.6663411458333334 0.62744140625 0.06026041666666667 0.0499560546875
1 0.24365234375 0.5556640625 0.03244791666666667 0.0518505859375
1 0.4052734375 0.24365234375 0.07373046875 0.0341796875
1 0.486328125 0.49560546875 0.06429036458333333 0.0399462890625
1 0.4055989583333333 0.4052734375 0.031412760416666664 0.0560302734375
1 0.3841145833333333 0.55078125 0.04136067708333333 0.0545068359375
1 0.7180989583333334 0.6171875 0.05859375 0.0511767578125
1 0.3714192708333333 0.475341796875 0.07214192708333333 0.0227978515625
1 0.7239583333333334 0.7099609375 0.0634765625 0.0506005859375
1 0.24055989583333334 0.59228515625 0.07002604166666666 0.03634765625
1 0.23014322916666666 0.436279296875 0.0605859375 0.0445849609375
1 0.359375 0.410400390625 0.065390625 0.0418408203125
1 0.4358723958333333 0.336669921875 0.04472005208333333 0.0541064453125
1 0.4775390625 0.3134765625 0.03777994791666667 0.058779296875
1 0.5725911458333334 0.490478515625 0.07580729166666667 0.0364990234375
1 0.6686197916666666 0.47412109375 0.057493489583333335 0.050322265625
1 0.7301757812499999 0.657763671875 0.07243489583333333 0.0384765625
1 0.7115885416666666 0.7468212890625 0.031412760416666664 0.0599658203125
1 0.2763671875 0.5390625 0.03643880208333333 0.0505078125
1 0.4313151041666667 0.400390625 0.032063802083333336 0.0570703125
1 0.6707031250000001 0.7230224609375 0.0540234375 0.0571044921875
1 0.6640625 0.76171875 0.043294270833333336 0.0577099609375
1 0.6466471354166666 0.57822265625 0.06138020833333333 0.0503466796875
1 0.77734375 0.57275390625 0.05879557291666667 0.0518505859375
1 0.10945963541666666 0.330810546875 0.07197916666666666 0.038330078125
1 0.6370442708333334 0.76220703125 0.03944661458333334 0.058134765625
1 0.7408854166666666 0.76318359375 0.028828125 0.059111328125
1 0.6217447916666666 0.48193359375 0.06990885416666666 0.03634765625
1 0.3587239583333333 0.453857421875 0.072265625 0.0258642578125
1 0.7701171875 0.6880859375 0.07173828125 0.0453515625
1 0.6389973958333334 0.16015625 0.03975260416666667 0.059326171875
1 0.34765625 0.1634521484375 0.07267578125 0.0384521484375
1 0.3264973958333333 0.21142578125 0.031171875 0.058564453125
1 0.08682942708333334 0.3658154296875 0.07021484374999999 0.0402734375
1 0.7489322916666666 0.70080078125 0.06958333333333333 0.0484326171875
1 0.6648437500000001 0.593076171875 0.06281250000000001 0.051953125
1 0.7376432291666667 0.56841796875 0.05694661458333333 0.051953125
