1 0.3408203125 0.5712890625 0.062174479166666664 0.0489501953125
1 0.6490885416666666 0.40966796875 0.07360677083333333 0.0435205078125
1 0.5807291666666666 0.69384765625 0.06103515625 0.0474267578125
1 0.5651041666666666 0.75830078125 0.0751171875 0.0318017578125
1 0.2799479166666667 0.55126953125 0.03908203125 0.055419921875
1 0.5693359375 0.38037109375 0.06266276041666667 0.04958984375
1 0.6116536458333334 0.376220703125 0.06600260416666666 0.049501953125
1 0.5833333333333334 0.7412109375 0.06990885416666666 0.0333251953125
1 0.5914713541666666 0.430419921875 0.036985677083333335 0.0589892578125
1 0.6416015625 0.43701171875 0.07197916666666666 0.04052734375
1 0.45703125 0.9287109375 0.037272135416666664 0.0582275390625
1 0.2703450520833333 0.7041015625 0.07080078125 0.02400390625
1 0.2696940104166667 0.66650390625 0.050416666666666665 0.0499560546875
1 0.5654296875 0.426513671875 0.035481770833333336 0.0580126953125
1 0.3133138020833333 0.52880859375 0.04014322916666666 0.050322265625
1 0.5550130208333334 0.671875 0.04175130208333333 0.053408203125
1 0.5198567708333334 0.69287109375 0.03826822916666667 0.056123046875
1 0.30029296875 0.6708984375 0.05054036458333333 0.0505078125
1 0.6253255208333334 0.65185546875 0.05904296875 0.0491357421875
1 0.2566731770833333 0.5595703125 0.039388020833333336 0.0545947265625
1 0.3359375 0.4951171875 0.06278645833333334 0.0369873046875
1 0.7473958333333334 0.841796875 0.06514322916666666 0.0499560546875
1 0.4459635416666667 0.427734375 0.059694010416666665 0.0479443359375
1 0.24251302083333334 0.6640625 0.048951822916666665 0.051943359375
1 0.3577473958333333 0.60205078125 0.055501302083333336 0.04958984375
1 0.21044921875 0.63232421875 0.07161458333333333 0.0280615234375
1 0.2991536458333333 0.72705078125 0.062174479166666664 0.0443408203125
1 0.6393229166666666 0.3896484375 0.06823567708333333 0.041474609375
1 0.3365885416666667 0.5478515625 0.05497395833333333 0.0440087890625
1 0.6002669270833333 0.70623046875 0.06399088541666667 0.0475537109375
