1 0.4130859375 0.59423828125 0.02938151041666667 0.0549951171875
1 0.6236979166666666 0.472412109375 0.07430338541666666 0.0263525390625
1 0.6731770833333334 0.358642578125 0.07267578125 0.041474609375
1 0.6298828125 0.49267578125 0.07763671875 0.0244287109375
1 0.365234375 0.58837890625 0.06888671875 0.0390625
1 0.470703125 0.468505859375 0.07552083333333333 0.02615234375
1 0.3990885416666667 0.405517578125 0.05912109375 0.0494091796875
1 0.5592447916666666 0.5703125 0.074140625 0.031435546875
1 0.6725260416666666 0.46240234375 0.0517578125 0.0551171875
1 0.337890625 0.6787109375 0.0692578125 0.0343017578125
1 0.3548177083333333 0.425537109375 0.07214192708333333 0.02224609375
1 0.08732421875 0.365234375 0.06774739583333333 0.0410791015625
1 0.482421875 0.39111328125 0.05981770833333333 0.04958984375
1 0.4365234375 0.392578125 0.030110677083333332 0.0580126953125
1 0.5016276041666666 0.416015625 0.0414453125 0.056337890625
1 0.4440104166666667 0.452392578125 0.07360677083333333 0.0282763671875
1 0.3063151041666667 0.62890625 0.0605859375 0.045439453125
1 0.66796875 0.38720703125 0.06774739583333333 0.04345703125
1 0.39453125 0.4599609375 0.055299479166666665 0.048583984375
1 0.3238932291666667 0.5576171875 0.071328125 0.0327783203125
1 0.2998046875 0.603515625 0.056315104166666664 0.0494091796875
1 0.373046875 0.56396484375 0.06763020833333333 0.036162109375
1 0.3636067708333333 0.51220703125 0.04809895833333333 0.05251953125
1 0.4397786458333333 0.59326171875 0.03029296875 0.0558154296875
1 0.6083984375 0.447265625 0.07568359375 0.0295849609375
1 0.3372395833333333 0.515625 0.04809895833333333 0.05154296875
1 0.33838541666666666 0.4061669921875 0.07651692708333334 0.0225244140625
1 0.71109375 0.6015966796875 0.08046223958333333 0.0327783203125
1 0.3720703125 0.195556640625 0.06811848958333333 0.047333984375
1 0.5358072916666666 0.53076171875 0.04520833333333333 0.05224609375
1 0.5836588541666666 0.5097998046875 0.046875 0.0551025390625
1 0.5706380208333334 0.53857421875 0.04667317708333333 0.05154296875
1 0.7799479166666666 0.564453125 0.03493489583333333 0.059111328125
1 0.259765625 0.61669921875 0.034752604166666666 0.0551171875
1 0.400390625 0.368896484375 0.0448828125 0.053896484375
1 0.60705078125 0.425537109375 0.07731770833333333 0.0291455078125
1 0.7252604166666666 0.7099609375 0.0634765625 0.0492236328125
1 0.443359375 0.6513671875 0.0332421875 0.0569775390625
1 0.5950520833333334 0.38232421875 0.02921875 0.058349609375
1 0.6650390625 0.7607421875 0.04175130208333333 0.0571923828125
1 0.7122395833333334 0.7490234375 0.03005208333333333 0.06076171875
1 0.671875 0.7236328125 0.053346354166666665 0.05349609375
1 0.3206380208333333 0.21044921875 0.03930989583333334 0.0604248046875
1 0.7233072916666666 0.56005859375 0.03574869791666666 0.05685546875
1 0.1102734375 0.330810546875 0.07173828125 0.0391259765625
1 0.7606315104166667 0.6798583984375 0.06624348958333333 0.0492236328125
1 0.6168619791666666 0.53955078125 0.03975260416666667 0.05490234375
1 0.6233723958333334 0.3779296875 0.030520833333333334 0.058779296875
1 0.3798828125 0.3330078125 0.07307942708333333 0.0279541015625
1 0.75390625 0.55419921875 0.03448567708333333 0.057373046875
1 0.669921875 0.546875 0.038125 0.0559375
1 0.7415364583333334 0.76318359375 0.028867187500000002 0.060302734375
1 0.3460286458333333 0.162353515625 0.07161458333333333 0.03955078125
1 0.6451822916666666 0.5400390625 0.036497395833333335 0.0538037109375
1 0.6370442708333334 0.7626953125 0.03857421875 0.0589013671875
1 0.6966145833333334 0.55322265625 0.03721354166666666 0.057373046875
1 0.6393229166666666 0.160888671875 0.040364583333333336 0.0596630859375
1 0.11327473958333334 0.3541650390625 0.07036458333333333 0.040087890625
1 0.744765625 0.6963525390625 0.06780598958333334 0.049892578125
1 0.36947265625 0.21822265625 0.06944661458333333 0.0467431640625
