1 0.37611328125000004 0.2523779296875 0.06125 0.0519873046875
1 0.7180989583333334 0.60400390625 0.07483072916666667 0.03634765625
1 0.4143880208333333 0.1915283203125 0.07470703125 0.02908203125
1 0.7180989583333334 0.26708984375 0.0712109375 0.0445849609375
1 0.5283203125 0.4423828125 0.02902994791666667 0.0551171875
1 0.4889322916666667 0.216064453125 0.07483072916666667 0.0367724609375
1 0.6337890625 0.60302734375 0.056516927083333335 0.0518505859375
1 0.7272135416666666 0.6240234375 0.07197916666666666 0.038330078125
1 0.4212239583333333 0.39990234375 0.07186197916666666 0.034697265625
1 0.7376302083333334 0.31396484375 0.06660807291666666 0.04681640625
1 0.4163411458333333 0.38134765625 0.072265625 0.03494140625
1 0.4290364583333333 0.440185546875 0.058027343749999995 0.048857421875
1 0.6031901041666666 0.2274169921875 0.07779947916666667 0.0340869140625
1 0.3531901041666667 0.486572265625 0.030638020833333335 0.0538037109375
1 0.3997395833333333 0.444091796875 0.054563802083333335 0.050322265625
1 0.7610677083333334 0.484130859375 0.055703125 0.0557275390625
1 0.6549479166666666 0.5634765625 0.04544921875 0.0546875
1 0.3411458333333333 0.52978515625 0.056028645833333335 0.04876953125
1 0.384765625 0.2078857421875 0.07649739583333333 0.030380859375
1 0.7135416666666666 0.58203125 0.07348958333333333 0.0335986328125
1 0.5602213541666666 0.244873046875 0.04740234375 0.05685546875
1 0.5341796875 0.249267578125 0.04512369791666667 0.057373046875
1 0.7805989583333334 0.2337646484375 0.07238932291666667 0.0452587890625
1 0.4619140625 0.43017578125 0.04712239583333333 0.0535888671875
1 0.5016276041666666 0.454326171875 0.027526041666666667 0.0568896484375
1 0.6162109375 0.25732421875 0.071328125 0.0398583984375
1 0.7565104166666666 0.55859375 0.053346354166666665 0.0531005859375
1 0.7565104166666666 0.271728515625 0.069375 0.0492236328125
1 0.609375 0.481689453125 0.04931640625 0.052919921875
1 0.6705729166666666 0.1167626953125 0.07067708333333333 0.0467236328125
1 0.3473307291666667 0.3876953125 0.03798177083333334 0.0562451171875
1 0.4322916666666667 0.486572265625 0.07108723958333334 0.0288720703125
1 0.5882161458333334 0.2005615234375 0.07751302083333333 0.025087890625
1 0.2978515625 0.53271484375 0.06575520833333333 0.0403759765625
1 0.6533203125 0.4912109375 0.04321614583333333 0.0537109375
1 0.623046875 0.517578125 0.03623697916666666 0.055419921875
1 0.728515625 0.48974609375 0.055299479166666665 0.0544140625
1 0.607421875 0.560546875 0.06551432291666666 0.0432763671875
1 0.3544921875 0.27978515625 0.034609375 0.0589892578125
1 0.6611328125 0.640625 0.06323567708333333 0.0428173828125
1 0.3172200520833333 0.74609375 0.057701822916666666 0.05072265625
1 0.6634114583333334 0.325927734375 0.07625651041666666 0.0256201171875
1 0.3186848958333333 0.56201171875 0.07458333333333333 0.0251318359375
1 0.697265625 0.2393798828125 0.07881510416666666 0.02595703125
1 0.19856770833333334 0.40234375 0.05054036458333333 0.05126953125
1 0.2902018229166667 0.7119140625 0.03275390625 0.056123046875
1 0.7057291666666666 0.50341796875 0.05814453125 0.05126953125
1 0.12622395833333333 0.36572265625 0.07197916666666666 0.034697265625
1 0.11067708333333333 0.382568359375 0.07373046875 0.0333251953125
1 0.29736328125 0.88525390625 0.028769531249999997 0.059541015625
1 0.6028645833333334 0.7978515625 0.046263020833333335 0.0567626953125
1 0.703125 0.1475830078125 0.053671875 0.0586572265625
1 0.75390625 0.13916015625 0.07983723958333333 0.0295849609375
1 0.5927734375 0.5947265625 0.03448567708333333 0.0560302734375
1 0.2698567708333333 0.7470703125 0.03692708333333333 0.0551171875
1 0.34765625 0.67529296875 0.04537109375 0.051943359375
1 0.4970703125 0.0498681640625 0.04044921875 0.0631103515625
1 0.40302083333333333 0.242177734375 0.06348307291666667 0.0502734375
1 0.7094856770833333 0.5421240234375 0.05910807291666667 0.0523388671875
1 0.6818424479166666 0.54841796875 0.060253906249999996 0.0523388671875
