1 0.3362630208333333 0.556640625 0.04005859375 0.050234375
1 0.22607421875 0.62939453125 0.047486979166666665 0.0533154296875
1 0.20686848958333334 0.161376953125 0.07360677083333333 0.027587890625
1 0.31298828125 0.55126953125 0.03908203125 0.0479443359375
1 0.45703125 0.466552734375 0.06660807291666666 0.0350048828125
1 0.7349153645833333 0.654052734375 0.06780598958333334 0.04951171875
1 0.3432161458333333 0.6064892578125 0.07478515625 0.025732421875
1 0.5563151041666666 0.67529296875 0.074140625 0.0374755859375
1 0.2586263020833333 0.6220703125 0.041914062499999995 0.047607421875
1 0.18522135416666666 0.224609375 0.049967447916666664 0.0516650390625
1 0.5413411458333334 0.71240234375 0.072265625 0.040771484375
1 0.4694010416666667 0.54736328125 0.058268229166666664 0.04296875
1 0.6920572916666666 0.58646484375 0.038209635416666665 0.0577490234375
1 0.43591796875000005 0.5136767578125 0.05951171875 0.04828125
1 0.2955729166666667 0.58935546875 0.07055989583333333 0.023603515625
1 0.5659700520833334 0.6981591796875 0.06990885416666666 0.0374755859375
1 0.5390625 0.587890625 0.06172526041666667 0.038544921875
1 0.734375 0.7353515625 0.07499348958333334 0.0445263671875
1 0.2843424479166667 0.7685546875 0.057701822916666666 0.0465380859375
1 0.4055989583333333 0.485595703125 0.06722005208333333 0.030439453125
1 0.66796875 0.6552734375 0.07401692708333334 0.0389111328125
1 0.669921875 0.67724609375 0.0692578125 0.035615234375
1 0.3048502604166667 0.75390625 0.049765625 0.050810546875
1 0.22401041666666666 0.50732421875 0.07233723958333334 0.0309130859375
1 0.5442708333333334 0.420166015625 0.06799479166666667 0.03607421875
1 0.5426432291666666 0.64505859375 0.07287109375 0.0392236328125
1 0.6539713541666666 0.83447265625 0.058268229166666664 0.05251953125
1 0.6429036458333334 0.7535009765625 0.06502604166666666 0.048037109375
1 0.36070312499999996 0.5712451171875 0.052851562500000004 0.0514990234375
1 0.21110026041666666 0.60595703125 0.05981770833333333 0.0482177734375
1 0.5777994791666666 0.736328125 0.07014973958333333 0.0389111328125
1 0.39494140625 0.531162109375 0.034993489583333336 0.0564990234375
1 0.6770833333333334 0.43896484375 0.06811848958333333 0.0432763671875
1 0.5055338541666666 0.74365234375 0.073203125 0.0238671875
1 0.5029296875 0.59912109375 0.052656249999999995 0.0498681640625
1 0.30810546875 0.4150390625 0.07279296875 0.0293115234375
1 0.3935546875 0.60302734375 0.0336328125 0.0579248046875
1 0.2845052083333333 0.44970703125 0.07043619791666667 0.0312060546875
1 0.3590494791666667 0.51953125 0.044270833333333336 0.04958984375
1 0.416015625 0.61767578125 0.030638020833333335 0.052431640625
1 0.46044921875 0.6337890625 0.06852213541666667 0.04
1 0.3932291666666667 0.78076171875 0.047486979166666665 0.051455078125
1 0.3395182291666667 0.30712890625 0.043294270833333336 0.05224609375
1 0.2109375 0.4453125 0.027057291666666667 0.05154296875
1 0.4925130208333333 0.7080078125 0.058678385416666666 0.045439453125
1 0.61328125 0.4013671875 0.05244791666666667 0.05349609375
1 0.3116861979166667 0.436279296875 0.0692578125 0.0309130859375
1 0.14181640625 0.4524755859375 0.062421874999999995 0.0462939453125
1 0.21061197916666666 0.76416015625 0.07067708333333333 0.0248876953125
1 0.19677734375 0.1849365234375 0.0692578125 0.0286572265625
1 0.3372395833333333 0.7548828125 0.04931640625 0.0511767578125
1 0.40239583333333334 0.8067724609375 0.05826171875 0.0505224609375
1 0.7513020833333334 0.2763671875 0.0770703125 0.023193359375
1 0.3175455729166667 0.1650390625 0.07332682291666666 0.023955078125
1 0.2862955729166667 0.62451171875 0.042402343749999995 0.051943359375
1 0.20393880208333334 0.28271484375 0.07279296875 0.0238671875
1 0.4420572916666667 0.87890625 0.054772135416666666 0.0499560546875
1 0.5364583333333334 0.76513671875 0.07307942708333333 0.02365234375
1 0.6608072916666666 0.578125 0.03900390625 0.0533154296875
1 0.203125 0.351318359375 0.07043619791666667 0.030791015625
1 0.20166015625 0.4814453125 0.07108723958333334 0.026064453125
1 0.7532552083333334 0.255615234375 0.07348958333333333 0.0224169921875
1 0.3580729166666667 0.744140625 0.04960286458333333 0.05203125
1 0.5911458333333334 0.6005859375 0.05444661458333333 0.0489501953125
1 0.62109375 0.56640625 0.0478515625 0.0523388671875
1 0.4078776041666667 0.45703125 0.07430338541666666 0.0243359375
1 0.4573567708333333 0.80859375 0.044108072916666664 0.0545947265625
1 0.333984375 0.142578125 0.07291666666666667 0.0220361328125
1 0.29833984375 0.281494140625 0.06799479166666667 0.041533203125
1 0.49419921875 0.6767578125 0.07396484375 0.0280615234375
1 0.6999739583333334 0.8544921875 0.06785807291666666 0.0523388671875
1 0.7194010416666666 0.818359375 0.07161458333333333 0.0378125
1 0.5377604166666666 0.44873046875 0.06901041666666667 0.0340283203125
1 0.22786458333333334 0.30517578125 0.07291666666666667 0.0289306640625
1 0.24886067708333334 0.84619140625 0.037272135416666664 0.0557275390625
1 0.5247395833333334 0.4658203125 0.068359375 0.0325341796875
1 0.4703776041666667 0.84765625 0.069375 0.0249951171875
1 0.19938151041666666 0.5234375 0.07267578125 0.0282763671875
1 0.24397786458333334 0.71630859375 0.06811848958333333 0.0368359375
1 0.7392903645833333 0.7717041015625 0.07518229166666666 0.0397216796875
1 0.20068359375 0.260009765625 0.071328125 0.0217724609375
1 0.2911783854166667 0.314697265625 0.06888671875 0.0364404296875
1 0.2744140625 0.2489013671875 0.06465494791666666 0.035615234375
1 0.23518880208333334 0.67919921875 0.03383463541666667 0.0565478515625
1 0.3551432291666667 0.8115234375 0.03389322916666667 0.0572802734375
1 0.47075520833333334 0.8822021484375 0.05413411458333334 0.05541015625
1 0.5729166666666666 0.55859375 0.07092447916666667 0.04193359375
1 0.6686197916666666 0.78955078125 0.07055989583333333 0.0374755859375
1 0.27338541666666666 0.672939453125 0.06283203125 0.049111328125
1 0.2701822916666667 0.86328125 0.03554036458333334 0.0567626953125
1 0.11759765625 0.2147216796875 0.07197916666666666 0.021943359375
1 0.10579427083333333 0.2315673828125 0.07853515625 0.021162109375
1 0.29443359375 0.71337890625 0.06197265625 0.042021484375
1 0.5911458333333334 0.421142578125 0.03568359375 0.05349609375
1 0.1493359375 0.287353515625 0.05904296875 0.0457763671875
1 0.26220703125 0.1795654296875 0.0419921875 0.0552978515625
1 0.2708333333333333 0.49560546875 0.07389322916666667 0.0211181640625
1 0.3294270833333333 0.80908203125 0.031412760416666664 0.058349609375
1 0.23714192708333334 0.4501953125 0.02732421875 0.051943359375
1 0.72265625 0.408935546875 0.07255208333333334 0.03689453125
1 0.30126953125 0.83349609375 0.061360677083333336 0.0413818359375
1 0.3408203125 0.1810302734375 0.07186197916666666 0.02615234375
1 0.201171875 0.7109375 0.037923177083333336 0.058779296875
1 0.7486979166666666 0.69287109375 0.07186197916666666 0.043701171875
1 0.28515625 0.7978515625 0.058678385416666666 0.0474267578125
1 0.2654622395833333 0.5654296875 0.061360677083333336 0.03732421875
1 0.72412109375 0.55708984375 0.04298828125 0.0565380859375
1 0.1220703125 0.251953125 0.07499348958333334 0.021943359375
1 0.23502604166666666 0.740234375 0.0712109375 0.029482421875
1 0.6783854166666666 0.5380859375 0.07255208333333334 0.0340283203125
1 0.5608723958333334 0.87158203125 0.02938151041666667 0.059541015625
1 0.6497395833333334 0.45166015625 0.06913411458333334 0.0384521484375
1 0.21321614583333334 0.22216796875 0.045820312499999995 0.05126953125
1 0.6031901041666666 0.51123046875 0.06587890625 0.032900390625
1 0.5055338541666666 0.50244140625 0.028014322916666667 0.0523388671875
1 0.4459635416666667 0.60107421875 0.028769531249999997 0.053896484375
1 0.5436197916666666 0.390380859375 0.05737630208333333 0.04611328125
1 0.20377604166666666 0.332275390625 0.06734375 0.0268115234375
1 0.755859375 0.45703125 0.058268229166666664 0.0523388671875
1 0.31494140625 0.2215576171875 0.03826822916666667 0.052919921875
1 0.11548177083333333 0.18212890625 0.0634765625 0.0439453125
1 0.3318684895833333 0.6298828125 0.07043619791666667 0.022158203125
1 0.76953125 0.80224609375 0.03029296875 0.059755859375
1 0.3909505208333333 0.86328125 0.07539713541666666 0.0352783203125
1 0.3404947916666667 0.218017578125 0.03944661458333334 0.0548095703125
1 0.796875 0.78857421875 0.03305989583333333 0.06396484375
1 0.49609375 0.89208984375 0.045572916666666664 0.059326171875
1 0.1875 0.371826171875 0.07186197916666666 0.0208447265625
1 0.62890625 0.364013671875 0.03076171875 0.0552978515625
1 0.22981770833333334 0.83251953125 0.03806640625 0.058134765625
1 0.6920572916666666 0.80615234375 0.0644140625 0.0338427734375
1 0.3181966145833333 0.8857421875 0.034016927083333336 0.057587890625
1 0.369140625 0.8974609375 0.03407552083333334 0.0570703125
1 0.2937825520833333 0.876953125 0.03513671875 0.058134765625
1 0.5944010416666666 0.87451171875 0.03513671875 0.060517578125
1 0.2451171875 0.79443359375 0.053059895833333336 0.0430322265625
1 0.2791341145833333 0.204345703125 0.04520833333333333 0.0533154296875
1 0.13143229166666667 0.3408203125 0.02931640625 0.0535888671875
1 0.7604166666666666 0.2330322265625 0.074140625 0.0251318359375
1 0.3505859375 0.274169921875 0.051393229166666665 0.0528271484375
1 0.10506510416666666 0.339599609375 0.032877604166666664 0.0535888671875
1 0.58984375 0.359130859375 0.045983072916666666 0.049501953125
1 0.5348307291666666 0.78564453125 0.07267578125 0.0208447265625
1 0.11304036458333333 0.3779296875 0.07307942708333333 0.026259765625
1 0.11328125 0.285888671875 0.05147135416666667 0.0482177734375
1 0.3951822916666667 0.90478515625 0.036009114583333335 0.0589013671875
1 0.3681640625 0.2158203125 0.03568359375 0.0579248046875
1 0.4485677083333333 0.1033935546875 0.04544921875 0.055419921875
1 0.15706380208333334 0.336669921875 0.027526041666666667 0.0509033203125
1 0.6178385416666666 0.47314453125 0.06697916666666666 0.0207666015625
1 0.20638020833333334 0.8056640625 0.028867187500000002 0.058134765625
1 0.6888020833333334 0.289794921875 0.048951822916666665 0.05349609375
1 0.76171875 0.10248046875 0.05591145833333333 0.0548095703125
1 0.17822265625 0.8212890625 0.028990885416666667 0.0586572265625
1 0.74609375 0.1708984375 0.046061197916666664 0.056640625
1 0.732421875 0.111025390625 0.054361979166666664 0.0551171875
1 0.5319010416666666 0.89306640625 0.030169270833333334 0.060517578125
1 0.3955078125 0.181640625 0.03076171875 0.0579248046875
1 0.7486979166666666 0.85498046875 0.030800781250000003 0.0598779296875
1 0.62890625 0.27197265625 0.03000651041666667 0.058564453125
1 0.6751302083333334 0.26416015625 0.044270833333333336 0.0572802734375
1 0.603515625 0.260009765625 0.028281249999999997 0.0567626953125
1 0.46484375 0.126748046875 0.046738281250000006 0.059287109375
1 0.27099609375 0.935546875 0.029824218750000003 0.058349609375
1 0.7858072916666666 0.1646728515625 0.056764322916666665 0.05490234375
1 0.3430989583333333 0.89111328125 0.03194010416666667 0.0560302734375
1 0.65322265625 0.7325341796875 0.061334635416666665 0.0525146484375
1 0.7058723958333334 0.7404736328125 0.06893229166666666 0.0455908203125
1 0.5818489583333334 0.6395166015625 0.06839192708333333 0.039892578125
1 0.5500976562500001 0.56828125 0.06784505208333333 0.04396484375
1 0.4746549479166667 0.648271484375 0.07001953125 0.0394873046875
1 0.15550130208333332 0.469765625 0.059160156250000005 0.04884765625
1 0.6912174479166667 0.4225439453125 0.06567708333333333 0.0390771484375
1 0.728125 0.451650390625 0.056992187500000006 0.0525146484375
1 0.7172721354166667 0.1272119140625 0.060247395833333335 0.0525146484375
1 0.23664713541666668 0.2135107421875 0.047766927083333334 0.055771484375
1 0.2844140625 0.26724609375 0.06839192708333333 0.040302734375
1 0.4676627604166667 0.5152294921875 0.052161458333333334 0.0506787109375
1 0.72638671875 0.7028271484375 0.07171875 0.04267578125
1 0.41164713541666664 0.829296875 0.057493489583333335 0.050234375
