1 0.11278645833333334 0.3817236328125 0.05932291666666667 0.0535693359375
1 0.3170572916666667 0.49072265625 0.06298828125 0.0459619140625
1 0.6282552083333334 0.495849609375 0.03721354166666666 0.0577099609375
1 0.359375 0.46337890625 0.06587890625 0.042724609375
1 0.2607421875 0.71923828125 0.06823567708333333 0.04052734375
1 0.2810872395833333 0.6884765625 0.06278645833333334 0.04345703125
1 0.2607421875 0.498046875 0.07145182291666667 0.0334765625
1 0.2615559895833333 0.5205078125 0.06799479166666667 0.03173828125
1 0.3107096354166667 0.533203125 0.031171875 0.0521240234375
1 0.28515625 0.58740234375 0.046510416666666665 0.050234375
1 0.3610026041666667 0.572265625 0.038125 0.0528271484375
1 0.427734375 0.5283203125 0.06966145833333333 0.0325341796875
1 0.3688151041666667 0.74169921875 0.06901041666666667 0.035615234375
1 0.3388671875 0.65576171875 0.03389322916666667 0.0521240234375
1 0.6171875 0.63427734375 0.037272135416666664 0.0567626953125
1 0.3141276041666667 0.59814453125 0.056028645833333335 0.0489501953125
1 0.6122395833333333 0.57392578125 0.047454427083333334 0.0567626953125
1 0.3113606770833333 0.712890625 0.029824218750000003 0.055205078125
1 0.4156901041666667 0.4140625 0.07267578125 0.022294921875
1 0.6005859375 0.6630859375 0.056516927083333335 0.0501416015625
1 0.33984375 0.54052734375 0.030865885416666666 0.05224609375
1 0.3214518229166667 0.77197265625 0.02921875 0.0551171875
1 0.3831380208333333 0.50634765625 0.07238932291666667 0.0273291015625
1 0.3828125 0.75732421875 0.07080078125 0.0350634765625
1 0.2654622395833333 0.75 0.07197916666666666 0.0256640625
1 0.65625 0.63427734375 0.03877604166666667 0.0582275390625
1 0.2779947916666667 0.89111328125 0.028483072916666668 0.0594189453125
1 0.21923828125 0.724609375 0.06823567708333333 0.0386962890625
1 0.4309895833333333 0.474365234375 0.05147135416666667 0.0489501953125
1 0.22770182291666666 0.673828125 0.046263020833333335 0.0511767578125
1 0.5641276041666666 0.471435546875 0.030520833333333334 0.0562451171875
1 0.3279622395833333 0.279296875 0.043619791666666664 0.057373046875
1 0.2799479166666667 0.658203125 0.05195963541666667 0.04904296875
1 0.5768229166666666 0.54296875 0.05708984375 0.048125
1 0.6770833333333334 0.65673828125 0.05517578125 0.053193359375
1 0.3505859375 0.266357421875 0.041914062499999995 0.0589892578125
1 0.6389973958333334 0.59033203125 0.03338541666666667 0.056337890625
1 0.5895182291666666 0.405517578125 0.03998046875 0.0565478515625
1 0.6064453125 0.4755859375 0.03989583333333333 0.0546875
1 0.5611979166666666 0.39794921875 0.03568359375 0.0560302734375
1 0.5706380208333334 0.51025390625 0.07043619791666667 0.028701171875
1 0.23746744791666666 0.64208984375 0.0439453125 0.05251953125
1 0.388671875 0.451171875 0.06860677083333333 0.0360107421875
1 0.2513020833333333 0.5947265625 0.03886067708333333 0.0526123046875
1 0.361328125 0.7099609375 0.045286458333333335 0.052431640625
1 0.5055338541666666 0.380615234375 0.03513671875 0.0577099609375
1 0.193359375 0.66748046875 0.045983072916666666 0.052431640625
1 0.2236328125 0.76611328125 0.06079427083333333 0.0452587890625
1 0.4772135416666667 0.7861328125 0.03000651041666667 0.058349609375
1 0.62109375 0.33349609375 0.02921875 0.0582275390625
1 0.6507161458333334 0.3193359375 0.030865885416666666 0.060087890625
1 0.5110677083333334 0.7939453125 0.028990885416666667 0.060087890625
1 0.3053385416666667 0.28955078125 0.042805989583333336 0.056123046875
1 0.4456380208333333 0.7802734375 0.036295572916666664 0.0572802734375
1 0.14421875 0.349365234375 0.053561197916666664 0.054296875
1 0.2752278645833333 0.798828125 0.04830078125 0.0533154296875
1 0.3792317708333333 0.26513671875 0.03930989583333334 0.0596630859375
1 0.5921223958333334 0.318115234375 0.028378906250000002 0.0579248046875
1 0.3273046875 0.4693310546875 0.06600911458333333 0.04482421875
1 0.12682291666666667 0.3632373046875 0.0563671875 0.052451171875
