1 0.5569661458333334 0.464599609375 0.061848958333333336 0.0467236328125
1 0.5774739583333334 0.4052734375 0.07430338541666666 0.032958984375
1 0.5240950520833333 0.4390380859375 0.0803125 0.0266943359375
1 0.28955078125 0.66650390625 0.05033203125 0.0521240234375
1 0.6292317708333334 0.419189453125 0.06465494791666666 0.0474267578125
1 0.5374348958333334 0.4208984375 0.07694661458333334 0.02595703125
1 0.6442057291666666 0.452392578125 0.07552083333333333 0.03216796875
1 0.6637369791666666 0.5830078125 0.06685546875 0.043701171875
1 0.4547526041666667 0.9287109375 0.03643880208333333 0.0589013671875
1 0.2705078125 0.70166015625 0.07145182291666667 0.02595703125
1 0.3375651041666667 0.38525390625 0.06323567708333333 0.04486328125
1 0.1982421875 0.38818359375 0.06709635416666666 0.0406787109375
1 0.3717447916666667 0.50537109375 0.056315104166666664 0.0528271484375
1 0.5999348958333334 0.355712890625 0.0702734375 0.0403125
1 0.3238671875 0.5270654296875 0.07580078125 0.0225
1 0.2667643229166667 0.6005859375 0.049192708333333335 0.052431640625
1 0.25244140625 0.427490234375 0.06416666666666666 0.044189453125
1 0.3155924479166667 0.58642578125 0.031822916666666666 0.0544140625
1 0.373046875 0.36376953125 0.056764322916666665 0.0521240234375
1 0.7135416666666666 0.347900390625 0.07893880208333333 0.0225048828125
1 0.4342447916666667 0.43603515625 0.057942708333333336 0.0482177734375
1 0.2972005208333333 0.7265625 0.06311197916666667 0.04248046875
1 0.3759765625 0.58154296875 0.04634765625 0.053896484375
1 0.4202473958333333 0.51025390625 0.029889322916666666 0.05490234375
1 0.6790364583333334 0.28369140625 0.06799479166666667 0.05072265625
1 0.7486979166666666 0.84033203125 0.06465494791666666 0.04931640625
1 0.26162109375000003 0.66525390625 0.05067057291666666 0.04931640625
1 0.705078125 0.77685546875 0.0517578125 0.0555126953125
1 0.6848958333333334 0.79052734375 0.048951822916666665 0.0544140625
1 0.5734505208333334 0.479794921875 0.06389973958333334 0.049912109375
