1 0.13167317708333334 0.1715087890625 0.07197916666666666 0.0232373046875
1 0.5481770833333334 0.82373046875 0.0625390625 0.050322265625
1 0.275390625 0.6103515625 0.03163411458333334 0.052431640625
1 0.7552083333333334 0.642578125 0.07291666666666667 0.0342431640625
1 0.748046875 0.383544921875 0.049479166666666664 0.0521240234375
1 0.5624544270833333 0.6948486328125 0.07383463541666667 0.02509765625
1 0.11735026041666667 0.2120361328125 0.07666015625 0.0229345703125
1 0.17610677083333334 0.430908203125 0.06384114583333333 0.04046875
1 0.21533203125 0.2060546875 0.03871744791666667 0.055205078125
1 0.3528645833333333 0.389892578125 0.027057291666666667 0.052919921875
1 0.4977213541666667 0.69873046875 0.06360026041666667 0.0451953125
1 0.564453125 0.623046875 0.06787109375 0.034423828125
1 0.3015494791666667 0.6694580078125 0.07306640625000001 0.0340087890625
1 0.30255859375 0.610576171875 0.029388020833333334 0.054326171875
1 0.4700520833333333 0.7705078125 0.07483072916666667 0.0325341796875
1 0.578125 0.6708984375 0.07442057291666666 0.0313720703125
1 0.4397786458333333 0.92626953125 0.04565755208333333 0.0562451171875
1 0.2177734375 0.24560546875 0.07197916666666666 0.0266552734375
1 0.3269856770833333 0.68115234375 0.06848307291666667 0.0322900390625
1 0.22412109375 0.445556640625 0.06913411458333334 0.031083984375
1 0.7141927083333334 0.78466796875 0.07483072916666667 0.02685546875
1 0.544921875 0.4140625 0.07307942708333333 0.0335986328125
1 0.5930208333333333 0.65283203125 0.07470703125 0.0340869140625
1 0.5908203125 0.388916015625 0.06465494791666666 0.04052734375
1 0.2972005208333333 0.7060546875 0.07002604166666666 0.032412109375
1 0.4723307291666667 0.66650390625 0.029257812499999997 0.05419921875
1 0.23974609375 0.203125 0.04074869791666667 0.0558154296875
1 0.5227864583333334 0.77978515625 0.06311197916666667 0.050322265625
1 0.1230078125 0.3559765625 0.07673828125 0.030908203125
1 0.4309895833333333 0.72607421875 0.06128255208333333 0.050322265625
1 0.7141927083333334 0.75732421875 0.07373046875 0.03021484375
1 0.5290104166666666 0.495537109375 0.0414453125 0.0566015625
1 0.244140625 0.4267578125 0.06685546875 0.0379052734375
1 0.7180989583333334 0.62890625 0.06587890625 0.0438525390625
1 0.6598307291666666 0.751953125 0.044108072916666664 0.0545068359375
1 0.10522786458333333 0.321044921875 0.07197916666666666 0.03021484375
1 0.4928385416666667 0.73291015625 0.07173828125 0.0288720703125
1 0.69140625 0.6611328125 0.07055989583333333 0.0355517578125
1 0.20361328125 0.327392578125 0.07043619791666667 0.0350634765625
1 0.4303385416666667 0.67919921875 0.05879557291666667 0.0498681640625
1 0.24104817708333334 0.76953125 0.02931640625 0.0559375
1 0.69037109375 0.6203662109375 0.06698567708333333 0.043994140625
1 0.5797526041666666 0.4248046875 0.07108723958333334 0.031435546875
1 0.12581380208333334 0.192138671875 0.0712109375 0.02140625
1 0.6484375 0.50927734375 0.053144531249999995 0.0460205078125
1 0.3688151041666667 0.8837890625 0.03194010416666667 0.0577099609375
1 0.6914192708333333 0.3728271484375 0.057734375000000004 0.0559423828125
1 0.22379557291666666 0.266357421875 0.07279296875 0.02859375
1 0.14371744791666666 0.3740234375 0.07092447916666667 0.0227978515625
1 0.4876302083333333 0.81103515625 0.06673177083333333 0.0420849609375
1 0.4202473958333333 0.88427734375 0.03338541666666667 0.060517578125
1 0.6455078125 0.69970703125 0.06551432291666666 0.0462939453125
1 0.4391276041666667 0.642578125 0.036295572916666664 0.0541064453125
1 0.2574869791666667 0.876953125 0.06848307291666667 0.031494140625
1 0.4873046875 0.7529296875 0.06763020833333333 0.0284423828125
1 0.6129557291666666 0.447021484375 0.06551432291666666 0.0462060546875
1 0.3108723958333333 0.54150390625 0.06453776041666666 0.0372021484375
1 0.5524088541666666 0.78662109375 0.06404947916666666 0.048583984375
1 0.27392578125 0.5703125 0.06872395833333333 0.0313134765625
1 0.5950520833333334 0.50927734375 0.051191406249999995 0.052919921875
1 0.121015625 0.265625 0.048665364583333336 0.052431640625
1 0.75 0.7041015625 0.07458333333333333 0.0345458984375
1 0.2556966145833333 0.53955078125 0.048828125 0.048310546875
1 0.7213541666666666 0.3779296875 0.050130208333333336 0.0544140625
1 0.24296874999999998 0.663349609375 0.07203776041666667 0.0327392578125
1 0.1356640625 0.2303466796875 0.07173828125 0.02267578125
1 0.3040364583333333 0.392822265625 0.07043619791666667 0.0320458984375
1 0.2823893229166667 0.79638671875 0.052734375 0.05251953125
1 0.6217447916666666 0.630859375 0.055703125 0.051455078125
1 0.2775065104166667 0.273681640625 0.04658854166666667 0.0523388671875
1 0.693359375 0.46337890625 0.06649088541666666 0.0413818359375
1 0.18229166666666666 0.206298828125 0.044518229166666666 0.05490234375
1 0.6038411458333334 0.75 0.06563151041666666 0.0320458984375
1 0.5546875 0.452392578125 0.07161458333333333 0.033662109375
1 0.3818359375 0.37890625 0.028014322916666667 0.0551171875
1 0.3678385416666667 0.43212890625 0.03908203125 0.0549951171875
1 0.783203125 0.75341796875 0.05716796875 0.0535888671875
1 0.18245442708333334 0.345947265625 0.06990885416666666 0.0397021484375
1 0.17496744791666666 0.264892578125 0.03741536458333333 0.053193359375
1 0.4156901041666667 0.39794921875 0.04121744791666667 0.0528271484375
1 0.10693359375 0.341796875 0.072265625 0.031142578125
1 0.3655598958333333 0.322998046875 0.07597005208333334 0.024140625
1 0.3619791666666667 0.94482421875 0.061484375 0.048310546875
1 0.7317708333333334 0.814453125 0.06502604166666666 0.0462060546875
1 0.23128255208333334 0.2880859375 0.07080078125 0.031083984375
1 0.7395833333333334 0.2919921875 0.073203125 0.035830078125
1 0.08936848958333334 0.3048974609375 0.06990885416666666 0.0316796875
1 0.38671875 0.33837890625 0.07389322916666667 0.0247021484375
1 0.443359375 0.87060546875 0.03554036458333334 0.060087890625
1 0.630859375 0.38525390625 0.03684244791666667 0.0533154296875
1 0.24983723958333334 0.60888671875 0.03305989583333333 0.050234375
1 0.3844401041666667 0.7138671875 0.03989583333333333 0.0570703125
1 0.21337890625 0.309326171875 0.07373046875 0.032470703125
1 0.5231119791666666 0.85791015625 0.06734375 0.04296875
1 0.318359375 0.8408203125 0.030638020833333335 0.057802734375
1 0.14322916666666666 0.280517578125 0.04067057291666667 0.0518505859375
1 0.4019596354166666 0.9113330078125 0.03801432291666667 0.0597900390625
1 0.2819010416666667 0.93115234375 0.058268229166666664 0.050048828125
1 0.2859700520833333 0.8447265625 0.03428385416666666 0.055419921875
1 0.21598307291666666 0.6484375 0.07820963541666666 0.0271142578125
1 0.6503450520833333 0.592294921875 0.07041666666666667 0.04013671875
1 0.16975911458333334 0.408203125 0.06611979166666666 0.0348193359375
1 0.6370442708333334 0.284912109375 0.052734375 0.0545068359375
1 0.744140625 0.43505859375 0.061484375 0.0489501953125
1 0.4980924479166667 0.93017578125 0.052109375000000006 0.059755859375
1 0.3268229166666667 0.93701171875 0.06611979166666666 0.0425732421875
1 0.5130859375 0.4435693359375 0.07840494791666668 0.0326123046875
1 0.7115885416666666 0.73193359375 0.07499348958333334 0.0245654296875
1 0.6650390625 0.5634765625 0.07108723958333334 0.0330224609375
1 0.7486979166666666 0.47265625 0.062421874999999995 0.0445263671875
1 0.6526692708333334 0.78076171875 0.04614583333333333 0.056640625
1 0.3662109375 0.266357421875 0.036497395833333335 0.0562451171875
1 0.6888020833333334 0.53125 0.0663671875 0.042236328125
1 0.708984375 0.329833984375 0.06453776041666666 0.045107421875
1 0.3505859375 0.642578125 0.07186197916666666 0.022890625
1 0.3289388020833333 0.60595703125 0.032063802083333336 0.05203125
1 0.4716796875 0.5185546875 0.06901041666666667 0.0234228515625
1 0.3929036458333333 0.43896484375 0.039225260416666664 0.0535888671875
1 0.529296875 0.397216796875 0.07470703125 0.0316796875
1 0.22054036458333334 0.1485595703125 0.07470703125 0.0219140625
1 0.7610677083333334 0.3388671875 0.06128255208333333 0.04876953125
1 0.31982421875 0.89501953125 0.04136067708333333 0.0555126953125
1 0.2853190104166667 0.2386474609375 0.043131510416666664 0.052919921875
1 0.4732161458333333 0.9236376953125 0.05100911458333333 0.0606201171875
1 0.32373046875 0.78662109375 0.05025390625 0.05203125
1 0.685546875 0.43603515625 0.07108723958333334 0.0374755859375
1 0.7415364583333334 0.21630859375 0.06697916666666666 0.040986328125
1 0.4801432291666667 0.55078125 0.05684244791666667 0.0442822265625
1 0.46875 0.494384765625 0.06799479166666667 0.03314453125
1 0.8125 0.71142578125 0.046875 0.0589892578125
1 0.11344401041666667 0.444091796875 0.06551432291666666 0.035400390625
1 0.2527669270833333 0.8349609375 0.04321614583333333 0.0552978515625
1 0.6373697916666666 0.4736328125 0.069375 0.0213623046875
1 0.8131510416666666 0.14990234375 0.07763671875 0.030732421875
1 0.6770833333333334 0.271484375 0.04732421875 0.0542919921875
1 0.18863932291666666 0.89404296875 0.03930989583333334 0.0564599609375
1 0.07779947916666667 0.247314453125 0.049192708333333335 0.0518505859375
1 0.6585286458333334 0.2425537109375 0.0702734375 0.0386962890625
1 0.3279622395833333 0.42431640625 0.027057291666666667 0.0558154296875
1 0.6822916666666666 0.81591796875 0.068359375 0.0399462890625
1 0.08528645833333333 0.393310546875 0.03188151041666667 0.05203125
1 0.20768229166666666 0.169921875 0.07055989583333333 0.022978515625
1 0.771484375 0.263671875 0.06311197916666667 0.049775390625
1 0.4762369791666667 0.858935546875 0.03188151041666667 0.0592041015625
1 0.24670572916666667 0.902841796875 0.073203125 0.0267529296875
1 0.20035807291666666 0.468505859375 0.07332682291666666 0.02400390625
1 0.26904296875 0.763671875 0.03293619791666667 0.056640625
1 0.443359375 0.5688818359375 0.06746744791666666 0.0465576171875
1 0.20670572916666666 0.8681640625 0.039388020833333336 0.0544140625
1 0.7486979166666666 0.1719970703125 0.07470703125 0.0240478515625
1 0.31494140625 0.283203125 0.026998697916666665 0.0542919921875
1 0.11841145833333333 0.408447265625 0.0419921875 0.05251953125
1 0.6181640625 0.55029296875 0.07173828125 0.0229345703125
1 0.22428385416666666 0.8349609375 0.04544921875 0.0549951171875
1 0.8001302083333334 0.0864892578125 0.07881510416666666 0.02685546875
1 0.3362630208333333 0.242919921875 0.03300130208333333 0.0564599609375
1 0.7337239583333334 0.140380859375 0.07430338541666666 0.0282763671875
1 0.796875 0.060517578125 0.07637369791666666 0.030380859375
1 0.8111979166666666 0.11615234375 0.07527994791666666 0.040986328125
1 0.23616536458333334 0.92626953125 0.07238932291666667 0.029541015625
1 0.7565104166666666 0.1082177734375 0.07483072916666667 0.02810546875
1 0.6435221354166667 0.3490478515625 0.060468749999999995 0.052919921875
1 0.15950520833333334 0.89013671875 0.03595052083333333 0.058134765625
1 0.3359375 0.473876953125 0.071328125 0.02630859375
1 0.833984375 0.91015625 0.03735677083333334 0.0634765625
1 0.8131510416666666 0.9423828125 0.07043619791666667 0.0552978515625
1 0.8678385416666666 0.93408203125 0.03684244791666667 0.0648828125
1 0.8821614583333334 0.8115234375 0.07723307291666666 0.0403759765625
1 0.7701822916666666 0.88232421875 0.029824218750000003 0.0622265625
1 0.8020833333333334 0.89111328125 0.03615234375 0.065126953125
1 0.5716145833333334 0.486630859375 0.029726562499999998 0.0560302734375
1 0.78798828125 0.95220703125 0.06857421875 0.05857421875
1 0.56765625 0.8341015625 0.060957031249999995 0.049052734375
1 0.40891927083333335 0.68837890625 0.059687500000000004 0.0471484375
1 0.6784570312499999 0.6936181640625 0.07302083333333333 0.0423828125
1 0.77052734375 0.7314794921875 0.06031901041666667 0.050478515625
1 0.6651236979166667 0.6095654296875 0.07175130208333333 0.044765625
1 0.26445963541666667 0.413837890625 0.06921223958333333 0.0371435546875
1 0.08381510416666667 0.273349609375 0.04952473958333333 0.0514306640625
1 0.6616341145833333 0.3345458984375 0.05841796875 0.049052734375
