1 0.3167317708333333 0.6455078125 0.027591145833333334 0.0367724609375
1 0.5416666666666666 0.448486328125 0.048951822916666665 0.0321044921875
1 0.6648046875 0.370205078125 0.053763020833333335 0.0201611328125
1 0.4664713541666667 0.340087890625 0.050703124999999995 0.025712890625
1 0.4417317708333333 0.583984375 0.0478515625 0.023818359375
1 0.4231770833333333 0.488037109375 0.043782552083333336 0.0211181640625
1 0.6598307291666666 0.357177734375 0.049401041666666666 0.017578125
1 0.6617838541666666 0.4619140625 0.028378906250000002 0.0379638671875
1 0.4339192708333333 0.556640625 0.034544270833333335 0.0364404296875
1 0.39627604166666663 0.6794921875 0.03248046875 0.0389453125
1 0.458984375 0.66015625 0.030520833333333334 0.03802734375
1 0.3470052083333333 0.505859375 0.04544921875 0.029482421875
1 0.708984375 0.59033203125 0.049680989583333335 0.0270068359375
1 0.40234375 0.55419921875 0.026184895833333333 0.037109375
1 0.3723958333333333 0.64697265625 0.02468098958333333 0.0374755859375
1 0.3528645833333333 0.57275390625 0.04984375 0.0243359375
1 0.3740234375 0.5263671875 0.0370703125 0.035400390625
1 0.4950390625 0.3711767578125 0.04960286458333333 0.0296240234375
1 0.6552734375 0.58349609375 0.04740234375 0.02484375
1 0.541015625 0.409423828125 0.05033203125 0.0157177734375
1 0.4296875 0.666015625 0.040201822916666664 0.033662109375
1 0.4641927083333333 0.52294921875 0.04667317708333333 0.0219140625
1 0.4153645833333333 0.462158203125 0.04837890625 0.0231005859375
1 0.4466145833333333 0.4345703125 0.04443359375 0.0310205078125
1 0.3525390625 0.64794921875 0.022805989583333335 0.0372021484375
1 0.4694010416666667 0.437744140625 0.043867187499999995 0.03216796875
1 0.5589192708333334 0.47607421875 0.049680989583333335 0.0176416015625
1 0.4140625 0.423583984375 0.0223828125 0.0386962890625
1 0.677734375 0.402099609375 0.03540364583333334 0.0383935546875
1 0.5908203125 0.451904296875 0.019941406249999998 0.038115234375
1 0.4563802083333333 0.497314453125 0.03908203125 0.0202490234375
1 0.4762369791666667 0.5830078125 0.03421875 0.0367724609375
1 0.4677734375 0.32421875 0.048014322916666664 0.0282763671875
1 0.5074869791666666 0.51904296875 0.0449609375 0.0352783203125
1 0.3854166666666667 0.6650390625 0.028157552083333332 0.032958984375
1 0.3929036458333333 0.48193359375 0.04634765625 0.023603515625
1 0.6471354166666666 0.47705078125 0.026490885416666665 0.0352783203125
1 0.6393229166666666 0.60546875 0.04370442708333333 0.032958984375
1 0.5087890625 0.430908203125 0.0419921875 0.029814453125
1 0.5081380208333334 0.62255859375 0.045286458333333335 0.0290380859375
1 0.4690755208333333 0.475341796875 0.042317708333333336 0.02267578125
1 0.70703125 0.609375 0.05147135416666667 0.02302734375
1 0.4254557291666667 0.6484375 0.04321614583333333 0.0292041015625
1 0.4544270833333333 0.55908203125 0.04128255208333333 0.0309619140625
1 0.5042317708333334 0.6044921875 0.044270833333333336 0.0316162109375
1 0.4934895833333333 0.541015625 0.04614583333333333 0.0269189453125
1 0.3487760416666667 0.6817919921875 0.042421875 0.034541015625
1 0.5381445312500001 0.430927734375 0.04878255208333334 0.0307421875
1 0.49523437499999995 0.353994140625 0.04541666666666667 0.0281884765625
1 0.3870442708333333 0.450927734375 0.045286458333333335 0.0292529296875
1 0.3909505208333333 0.62255859375 0.021197916666666667 0.0375390625
1 0.6324153645833334 0.39046875 0.055787760416666665 0.0264599609375
1 0.6868489583333334 0.57568359375 0.05195963541666667 0.02044921875
1 0.6959635416666666 0.62744140625 0.052734375 0.022841796875
1 0.5966796875 0.425048828125 0.048828125 0.0165869140625
1 0.4736328125 0.66845703125 0.029824218750000003 0.038759765625
1 0.701171875 0.399658203125 0.03275390625 0.038759765625
1 0.3318684895833333 0.66162109375 0.023619791666666667 0.0396435546875
1 0.6272786458333334 0.348388671875 0.05416015625 0.021650390625
1 0.449140625 0.465927734375 0.051074218750000004 0.027744140625
1 0.44899088541666665 0.36431640625 0.02495442708333333 0.0403759765625
1 0.6315104166666666 0.48291015625 0.024960937500000002 0.03689453125
1 0.5911458333333334 0.49267578125 0.021035156250000003 0.0394921875
1 0.4938151041666667 0.4951171875 0.021282552083333333 0.0399462890625
1 0.6100260416666666 0.482666015625 0.022220052083333334 0.0377490234375
1 0.4039713541666667 0.5224609375 0.030800781250000003 0.04443359375
1 0.63671875 0.26220703125 0.025065104166666668 0.0418408203125
1 0.6591796875 0.334228515625 0.044518229166666666 0.0234228515625
1 0.4996744791666667 0.408203125 0.03777994791666667 0.0271142578125
1 0.42664062500000005 0.6883154296875 0.05185546875 0.0211865234375
1 0.419921875 0.52783203125 0.02685546875 0.0431201171875
1 0.6380208333333334 0.55029296875 0.029661458333333335 0.03607421875
1 0.5578059895833333 0.4546826171875 0.04585286458333334 0.0301708984375
1 0.7102864583333334 0.65234375 0.052858072916666665 0.0173046875
1 0.6588541666666666 0.2474365234375 0.02565755208333333 0.0391259765625
1 0.6875 0.56201171875 0.053144531249999995 0.018984375
1 0.616796875 0.2670458984375 0.02362630208333333 0.0409521484375
1 0.3277994791666667 0.4189453125 0.03513671875 0.0365625
1 0.6324869791666666 0.2978515625 0.048216145833333335 0.0325927734375
1 0.5044661458333334 0.459833984375 0.04595703125 0.0312841796875
1 0.583984375 0.265869140625 0.023255208333333333 0.042021484375
1 0.7467447916666666 0.6923828125 0.035279947916666665 0.0381787109375
1 0.5054752604166667 0.38357421875 0.04945963541666667 0.0300048828125
1 0.509765625 0.71728515625 0.029544270833333334 0.0375390625
1 0.4488932291666667 0.51025390625 0.03188151041666667 0.0202490234375
1 0.70703125 0.178466796875 0.0458984375 0.0342431640625
1 0.236328125 0.262451171875 0.050904947916666665 0.0300439453125
1 0.343046875 0.49125 0.04739583333333333 0.027880859375
1 0.3575455729166667 0.5208984375 0.04244140625 0.0345068359375
1 0.6613281249999999 0.39564453125 0.039876302083333336 0.0386279296875
