1 0.4153645833333333 0.56982421875 0.051679687499999995 0.0510888671875
1 0.560546875 0.55126953125 0.06323567708333333 0.04708984375
1 0.4072265625 0.26123046875 0.04740234375 0.0580126953125
1 0.4934895833333333 0.55322265625 0.043378906249999995 0.05224609375
1 0.6015625 0.5185546875 0.06823567708333333 0.0428173828125
1 0.5172526041666666 0.5419921875 0.043053385416666666 0.053193359375
1 0.3802083333333333 0.564453125 0.050703124999999995 0.0501416015625
1 0.4223046875 0.520126953125 0.05416666666666667 0.05166015625
1 0.28405598958333333 0.3344873046875 0.05994791666666666 0.0527978515625
1 0.6222135416666666 0.234794921875 0.06440755208333333 0.0523486328125
1 0.6090494791666666 0.49365234375 0.074140625 0.0332666015625
1 0.3974609375 0.4560546875 0.07080078125 0.03494140625
1 0.4521484375 0.53125 0.03236979166666667 0.0533154296875
1 0.5735677083333334 0.305419921875 0.060468749999999995 0.0504150390625
1 0.4205729166666667 0.61083984375 0.06787109375 0.041474609375
1 0.7037760416666666 0.7880859375 0.056236979166666666 0.0546875
1 0.5983072916666666 0.29296875 0.060143229166666666 0.0530078125
1 0.4388020833333333 0.387451171875 0.028704427083333334 0.0565478515625
1 0.3515625 0.2666015625 0.02805338541666667 0.0589892578125
1 0.41015625 0.3857421875 0.028645833333333332 0.0567626953125
1 0.60546875 0.464599609375 0.07291666666666667 0.03314453125
1 0.2799479166666667 0.68408203125 0.06001953125 0.045869140625
1 0.4847005208333333 0.426025390625 0.05814453125 0.0494091796875
1 0.4413020833333334 0.476767578125 0.07508463541666667 0.0266015625
1 0.3873697916666667 0.279052734375 0.04740234375 0.0565478515625
1 0.6604817708333334 0.8017578125 0.045983072916666666 0.0559375
1 0.2784830729166667 0.8974609375 0.03493489583333333 0.0565478515625
1 0.7571614583333334 0.87451171875 0.06229817708333333 0.051943359375
1 0.3863932291666667 0.92626953125 0.02931640625 0.0606396484375
1 0.5580468749999999 0.5836328125 0.08004557291666667 0.02830078125
