1 0.6744791666666666 0.290283203125 0.050416666666666665 0.058779296875
1 0.3058268229166667 0.480224609375 0.047200520833333336 0.0530078125
1 0.314453125 0.44189453125 0.06746744791666666 0.038759765625
1 0.7122395833333334 0.42529296875 0.07922526041666667 0.0282763671875
1 0.619140625 0.283203125 0.049192708333333335 0.05685546875
1 0.40234375 0.37451171875 0.030924479166666668 0.0549951171875
1 0.58203125 0.461181640625 0.05912109375 0.0491357421875
1 0.6770833333333334 0.325439453125 0.0712109375 0.0403125
1 0.4820963541666667 0.334228515625 0.0692578125 0.0410791015625
1 0.5680338541666666 0.26904296875 0.04931640625 0.057587890625
1 0.5579427083333334 0.358154296875 0.07470703125 0.0276953125
1 0.3805338541666667 0.350830078125 0.031171875 0.057587890625
1 0.3600260416666667 0.295654296875 0.06416666666666666 0.0433642578125
1 0.6188151041666666 0.459716796875 0.0595703125 0.0475146484375
1 0.3414713541666667 0.66162109375 0.06079427083333333 0.0464794921875
1 0.5569661458333334 0.336181640625 0.07552083333333333 0.0270703125
1 0.3746744791666667 0.44140625 0.042154947916666664 0.0555126953125
1 0.4547526041666667 0.282470703125 0.0770703125 0.03173828125
1 0.3538411458333333 0.343994140625 0.02902994791666667 0.0577099609375
1 0.595703125 0.2724609375 0.05054036458333333 0.0579248046875
1 0.3453776041666667 0.387451171875 0.05347005208333333 0.0506005859375
1 0.6380208333333334 0.3017578125 0.045983072916666666 0.05685546875
1 0.3304036458333333 0.61962890625 0.0605859375 0.043701171875
1 0.5152994791666666 0.587890625 0.06978515625 0.03396484375
1 0.4651692708333333 0.357177734375 0.059244791666666664 0.0516650390625
1 0.26611328125 0.60009765625 0.04537109375 0.0555126953125
1 0.341796875 0.4674072265625 0.04572265625 0.0538037109375
1 0.703125 0.40576171875 0.07735026041666666 0.0270703125
1 0.31824869791666666 0.51265625 0.07263671875 0.034423828125
1 0.3024088541666667 0.384765625 0.029602864583333333 0.0557275390625
1 0.4798177083333333 0.30419921875 0.07442057291666666 0.0248876953125
1 0.7259114583333334 0.382080078125 0.07853515625 0.0269189453125
1 0.4762369791666667 0.65869140625 0.0508203125 0.0530078125
1 0.3958333333333333 0.429931640625 0.041666666666666664 0.056640625
1 0.4788411458333333 0.6962890625 0.074140625 0.0241845703125
1 0.5823567708333334 0.59912109375 0.05375 0.05099609375
1 0.7454427083333334 0.442626953125 0.07751302083333333 0.029541015625
1 0.5296223958333334 0.3828125 0.07568359375 0.02615234375
1 0.2586263020833333 0.44775390625 0.052656249999999995 0.05099609375
1 0.24755859375 0.6142578125 0.045983072916666666 0.0552978515625
1 0.5403645833333334 0.66455078125 0.040201822916666664 0.0551171875
1 0.5983072916666666 0.4052734375 0.05224609375 0.0537109375
1 0.4306640625 0.37451171875 0.029440104166666665 0.0555126953125
1 0.2978515625 0.5947265625 0.03501302083333333 0.0530078125
1 0.5680338541666666 0.56982421875 0.036295572916666664 0.0557275390625
1 0.3870442708333333 0.64990234375 0.03857421875 0.0559375
1 0.5159505208333334 0.56787109375 0.07173828125 0.03216796875
1 0.3798828125 0.51806640625 0.037272135416666664 0.05251953125
1 0.4192708333333333 0.51509765625 0.031822916666666666 0.054951171875
1 0.5065104166666666 0.6572265625 0.04756510416666667 0.052919921875
1 0.26860677083333334 0.5485009765625 0.07402994791666666 0.0278271484375
1 0.2716471354166667 0.5000439453125 0.030078125 0.0580810546875
1 0.3025716145833333 0.72265625 0.03440104166666667 0.0549951171875
1 0.2618815104166667 0.6708984375 0.0546484375 0.05126953125
1 0.6129557291666666 0.21142578125 0.07820963541666666 0.0256201171875
1 0.6012369791666666 0.2330322265625 0.07853515625 0.026201171875
1 0.2799479166666667 0.86865234375 0.029661458333333335 0.058564453125
1 0.31993489583333334 0.6496142578125 0.06223307291666667 0.0420751953125
1 0.29990234374999997 0.425947265625 0.07041666666666667 0.0350146484375
1 0.38390624999999995 0.2839794921875 0.06832682291666667 0.0446484375
