1 0.404296875 0.5029296875 0.07080078125 0.0340869140625
1 0.3815104166666667 0.53173828125 0.07092447916666667 0.022841796875
1 0.29248046875 0.54541015625 0.07580729166666667 0.0285498046875
1 0.6334635416666666 0.39208984375 0.07255208333333334 0.0435205078125
1 0.3151041666666667 0.52001953125 0.07430338541666666 0.02970703125
1 0.22574869791666666 0.51025390625 0.05684244791666667 0.0511767578125
1 0.2737630208333333 0.509765625 0.04537109375 0.052705078125
1 0.3707682291666667 0.56494140625 0.07108723958333334 0.03173828125
1 0.3531901041666667 0.49267578125 0.044798177083333335 0.05126953125
1 0.2669270833333333 0.5859375 0.0663671875 0.03759765625
1 0.2978515625 0.56396484375 0.07055989583333333 0.02810546875
1 0.2734375 0.66455078125 0.050618489583333336 0.0506005859375
1 0.609375 0.375244140625 0.06872395833333333 0.0455322265625
1 0.4114583333333333 0.47509765625 0.059446614583333335 0.04876953125
1 0.18489583333333334 0.48876953125 0.053144531249999995 0.0477001953125
1 0.2589518229166667 0.483154296875 0.047936197916666666 0.0510888671875
1 0.23600260416666666 0.642578125 0.05781901041666667 0.0474267578125
1 0.3133138020833333 0.60205078125 0.028444010416666665 0.0558154296875
1 0.22005208333333334 0.61962890625 0.06860677083333333 0.0375390625
1 0.19456380208333335 0.5400146484375 0.060911458333333335 0.04931640625
1 0.2530924479166667 0.35205078125 0.056764322916666665 0.0484033203125
1 0.22737630208333334 0.43408203125 0.07214192708333333 0.0281689453125
1 0.4742838541666667 0.90869140625 0.030638020833333335 0.0589892578125
1 0.21988932291666666 0.37353515625 0.06649088541666666 0.0453515625
1 0.5650651041666667 0.69810546875 0.07340494791666667 0.0474267578125
1 0.5126953125 0.458740234375 0.07470703125 0.0208447265625
1 0.2596028645833333 0.281982421875 0.046510416666666665 0.0558154296875
1 0.7513020833333334 0.837890625 0.0692578125 0.0479443359375
1 0.64439453125 0.410869140625 0.07354166666666666 0.044013671875
1 0.21017578125 0.525751953125 0.060957031249999995 0.0476220703125
