1 0.5735677083333334 0.66552734375 0.04756510416666667 0.029814453125
1 0.4869791666666667 0.77978515625 0.031412760416666664 0.0409228515625
1 0.5472005208333334 0.79345703125 0.048014322916666664 0.0198681640625
1 0.5426432291666666 0.7646484375 0.050416666666666665 0.0170458984375
1 0.7661067708333333 0.290654296875 0.027304687499999997 0.0404931640625
1 0.5445963541666666 0.751953125 0.04984375 0.016923828125
1 0.6314192708333334 0.7959130859375 0.0433984375 0.0348876953125
1 0.4046223958333333 0.63525390625 0.050904947916666665 0.0166650390625
1 0.6106770833333334 0.70361328125 0.03338541666666667 0.0374755859375
1 0.546875 0.7802734375 0.051106770833333336 0.019716796875
1 0.5149739583333334 0.689453125 0.052083333333333336 0.0161572265625
1 0.6959635416666666 0.74609375 0.05098307291666667 0.023818359375
1 0.7298177083333334 0.279052734375 0.02614583333333333 0.0426318359375
1 0.4739583333333333 0.57275390625 0.04984375 0.0184765625
1 0.5693359375 0.3076171875 0.05033203125 0.0272216796875
1 0.6458333333333334 0.73845703125 0.030865885416666666 0.0406298828125
1 0.5613411458333334 0.2882421875 0.05382161458333334 0.0202880859375
1 0.33359374999999997 0.804912109375 0.05555338541666666 0.0204833984375
1 0.6001041666666667 0.6435546875 0.053763020833333335 0.0180517578125
1 0.675390625 0.261240234375 0.055325520833333336 0.0190478515625
1 0.5774739583333334 0.7421875 0.03338541666666667 0.035341796875
1 0.5709635416666666 0.27197265625 0.052858072916666665 0.01798828125
1 0.6966145833333334 0.66845703125 0.05126953125 0.018720703125
1 0.3356119791666667 0.1953125 0.04443359375 0.03271484375
1 0.5052083333333334 0.67724609375 0.05814453125 0.0150146484375
1 0.3707682291666667 0.7431640625 0.052167968749999995 0.0198681640625
1 0.5921223958333334 0.255615234375 0.05497395833333333 0.0173046875
1 0.30630208333333336 0.32943359375 0.05408854166666666 0.02546875
1 0.5648372395833333 0.2240283203125 0.055091145833333334 0.018916015625
1 0.654296875 0.763671875 0.028157552083333332 0.0357373046875
1 0.4996744791666667 0.48583984375 0.023886718749999997 0.04638671875
1 0.7486979166666666 0.283203125 0.02580078125 0.0413232421875
1 0.5133463541666666 0.8125 0.04443359375 0.0255126953125
1 0.48412109375 0.7478173828125 0.04641927083333333 0.030654296875
1 0.27702473958333335 0.8052880859375 0.03131510416666667 0.041455078125
1 0.6041666666666666 0.74072265625 0.021627604166666665 0.04025390625
1 0.3224283854166667 0.8310546875 0.04960286458333333 0.0246142578125
1 0.5087890625 0.783203125 0.02736328125 0.0389697265625
1 0.5828580729166667 0.7910595703125 0.027298177083333333 0.0417236328125
1 0.6223958333333334 0.76904296875 0.020957031249999997 0.0391845703125
1 0.673828125 0.68798828125 0.04667317708333333 0.025908203125
1 0.748046875 0.6455078125 0.050416666666666665 0.0223681640625
1 0.6286588541666667 0.7293798828125 0.03327473958333333 0.0397265625
1 0.2947591145833333 0.80810546875 0.029257812499999997 0.038759765625
1 0.28298828125000003 0.204140625 0.04872395833333334 0.03263671875
1 0.5452473958333334 0.376220703125 0.052571614583333336 0.021455078125
1 0.5764973958333334 0.70947265625 0.044029947916666666 0.03216796875
1 0.32373046875 0.7275390625 0.03900390625 0.038818359375
1 0.6896809895833332 0.6365478515625 0.040611979166666666 0.0364208984375
1 0.5944010416666666 0.324951171875 0.049192708333333335 0.030107421875
1 0.3103841145833333 0.29541015625 0.05033203125 0.0256640625
1 0.4765625 0.192138671875 0.025026041666666665 0.04123046875
1 0.5244140625 0.280517578125 0.04984375 0.02859375
1 0.5260807291666666 0.184384765625 0.03934895833333333 0.0411962890625
1 0.560546875 0.53271484375 0.053059895833333336 0.0163427734375
1 0.6471354166666666 0.2059326171875 0.053346354166666665 0.024384765625
1 0.708984375 0.451416015625 0.05708984375 0.0181884765625
1 0.34531249999999997 0.825322265625 0.050872395833333334 0.0262841796875
1 0.5673828125 0.5458984375 0.05224609375 0.0154248046875
1 0.5302734375 0.4130859375 0.0321875 0.0403759765625
1 0.635625 0.3059521484375 0.04777994791666667 0.0319482421875
1 0.783203125 0.2998046875 0.028990885416666667 0.03955078125
1 0.3893229166666667 0.76806640625 0.03200520833333333 0.0352197265625
1 0.6549479166666666 0.6650390625 0.035807291666666664 0.03759765625
1 0.6009114583333334 0.436279296875 0.029479166666666667 0.04025390625
1 0.513671875 0.4267578125 0.024355468749999998 0.04193359375
1 0.4606119791666667 0.77099609375 0.022298177083333332 0.0399462890625
1 0.2833658854166667 0.76123046875 0.029153645833333335 0.0379052734375
1 0.6751302083333334 0.720703125 0.0414453125 0.034609375
1 0.43359375 0.765625 0.023802083333333335 0.0416259765625
1 0.6025390625 0.794921875 0.028606770833333333 0.0394287109375
1 0.3968098958333333 0.378662109375 0.055703125 0.019609375
1 0.349609375 0.436767578125 0.051679687499999995 0.0160986328125
1 0.4117838541666667 0.78857421875 0.031048177083333333 0.0360107421875
1 0.27772135416666666 0.2293408203125 0.03495442708333333 0.0418115234375
1 0.49474609374999995 0.1999951171875 0.025553385416666668 0.04359375
1 0.7180989583333334 0.716796875 0.04472005208333333 0.0322265625
1 0.3519596354166667 0.2637841796875 0.0540234375 0.02560546875
1 0.2581380208333333 0.5166015625 0.03194010416666667 0.0409228515625
1 0.54017578125 0.3298193359375 0.051178385416666666 0.023564453125
1 0.2431640625 0.58984375 0.043378906249999995 0.035400390625
1 0.4526692708333333 0.2316455078125 0.05005208333333333 0.034267578125
1 0.33154296875 0.7783203125 0.048828125 0.021943359375
1 0.28565104166666666 0.282197265625 0.054453125 0.0269140625
1 0.6220703125 0.27978515625 0.046263020833333335 0.0340283203125
1 0.4286979166666667 0.2049267578125 0.040930989583333334 0.039833984375
1 0.2649739583333333 0.75537109375 0.026243489583333335 0.0406201171875
1 0.7571614583333334 0.48681640625 0.048951822916666665 0.0236962890625
1 0.3834635416666667 0.82177734375 0.045983072916666666 0.0315576171875
1 0.7203645833333333 0.3525244140625 0.041627604166666665 0.03810546875
1 0.4005013020833333 0.2284228515625 0.033854166666666664 0.041591796875
1 0.3756510416666667 0.6572265625 0.022805989583333335 0.0406787109375
1 0.2972005208333333 0.71240234375 0.05005208333333333 0.0241845703125
1 0.4319661458333333 0.80029296875 0.036640625 0.0322265625
1 0.767578125 0.33447265625 0.03163411458333334 0.0386962890625
1 0.6009114583333334 0.296142578125 0.023802083333333335 0.0406201171875
1 0.6041666666666666 0.2413330078125 0.05347005208333333 0.0171044921875
1 0.24886067708333334 0.64697265625 0.024778645833333335 0.0391845703125
1 0.20231119791666666 0.33056640625 0.03000651041666667 0.0379052734375
1 0.23369140624999998 0.369755859375 0.055800781249999994 0.020595703125
1 0.2578125 0.316650390625 0.04756510416666667 0.035400390625
1 0.6555989583333334 0.286865234375 0.02170572916666667 0.041533203125
1 0.24214192708333335 0.3256640625 0.046191406250000004 0.0346533203125
1 0.5302473958333334 0.2426318359375 0.052643229166666666 0.026064453125
1 0.5278385416666667 0.2140185546875 0.03623046875 0.040556640625
1 0.4925130208333333 0.413330078125 0.023359375 0.0436083984375
1 0.2618815104166667 0.79541015625 0.02742838541666667 0.038115234375
1 0.23006510416666667 0.446845703125 0.03125651041666667 0.041181640625
1 0.64453125 0.2225341796875 0.04614583333333333 0.02302734375
1 0.6848958333333334 0.2476806640625 0.05444661458333333 0.01876953125
1 0.4505208333333333 0.59521484375 0.02516927083333333 0.0365625
1 0.79302734375 0.322001953125 0.028632812499999997 0.04119140625
1 0.44519531250000005 0.211513671875 0.04053385416666667 0.03828125
1 0.5166015625 0.56787109375 0.02170572916666667 0.03662109375
1 0.2308203125 0.38427734375 0.055468750000000004 0.0210107421875
1 0.6507161458333334 0.2476806640625 0.05244791666666667 0.037109375
1 0.22622395833333334 0.6811865234375 0.04611979166666667 0.03552734375
1 0.23008463541666668 0.7342578125 0.02446614583333333 0.0405419921875
1 0.4563802083333333 0.30419921875 0.05147135416666667 0.0149560546875
1 0.4772135416666667 0.51025390625 0.024576822916666668 0.0398583984375
1 0.2451171875 0.78955078125 0.028990885416666667 0.0394921875
1 0.6953125 0.75830078125 0.05147135416666667 0.0202490234375
1 0.3955078125 0.30810546875 0.04658854166666667 0.0372607421875
1 0.2540690104166667 0.4853515625 0.051679687499999995 0.015078125
1 0.5123697916666666 0.346435546875 0.02645182291666667 0.039794921875
1 0.4046223958333333 0.3623046875 0.051679687499999995 0.0153662109375
1 0.2530924479166667 0.53857421875 0.0312890625 0.0325927734375
1 0.5114778645833333 0.268662109375 0.052571614583333336 0.028388671875
1 0.236328125 0.2890625 0.03493489583333333 0.0359521484375
1 0.7454427083333334 0.254638671875 0.052656249999999995 0.0227685546875
1 0.3837890625 0.2021484375 0.051881510416666665 0.0227685546875
1 0.40054036458333336 0.2736279296875 0.04779296875 0.032216796875
1 0.24607421875000002 0.2468505859375 0.03809244791666667 0.040498046875
1 0.7693424479166667 0.3725146484375 0.05524739583333333 0.01552734375
1 0.3292643229166667 0.2258251953125 0.05175130208333333 0.0279345703125
1 0.41740234375 0.25732421875 0.05619140625 0.0173779296875
1 0.78890625 0.397392578125 0.04592447916666667 0.0354150390625
1 0.37175130208333335 0.284404296875 0.05389322916666667 0.018935546875
1 0.22884114583333334 0.53759765625 0.03318359375 0.03662109375
1 0.22749348958333335 0.342626953125 0.03205078125 0.04115234375
1 0.5764973958333334 0.1951904296875 0.054563802083333335 0.0185107421875
1 0.3308919270833333 0.342919921875 0.03826822916666667 0.0375390625
1 0.7486979166666666 0.54638671875 0.03835286458333333 0.034423828125
1 0.466796875 0.81298828125 0.048951822916666665 0.0220361328125
1 0.37595052083333336 0.2338818359375 0.040820312500000004 0.039736328125
1 0.46710286458333333 0.338974609375 0.04645182291666666 0.0331640625
1 0.7604166666666666 0.5927734375 0.053346354166666665 0.031435546875
1 0.7783854166666666 0.4681884765625 0.05636067708333333 0.017373046875
1 0.49787109375 0.3842578125 0.05324869791666667 0.0177001953125
1 0.64865234375 0.8016162109375 0.047441406250000005 0.034853515625
1 0.47874348958333335 0.79998046875 0.05130859375 0.02287109375
1 0.3887044270833333 0.8103271484375 0.047441406250000005 0.030498046875
1 0.3773307291666667 0.7836474609375 0.04114583333333333 0.0337646484375
1 0.3378776041666667 0.7929052734375 0.05324869791666667 0.02033203125
1 0.24598958333333332 0.7442822265625 0.023717447916666665 0.0407421875
1 0.3370377604166667 0.752314453125 0.0221875 0.0395947265625
1 0.30815755208333334 0.7603515625 0.0409375 0.0350048828125
1 0.28042317708333336 0.7307958984375 0.04973307291666667 0.0252490234375
1 0.2653125 0.7089892578125 0.04705729166666667 0.0321337890625
1 0.25192057291666664 0.699091796875 0.04705729166666667 0.0335693359375
1 0.24139973958333336 0.688330078125 0.04361328125 0.033857421875
1 0.2792708333333333 0.6742724609375 0.048203125000000006 0.0281201171875
1 0.28061197916666664 0.656484375 0.043997395833333335 0.0315625
1 0.27716796875 0.63611328125 0.04322916666666667 0.03328125
1 0.28921875 0.6244921875 0.040553385416666664 0.0341455078125
1 0.24311848958333335 0.620615234375 0.05317708333333334 0.0275439453125
1 0.31236328125 0.66150390625 0.021803385416666668 0.042177734375
1 0.3913671875 0.7270654296875 0.05279296875 0.0200830078125
1 0.4135546875 0.74873046875 0.028307291666666665 0.0404541015625
1 0.4965690104166667 0.7373974609375 0.04590494791666667 0.0315625
1 0.48471354166666664 0.7054052734375 0.02907552083333333 0.039306640625
1 0.5101497395833333 0.7187451171875 0.027929687499999998 0.0407421875
1 0.5396093750000001 0.72591796875 0.043997395833333335 0.0344287109375
1 0.36649739583333335 0.703681640625 0.03060546875 0.0398828125
1 0.404375 0.70884765625 0.05279296875 0.01865234375
1 0.4562109375 0.72634765625 0.03404947916666667 0.0381591796875
1 0.4443489583333333 0.7134375 0.03787109375 0.0358642578125
1 0.4650065104166667 0.6780029296875 0.03022135416666667 0.038447265625
1 0.43669921875 0.687041015625 0.024101562500000003 0.0398828125
1 0.40743489583333337 0.6811572265625 0.04361328125 0.0298388671875
1 0.38294921875000004 0.68646484375 0.04590494791666667 0.02783203125
1 0.3423958333333333 0.6890478515625 0.03443359375 0.0381591796875
1 0.3286263020833333 0.6788623046875 0.03596354166666667 0.036728515625
1 0.3446940104166667 0.6539013671875 0.041315104166666665 0.0315625
1 0.6228190104166667 0.6923486328125 0.03443359375 0.0378759765625
1 0.4359309895833334 0.656767578125 0.04858723958333333 0.026396484375
1 0.411640625 0.6636572265625 0.04361328125 0.03328125
1 0.46251953124999995 0.6417041015625 0.05050130208333333 0.020947265625
1 0.5088151041666666 0.6616455078125 0.05279296875 0.016640625
1 0.5172265625 0.6481640625 0.05279296875 0.016640625
1 0.5486002604166667 0.659208984375 0.03749348958333334 0.0364404296875
1 0.5493619791666667 0.6331005859375 0.05279296875 0.0163525390625
1 0.67484375 0.64443359375 0.041315104166666665 0.033857421875
1 0.70640625 0.62951171875 0.04016927083333333 0.03615234375
1 0.7245768229166667 0.6240625 0.040553385416666664 0.0378759765625
1 0.7553776041666667 0.62162109375 0.0501171875 0.025537109375
1 0.7419856770833334 0.59837890625 0.04858723958333333 0.02955078125
1 0.6933984375 0.6005322265625 0.0501171875 0.0223779296875
1 0.66470703125 0.584462890625 0.052408854166666664 0.023525390625
1 0.68880859375 0.5771484375 0.05164713541666666 0.0266845703125
1 0.711953125 0.5716943359375 0.04973307291666667 0.02783203125
1 0.6490234375 0.6256396484375 0.031751302083333335 0.0398828125
1 0.6310416666666666 0.6213330078125 0.03022135416666667 0.039306640625
1 0.5979492187500001 0.6231982421875 0.05050130208333333 0.026396484375
1 0.5705989583333334 0.6166015625 0.0501171875 0.0229541015625
1 0.6209049479166667 0.59623046875 0.047441406250000005 0.0315625
1 0.5769075520833333 0.599814453125 0.05203125 0.0215185546875
1 0.6189908854166667 0.578583984375 0.04897135416666667 0.0284033203125
1 0.5715559895833333 0.5771484375 0.048203125000000006 0.027255859375
1 0.5836067708333333 0.5656689453125 0.04705729166666667 0.027255859375
1 0.6138281250000001 0.5574951171875 0.052408854166666664 0.0160693359375
1 0.6467252604166667 0.552041015625 0.02486979166666667 0.0407421875
1 0.6838346354166666 0.5534765625 0.052408854166666664 0.021806640625
1 0.54419921875 0.5963720703125 0.03787109375 0.034716796875
1 0.5315755208333334 0.5876220703125 0.04016927083333333 0.036728515625
1 0.4881510416666666 0.58919921875 0.05126302083333333 0.02037109375
1 0.48738932291666665 0.603115234375 0.05279296875 0.01951171875
1 0.5003971354166666 0.619326171875 0.05279296875 0.0175
1 0.4971419270833333 0.6335302734375 0.05393880208333333 0.0183642578125
1 0.48241536458333334 0.5534765625 0.047441406250000005 0.02697265625
1 0.5334895833333334 0.5514697265625 0.03481119791666667 0.0372998046875
1 0.49197916666666663 0.53970703125 0.05050130208333333 0.0229541015625
1 0.5126367187499999 0.51775390625 0.01759765625 0.0398828125
1 0.5593098958333333 0.5184716796875 0.053561197916666664 0.017216796875
1 0.5971875 0.5246435546875 0.025247395833333335 0.039306640625
1 0.443203125 0.550751953125 0.0462890625 0.0266845703125
1 0.4191015625 0.55763671875 0.03404947916666667 0.03701171875
1 0.26244140625 0.5909228515625 0.04514322916666667 0.03529296875
1 0.29706380208333333 0.5988134765625 0.0202734375 0.0401708984375
1 0.3223111979166667 0.588623046875 0.03328125 0.037587890625
1 0.32365234375 0.615595703125 0.0351953125 0.037587890625
1 0.3423958333333333 0.6196142578125 0.03443359375 0.037587890625
1 0.3666861979166667 0.630087890625 0.04705729166666667 0.0298388671875
1 0.38160807291666665 0.6056982421875 0.04705729166666667 0.0298388671875
1 0.36056640625 0.5925 0.05470703125 0.0160693359375
1 0.3446940104166667 0.568251953125 0.0351953125 0.034716796875
1 0.29553385416666667 0.5597900390625 0.029459635416666668 0.0395947265625
1 0.316953125 0.5533349609375 0.027161458333333333 0.0387353515625
1 0.35272786458333333 0.547880859375 0.04514322916666667 0.0312744140625
1 0.3714713541666667 0.54228515625 0.041315104166666665 0.0321337890625
1 0.3835221354166667 0.5319580078125 0.04016927083333333 0.0327099609375
1 0.39461588541666665 0.5201953125 0.03863932291666667 0.0355810546875
1 0.41068359374999996 0.5123046875 0.03787109375 0.03529296875
1 0.42751953125 0.5031201171875 0.03404947916666667 0.03701171875
1 0.44893880208333337 0.5028369140625 0.03481119791666667 0.03529296875
1 0.45678385416666667 0.4810302734375 0.05126302083333333 0.0192236328125
1 0.38466796875000003 0.4850439453125 0.052408854166666664 0.018076171875
1 0.3592317708333333 0.4991064453125 0.055852864583333335 0.01578125
1 0.33513020833333335 0.5124462890625 0.055852864583333335 0.0154931640625
1 0.3244140625 0.5273681640625 0.0573828125 0.0160693359375
1 0.2813802083333333 0.5174658203125 0.029459635416666668 0.0387353515625
1 0.29802083333333335 0.5044140625 0.024485677083333334 0.0378759765625
1 0.32919921874999997 0.4890625 0.0462890625 0.030703125
1 0.26263020833333334 0.458359375 0.04705729166666667 0.032421875
1 0.2850130208333333 0.46123046875 0.044375 0.032998046875
1 0.3016536458333333 0.470126953125 0.043997395833333335 0.032421875
1 0.3225 0.4748583984375 0.044375 0.0315625
1 0.33015625 0.4498974609375 0.05203125 0.023525390625
1 0.3666861979166667 0.458359375 0.03787109375 0.037587890625
1 0.3988216145833334 0.45333984375 0.045527343750000004 0.0304150390625
1 0.41699869791666666 0.468115234375 0.05126302083333333 0.0197998046875
1 0.44549479166666667 0.45419921875 0.04934895833333333 0.02123046875
1 0.48298828125 0.460224609375 0.01951171875 0.038447265625
1 0.5009700520833333 0.4498974609375 0.029459635416666668 0.0390234375
1 0.52947265625 0.4976708984375 0.04514322916666667 0.02783203125
1 0.5340625 0.4823193359375 0.047441406250000005 0.02869140625
1 0.5365494791666666 0.46783203125 0.044759114583333336 0.030126953125
1 0.5660091145833334 0.4910693359375 0.02486979166666667 0.0404541015625
1 0.5864713541666667 0.4892041015625 0.026015625 0.0378759765625
1 0.6172721354166667 0.505703125 0.0501171875 0.020947265625
1 0.6209049479166667 0.4912158203125 0.05050130208333333 0.023525390625
1 0.6216666666666667 0.4638134765625 0.019127604166666666 0.0398828125
1 0.5858984375 0.4628076171875 0.05393880208333333 0.0160693359375
1 0.72228515625 0.5448681640625 0.02983723958333333 0.0401708984375
1 0.7607291666666667 0.5216259765625 0.05470703125 0.0183642578125
1 0.7081315104166667 0.5267919921875 0.04667317708333333 0.033857421875
1 0.6761848958333333 0.5328173828125 0.037109375 0.03615234375
1 0.626640625 0.53310546875 0.041315104166666665 0.03328125
1 0.6650911458333334 0.518330078125 0.03634114583333333 0.03701171875
1 0.6566731770833333 0.4978125 0.03481119791666667 0.036728515625
1 0.6912955729166667 0.502119140625 0.0351953125 0.0378759765625
1 0.726875 0.5035498046875 0.053561197916666664 0.026396484375
1 0.7134830729166667 0.479306640625 0.05662109375 0.0169287109375
1 0.7236263020833333 0.4658203125 0.056236979166666666 0.018076171875
1 0.66490234375 0.4727099609375 0.05279296875 0.020947265625
1 0.6562890625 0.4606591796875 0.05317708333333334 0.0232421875
1 0.65724609375 0.44416015625 0.054322916666666665 0.024677734375
1 0.6459635416666667 0.433828125 0.057766927083333336 0.0241015625
1 0.7708723958333333 0.455205078125 0.05662109375 0.0169287109375
1 0.7735481770833333 0.439853515625 0.055852864583333335 0.017216796875
1 0.7505924479166667 0.426083984375 0.05662109375 0.0154931640625
1 0.7180729166666667 0.4374169921875 0.055852864583333335 0.02037109375
1 0.7802408854166667 0.4128857421875 0.03940104166666667 0.03615234375
1 0.7410286458333334 0.3844775390625 0.05279296875 0.0258251953125
1 0.7406445312500001 0.40341796875 0.04667317708333333 0.0321337890625
1 0.711953125 0.4035595703125 0.04590494791666667 0.0341455078125
1 0.69626953125 0.41173828125 0.042845052083333335 0.033857421875
1 0.6735091145833333 0.4156103515625 0.03940104166666667 0.0358642578125
1 0.6362044270833334 0.421494140625 0.05662109375 0.0229541015625
1 0.62033203125 0.4080078125 0.052408854166666664 0.0183642578125
1 0.6434765625 0.3830419921875 0.03060546875 0.0390234375
1 0.7414127604166666 0.3543505859375 0.042845052083333335 0.036728515625
1 0.6838346354166666 0.383759765625 0.05164713541666666 0.030126953125
1 0.6773307291666667 0.3691259765625 0.05164713541666666 0.030703125
1 0.6117252604166666 0.393662109375 0.05815104166666666 0.0177880859375
1 0.6004361979166667 0.3804638671875 0.057005208333333335 0.016640625
1 0.6027343749999999 0.36611328125 0.05393880208333333 0.0154931640625
1 0.6429036458333334 0.3572216796875 0.052408854166666664 0.024677734375
1 0.5920182291666667 0.3457421875 0.0501171875 0.02869140625
1 0.55625 0.34947265625 0.05050130208333333 0.0252490234375
1 0.548984375 0.3628173828125 0.055091145833333334 0.0249609375
1 0.5780598958333333 0.4346923828125 0.02907552083333333 0.0395947265625
1 0.5417122395833334 0.4490380859375 0.03978515625 0.0355810546875
1 0.5608398437500001 0.4392822265625 0.0313671875 0.0390234375
1 0.5669596354166667 0.4095849609375 0.055852864583333335 0.018076171875
1 0.5587369791666666 0.394951171875 0.05317708333333334 0.01578125
1 0.47782552083333335 0.350048828125 0.04667317708333333 0.0327099609375
1 0.48509114583333335 0.3711376953125 0.05203125 0.0197998046875
1 0.40647786458333335 0.3910791015625 0.05317708333333334 0.0229541015625
1 0.43440104166666665 0.3983935546875 0.0501171875 0.0261083984375
1 0.4537239583333333 0.4084375 0.05203125 0.0220947265625
1 0.45525390625 0.422783203125 0.05279296875 0.0215185546875
1 0.45984375000000005 0.4368408203125 0.053561197916666664 0.01865234375
1 0.41182942708333337 0.4253662109375 0.04246744791666667 0.0335693359375
1 0.36649739583333335 0.4071435546875 0.05279296875 0.0183642578125
1 0.3666861979166667 0.421923828125 0.052408854166666664 0.0169287109375
1 0.32384114583333334 0.42005859375 0.03481119791666667 0.0378759765625
1 0.2964908854166667 0.4293798828125 0.03672526041666666 0.0364404296875
1 0.2723893229166667 0.4303857421875 0.040553385416666664 0.0355810546875
1 0.2557421875 0.422353515625 0.041699218749999996 0.0355810546875
1 0.24751953125 0.4071435546875 0.042083333333333334 0.03328125
1 0.3144661458333333 0.3992529296875 0.05203125 0.0249609375
1 0.29323567708333337 0.3905029296875 0.05393880208333333 0.024677734375
1 0.28462890625 0.3780224609375 0.055852864583333335 0.0238134765625
1 0.28654296875 0.3622412109375 0.053561197916666664 0.022666015625
1 0.2695182291666667 0.3516259765625 0.05317708333333334 0.0238134765625
1 0.43344401041666664 0.340146484375 0.05203125 0.0289794921875
1 0.452578125 0.3186279296875 0.054322916666666665 0.018076171875
1 0.39423177083333333 0.3223583984375 0.045527343750000004 0.0318505859375
1 0.3609505208333333 0.3104541015625 0.03557942708333333 0.038447265625
1 0.32671223958333334 0.3084423828125 0.053561197916666664 0.0241015625
1 0.3110221354166667 0.2016357421875 0.05067708333333334 0.0293359375
1 0.2603450520833333 0.234794921875 0.035032552083333335 0.0415771484375
1 0.3076171875 0.2382373046875 0.04115234375 0.03826171875
1 0.35319661458333335 0.2488232421875 0.0533984375 0.0221923828125
1 0.27412109375 0.307109375 0.049654947916666664 0.0326513671875
1 0.2753125 0.266171875 0.049993489583333335 0.0313720703125
1 0.32241536458333336 0.2698681640625 0.0476171875 0.0331591796875
1 0.5715364583333333 0.2100537109375 0.056796875 0.0206591796875
1 0.5570833333333333 0.24984375 0.04421223958333333 0.036474609375
1 0.47852213541666666 0.253671875 0.05033203125 0.0293359375
1 0.4814127604166667 0.234794921875 0.049993489583333335 0.02984375
1 0.62697265625 0.3277685546875 0.035032552083333335 0.0392822265625
1 0.66404296875 0.3442236328125 0.04046875 0.0354541015625
1 0.6836002604166667 0.3396337890625 0.040130208333333334 0.036474609375
1 0.6987369791666667 0.3295556640625 0.039114583333333335 0.03876953125
1 0.7291731770833333 0.3249658203125 0.05169270833333334 0.0270361328125
1 0.7300260416666666 0.3090234375 0.05271484375 0.0247412109375
1 0.6961848958333333 0.2784130859375 0.05169270833333334 0.0329052734375
1 0.68615234375 0.302265625 0.049993489583333335 0.0326513671875
