1 0.15063802083333333 0.771484375 0.05912109375 0.053984375
1 0.2858072916666667 0.305908203125 0.033326822916666665 0.0599658203125
1 0.58203125 0.68701171875 0.03877604166666667 0.06076171875
1 0.5436197916666666 0.7529296875 0.08113932291666666 0.029375
1 0.22119140625 0.78173828125 0.07055989583333333 0.0423876953125
1 0.5533854166666666 0.83935546875 0.04756510416666667 0.0610986328125
1 0.19482421875 0.712890625 0.030703124999999998 0.0592041015625
1 0.529296875 0.52197265625 0.07820963541666666 0.03173828125
1 0.5283203125 0.54345703125 0.0770703125 0.0343017578125
1 0.2566731770833333 0.2900390625 0.029889322916666666 0.0608544921875
1 0.21988932291666666 0.80517578125 0.07197916666666666 0.0426318359375
1 0.5524088541666666 0.7294921875 0.08040364583333333 0.0273291015625
1 0.5758463541666666 0.55126953125 0.055299479166666665 0.0551171875
1 0.5299479166666666 0.50048828125 0.07922526041666667 0.0294189453125
1 0.5179036458333334 0.837890625 0.05537760416666667 0.06076171875
1 0.22770182291666666 0.2978515625 0.03005208333333333 0.0582275390625
1 0.15405598958333333 0.63232421875 0.04520833333333333 0.0530078125
1 0.3201497395833333 0.3056640625 0.04984375 0.058134765625
1 0.2698567708333333 0.767578125 0.0410546875 0.056123046875
1 0.5377604166666666 0.67431640625 0.06298828125 0.0530078125
1 0.6070963541666666 0.85693359375 0.04121744791666667 0.0630517578125
1 0.5068359375 0.4658203125 0.06392578125 0.0492236328125
1 0.26123046875 0.560546875 0.07694661458333334 0.031083984375
1 0.3006184895833333 0.73388671875 0.03658203125 0.060087890625
1 0.17952473958333334 0.6630859375 0.06990885416666666 0.0398583984375
1 0.23323567708333334 0.6806640625 0.07527994791666666 0.0318603515625
1 0.2571614583333333 0.73388671875 0.05033203125 0.0560302734375
1 0.5221354166666666 0.6943359375 0.06128255208333333 0.0511767578125
1 0.2744140625 0.57958984375 0.07401692708333334 0.0310205078125
1 0.16658854166666667 0.83447265625 0.031412760416666664 0.059541015625
1 0.6119791666666666 0.6875 0.034016927083333336 0.0630517578125
1 0.2972005208333333 0.46142578125 0.046510416666666665 0.0571923828125
1 0.21305338541666666 0.2578125 0.07735026041666666 0.026064453125
1 0.28271484375 0.401611328125 0.07763671875 0.0243359375
1 0.20621744791666666 0.6123046875 0.061608072916666666 0.0431201171875
1 0.5706380208333334 0.58740234375 0.08146484375 0.02365234375
1 0.14298828125 0.69287109375 0.051393229166666665 0.053984375
1 0.3483072916666667 0.2998046875 0.052656249999999995 0.056640625
1 0.19140625 0.240234375 0.0791015625 0.0269189453125
1 0.3391927083333333 0.405029296875 0.049765625 0.0572802734375
1 0.19759114583333334 0.55078125 0.0770703125 0.0342431640625
1 0.23356119791666666 0.72216796875 0.05005208333333333 0.0548095703125
1 0.2799479166666667 0.5244140625 0.07735026041666666 0.027529296875
1 0.2805989583333333 0.484375 0.051679687499999995 0.0537109375
1 0.17626953125 0.280517578125 0.07291666666666667 0.0272216796875
1 0.2887369791666667 0.374267578125 0.07499348958333334 0.0308544921875
1 0.2799479166666667 0.423095703125 0.07637369791666666 0.02484375
1 0.3541666666666667 0.265380859375 0.05814453125 0.0565478515625
1 0.14274088541666666 0.86376953125 0.043131510416666664 0.0606396484375
1 0.17740885416666666 0.303466796875 0.07597005208333334 0.0284423828125
1 0.5745442708333334 0.86474609375 0.039388020833333336 0.0630517578125
1 0.13143229166666667 0.75390625 0.0625390625 0.048037109375
1 0.537109375 0.41552734375 0.06990885416666666 0.0453515625
1 0.17789713541666666 0.77978515625 0.058678385416666666 0.0513623046875
1 0.18619791666666666 0.87353515625 0.046263020833333335 0.06076171875
1 0.19368489583333334 0.51611328125 0.07837239583333333 0.02533203125
1 0.2630208333333333 0.1942138671875 0.032877604166666664 0.062685546875
1 0.5435546875 0.6479345703125 0.06372395833333333 0.0552685546875
1 0.17838541666666666 0.406494140625 0.0780859375 0.0258642578125
1 0.658203125 0.368408203125 0.08325520833333333 0.02748046875
