1 0.6995117187500001 0.6892919921875 0.073203125 0.049970703125
1 0.640625 0.348876953125 0.060468749999999995 0.0510888671875
1 0.513671875 0.6201171875 0.06205078125 0.04708984375
1 0.4847005208333333 0.49072265625 0.05708984375 0.0523388671875
1 0.31494140625 0.40576171875 0.073203125 0.0225390625
1 0.45703125 0.4833984375 0.058470052083333335 0.0499560546875
1 0.3837890625 0.6044921875 0.068359375 0.0401025390625
1 0.60546875 0.380859375 0.06001953125 0.0510888671875
1 0.4462890625 0.45849609375 0.054036458333333336 0.0510888671875
1 0.4088541666666667 0.467529296875 0.05224609375 0.05154296875
1 0.6389973958333334 0.318115234375 0.06787109375 0.05224609375
1 0.4300130208333333 0.5244140625 0.054036458333333336 0.049501953125
1 0.39453125 0.447509765625 0.055703125 0.04958984375
1 0.3984375 0.37841796875 0.072265625 0.0348193359375
1 0.3567708333333333 0.5927734375 0.07014973958333333 0.03927734375
1 0.4742838541666667 0.54150390625 0.04128255208333333 0.05099609375
1 0.5130208333333334 0.58349609375 0.046959635416666666 0.0555126953125
1 0.31494140625 0.303466796875 0.07186197916666666 0.0323486328125
1 0.390625 0.403564453125 0.07255208333333334 0.0242333984375
1 0.4889322916666667 0.57080078125 0.044270833333333336 0.053896484375
1 0.3958333333333333 0.3037109375 0.07307942708333333 0.03494140625
1 0.3408203125 0.346923828125 0.036783854166666664 0.0571923828125
1 0.4186197916666667 0.572265625 0.03953125 0.0546875
1 0.3097330729166667 0.250244140625 0.04732421875 0.0584423828125
1 0.4342447916666667 0.26025390625 0.058027343749999995 0.0549951171875
1 0.3551432291666667 0.257080078125 0.037923177083333336 0.06130859375
1 0.4527994791666667 0.5869140625 0.03835286458333333 0.0558154296875
1 0.3146158854166667 0.351806640625 0.034544270833333335 0.0586572265625
1 0.68556640625 0.7084326171875 0.06713541666666667 0.0494287109375
1 0.6656705729166666 0.3562158203125 0.06568359375 0.0543603515625
