1 0.818359375 0.2322998046875 0.07470703125 0.0344873046875
1 0.8359375 0.260498046875 0.07625651041666666 0.0345458984375
1 0.8697916666666666 0.20654296875 0.05611328125 0.0584423828125
1 0.24283854166666666 0.322021484375 0.07197916666666666 0.026552734375
1 0.7115885416666666 0.2032470703125 0.06502604166666666 0.0506005859375
1 0.2744140625 0.23681640625 0.0576171875 0.04931640625
1 0.7942708333333334 0.2044677734375 0.07214192708333333 0.04177734375
1 0.8131510416666666 0.1737060546875 0.07649739583333333 0.038759765625
1 0.19710286458333334 0.191162109375 0.07043619791666667 0.0375390625
1 0.74609375 0.244140625 0.0712109375 0.04123046875
1 0.3541666666666667 0.39892578125 0.055585937499999995 0.0501416015625
1 0.20166015625 0.382080078125 0.06966145833333333 0.022109375
1 0.3518880208333333 0.6123046875 0.07470703125 0.033662109375
1 0.203125 0.311279296875 0.06949869791666667 0.035615234375
1 0.197265625 0.339599609375 0.07470703125 0.0253759765625
1 0.19986979166666666 0.163330078125 0.07442057291666666 0.0230712890625
1 0.4225260416666667 0.56005859375 0.07373046875 0.028017578125
1 0.24967447916666666 0.509765625 0.06416666666666666 0.0403125
1 0.3186848958333333 0.62744140625 0.07458333333333333 0.0312060546875
1 0.3349609375 0.3642578125 0.069375 0.0247509765625
1 0.24397786458333334 0.1942138671875 0.044798177083333335 0.053408203125
1 0.3678385416666667 0.326416015625 0.07291666666666667 0.025087890625
1 0.2985026041666667 0.5966796875 0.06392578125 0.0442822265625
1 0.17057291666666666 0.50634765625 0.07145182291666667 0.0325927734375
1 0.08550130208333334 0.6817626953125 0.05955729166666667 0.0524267578125
1 0.7272135416666666 0.2235107421875 0.06477864583333333 0.04681640625
1 0.8131510416666666 0.408447265625 0.08264322916666667 0.02650390625
1 0.796875 0.4306640625 0.08146484375 0.0269189453125
1 0.443359375 0.4462890625 0.0663671875 0.0432763671875
1 0.3330078125 0.3447265625 0.07255208333333334 0.02267578125
1 0.3019205729166667 0.64111328125 0.07267578125 0.0289306640625
1 0.13354817708333333 0.7587890625 0.06901041666666667 0.0256201171875
1 0.79296875 0.92919921875 0.07458333333333333 0.03927734375
1 0.2613932291666667 0.2841796875 0.06453776041666666 0.0384521484375
1 0.1201171875 0.70166015625 0.07678385416666667 0.0269189453125
1 0.2957356770833333 0.46435546875 0.05033203125 0.05154296875
1 0.69140625 0.94921875 0.07751302083333333 0.0290380859375
1 0.4560546875 0.51171875 0.07186197916666666 0.0320458984375
1 0.7298177083333334 0.82763671875 0.06746744791666666 0.0355517578125
1 0.134765625 0.66845703125 0.061484375 0.046904296875
1 0.16845703125 0.397705078125 0.07307942708333333 0.0245654296875
1 0.83203125 0.13232421875 0.05708984375 0.059326171875
1 0.3759765625 0.1619873046875 0.03147135416666667 0.0589892578125
1 0.2451171875 0.4697265625 0.06799479166666667 0.04046875
1 0.3308919270833333 0.68115234375 0.052083333333333336 0.0516650390625
1 0.27527994791666666 0.7918603515625 0.06858723958333333 0.041220703125
1 0.3116861979166667 0.91064453125 0.0751171875 0.0240478515625
1 0.6313606770833333 0.9502734375 0.06423828125 0.0499951171875
1 0.066640625 0.7158984375 0.0764453125 0.036875
1 0.18147786458333334 0.42529296875 0.0702734375 0.031923828125
1 0.7018229166666666 0.306640625 0.060911458333333335 0.0469970703125
1 0.4739583333333333 0.53759765625 0.06774739583333333 0.0335400390625
1 0.6028645833333334 0.81494140625 0.06563151041666666 0.0464794921875
1 0.2561848958333333 0.5966796875 0.044108072916666664 0.0511767578125
1 0.23453776041666666 0.44873046875 0.06990885416666666 0.0383935546875
1 0.13192057291666667 0.84375 0.06913411458333334 0.0365625
1 0.2919921875 0.375732421875 0.06026041666666667 0.041474609375
1 0.4908854166666667 0.60888671875 0.04083333333333333 0.0530078125
1 0.7903645833333334 0.380126953125 0.07792317708333334 0.0318017578125
1 0.3058268229166667 0.40966796875 0.07348958333333333 0.027802734375
1 0.18489583333333334 0.462890625 0.06660807291666666 0.0428759765625
1 0.20979817708333334 0.362060546875 0.07186197916666666 0.023955078125
1 0.24755859375 0.400390625 0.07173828125 0.027802734375
1 0.18180338541666666 0.489501953125 0.07067708333333333 0.0352783203125
1 0.15592447916666666 0.724609375 0.07881510416666666 0.028017578125
1 0.31005859375 0.426513671875 0.07332682291666666 0.02685546875
1 0.7321484374999999 0.298515625 0.061953125 0.0476220703125
1 0.28515625 0.6875 0.0478515625 0.0541064453125
1 0.06793619791666666 0.73884765625 0.07455729166666666 0.0372705078125
1 0.7265625 0.345703125 0.05912109375 0.047607421875
1 0.5225911458333333 0.5376220703125 0.05865885416666666 0.0490478515625
1 0.3505859375 0.1727294921875 0.027792968749999997 0.057373046875
1 0.4488932291666667 0.6298828125 0.032877604166666664 0.05560546875
1 0.3009440104166667 0.1619873046875 0.02938151041666667 0.0570703125
1 0.24739583333333334 0.69384765625 0.029889322916666666 0.055205078125
1 0.6700260416666667 0.7545458984375 0.06735026041666667 0.04453125
1 0.3688151041666667 0.72119140625 0.0405078125 0.0552978515625
1 0.22102864583333334 0.68310546875 0.02931640625 0.0557275390625
1 0.5485026041666666 0.3544921875 0.030865885416666666 0.0545068359375
1 0.22786458333333334 0.8076171875 0.060143229166666666 0.04443359375
1 0.33108723958333336 0.869140625 0.07693359375 0.0232373046875
1 0.4098307291666667 0.53076171875 0.06848307291666667 0.0435205078125
1 0.8040690104166667 0.723837890625 0.07528645833333333 0.045361328125
1 0.78125 0.90869140625 0.07067708333333333 0.0406787109375
1 0.07360677083333333 0.76904296875 0.07833333333333332 0.02484375
1 0.24869791666666666 0.1441650390625 0.027792968749999997 0.0582275390625
1 0.13157552083333332 0.7392333984375 0.07470703125 0.029375
1 0.6126302083333334 0.65771484375 0.061360677083333336 0.0492236328125
1 0.67578125 0.317626953125 0.055787760416666665 0.04708984375
1 0.13857421875 0.82439453125 0.07286458333333333 0.034677734375
1 0.6344401041666666 0.60498046875 0.03908203125 0.0544140625
1 0.3238932291666667 0.177978515625 0.028118489583333333 0.057587890625
1 0.20882161458333334 0.8505859375 0.06949869791666667 0.0354931640625
1 0.4147135416666667 0.63037109375 0.03123046875 0.0559375
1 0.3128255208333333 0.888671875 0.07625651041666666 0.0229345703125
1 0.5807291666666666 0.3515625 0.03407552083333334 0.0572802734375
1 0.5810546875 0.5927734375 0.03741536458333333 0.0562451171875
1 0.5592447916666666 0.6181640625 0.03589192708333334 0.0557275390625
1 0.20647135416666665 0.82958984375 0.072265625 0.0340283203125
1 0.3069661458333333 0.83203125 0.045045572916666665 0.0549951171875
1 0.09612630208333334 0.7937158203125 0.077421875 0.02626953125
1 0.27392578125 0.17529296875 0.026894531250000003 0.05685546875
1 0.3243815104166667 0.79736328125 0.030638020833333335 0.0596630859375
1 0.193359375 0.76123046875 0.0439453125 0.0530078125
1 0.14339192708333334 0.78076171875 0.07583984375 0.025908203125
1 0.6549479166666666 0.3681640625 0.05537760416666667 0.0521240234375
1 0.5602213541666666 0.1483154296875 0.03466796875 0.059326171875
1 0.6692708333333334 0.341796875 0.053059895833333336 0.0475146484375
1 0.791015625 0.76318359375 0.07458333333333333 0.043212890625
1 0.6731770833333334 0.67236328125 0.06722005208333333 0.031142578125
1 0.2934375 0.7430419921875 0.04881510416666667 0.055185546875
1 0.7200520833333334 0.89599609375 0.07881510416666666 0.031494140625
1 0.7356770833333334 0.853515625 0.07332682291666666 0.0376904296875
1 0.6603776041666667 0.6384326171875 0.04419270833333333 0.0572802734375
1 0.64453125 0.394287109375 0.053346354166666665 0.053408203125
1 0.5667317708333334 0.404296875 0.028645833333333332 0.0559375
1 0.7063802083333334 0.9228515625 0.07837239583333333 0.0306689453125
1 0.7825520833333334 0.689453125 0.07255208333333334 0.0445263671875
1 0.7890625 0.486083984375 0.0801171875 0.031142578125
1 0.5458984375 0.477294921875 0.034016927083333336 0.0544140625
1 0.6637369791666666 0.5361328125 0.06563151041666666 0.045869140625
1 0.6266276041666666 0.3154296875 0.03501302083333333 0.0546875
1 0.6051432291666666 0.3466796875 0.034342447916666664 0.0548095703125
1 0.7803971354166667 0.78271484375 0.07369791666666667 0.0432763671875
1 0.3461328125 0.706845703125 0.04556640625 0.058662109375
1 0.7923177083333334 0.84716796875 0.04005859375 0.0589892578125
1 0.7481901041666666 0.8136376953125 0.07625651041666666 0.0423291015625
1 0.26882161458333337 0.748916015625 0.04806640625 0.0538720703125
1 0.7447916666666666 0.40869140625 0.03533854166666667 0.0562451171875
1 0.6328125 0.89990234375 0.056315104166666664 0.052431640625
1 0.6920572916666666 0.802734375 0.05537760416666667 0.0562451171875
1 0.6497395833333334 0.8095703125 0.03428385416666666 0.060087890625
1 0.21858723958333334 0.75927734375 0.04370442708333333 0.0542919921875
1 0.7923177083333334 0.509765625 0.08341796875 0.0342431640625
1 0.701171875 0.60546875 0.034016927083333336 0.0564599609375
1 0.6569010416666666 0.9140625 0.05005208333333333 0.051455078125
1 0.689453125 0.55908203125 0.051881510416666665 0.053984375
1 0.7733333333333333 0.5588232421875 0.07361979166666667 0.042314453125
1 0.6888020833333334 0.479248046875 0.053834635416666665 0.0510888671875
1 0.34599609375 0.8312841796875 0.03658854166666667 0.05861328125
1 0.669921875 0.71142578125 0.03944661458333334 0.05560546875
1 0.6650390625 0.8486328125 0.06229817708333333 0.0436083984375
1 0.7037760416666666 0.701171875 0.042890624999999995 0.0560302734375
1 0.7265625 0.4814453125 0.058919270833333336 0.0523388671875
1 0.6324869791666666 0.7275390625 0.034752604166666666 0.0586572265625
1 0.28076171875 0.83837890625 0.03953125 0.056337890625
1 0.5989583333333334 0.414306640625 0.04044921875 0.055205078125
1 0.2604166666666667 0.85888671875 0.040891927083333335 0.0569775390625
1 0.5618489583333334 0.87353515625 0.037272135416666664 0.06076171875
1 0.7740885416666666 0.63330078125 0.07430338541666666 0.04046875
1 0.16658854166666667 0.8037109375 0.06888671875 0.023466796875
1 0.7164518229166666 0.7607177734375 0.07693359375 0.0374755859375
1 0.7845052083333334 0.46337890625 0.07922526041666667 0.031142578125
1 0.6175130208333334 0.86279296875 0.034342447916666664 0.0557275390625
1 0.24560546875 0.75830078125 0.0458984375 0.05349609375
1 0.7574544270833333 0.5423583984375 0.06889973958333333 0.046083984375
1 0.505859375 0.472412109375 0.027057291666666667 0.05154296875
1 0.716796875 0.40234375 0.03428385416666666 0.05560546875
1 0.7018229166666666 0.44482421875 0.07458333333333333 0.030107421875
1 0.720703125 0.634765625 0.06286458333333333 0.04568359375
1 0.623046875 0.49365234375 0.02931640625 0.053896484375
1 0.6901041666666666 0.3974609375 0.03595052083333333 0.0549951171875
1 0.5709635416666666 0.486083984375 0.03123046875 0.05099609375
1 0.5875651041666666 0.8815087890625 0.03440104166666667 0.062822265625
1 0.7591145833333334 0.59130859375 0.07161458333333333 0.041474609375
1 0.6510416666666666 0.472900390625 0.042643229166666664 0.0549951171875
1 0.6279296875 0.417236328125 0.043619791666666664 0.052919921875
1 0.7259114583333334 0.51708984375 0.07291666666666667 0.02484375
1 0.7265625 0.875 0.07539713541666666 0.035615234375
1 0.7864583333333334 0.60546875 0.07625651041666666 0.044921875
1 0.5986328125 0.494140625 0.03000651041666667 0.0523388671875
1 0.734375 0.71240234375 0.04614583333333333 0.0546875
1 0.3097330729166667 0.725751953125 0.04807291666666667 0.0535693359375
1 0.7578580729166666 0.7939990234375 0.07485677083333334 0.0417236328125
1 0.7915104166666667 0.7386279296875 0.07623046875 0.0432666015625
1 0.5988671875 0.636640625 0.06043619791666666 0.050478515625
1 0.6610221354166667 0.5137939453125 0.06661458333333332 0.0468701171875
1 0.8471354166666667 0.19650390625 0.057005208333333335 0.058203125
1 0.7568294270833333 0.26140625 0.07692057291666667 0.040693359375
1 0.21805338541666666 0.435244140625 0.072109375 0.038115234375
