1 0.7096354166666666 0.1729736328125 0.06685546875 0.0510888671875
1 0.24837239583333334 0.1446533203125 0.027688802083333335 0.057802734375
1 0.14778645833333334 0.449462890625 0.03568359375 0.05560546875
1 0.7493489583333334 0.8564453125 0.073203125 0.0423291015625
1 0.77587890625 0.5361328125 0.08113932291666666 0.0215771484375
1 0.6131380208333334 0.1954345703125 0.07747395833333333 0.028701171875
1 0.7930729166666667 0.51513671875 0.08072916666666667 0.0221533203125
1 0.67041015625 0.541015625 0.0771484375 0.0247021484375
1 0.568359375 0.442626953125 0.07373046875 0.031982421875
1 0.24562499999999998 0.39068359375 0.06624348958333333 0.0397021484375
1 0.8522135416666666 0.2027587890625 0.04658854166666667 0.0589013671875
1 0.19938151041666666 0.163330078125 0.07373046875 0.0231005859375
1 0.21809895833333334 0.358642578125 0.07108723958333334 0.0305615234375
1 0.8294270833333334 0.1923828125 0.04463541666666667 0.0596630859375
1 0.2849934895833333 0.362060546875 0.06600260416666666 0.039794921875
1 0.17724609375 0.4619140625 0.034342447916666664 0.055205078125
1 0.5623567708333334 0.352783203125 0.07483072916666667 0.0270703125
1 0.14656901041666667 0.408447265625 0.07197916666666666 0.032900390625
1 0.5660807291666666 0.46533203125 0.07214192708333333 0.0342431640625
1 0.6653645833333334 0.52001953125 0.07539713541666666 0.0282763671875
1 0.6705729166666666 0.339111328125 0.0770703125 0.03759765625
1 0.6565755208333334 0.6923828125 0.07625651041666666 0.031982421875
1 0.333984375 0.386962890625 0.06848307291666667 0.03607421875
1 0.65181640625 0.5601513671875 0.07499348958333334 0.025419921875
1 0.6603971354166667 0.3643798828125 0.07552083333333333 0.036376953125
1 0.7727864583333334 0.486083984375 0.0751171875 0.033720703125
1 0.6614583333333334 0.66748046875 0.0702734375 0.0227978515625
1 0.3756510416666667 0.1556396484375 0.028444010416666665 0.0592041015625
1 0.7798697916666667 0.2025732421875 0.0683203125 0.0451953125
1 0.2726236979166667 0.5206591796875 0.07743489583333334 0.028701171875
1 0.3253580729166667 0.4854443359375 0.05497395833333333 0.0482177734375
1 0.3009440104166667 0.163330078125 0.030169270833333334 0.058134765625
1 0.5771484375 0.50048828125 0.06611979166666666 0.0372607421875
1 0.5966796875 0.279541015625 0.05195963541666667 0.0545068359375
1 0.3136393229166667 0.35400390625 0.06502604166666666 0.0408349609375
1 0.17496744791666666 0.34326171875 0.07279296875 0.03390625
1 0.7291666666666666 0.341796875 0.07430338541666666 0.0362255859375
1 0.5179036458333334 0.278564453125 0.050130208333333336 0.0558154296875
1 0.5621744791666666 0.2548828125 0.0458984375 0.0545947265625
1 0.4781901041666667 0.392578125 0.06079427083333333 0.046630859375
1 0.4895833333333333 0.45947265625 0.060911458333333335 0.0464794921875
1 0.3427734375 0.40576171875 0.07067708333333333 0.0362255859375
1 0.6786067708333333 0.77685546875 0.07271484375 0.038544921875
1 0.7903645833333334 0.5927734375 0.05293619791666667 0.052919921875
1 0.5638020833333334 0.51953125 0.06502604166666666 0.0437646484375
1 0.17610677083333334 0.28759765625 0.0692578125 0.0391845703125
1 0.2578125 0.326416015625 0.065390625 0.038330078125
1 0.5579427083333334 0.373046875 0.07092447916666667 0.02908203125
1 0.7482291666666666 0.5641650390625 0.07063802083333333 0.04025390625
1 0.322265625 0.548828125 0.073203125 0.02880859375
1 0.7708333333333334 0.351318359375 0.05912109375 0.0523388671875
1 0.76953125 0.68310546875 0.048014322916666664 0.0570703125
1 0.22786458333333334 0.302490234375 0.07214192708333333 0.026259765625
1 0.6861979166666666 0.376708984375 0.07666015625 0.035673828125
1 0.2763671875 0.2371826171875 0.05716796875 0.050234375
1 0.294921875 0.5625 0.07080078125 0.029814453125
1 0.5498046875 0.226318359375 0.048665364583333336 0.05349609375
1 0.7356770833333334 0.8154296875 0.0791015625 0.0465380859375
1 0.19563802083333334 0.317626953125 0.07499348958333334 0.027529296875
1 0.4990234375 0.208984375 0.07401692708333334 0.0296484375
1 0.22444661458333334 0.465087890625 0.06811848958333333 0.035341796875
1 0.7721354166666666 0.44384765625 0.07580729166666667 0.0323486328125
1 0.7877604166666666 0.7041015625 0.04565755208333333 0.0564599609375
1 0.4270833333333333 0.37841796875 0.053671875 0.0505078125
1 0.775390625 0.74072265625 0.0770703125 0.0335986328125
1 0.20652343750000002 0.3895263671875 0.06799479166666667 0.0419921875
1 0.16154296875 0.38037109375 0.07539713541666666 0.031923828125
1 0.6051432291666666 0.320068359375 0.06229817708333333 0.0450146484375
1 0.12561197916666667 0.7267919921875 0.06494140625 0.04373046875
1 0.6966145833333334 0.498046875 0.055787760416666665 0.0530078125
1 0.21809895833333334 0.44140625 0.07108723958333334 0.0344873046875
1 0.7161458333333334 0.731962890625 0.0546484375 0.0531640625
1 0.6266276041666666 0.224365234375 0.06848307291666667 0.04123046875
1 0.734375 0.60546875 0.0634765625 0.047880859375
1 0.5126953125 0.2420654296875 0.044029947916666666 0.0533154296875
1 0.3170572916666667 0.258056640625 0.061360677083333336 0.048125
1 0.7734375 0.7646484375 0.07678385416666667 0.0391845703125
1 0.3506640625 0.57875 0.055501302083333336 0.051787109375
1 0.8365885416666666 0.259521484375 0.07955078125 0.0231494140625
1 0.6339713541666666 0.7193896484375 0.07458333333333333 0.033720703125
1 0.830078125 0.456298828125 0.048951822916666665 0.055419921875
1 0.388671875 0.361083984375 0.039609375 0.0555126953125
1 0.3473307291666667 0.426513671875 0.06901041666666667 0.0315576171875
1 0.5035807291666666 0.350830078125 0.030800781250000003 0.0542919921875
1 0.32785807291666663 0.451416015625 0.0723046875 0.023330078125
1 0.6393229166666666 0.83447265625 0.05859375 0.05126953125
1 0.3394140625 0.527021484375 0.06942057291666666 0.03830078125
1 0.5390625 0.4111328125 0.05708984375 0.052431640625
1 0.22505859375 0.42138671875 0.06888671875 0.0347607421875
1 0.8528645833333334 0.341796875 0.05326171875 0.0580126953125
1 0.4098307291666667 0.4189453125 0.05981770833333333 0.0479443359375
1 0.6123046875 0.25244140625 0.04732421875 0.0544140625
1 0.3645833333333333 0.272216796875 0.03263671875 0.0571923828125
1 0.4065755208333333 0.50927734375 0.059694010416666665 0.04611328125
1 0.23372395833333334 0.82470703125 0.07389322916666667 0.029921875
1 0.5179036458333334 0.5322265625 0.06205078125 0.0465380859375
1 0.29221354166666663 0.487109375 0.048261718749999995 0.0520654296875
1 0.6998697916666666 0.82568359375 0.06298828125 0.0499560546875
1 0.5807291666666666 0.70458984375 0.045045572916666665 0.0572802734375
1 0.2605794270833333 0.2861328125 0.0663671875 0.0397021484375
1 0.32373046875 0.17822265625 0.02938151041666667 0.057373046875
1 0.6242057291666666 0.7685546875 0.05643880208333333 0.052705078125
1 0.3502604166666667 0.17333984375 0.028769531249999997 0.057373046875
1 0.74025390625 0.7734375 0.07662109375 0.0369873046875
1 0.689453125 0.5804296875 0.06611979166666666 0.043271484375
1 0.5588541666666667 0.5622119140625 0.060872395833333336 0.0488916015625
1 0.712890625 0.389892578125 0.07694661458333334 0.0348193359375
1 0.4527994791666667 0.427490234375 0.03741536458333333 0.052705078125
1 0.6666861979166666 0.312529296875 0.07853515625 0.0229931640625
1 0.124921875 0.7763671875 0.073203125 0.0295849609375
1 0.55078125 0.327880859375 0.0712109375 0.0264111328125
1 0.7819010416666666 0.299072265625 0.04014322916666666 0.055205078125
1 0.6569010416666666 0.646484375 0.07625651041666666 0.0234228515625
1 0.8138020833333334 0.374267578125 0.061360677083333336 0.052705078125
1 0.4235026041666667 0.33935546875 0.05708984375 0.051455078125
1 0.47647786458333335 0.340576171875 0.0405078125 0.0551123046875
1 0.24300130208333334 0.194580078125 0.0448828125 0.052919921875
1 0.279296875 0.8115234375 0.050130208333333336 0.0559375
1 0.7040625 0.2158203125 0.08069010416666667 0.024091796875
1 0.7090624999999999 0.689619140625 0.04345703125 0.0576171875
1 0.4788411458333333 0.249267578125 0.042154947916666664 0.0569775390625
1 0.19580078125 0.191650390625 0.0702734375 0.038759765625
1 0.59029296875 0.6665966796875 0.07421875 0.0384228515625
1 0.8131510416666666 0.2314453125 0.07348958333333333 0.03689453125
1 0.7493489583333334 0.666015625 0.04472005208333333 0.0506005859375
1 0.607421875 0.47509765625 0.07291666666666667 0.0323486328125
1 0.32427734375 0.3095703125 0.073203125 0.02615234375
1 0.19742838541666666 0.77001953125 0.07238932291666667 0.0301513671875
1 0.7076822916666666 0.8994140625 0.07348958333333333 0.0381787109375
1 0.6051627604166666 0.584990234375 0.0722265625 0.0368359375
1 0.6432291666666666 0.619140625 0.074140625 0.0325341796875
1 0.2731119791666667 0.17578125 0.028378906250000002 0.0564599609375
1 0.14526692708333333 0.6435546875 0.07499348958333334 0.0323486328125
1 0.3870442708333333 0.5732421875 0.05497395833333333 0.0517578125
1 0.19645182291666666 0.791015625 0.07539713541666666 0.035888671875
1 0.8177083333333334 0.5556640625 0.07983723958333333 0.023193359375
1 0.7701822916666666 0.419677734375 0.07751302083333333 0.027373046875
1 0.7298177083333334 0.296630859375 0.07779947916666667 0.022080078125
1 0.7062565104166666 0.6352685546875 0.07569010416666667 0.0415673828125
1 0.22998046875 0.5439453125 0.07279296875 0.022626953125
1 0.3774609375 0.1983642578125 0.06486328125 0.0467236328125
1 0.7447916666666666 0.23583984375 0.07853515625 0.0211181640625
1 0.6588541666666666 0.46826171875 0.042805989583333336 0.053408203125
1 0.11759765625 0.6806640625 0.060709635416666664 0.0498681640625
1 0.13029296875 0.75732421875 0.07145182291666667 0.029814453125
1 0.7395833333333334 0.2744140625 0.08146484375 0.020888671875
1 0.2041015625 0.7470703125 0.07649739583333333 0.023330078125
1 0.5826822916666666 0.77294921875 0.029765625 0.0594189453125
1 0.6106770833333334 0.84130859375 0.060143229166666666 0.05349609375
1 0.7545572916666666 0.2548828125 0.07499348958333334 0.021162109375
1 0.783203125 0.63037109375 0.0780859375 0.032412109375
1 0.4970703125 0.5537109375 0.04512369791666667 0.0516650390625
1 0.3167317708333333 0.830078125 0.029726562499999998 0.0589892578125
1 0.19791666666666666 0.6875 0.07678385416666667 0.02232421875
1 0.15744791666666666 0.81396484375 0.06132161458333333 0.04958984375
1 0.3056640625 0.7607421875 0.0405859375 0.0569775390625
1 0.21549479166666666 0.8070361328125 0.07055989583333333 0.03607421875
1 0.7876953125 0.4710693359375 0.07682291666666667 0.0396728515625
1 0.22102864583333334 0.7265625 0.07332682291666666 0.021943359375
1 0.37109375 0.6402734375 0.04642578125 0.0563671875
1 0.15380859375 0.67333984375 0.056640625 0.04681640625
1 0.28173828125 0.76904296875 0.04520833333333333 0.0558154296875
1 0.27225911458333335 0.4750341796875 0.04296875 0.052919921875
1 0.19498697916666666 0.70654296875 0.07597005208333334 0.0218212890625
1 0.7115885416666666 0.927734375 0.07779947916666667 0.0280615234375
1 0.6618294270833334 0.8249169921875 0.05983072916666667 0.05357421875
1 0.7558528645833333 0.8759765625 0.0708203125 0.049453125
1 0.7659244791666667 0.805 0.07509765624999999 0.0430419921875
1 0.6520572916666666 0.73494140625 0.07570963541666667 0.0320556640625
1 0.7073111979166667 0.5941357421875 0.06776692708333333 0.04625
1 0.3941015625 0.5957373046875 0.05555989583333334 0.05037109375
1 0.38158854166666667 0.49888671875 0.05861328125 0.04625
1 0.48171875 0.47919921875 0.05983072916666667 0.0471630859375
1 0.14470052083333332 0.7159375 0.06716145833333333 0.0435009765625
1 0.27108072916666665 0.39998046875 0.06716145833333333 0.0425830078125
1 0.30802083333333335 0.237197265625 0.06166666666666667 0.0485400390625
1 0.3235872395833333 0.2777197265625 0.06349609375 0.04625
1 0.7421158854166667 0.1765234375 0.06654947916666666 0.049912109375
1 0.7680598958333333 0.1854541015625 0.0708203125 0.0485400390625
1 0.8031705729166667 0.3507568359375 0.056777343749999994 0.054033203125
