1 0.5592447916666666 0.7744140625 0.03369140625 0.060517578125
1 0.5911458333333334 0.3662109375 0.06360026041666667 0.04958984375
1 0.525390625 0.399169921875 0.08219401041666667 0.028486328125
1 0.5325520833333334 0.7529296875 0.03849609375 0.0622265625
1 0.5498046875 0.3662109375 0.06660807291666666 0.048037109375
1 0.5498046875 0.56494140625 0.06335286458333333 0.0521240234375
1 0.5947265625 0.44775390625 0.048463541666666665 0.0589892578125
1 0.5940755208333334 0.7548828125 0.0409765625 0.0616455078125
1 0.2565104166666667 0.28955078125 0.031106770833333335 0.0609765625
1 0.609375 0.4951171875 0.07983723958333333 0.0230712890625
1 0.5569661458333334 0.459716796875 0.036783854166666664 0.0589013671875
1 0.2586263020833333 0.6484375 0.056764322916666665 0.0509033203125
1 0.6025390625 0.5478515625 0.07055989583333333 0.04568359375
1 0.4964192708333333 0.455078125 0.028769531249999997 0.057802734375
1 0.5602213541666666 0.416015625 0.08027994791666666 0.026962890625
1 0.4052734375 0.4560546875 0.038209635416666665 0.0579248046875
1 0.5302734375 0.45751953125 0.03589192708333334 0.057587890625
1 0.2626953125 0.67626953125 0.06229817708333333 0.05203125
1 0.5979817708333334 0.5166015625 0.07865234375 0.02400390625
1 0.4469401041666667 0.50341796875 0.07694661458333334 0.030732421875
1 0.5055338541666666 0.86865234375 0.07723307291666666 0.0327783203125
1 0.2893880208333333 0.4208984375 0.0326953125 0.056123046875
1 0.4619140625 0.7958984375 0.054036458333333336 0.0599658203125
1 0.22477213541666666 0.646484375 0.05224609375 0.0541064453125
1 0.2275390625 0.296630859375 0.029889322916666666 0.058134765625
1 0.5856119791666666 0.849609375 0.05098307291666667 0.0606396484375
1 0.2716471354166667 0.70166015625 0.06197265625 0.0545947265625
1 0.3548177083333333 0.44580078125 0.03930989583333334 0.0567626953125
1 0.177734375 0.63134765625 0.07552083333333333 0.0248876953125
1 0.2849934895833333 0.3055859375 0.032877604166666664 0.0606689453125
1 0.21305338541666666 0.2568359375 0.07853515625 0.0281689453125
1 0.4479166666666667 0.47900390625 0.0702734375 0.035341796875
1 0.5345052083333334 0.83056640625 0.04472005208333333 0.0609765625
1 0.5436197916666666 0.529296875 0.06298828125 0.047607421875
1 0.3193359375 0.305419921875 0.049765625 0.0577099609375
1 0.19124348958333334 0.23974609375 0.07955078125 0.03265625
1 0.3779296875 0.513671875 0.06372395833333333 0.04876953125
1 0.17740885416666666 0.281005859375 0.07483072916666667 0.0248876953125
1 0.5625 0.83544921875 0.0478515625 0.0609765625
1 0.15649739583333333 0.86767578125 0.03169921875 0.061767578125
1 0.3483072916666667 0.30029296875 0.053346354166666665 0.0574951171875
1 0.3538411458333333 0.26513671875 0.057701822916666666 0.056640625
1 0.505859375 0.82373046875 0.047037760416666664 0.0628076171875
1 0.16861979166666666 0.69091796875 0.045820312499999995 0.059326171875
1 0.28759765625 0.383056640625 0.07751302083333333 0.0250390625
1 0.20166015625 0.724609375 0.030455729166666667 0.06244140625
1 0.16324869791666666 0.6513671875 0.07779947916666667 0.0248876953125
1 0.6363932291666666 0.7978515625 0.06649088541666666 0.053193359375
1 0.3028971354166667 0.63525390625 0.03721354166666666 0.059755859375
1 0.18994140625 0.85498046875 0.03721354166666666 0.064208984375
1 0.1806640625 0.6083984375 0.07967447916666666 0.0239111328125
1 0.4807942708333333 0.8134765625 0.0517578125 0.0630517578125
1 0.22916666666666666 0.7275390625 0.03263671875 0.0609765625
1 0.2906901041666667 0.362548828125 0.07735026041666666 0.0253759765625
1 0.17643229166666666 0.3076171875 0.07609375 0.0272216796875
1 0.6005859375 0.87255859375 0.05423828125 0.058349609375
1 0.26416015625 0.193115234375 0.03345052083333334 0.063232421875
1 0.35857421875 0.5256494140625 0.06446614583333334 0.0512060546875
1 0.6090885416666666 0.7864404296875 0.06828776041666666 0.04888671875
1 0.5321484375 0.5816259765625 0.0590234375 0.0537548828125
