1 0.5608723958333334 0.1480712890625 0.03513671875 0.0596630859375
1 0.8697916666666666 0.20654296875 0.05684244791666667 0.058564453125
1 0.5026041666666666 0.64111328125 0.07055989583333333 0.0224169921875
1 0.78125 0.91015625 0.07161458333333333 0.0401611328125
1 0.4267578125 0.463134765625 0.07348958333333333 0.02580078125
1 0.7923177083333334 0.93017578125 0.07458333333333333 0.0382373046875
1 0.564453125 0.646484375 0.0605859375 0.047333984375
1 0.5201822916666666 0.41845703125 0.06278645833333334 0.0401611328125
1 0.30078125 0.1619873046875 0.028867187500000002 0.0571923828125
1 0.3203125 0.5380859375 0.06799479166666667 0.033720703125
1 0.5013020833333334 0.5517578125 0.046751302083333335 0.0510888671875
1 0.21826171875 0.36181640625 0.07014973958333333 0.0283837890625
1 0.599609375 0.69189453125 0.05684244791666667 0.0509033203125
1 0.4462890625 0.5712890625 0.06404947916666666 0.0426318359375
1 0.7493489583333334 0.61865234375 0.07267578125 0.0396435546875
1 0.3411458333333333 0.46826171875 0.073203125 0.032470703125
1 0.3263346354166667 0.327880859375 0.07055989583333333 0.0318603515625
1 0.5625 0.55859375 0.030924479166666668 0.0526123046875
1 0.78515625 0.7587890625 0.07291666666666667 0.04486328125
1 0.3028971354166667 0.57470703125 0.06490234375 0.0327783203125
1 0.541015625 0.6005859375 0.06392578125 0.04443359375
1 0.2687174479166667 0.818359375 0.030638020833333335 0.0589892578125
1 0.4791666666666667 0.56396484375 0.044270833333333336 0.048125
1 0.6194661458333334 0.595703125 0.031171875 0.05349609375
1 0.3333333333333333 0.376220703125 0.06978515625 0.0310205078125
1 0.5947265625 0.61767578125 0.029153645833333335 0.0544140625
1 0.3430989583333333 0.417236328125 0.07279296875 0.0284423828125
1 0.23844401041666666 0.55517578125 0.073203125 0.025712890625
1 0.794921875 0.204345703125 0.072265625 0.0418408203125
1 0.4290364583333333 0.50341796875 0.02902994791666667 0.0546875
1 0.3388671875 0.39697265625 0.07401692708333334 0.0337841796875
1 0.4759114583333333 0.492431640625 0.06913411458333334 0.03125
1 0.6809895833333334 0.78076171875 0.049479166666666664 0.0579248046875
1 0.35783203125 0.4432177734375 0.07468098958333333 0.0289404296875
1 0.24869791666666666 0.14453125 0.027688802083333335 0.0579248046875
1 0.15120442708333334 0.8310546875 0.062174479166666664 0.0482177734375
1 0.2613932291666667 0.28466796875 0.06673177083333333 0.041689453125
1 0.5901692708333334 0.5615234375 0.027727864583333334 0.0545068359375
1 0.29541015625 0.454833984375 0.068359375 0.02337890625
1 0.6408072916666666 0.6311474609375 0.06563151041666666 0.044033203125
1 0.26025390625 0.393798828125 0.028157552083333332 0.05419921875
1 0.47265625 0.5126953125 0.06490234375 0.029814453125
1 0.3255208333333333 0.5185546875 0.06799479166666667 0.0325927734375
1 0.3759765625 0.484619140625 0.0751171875 0.0283349609375
1 0.6953125 0.40576171875 0.03521484375 0.055419921875
1 0.22591145833333334 0.426513671875 0.07014973958333333 0.0282763671875
1 0.5302734375 0.396484375 0.073203125 0.0344873046875
1 0.5462239583333334 0.51904296875 0.06660807291666666 0.028212890625
1 0.4563802083333333 0.41845703125 0.07014973958333333 0.035341796875
1 0.5716145833333334 0.431884765625 0.052734375 0.047333984375
1 0.7044270833333334 0.6640625 0.06034505208333333 0.049501953125
1 0.197265625 0.322021484375 0.07401692708333334 0.0264111328125
1 0.7799479166666666 0.78173828125 0.073203125 0.0459619140625
1 0.2939453125 0.35888671875 0.07763671875 0.0344873046875
1 0.4938151041666667 0.6162109375 0.06978515625 0.0305029296875
1 0.3505859375 0.173095703125 0.027727864583333334 0.0577099609375
1 0.16927083333333334 0.390380859375 0.07255208333333334 0.030625
1 0.6106770833333334 0.7294921875 0.07360677083333333 0.0337841796875
1 0.22102864583333334 0.82666015625 0.07173828125 0.0334765625
1 0.20654296875 0.7265625 0.07255208333333334 0.023330078125
1 0.3460286458333333 0.307373046875 0.07442057291666666 0.0206005859375
1 0.6650390625 0.39990234375 0.03777994791666667 0.052431640625
1 0.73177734375 0.827001953125 0.07597005208333334 0.040986328125
1 0.6298828125 0.9482421875 0.05423828125 0.0511767578125
1 0.5589192708333334 0.482177734375 0.03486979166666667 0.0535888671875
1 0.3435546875 0.50404296875 0.07159505208333333 0.0378076171875
1 0.18180338541666666 0.350341796875 0.07401692708333334 0.032958984375
1 0.6041666666666666 0.5283203125 0.04537109375 0.0574951171875
1 0.728515625 0.697265625 0.069375 0.0409228515625
1 0.2672526041666667 0.740234375 0.049401041666666666 0.053408203125
1 0.7506510416666666 0.398681640625 0.03615234375 0.0567626953125
1 0.3134765625 0.3447265625 0.07014973958333333 0.03390625
1 0.662109375 0.84423828125 0.04074869791666667 0.0586572265625
1 0.2942708333333333 0.73583984375 0.054850260416666664 0.0526123046875
1 0.24886067708333334 0.5810546875 0.06949869791666667 0.0276318359375
1 0.6253255208333334 0.89404296875 0.056764322916666665 0.05349609375
1 0.3994140625 0.515625 0.0317578125 0.053896484375
1 0.20068359375 0.74462890625 0.07527994791666666 0.02365234375
1 0.5029296875 0.461669921875 0.058268229166666664 0.04611328125
1 0.75 0.471923828125 0.06278645833333334 0.0526123046875
1 0.28515625 0.404296875 0.028704427083333334 0.0533154296875
1 0.6295572916666666 0.387451171875 0.045735677083333336 0.052431640625
1 0.6429036458333334 0.5751953125 0.03568359375 0.05203125
1 0.15145182291666667 0.417724609375 0.06978515625 0.031435546875
1 0.21110026041666666 0.398681640625 0.06624348958333333 0.033203125
1 0.6966145833333334 0.611328125 0.0414453125 0.0542919921875
1 0.6803385416666666 0.50634765625 0.057701822916666666 0.0504150390625
1 0.6484375 0.53564453125 0.057493489583333335 0.0447705078125
1 0.2669270833333333 0.77783203125 0.05835286458333333 0.03802734375
1 0.234375 0.53076171875 0.07552083333333333 0.02224609375
1 0.64736328125 0.678642578125 0.06886067708333334 0.045546875
1 0.12850260416666667 0.7734375 0.07483072916666667 0.0281689453125
1 0.2001953125 0.163330078125 0.0751171875 0.0232861328125
1 0.3841145833333333 0.3798828125 0.04345703125 0.0526123046875
1 0.6236979166666666 0.74755859375 0.07348958333333333 0.034365234375
1 0.7650716145833334 0.65625 0.06848958333333334 0.040830078125
1 0.32373046875 0.178466796875 0.028157552083333332 0.057802734375
1 0.712890625 0.2034912109375 0.06624348958333333 0.050234375
1 0.6927083333333334 0.95068359375 0.07609375 0.0270068359375
1 0.33251953125 0.26611328125 0.07483072916666667 0.0258642578125
1 0.7122330729166667 0.73716796875 0.07893229166666667 0.0278466796875
1 0.3525390625 0.58154296875 0.03300130208333333 0.05560546875
1 0.7356770833333334 0.853515625 0.073203125 0.0391259765625
1 0.23209635416666666 0.462158203125 0.07458333333333333 0.028017578125
1 0.20003255208333334 0.76904296875 0.07430338541666666 0.02650390625
1 0.6041666666666666 0.484375 0.06526692708333333 0.0328369140625
1 0.720703125 0.89697265625 0.07792317708333334 0.030625
1 0.8138020833333334 0.17333984375 0.07597005208333334 0.038759765625
1 0.7278645833333334 0.223876953125 0.065390625 0.0465380859375
1 0.5335286458333334 0.552734375 0.03305989583333333 0.05126953125
1 0.7233138020833333 0.87158203125 0.08116536458333333 0.0369873046875
1 0.3206380208333333 0.78076171875 0.0663671875 0.042177734375
1 0.2168619791666667 0.80419921875 0.08065104166666666 0.0309130859375
1 0.68359375 0.58447265625 0.040201822916666664 0.0496826171875
1 0.7934244791666667 0.714912109375 0.07539713541666666 0.0456982421875
1 0.1298828125 0.75390625 0.07145182291666667 0.0271142578125
1 0.7923177083333334 0.84765625 0.039388020833333336 0.0602099609375
1 0.22819010416666666 0.303955078125 0.0712109375 0.02072265625
1 0.69921875 0.359130859375 0.06514322916666666 0.0428759765625
1 0.70703125 0.92236328125 0.0780859375 0.0292041015625
1 0.13330078125 0.7138671875 0.0702734375 0.033388671875
1 0.5231119791666666 0.44970703125 0.05537760416666667 0.0377490234375
1 0.18277994791666666 0.29150390625 0.07002604166666666 0.0397021484375
1 0.4309895833333333 0.4453125 0.06966145833333333 0.02484375
1 0.2737630208333333 0.1754150390625 0.026751302083333334 0.0565478515625
1 0.74609375 0.2430419921875 0.07173828125 0.03927734375
1 0.7239583333333334 0.413330078125 0.03153645833333333 0.0542919921875
1 0.7552083333333334 0.261474609375 0.07279296875 0.0372021484375
1 0.3250325520833333 0.69140625 0.056764322916666665 0.0492236328125
1 0.3759765625 0.1622314453125 0.03194010416666667 0.0594189453125
1 0.12581380208333334 0.7333984375 0.07373046875 0.027529296875
1 0.109296875 0.68798828125 0.07055989583333333 0.0401611328125
1 0.611328125 0.86669921875 0.056640625 0.0541064453125
1 0.6100260416666666 0.404052734375 0.04565755208333333 0.047607421875
1 0.2578125 0.326171875 0.0595703125 0.0445263671875
1 0.2986653645833333 0.82666015625 0.036295572916666664 0.05490234375
1 0.71484375 0.49951171875 0.056315104166666664 0.0499560546875
1 0.5716145833333334 0.6962890625 0.053144531249999995 0.0474267578125
1 0.818359375 0.23193359375 0.07401692708333334 0.03396484375
1 0.4065755208333333 0.419189453125 0.07092447916666667 0.0352783203125
1 0.4358723958333333 0.60107421875 0.06685546875 0.02001953125
1 0.32745442708333333 0.6102099609375 0.06577473958333334 0.0433447265625
1 0.3134765625 0.86474609375 0.0751171875 0.024658203125
1 0.4947916666666667 0.8125 0.06949869791666667 0.036162109375
1 0.12361979166666666 0.658203125 0.07161458333333333 0.0384521484375
1 0.7565104166666666 0.5927734375 0.07483072916666667 0.0242333984375
1 0.3263346354166667 0.82666015625 0.036295572916666664 0.056640625
1 0.4435546875 0.53515625 0.074921875 0.029541015625
1 0.24365234375 0.1943359375 0.04537109375 0.05349609375
1 0.19645182291666666 0.78955078125 0.07279296875 0.028212890625
1 0.3662109375 0.70654296875 0.029889322916666666 0.0562451171875
1 0.23291015625 0.49365234375 0.07527994791666666 0.0239111328125
1 0.3118489583333333 0.88671875 0.0770703125 0.02365234375
1 0.3328450520833333 0.7314453125 0.06079427083333333 0.050810546875
1 0.8365885416666666 0.260009765625 0.07625651041666666 0.0341796875
1 0.6604817708333334 0.44189453125 0.07173828125 0.021865234375
1 0.19742838541666666 0.705078125 0.07470703125 0.0227978515625
1 0.6578776041666666 0.9140625 0.03916666666666666 0.058349609375
1 0.2893880208333333 0.68798828125 0.0449609375 0.0510888671875
1 0.6536458333333334 0.349365234375 0.07401692708333334 0.0255126953125
1 0.83203125 0.1322021484375 0.056764322916666665 0.0589892578125
1 0.3951822916666667 0.58740234375 0.06799479166666667 0.032958984375
1 0.6803385416666666 0.3251953125 0.07197916666666666 0.0386962890625
1 0.15755208333333334 0.6767578125 0.04472005208333333 0.0511767578125
1 0.2532552083333333 0.6728515625 0.04296875 0.0523388671875
1 0.3388671875 0.28662109375 0.07348958333333333 0.0217431640625
1 0.4928385416666667 0.79150390625 0.07214192708333333 0.0389697265625
1 0.20442708333333334 0.6865234375 0.07625651041666666 0.0223681640625
1 0.19710286458333334 0.1912841796875 0.07092447916666667 0.038115234375
1 0.7174479166666666 0.31787109375 0.060709635416666664 0.0462939453125
1 0.2740885416666667 0.2381591796875 0.05708984375 0.04958984375
1 0.7476432291666667 0.8119921875 0.07056640625 0.045126953125
1 0.7561848958333334 0.7919384765625 0.07130859375 0.044013671875
1 0.160078125 0.809765625 0.06462239583333333 0.048466796875
1 0.7799609375 0.7303759765625 0.07873697916666667 0.04568359375
1 0.6369661458333333 0.6593408203125 0.06759765625 0.044013671875
1 0.30009765625 0.552099609375 0.07130859375 0.036767578125
1 0.664453125 0.5211767578125 0.06462239583333333 0.048466796875
1 0.7309309895833334 0.487197265625 0.06685546875 0.0529248046875
1 0.8464388020833334 0.195546875 0.05422526041666667 0.0623974609375
