1 0.5817057291666666 0.5380859375 0.07881510416666666 0.0241845703125
1 0.3805338541666667 0.4072265625 0.07580729166666667 0.0251318359375
1 0.4694010416666667 0.62841796875 0.06311197916666667 0.0511767578125
1 0.3263346354166667 0.473388671875 0.06278645833333334 0.0530078125
1 0.64453125 0.452880859375 0.0478515625 0.059755859375
1 0.6106770833333334 0.44873046875 0.042890624999999995 0.0589892578125
1 0.5807291666666666 0.449951171875 0.04296875 0.05685546875
1 0.3292643229166667 0.44482421875 0.0634765625 0.0545068359375
1 0.5542252604166666 0.5 0.055963541666666665 0.0538037109375
1 0.6217447916666666 0.409912109375 0.07967447916666666 0.0308544921875
1 0.509765625 0.397705078125 0.07597005208333334 0.0348193359375
1 0.4654947916666667 0.376708984375 0.060468749999999995 0.0530078125
1 0.4716796875 0.56005859375 0.046751302083333335 0.053896484375
1 0.4124348958333333 0.429931640625 0.07348958333333333 0.0374755859375
1 0.5266927083333334 0.380126953125 0.07186197916666666 0.0394287109375
1 0.4313151041666667 0.52666015625 0.032877604166666664 0.0567724609375
1 0.22412109375 0.61572265625 0.03169921875 0.0592041015625
1 0.5003255208333334 0.5362255859375 0.02854166666666667 0.06044921875
1 0.5247395833333334 0.428466796875 0.07197916666666666 0.0406787109375
1 0.18294270833333334 0.6904296875 0.05781901041666667 0.0542919921875
1 0.5485026041666666 0.60791015625 0.0419921875 0.0586572265625
1 0.26103515625 0.6342724609375 0.06323567708333333 0.0504150390625
1 0.40852213541666665 0.455615234375 0.07360677083333333 0.0401025390625
1 0.27294921875 0.45751953125 0.051881510416666665 0.0560302734375
1 0.5211588541666666 0.60986328125 0.040891927083333335 0.059326171875
1 0.2921549479166667 0.54638671875 0.074140625 0.0389111328125
1 0.27317057291666663 0.6825146484375 0.07697916666666667 0.035126953125
1 0.2985026041666667 0.5771484375 0.07002604166666666 0.0408349609375
1 0.6438802083333334 0.80224609375 0.07389322916666667 0.044921875
1 0.5084635416666666 0.4501953125 0.06811848958333333 0.0489501953125
1 0.2830403645833333 0.70263671875 0.07430338541666666 0.0354931640625
1 0.6123046875 0.556640625 0.0801171875 0.0253759765625
1 0.5193424479166667 0.5002978515625 0.05326171875 0.0537109375
1 0.62890625 0.388427734375 0.07865234375 0.0352197265625
1 0.3802083333333333 0.3857421875 0.07865234375 0.0219873046875
1 0.384765625 0.54736328125 0.029765625 0.056123046875
1 0.6136067708333334 0.78955078125 0.07483072916666667 0.0440087890625
1 0.4593098958333333 0.5029296875 0.056764322916666665 0.05224609375
1 0.24837239583333334 0.58935546875 0.04902994791666667 0.05419921875
1 0.208984375 0.71923828125 0.03338541666666667 0.0606396484375
1 0.5963541666666666 0.75390625 0.03784505208333334 0.0608544921875
1 0.6448567708333334 0.5068359375 0.07255208333333334 0.0475146484375
1 0.5930989583333334 0.869140625 0.061158854166666665 0.053896484375
1 0.23665364583333334 0.72119140625 0.03721354166666666 0.0589013671875
1 0.5563151041666666 0.83447265625 0.056028645833333335 0.0589013671875
1 0.20426432291666666 0.865234375 0.03244791666666667 0.0634765625
1 0.5631510416666666 0.7770068359375 0.03533854166666667 0.062958984375
1 0.5384114583333334 0.7548291015625 0.042070312500000005 0.062822265625
1 0.5748697916666666 0.3648974609375 0.0317578125 0.0613037109375
1 0.521484375 0.83154296875 0.053834635416666665 0.0604248046875
1 0.4697265625 0.449462890625 0.0605859375 0.0459619140625
1 0.4934895833333333 0.8271484375 0.052571614583333336 0.062685546875
1 0.369140625 0.318359375 0.04764973958333333 0.05685546875
1 0.47246744791666667 0.483603515625 0.05768880208333333 0.0520751953125
1 0.47797526041666666 0.60505859375 0.06276041666666667 0.0520556640625
1 0.22705078125 0.242431640625 0.07893880208333333 0.026552734375
1 0.5782552083333333 0.8476220703125 0.06054036458333333 0.0559716796875
1 0.2789518229166667 0.6521044921875 0.07045572916666666 0.0461865234375
1 0.5819140625 0.494169921875 0.05531901041666667 0.0544091796875
1 0.35227864583333335 0.43369140625 0.0563671875 0.0516650390625
