1 0.775390625 0.316162109375 0.054563802083333335 0.0340869140625
1 0.4811197916666667 0.45458984375 0.042890624999999995 0.036162109375
1 0.4573567708333333 0.59521484375 0.03440104166666667 0.0406787109375
1 0.525390625 0.59716796875 0.053671875 0.0166650390625
1 0.3929036458333333 0.61962890625 0.05611328125 0.0158984375
1 0.6549479166666666 0.56982421875 0.055501302083333336 0.0172412109375
1 0.5100911458333334 0.38330078125 0.027890625000000002 0.0435205078125
1 0.4166666666666667 0.6630859375 0.03684244791666667 0.04052734375
1 0.3544921875 0.6171875 0.03609375 0.0372607421875
1 0.3606770833333333 0.6572265625 0.047936197916666666 0.0330224609375
1 0.3308919270833333 0.61962890625 0.03338541666666667 0.038544921875
1 0.494140625 0.6220703125 0.03989583333333333 0.041474609375
1 0.6516927083333334 0.6337890625 0.05224609375 0.023515625
1 0.3916015625 0.350341796875 0.026653645833333333 0.042177734375
1 0.5768229166666666 0.6513671875 0.05497395833333333 0.03216796875
1 0.4993489583333333 0.56640625 0.054036458333333336 0.0152490234375
1 0.4029947916666667 0.6357421875 0.053834635416666665 0.016787109375
1 0.7044270833333334 0.5693359375 0.048463541666666665 0.0325341796875
1 0.6022135416666666 0.56982421875 0.050416666666666665 0.03265625
1 0.4375 0.6020849609375 0.033567708333333335 0.0403466796875
1 0.365234375 0.57470703125 0.038938802083333335 0.0376904296875
1 0.470703125 0.417724609375 0.03493489583333333 0.0413818359375
1 0.3154296875 0.320068359375 0.02921875 0.0426318359375
1 0.37830078125000005 0.69482421875 0.057050781249999995 0.018095703125
1 0.6796875 0.61083984375 0.052571614583333336 0.0284423828125
1 0.4537760416666667 0.3914306640625 0.03029296875 0.0436181640625
1 0.6500651041666666 0.6484375 0.055501302083333336 0.024384765625
1 0.4544270833333333 0.474853515625 0.04537109375 0.0360107421875
1 0.5592447916666666 0.3759765625 0.033125 0.0413818359375
1 0.5094401041666666 0.33203125 0.03540364583333334 0.0403125
1 0.5601041666666667 0.6234716796875 0.05457682291666666 0.0301416015625
1 0.4957682291666667 0.432373046875 0.027161458333333333 0.04177734375
1 0.357421875 0.5537109375 0.034609375 0.03705078125
1 0.392578125 0.55859375 0.042643229166666664 0.03705078125
1 0.5589192708333334 0.5712890625 0.053671875 0.029482421875
1 0.6588802083333333 0.6691455078125 0.055058593749999996 0.0303662109375
1 0.3805338541666667 0.515625 0.053671875 0.0268115234375
1 0.3831380208333333 0.53271484375 0.048828125 0.0260009765625
1 0.681640625 0.552734375 0.056028645833333335 0.01771484375
1 0.482421875 0.6552734375 0.044798177083333335 0.0382373046875
1 0.3313802083333333 0.271240234375 0.0253125 0.0413232421875
1 0.5328776041666666 0.472900390625 0.053671875 0.01869140625
1 0.4228515625 0.489501953125 0.053346354166666665 0.01869140625
1 0.482421875 0.341796875 0.022031250000000002 0.044189453125
1 0.69140625 0.6484375 0.03389322916666667 0.0381787109375
1 0.349609375 0.302490234375 0.027161458333333333 0.043212890625
1 0.5139973958333334 0.5517578125 0.052734375 0.0159619140625
1 0.5221354166666666 0.6250341796875 0.0321875 0.041142578125
1 0.5380859375 0.486083984375 0.054036458333333336 0.01869140625
1 0.6500651041666666 0.59765625 0.027955729166666665 0.0423291015625
1 0.6171875 0.60595703125 0.04128255208333333 0.0382373046875
1 0.5403645833333334 0.6875 0.043378906249999995 0.0383935546875
1 0.3025716145833333 0.242431640625 0.051106770833333336 0.0318603515625
1 0.4287109375 0.349853515625 0.03615234375 0.041689453125
1 0.353515625 0.25927734375 0.022565104166666666 0.0432763671875
1 0.3815104166666667 0.47265625 0.05347005208333333 0.0197900390625
1 0.5940755208333334 0.66357421875 0.04931640625 0.031494140625
1 0.3450520833333333 0.33447265625 0.03983723958333333 0.0394921875
1 0.71875 0.6796875 0.03755859375 0.03955078125
1 0.4671223958333333 0.318603515625 0.042402343749999995 0.0382373046875
1 0.4990234375 0.58154296875 0.055787760416666665 0.0154248046875
1 0.7454427083333334 0.607421875 0.057942708333333336 0.0211181640625
1 0.3113606770833333 0.268798828125 0.028990885416666667 0.0410791015625
1 0.3893229166666667 0.59423828125 0.0517578125 0.0153662109375
1 0.3707682291666667 0.321044921875 0.021790364583333333 0.043212890625
1 0.5182291666666666 0.314208984375 0.041666666666666664 0.041474609375
1 0.5559895833333334 0.444091796875 0.042076822916666666 0.0367138671875
1 0.7334375 0.62060546875 0.06100260416666667 0.01798828125
1 0.3844401041666667 0.294189453125 0.03849609375 0.0393359375
1 0.625 0.6884765625 0.05326171875 0.0287646484375
1 0.3538411458333333 0.422607421875 0.042154947916666664 0.038115234375
1 0.6477864583333334 0.446533203125 0.057701822916666666 0.0160205078125
1 0.60546875 0.454833984375 0.028769531249999997 0.042021484375
1 0.5563151041666666 0.6083984375 0.049479166666666664 0.0273291015625
1 0.673828125 0.697265625 0.045286458333333335 0.0340869140625
1 0.7376302083333334 0.63671875 0.052858072916666665 0.0193505859375
1 0.763671875 0.300537109375 0.051595052083333336 0.03689453125
1 0.3671875 0.71533203125 0.054772135416666666 0.0182666015625
1 0.3302408854166667 0.68994140625 0.03908203125 0.038330078125
1 0.7161458333333334 0.421875 0.058919270833333336 0.01751953125
1 0.3540169270833333 0.6436669921875 0.052382812499999994 0.0337646484375
1 0.705078125 0.6611328125 0.03798177083333334 0.0416259765625
1 0.5608984375 0.6413525390625 0.05262369791666666 0.02947265625
1 0.4886067708333333 0.8125 0.036640625 0.0430322265625
1 0.39132161458333337 0.2774755859375 0.04024739583333333 0.0402099609375
1 0.36142578124999997 0.6756689453125 0.04763671875 0.0327587890625
1 0.3994010416666667 0.668193359375 0.035859375 0.0406787109375
1 0.4926432291666667 0.6418017578125 0.04213541666666667 0.036982421875
1 0.6428125 0.6794580078125 0.052897135416666664 0.0309326171875
1 0.46977864583333334 0.4651318359375 0.04572265625 0.0359716796875
