1 0.5345052083333334 0.2703759765625 0.0414453125 0.0378515625
1 0.3466796875 0.33837890625 0.049479166666666664 0.031923828125
1 0.5895182291666666 0.348876953125 0.049680989583333335 0.0330224609375
1 0.30578776041666667 0.30984375 0.04121744791666667 0.0365478515625
1 0.27628255208333335 0.25048828125 0.0414453125 0.0372021484375
1 0.3346354166666667 0.2384033203125 0.04005859375 0.0384521484375
1 0.2936197916666667 0.2998046875 0.041914062499999995 0.037109375
1 0.4508463541666667 0.403564453125 0.04223958333333333 0.0381787109375
1 0.6946614583333334 0.252685546875 0.043378906249999995 0.0360107421875
1 0.494140625 0.26171875 0.03305989583333333 0.0425732421875
1 0.3623046875 0.267333984375 0.052734375 0.0212109375
1 0.3860677083333333 0.28369140625 0.03574869791666666 0.0399462890625
1 0.43255208333333334 0.29220703125 0.05402994791666666 0.0268505859375
1 0.5595703125 0.2117919921875 0.04443359375 0.033662109375
1 0.31561848958333333 0.3727734375 0.04220052083333333 0.0368115234375
1 0.53546875 0.247978515625 0.049615885416666665 0.0323974609375
1 0.29248046875 0.2406005859375 0.038938802083333335 0.035400390625
1 0.3987630208333333 0.5419921875 0.034016927083333336 0.0374755859375
1 0.24348958333333334 0.337158203125 0.049765625 0.033720703125
1 0.29198567708333334 0.2763671875 0.05008463541666667 0.0300439453125
1 0.47369791666666666 0.36390625 0.05103515625 0.025810546875
1 0.2437044270833333 0.2643115234375 0.04430338541666667 0.0350048828125
1 0.5657552083333334 0.240478515625 0.05054036458333333 0.024384765625
1 0.4248046875 0.260986328125 0.05416015625 0.01876953125
1 0.7170442708333334 0.275361328125 0.058476562499999996 0.024931640625
1 0.4339192708333333 0.6396484375 0.03153645833333333 0.0384521484375
1 0.5240885416666666 0.73486328125 0.043619791666666664 0.03607421875
1 0.4807942708333333 0.23583984375 0.05643880208333333 0.0222021484375
1 0.3248697916666667 0.26806640625 0.023619791666666667 0.04123046875
1 0.22639973958333334 0.37158203125 0.04614583333333333 0.039794921875
1 0.2630208333333333 0.59326171875 0.04960286458333333 0.0253759765625
1 0.21647135416666666 0.314208984375 0.044798177083333335 0.0390625
1 0.5598958333333334 0.33251953125 0.030579427083333333 0.0399462890625
1 0.2638346354166667 0.3798828125 0.03029296875 0.0428173828125
1 0.7740885416666666 0.6083984375 0.03798177083333334 0.0386962890625
1 0.40021484375 0.3628564453125 0.05195963541666667 0.0198388671875
1 0.4759114583333333 0.64404296875 0.03153645833333333 0.041533203125
1 0.4427083333333333 0.21240234375 0.056028645833333335 0.02091796875
1 0.27451171874999997 0.478525390625 0.03070963541666667 0.0399951171875
1 0.3359375 0.29833984375 0.031048177083333333 0.04248046875
1 0.24853515625 0.456298828125 0.053548177083333336 0.02140625
1 0.7403841145833333 0.302490234375 0.060006510416666665 0.01994140625
1 0.5172526041666666 0.2064208984375 0.05375 0.021943359375
1 0.7421875 0.317138671875 0.05684244791666667 0.020341796875
1 0.66015625 0.28857421875 0.0546484375 0.018876953125
1 0.748046875 0.2374951171875 0.04911458333333333 0.03578125
1 0.2265625 0.50732421875 0.04837890625 0.0323486328125
1 0.4065755208333333 0.3349609375 0.0546484375 0.0206005859375
1 0.681640625 0.328369140625 0.05423828125 0.023466796875
1 0.4716796875 0.263427734375 0.029479166666666667 0.042724609375
1 0.3815104166666667 0.311767578125 0.046510416666666665 0.0318017578125
1 0.3697916666666667 0.2381591796875 0.030234374999999997 0.0413232421875
1 0.66796875 0.3173828125 0.055585937499999995 0.0232373046875
1 0.4749348958333333 0.67138671875 0.048665364583333336 0.0202197265625
1 0.2814127604166667 0.337890625 0.028281249999999997 0.043701171875
1 0.24072265625 0.6005859375 0.05395833333333333 0.0270068359375
1 0.24837239583333334 0.5595703125 0.05517578125 0.019912109375
1 0.23014322916666666 0.290771484375 0.02170572916666667 0.04296875
1 0.6236979166666666 0.31396484375 0.02921875 0.0413232421875
1 0.51171875 0.307861328125 0.023255208333333333 0.0408349609375
1 0.37890625 0.72900390625 0.035481770833333336 0.0376904296875
1 0.3359375 0.7099609375 0.052734375 0.016279296875
1 0.3557942708333333 0.297607421875 0.031171875 0.0398583984375
1 0.7506510416666666 0.481689453125 0.04809895833333333 0.0256201171875
1 0.61119140625 0.29541015625 0.030553385416666665 0.0428759765625
1 0.27783203125 0.68505859375 0.051595052083333336 0.0160205078125
1 0.65921875 0.1816455078125 0.03877604166666667 0.04052734375
1 0.4446614583333333 0.76513671875 0.041139322916666665 0.035888671875
1 0.4736328125 0.2998046875 0.052571614583333336 0.0161572265625
1 0.7623697916666666 0.416015625 0.0336328125 0.042021484375
1 0.7610677083333334 0.3427734375 0.024863281249999997 0.041474609375
1 0.6940104166666666 0.68115234375 0.026796874999999998 0.0401025390625
1 0.3541666666666667 0.73681640625 0.03407552083333334 0.038759765625
1 0.5976953125 0.7255859375 0.0558203125 0.0184765625
1 0.5403645833333334 0.328125 0.030924479166666668 0.0379052734375
1 0.4853515625 0.76123046875 0.0546484375 0.019638671875
1 0.7467968749999999 0.286181640625 0.05939453125 0.01759765625
1 0.23616536458333334 0.48828125 0.03448567708333333 0.04296875
1 0.2513020833333333 0.73828125 0.033776041666666666 0.0375390625
1 0.72265625 0.7080078125 0.05326171875 0.0236962890625
1 0.27783203125 0.438720703125 0.05591145833333333 0.0157177734375
1 0.6052994791666667 0.7431640625 0.05427083333333333 0.019609375
1 0.6025390625 0.246337890625 0.022298177083333332 0.0428173828125
1 0.50337890625 0.2187841796875 0.05647135416666666 0.0256689453125
1 0.7316015625 0.2105712890625 0.05740234375 0.01890625
1 0.7447916666666666 0.375244140625 0.053548177083333336 0.021455078125
1 0.6803385416666666 0.73828125 0.026549479166666667 0.04046875
1 0.6764322916666666 0.2098388671875 0.05708984375 0.019912109375
1 0.7350260416666666 0.66357421875 0.028281249999999997 0.0413232421875
1 0.6028645833333334 0.1827392578125 0.03147135416666667 0.04123046875
1 0.6875 0.1964111328125 0.056640625 0.0190869140625
1 0.2911783854166667 0.734375 0.030110677083333332 0.0428759765625
1 0.22916666666666666 0.23974609375 0.04472005208333333 0.0244287109375
1 0.728515625 0.6904296875 0.05423828125 0.01833984375
1 0.4788411458333333 0.748046875 0.05293619791666667 0.0201708984375
1 0.2666015625 0.57861328125 0.05054036458333333 0.0225390625
1 0.3678385416666667 0.63916015625 0.02056640625 0.0389111328125
1 0.3333333333333333 0.73876953125 0.028828125 0.04046875
1 0.21858723958333334 0.654296875 0.03609375 0.04123046875
1 0.5768229166666666 0.1837158203125 0.04074869791666667 0.03955078125
1 0.6259765625 0.1815283203125 0.026184895833333333 0.0443017578125
1 0.7701822916666666 0.64306640625 0.027727864583333334 0.0394287109375
1 0.7395833333333334 0.417724609375 0.032311197916666666 0.0406787109375
1 0.7213541666666666 0.345458984375 0.025208333333333333 0.0418408203125
1 0.2757161458333333 0.21337890625 0.044355468749999995 0.0345458984375
1 0.4358723958333333 0.1990966796875 0.055787760416666665 0.020693359375
1 0.3111979166666667 0.62548828125 0.021197916666666667 0.03689453125
1 0.5524088541666666 0.75732421875 0.04160807291666666 0.03732421875
1 0.19482421875 0.25830078125 0.024029947916666666 0.042236328125
1 0.2657877604166667 0.423828125 0.051595052083333336 0.0156005859375
1 0.69921875 0.17578125 0.055501302083333336 0.0258642578125
1 0.7421875 0.343994140625 0.024127604166666667 0.04193359375
1 0.22526041666666666 0.224365234375 0.054563802083333335 0.0268115234375
1 0.7779947916666666 0.67333984375 0.058470052083333335 0.0171044921875
1 0.4495442708333333 0.73681640625 0.052858072916666665 0.0213623046875
1 0.6478515625 0.2726123046875 0.056796875 0.016279296875
1 0.7180989583333334 0.419677734375 0.03305989583333333 0.0401025390625
1 0.3274739583333333 0.78125 0.05033203125 0.023466796875
1 0.62109375 0.2181396484375 0.052734375 0.0197900390625
1 0.7623697916666666 0.5615234375 0.0223828125 0.04248046875
1 0.24869791666666666 0.300537109375 0.024173177083333334 0.0428173828125
1 0.4427083333333333 0.2288818359375 0.048665364583333336 0.0183740234375
1 0.21305338541666666 0.270263671875 0.024029947916666666 0.0428759765625
1 0.6868489583333334 0.76513671875 0.052571614583333336 0.0204150390625
1 0.40210286458333333 0.764873046875 0.051432291666666664 0.0210302734375
1 0.4505208333333333 0.48388671875 0.019713541666666667 0.038544921875
1 0.27685546875 0.7431640625 0.029544270833333334 0.0396435546875
1 0.78125 0.34521484375 0.023619791666666667 0.0423876953125
1 0.2716796875 0.7825732421875 0.04758463541666667 0.0343310546875
1 0.755859375 0.1795654296875 0.03623697916666666 0.042236328125
1 0.5733268229166667 0.74833984375 0.048046874999999996 0.0306787109375
1 0.7721354166666666 0.431396484375 0.034752604166666666 0.04025390625
1 0.33466796875 0.6803173828125 0.05336588541666667 0.01833984375
1 0.4018880208333333 0.4235400390625 0.04710286458333333 0.0324365234375
1 0.3151041666666667 0.740234375 0.02685546875 0.04123046875
1 0.6284505208333333 0.34326171875 0.05364583333333334 0.0180517578125
1 0.736328125 0.1806640625 0.03755859375 0.04193359375
1 0.2911783854166667 0.62353515625 0.02048828125 0.0386962890625
1 0.4899088541666667 0.77587890625 0.052656249999999995 0.0196826171875
1 0.35284505208333333 0.7902197265625 0.04955729166666667 0.0268017578125
1 0.24674479166666666 0.71142578125 0.052656249999999995 0.0210400390625
1 0.6591796875 0.7433056640625 0.022220052083333334 0.04064453125
1 0.5699869791666666 0.271240234375 0.02080078125 0.0406787109375
1 0.4391276041666667 0.7900390625 0.05195963541666667 0.016845703125
1 0.2532552083333333 0.69921875 0.050904947916666665 0.022109375
1 0.5901236979166666 0.781513671875 0.03615234375 0.0416259765625
1 0.7825520833333334 0.55712890625 0.022643229166666667 0.0438525390625
1 0.33475260416666663 0.6953125 0.051946614583333335 0.016279296875
1 0.2884114583333333 0.80810546875 0.0448828125 0.034609375
1 0.4039388020833334 0.7810302734375 0.05255208333333333 0.024873046875
1 0.4397786458333333 0.1829833984375 0.054563802083333335 0.019453125
1 0.470703125 0.3173828125 0.05126953125 0.0165234375
1 0.65474609375 0.7864404296875 0.022220052083333334 0.0440966796875
1 0.6331380208333334 0.77001953125 0.019869791666666668 0.0420849609375
1 0.4117838541666667 0.2462158203125 0.051595052083333336 0.0173779296875
1 0.6383138020833333 0.806513671875 0.04569661458333333 0.0342919921875
1 0.6136067708333334 0.7721826171875 0.019941406249999998 0.0438134765625
1 0.5719401041666666 0.364501953125 0.0508203125 0.021455078125
1 0.4651692708333333 0.56982421875 0.052083333333333336 0.0153662109375
1 0.24251302083333334 0.8046875 0.026041666666666668 0.0398583984375
1 0.42314453125 0.3102490234375 0.0522265625 0.0231787109375
1 0.6751302083333334 0.800361328125 0.024212239583333333 0.04408203125
1 0.4801106770833334 0.3443798828125 0.053899739583333335 0.019453125
1 0.4749348958333333 0.33154296875 0.05147135416666667 0.016923828125
1 0.7494986979166667 0.38720703125 0.05589192708333333 0.019638671875
1 0.5932096354166666 0.3835693359375 0.053906249999999996 0.0246435546875
1 0.3216471354166667 0.7685498046875 0.05175130208333333 0.0207421875
1 0.27681640625 0.798828125 0.04684244791666667 0.034462890625
1 0.40685546874999995 0.741611328125 0.041041666666666664 0.037138671875
1 0.6990625 0.7295703125 0.025872395833333336 0.04115234375
1 0.6609244791666666 0.7064794921875 0.05397786458333333 0.02576171875
1 0.6372786458333334 0.72572265625 0.023645833333333335 0.0414892578125
1 0.5815104166666667 0.7118359375 0.053085937500000006 0.0170654296875
1 0.5284244791666667 0.7101611328125 0.045950520833333335 0.0311181640625
1 0.4951888020833333 0.7200341796875 0.033014322916666665 0.0401513671875
1 0.45392578125 0.719365234375 0.05397786458333333 0.0207421875
1 0.4532552083333334 0.701630859375 0.05799479166666666 0.0160595703125
1 0.4090885416666667 0.7051416015625 0.044609375 0.0324560546875
1 0.38298828125 0.70916015625 0.04059895833333333 0.0351318359375
1 0.2578580729166667 0.6397314453125 0.05175130208333333 0.0287744140625
1 0.24759765625 0.6603076171875 0.05442708333333333 0.027099609375
1 0.2625390625 0.6715185546875 0.053085937500000006 0.024091796875
1 0.29912109375 0.650771484375 0.05397786458333333 0.019404296875
1 0.31585286458333334 0.667333984375 0.05442708333333333 0.0170654296875
1 0.3577864583333333 0.6638232421875 0.044609375 0.0314501953125
1 0.395703125 0.6726904296875 0.03836588541666667 0.0364697265625
1 0.42537109375 0.6765380859375 0.03256510416666667 0.03814453125
1 0.4458919270833333 0.6756982421875 0.029889322916666666 0.0378076171875
1 0.5119205729166666 0.688916015625 0.020078125 0.0414892578125
1 0.5172721354166666 0.653447265625 0.026321614583333333 0.039482421875
1 0.53400390625 0.68021484375 0.03123046875 0.0414892578125
1 0.5663476562499999 0.6929296875 0.050410156250000004 0.0234228515625
1 0.5893229166666667 0.6857373046875 0.04907552083333333 0.027099609375
1 0.6243424479166667 0.69376953125 0.037024739583333334 0.0384765625
1 0.6535611979166667 0.6730224609375 0.020520833333333332 0.0418212890625
1 0.6743033854166667 0.6817236328125 0.025429687500000003 0.04115234375
1 0.7153515625 0.6609765625 0.026321614583333333 0.0418212890625
1 0.751484375 0.6470947265625 0.024537760416666665 0.0401513671875
1 0.6000260416666666 0.6741943359375 0.050859375000000005 0.0260986328125
1 0.6080598958333333 0.6603076171875 0.04907552083333333 0.0277685546875
1 0.6194335937500001 0.6489306640625 0.04951822916666667 0.03044921875
1 0.6256770833333333 0.6345458984375 0.04684244791666667 0.0297802734375
1 0.6259049479166666 0.618486328125 0.04818359375 0.029111328125
1 0.6644921874999999 0.6434130859375 0.03256510416666667 0.039482421875
1 0.68099609375 0.6370556640625 0.03434895833333333 0.039482421875
1 0.5656770833333333 0.663154296875 0.037473958333333335 0.03814453125
1 0.5505078125 0.643076171875 0.05442708333333333 0.0207421875
1 0.5583138020833334 0.62517578125 0.05486979166666667 0.016396484375
1 0.5937825520833333 0.6164794921875 0.020520833333333332 0.0404833984375
1 0.5592057291666667 0.6024267578125 0.04862630208333333 0.03044921875
1 0.5264192708333334 0.6179833984375 0.044609375 0.034794921875
1 0.49340494791666667 0.6089501953125 0.025872395833333336 0.039482421875
1 0.4719921875 0.6049365234375 0.021412760416666666 0.0414892578125
1 0.45280598958333335 0.640400390625 0.037473958333333335 0.0388134765625
1 0.41132161458333333 0.6285205078125 0.027656249999999997 0.0404833984375
1 0.38878906249999995 0.635380859375 0.02810546875 0.0414892578125
1 0.33949218750000004 0.63287109375 0.037473958333333335 0.03580078125
1 0.33748697916666665 0.610791015625 0.041490885416666665 0.037138671875
1 0.3682682291666666 0.599248046875 0.035240885416666666 0.0374755859375
1 0.38700520833333335 0.6024267578125 0.03434895833333333 0.0391455078125
1 0.4122135416666666 0.5897119140625 0.03212239583333334 0.037138671875
1 0.43541015624999996 0.5937255859375 0.024088541666666668 0.04115234375
1 0.4519140625 0.6027587890625 0.019628906249999998 0.0418212890625
1 0.3225455729166667 0.5828515625 0.04014973958333334 0.0341259765625
1 0.3426171875 0.5773291015625 0.04193359375 0.031787109375
1 0.3562239583333333 0.5657861328125 0.039707031250000004 0.0374755859375
1 0.36938151041666667 0.5555810546875 0.033014322916666665 0.03580078125
1 0.4122135416666666 0.56478515625 0.05531901041666667 0.019404296875
1 0.43830729166666665 0.5462158203125 0.053085937500000006 0.0230859375
1 0.47623046875 0.5539111328125 0.052194010416666665 0.0143896484375
1 0.5029947916666667 0.568466796875 0.03881510416666666 0.036806640625
1 0.5157096354166667 0.57783203125 0.03836588541666667 0.036806640625
1 0.5221809895833334 0.5965673828125 0.0361328125 0.0341259765625
1 0.7327473958333334 0.62517578125 0.041490885416666665 0.0351318359375
1 0.7106640624999999 0.62216796875 0.04282552083333333 0.0351318359375
1 0.6995117187500001 0.6051025390625 0.052643229166666666 0.02576171875
1 0.7336393229166666 0.592890625 0.047734374999999996 0.032119140625
1 0.74724609375 0.5831884765625 0.04639322916666667 0.0314501953125
1 0.6678385416666667 0.59439453125 0.05442708333333333 0.016396484375
1 0.6606966145833334 0.5806787109375 0.05531901041666667 0.01505859375
1 0.6305859375 0.5933935546875 0.03167317708333333 0.0404833984375
1 0.60515625 0.5808447265625 0.023645833333333335 0.0408203125
1 0.58552734375 0.572646484375 0.021861979166666667 0.0391455078125
1 0.5665690104166666 0.5775 0.027656249999999997 0.0414892578125
1 0.5444856770833334 0.5706396484375 0.02899739583333333 0.039814453125
1 0.7322981770833333 0.5463818359375 0.045058593749999994 0.034794921875
1 0.7336393229166666 0.525634765625 0.04684244791666667 0.0341259765625
1 0.7465755208333333 0.5166015625 0.050410156250000004 0.032119140625
1 0.7280598958333333 0.490673828125 0.05353515625 0.0250927734375
1 0.7120052083333334 0.5686328125 0.044609375 0.0351318359375
1 0.6983984375 0.557255859375 0.04416666666666667 0.0351318359375
1 0.6767578125 0.5438720703125 0.03123046875 0.039814453125
1 0.6582421875 0.540361328125 0.029889322916666666 0.039482421875
1 0.64330078125 0.5669580078125 0.05531901041666667 0.01505859375
1 0.6903645833333334 0.5181103515625 0.05130208333333333 0.0311181640625
1 0.6943815104166666 0.5003759765625 0.053085937500000006 0.021748046875
1 0.7075390625 0.4592236328125 0.05710286458333333 0.017734375
1 0.68634765625 0.4704296875 0.0593359375 0.0187353515625
1 0.6754231770833333 0.4836474609375 0.0562109375 0.016396484375
1 0.6528906250000001 0.5082373046875 0.03167317708333333 0.039482421875
1 0.6187630208333333 0.553408203125 0.05710286458333333 0.0160595703125
1 0.625234375 0.5376806640625 0.052194010416666665 0.019404296875
1 0.5725911458333334 0.5465478515625 0.05130208333333333 0.024423828125
1 0.60939453125 0.5244677734375 0.05442708333333333 0.0197412109375
1 0.6176497395833334 0.5092431640625 0.053085937500000006 0.0200732421875
1 0.623671875 0.493681640625 0.05531901041666667 0.0210791015625
1 0.5815104166666667 0.4881640625 0.03434895833333333 0.0388134765625
1 0.5719205729166666 0.5065673828125 0.04371744791666667 0.036806640625
1 0.5641145833333333 0.52162109375 0.041490885416666665 0.03345703125
1 0.5400260416666667 0.541865234375 0.053085937500000006 0.0237548828125
1 0.4902799479166667 0.5400244140625 0.05442708333333333 0.016728515625
1 0.5103580729166667 0.526474609375 0.05531901041666667 0.0210791015625
1 0.5215104166666666 0.5156005859375 0.052643229166666666 0.0234228515625
1 0.5241861979166667 0.498369140625 0.05710286458333333 0.017734375
1 0.5404687499999999 0.48431640625 0.05397786458333333 0.0137158203125
1 0.54091796875 0.467919921875 0.052194010416666665 0.0197412109375
1 0.5422526041666667 0.4526953125 0.052194010416666665 0.01806640625
1 0.5333333333333333 0.4373046875 0.052194010416666665 0.0207421875
1 0.5369010416666666 0.4172314453125 0.04327473958333333 0.032119140625
1 0.528203125 0.3869482421875 0.03479817708333333 0.0378076171875
1 0.6847916666666666 0.4361328125 0.037473958333333335 0.0378076171875
1 0.64865234375 0.4655810546875 0.04014973958333334 0.03580078125
1 0.6127408854166666 0.4771240234375 0.04684244791666667 0.03345703125
1 0.6029296875 0.46123046875 0.045950520833333335 0.0337939453125
1 0.64330078125 0.443662109375 0.037473958333333335 0.036806640625
1 0.6651627604166667 0.4150537109375 0.029446614583333332 0.0404833984375
1 0.6352734375 0.4053515625 0.037473958333333335 0.0351318359375
1 0.6241145833333334 0.4160595703125 0.04014973958333334 0.0337939453125
1 0.6136328125 0.43044921875 0.04327473958333333 0.034462890625
1 0.5899869791666666 0.434794921875 0.03078125 0.0378076171875
1 0.5752669270833334 0.4466748046875 0.03434895833333333 0.039482421875
1 0.5757161458333333 0.4081982421875 0.037923177083333336 0.03814453125
1 0.5545247395833334 0.39732421875 0.027656249999999997 0.0404833984375
1 0.53400390625 0.365703125 0.037473958333333335 0.0361376953125
1 0.255625 0.484150390625 0.033014322916666665 0.039482421875
1 0.22952473958333333 0.529150390625 0.05665364583333333 0.019072265625
1 0.24536458333333333 0.54470703125 0.05710286458333333 0.0187353515625
1 0.26365234375 0.5222900390625 0.033014322916666665 0.0388134765625
1 0.3055924479166667 0.5450439453125 0.03123046875 0.0388134765625
1 0.3241015625 0.5410302734375 0.026321614583333333 0.0388134765625
1 0.33837890625 0.52546875 0.0361328125 0.0391455078125
1 0.35332682291666667 0.5156005859375 0.03836588541666667 0.0374755859375
1 0.37607421874999997 0.5186083984375 0.03479817708333333 0.03814453125
1 0.39593098958333334 0.508408203125 0.045950520833333335 0.0324560546875
1 0.4267122395833333 0.5234619140625 0.03345703125 0.039814453125
1 0.46016927083333337 0.526806640625 0.050410156250000004 0.02041015625
1 0.4719921875 0.511083984375 0.05710286458333333 0.0157275390625
1 0.4987565104166667 0.4858203125 0.04371744791666667 0.0341259765625
1 0.46931640625 0.483310546875 0.021412760416666666 0.0391455078125
1 0.43072265625 0.4849853515625 0.020970052083333333 0.0391455078125
1 0.4980924479166667 0.4635693359375 0.041490885416666665 0.0364697265625
1 0.4873828125 0.448349609375 0.047734374999999996 0.03078125
1 0.4956380208333333 0.4260986328125 0.047285156249999995 0.0311181640625
1 0.44745442708333333 0.4516943359375 0.049967447916666664 0.026767578125
1 0.45102213541666664 0.4272705078125 0.04907552083333333 0.0301123046875
1 0.29153645833333336 0.5023828125 0.04951822916666667 0.0311181640625
1 0.3000130208333333 0.514931640625 0.047734374999999996 0.0314501953125
1 0.34841796875 0.49083984375 0.05353515625 0.0200732421875
1 0.3970442708333333 0.48966796875 0.04818359375 0.0237548828125
1 0.39615234375 0.47427734375 0.052643229166666666 0.02041015625
1 0.39526041666666667 0.4593896484375 0.05442708333333333 0.01806640625
1 0.3939192708333333 0.4455029296875 0.05799479166666666 0.016396484375
1 0.35376953125 0.4694287109375 0.04193359375 0.0361376953125
1 0.3441796875 0.4431591796875 0.045058593749999994 0.0311181640625
1 0.31227864583333337 0.478291015625 0.05353515625 0.02041015625
1 0.30692708333333335 0.4655810546875 0.05442708333333333 0.0210791015625
1 0.30313802083333335 0.450185546875 0.05397786458333333 0.0197412109375
1 0.306484375 0.4219140625 0.03123046875 0.0414892578125
1 0.3216471354166667 0.4093701171875 0.03212239583333334 0.0384765625
1 0.36537109375000004 0.4287744140625 0.0562109375 0.016396484375
1 0.3562239583333333 0.40501953125 0.03881510416666666 0.031787109375
1 0.28930989583333333 0.3991650390625 0.03881510416666666 0.0374755859375
1 0.2759244791666667 0.3675439453125 0.03167317708333333 0.039814453125
1 0.25116536458333333 0.34998046875 0.044609375 0.03345703125
1 0.40998046875 0.41154296875 0.04371744791666667 0.0314501953125
1 0.37250651041666666 0.3894580078125 0.029446614583333332 0.0408203125
1 0.39771484375 0.3839404296875 0.041490885416666665 0.031787109375
1 0.43741536458333335 0.393642578125 0.041490885416666665 0.0404833984375
1 0.435859375 0.368046875 0.037473958333333335 0.0388134765625
1 0.5005403645833334 0.4055224609375 0.044609375 0.0327880859375
1 0.48203124999999997 0.3968212890625 0.045058593749999994 0.03345703125
1 0.4887239583333333 0.3739013671875 0.04951822916666667 0.027099609375
1 0.3359244791666667 0.368046875 0.044609375 0.03345703125
1 0.3426171875 0.3533251953125 0.04818359375 0.032119140625
1 0.31072265625 0.33375 0.037024739583333334 0.039814453125
1 0.4057421875 0.3481396484375 0.05486979166666667 0.02041015625
1 0.6995117187500001 0.4043505859375 0.049967447916666664 0.031787109375
1 0.6928190104166667 0.388623046875 0.052643229166666666 0.0277685546875
1 0.6923763020833333 0.3739013671875 0.05353515625 0.0284423828125
1 0.6881380208333333 0.3583447265625 0.05130208333333333 0.0274365234375
1 0.6792122395833333 0.34646484375 0.053085937500000006 0.0284423828125
1 0.64330078125 0.3837744140625 0.052643229166666666 0.024091796875
1 0.6390625 0.367041015625 0.05486979166666667 0.02810546875
1 0.6870182291666667 0.2987890625 0.0562109375 0.0200732421875
1 0.7508138020833334 0.2616455078125 0.04907552083333333 0.0341259765625
1 0.6765364583333334 0.2588037109375 0.045950520833333335 0.033125
1 0.51927734375 0.28021484375 0.041041666666666664 0.0384765625
1 0.3047005208333333 0.2296923828125 0.03836588541666667 0.039814453125
1 0.2607552083333333 0.2577978515625 0.04059895833333333 0.0364697265625
1 0.434296875 0.2763671875 0.053085937500000006 0.0247607421875
