1 0.734375 0.352783203125 0.05912109375 0.0197607421875
1 0.4742838541666667 0.38232421875 0.0224609375 0.04177734375
1 0.6907552083333334 0.43798828125 0.055097656249999995 0.0205224609375
1 0.6175130208333334 0.475830078125 0.047200520833333336 0.0372021484375
1 0.4967447916666667 0.37158203125 0.022220052083333334 0.0428173828125
1 0.5016276041666666 0.429443359375 0.021119791666666665 0.0411376953125
1 0.6705729166666666 0.58056640625 0.051595052083333336 0.0325341796875
1 0.4055989583333333 0.419677734375 0.027467447916666665 0.0406787109375
1 0.642578125 0.42431640625 0.023072916666666665 0.0413232421875
1 0.5227864583333334 0.43798828125 0.022805989583333335 0.042177734375
1 0.66462890625 0.452734375 0.05805989583333334 0.01857421875
1 0.3880208333333333 0.4267578125 0.02541015625 0.04123046875
1 0.3564453125 0.48095703125 0.058470052083333335 0.01771484375
1 0.724609375 0.41015625 0.030455729166666667 0.0430322265625
1 0.7158854166666666 0.36572265625 0.05908854166666667 0.0193017578125
1 0.6940104166666666 0.50439453125 0.054563802083333335 0.01876953125
1 0.7076822916666666 0.390869140625 0.048828125 0.0362841796875
1 0.4560546875 0.39794921875 0.022805989583333335 0.0406787109375
1 0.3359375 0.6962890625 0.023072916666666665 0.041533203125
1 0.474609375 0.317626953125 0.04614583333333333 0.0391845703125
1 0.66796875 0.3349609375 0.0258984375 0.04296875
1 0.681640625 0.420654296875 0.05591145833333333 0.019453125
1 0.3616536458333333 0.465576171875 0.05444661458333333 0.0186181640625
1 0.3427734375 0.423583984375 0.043378906249999995 0.0365625
1 0.3151041666666667 0.403564453125 0.044029947916666666 0.0379052734375
1 0.7161458333333334 0.59716796875 0.04732421875 0.033203125
1 0.396484375 0.64501953125 0.03930989583333334 0.0372021484375
1 0.4264322916666667 0.287109375 0.04984375 0.035615234375
1 0.6979166666666666 0.5263671875 0.055787760416666665 0.0179150390625
1 0.6692708333333334 0.4765625 0.04614583333333333 0.036162109375
1 0.4651692708333333 0.35595703125 0.048665364583333336 0.034423828125
1 0.3824869791666667 0.38134765625 0.043378906249999995 0.0396435546875
1 0.6946614583333334 0.488037109375 0.055097656249999995 0.02337890625
1 0.4055989583333333 0.45849609375 0.03806640625 0.0369873046875
1 0.73046875 0.443359375 0.035279947916666665 0.0418408203125
1 0.3375651041666667 0.37890625 0.058919270833333336 0.022294921875
1 0.4417317708333333 0.478759765625 0.052656249999999995 0.025712890625
1 0.70703125 0.62451171875 0.056315104166666664 0.0235595703125
1 0.3492838541666667 0.393310546875 0.0546484375 0.019013671875
1 0.37109375 0.435791015625 0.02370442708333333 0.0413232421875
1 0.4697265625 0.57861328125 0.022298177083333332 0.040009765625
1 0.7727864583333334 0.5810546875 0.04370442708333333 0.035615234375
1 0.75 0.448486328125 0.03493489583333333 0.0445849609375
1 0.4710286458333333 0.438232421875 0.04345703125 0.037109375
1 0.6471354166666666 0.62890625 0.04565755208333333 0.0354931640625
1 0.5849609375 0.49072265625 0.02634765625 0.041689453125
1 0.4479166666666667 0.5791015625 0.021282552083333333 0.0403759765625
1 0.4807942708333333 0.52001953125 0.055787760416666665 0.018984375
1 0.76953125 0.61376953125 0.052734375 0.0322265625
1 0.744140625 0.57470703125 0.03345052083333334 0.042724609375
1 0.640625 0.3359375 0.03770182291666666 0.0413232421875
1 0.2869466145833333 0.364501953125 0.04837890625 0.0352783203125
1 0.7486979166666666 0.517578125 0.046263020833333335 0.0372607421875
1 0.7291666666666666 0.66015625 0.05224609375 0.0279541015625
1 0.4583333333333333 0.607421875 0.054036458333333336 0.0184765625
1 0.3155924479166667 0.3525390625 0.056966145833333336 0.018798828125
1 0.6350911458333334 0.5126953125 0.03300130208333333 0.0406201171875
1 0.7330729166666666 0.493408203125 0.0234375 0.0433642578125
1 0.2864583333333333 0.336669921875 0.059446614583333335 0.019990234375
1 0.43359375 0.32373046875 0.038938802083333335 0.0390625
1 0.3154296875 0.80615234375 0.0332421875 0.041533203125
1 0.3916015625 0.58349609375 0.051679687499999995 0.0224609375
1 0.4095052083333333 0.66259765625 0.028483072916666668 0.0401025390625
1 0.6555989583333334 0.55322265625 0.05126953125 0.0290380859375
1 0.4537760416666667 0.63525390625 0.046959635416666666 0.0345458984375
1 0.736328125 0.640625 0.056236979166666666 0.020888671875
1 0.755859375 0.6669921875 0.044798177083333335 0.03607421875
1 0.7975260416666666 0.62158203125 0.05195963541666667 0.0294189453125
1 0.8255208333333334 0.599609375 0.056640625 0.035830078125
1 0.3570963541666667 0.64697265625 0.03236979166666667 0.0408349609375
1 0.3844401041666667 0.6298828125 0.04634765625 0.03634765625
1 0.45757161458333334 0.5 0.05539713541666667 0.0173046875
1 0.4322916666666667 0.6591796875 0.0234375 0.0398583984375
1 0.7115885416666666 0.55908203125 0.034544270833333335 0.0431201171875
1 0.6471354166666666 0.650390625 0.046959635416666666 0.0381787109375
1 0.6959635416666666 0.568359375 0.03574869791666666 0.0379052734375
1 0.3375651041666667 0.8056640625 0.03194010416666667 0.040771484375
1 0.37810546875 0.56298828125 0.05539713541666667 0.0185400390625
1 0.7811653645833333 0.5455078125 0.05814453125 0.028486328125
1 0.7819010416666666 0.66796875 0.043867187499999995 0.0379052734375
1 0.7616731770833334 0.5553857421875 0.058157552083333335 0.0296728515625
1 0.5283203125 0.2607421875 0.029661458333333335 0.0431201171875
1 0.552734375 0.8115234375 0.039609375 0.042236328125
1 0.3525390625 0.81591796875 0.030703124999999998 0.042177734375
1 0.6770833333333334 0.6328125 0.045983072916666666 0.03705078125
1 0.8041276041666667 0.6350732421875 0.05771484375 0.030224609375
1 0.6113346354166667 0.4576513671875 0.0462890625 0.0364111328125
1 0.6322200520833333 0.4845361328125 0.047415364583333335 0.035986328125
1 0.4800911458333333 0.3003759765625 0.04684895833333333 0.0376806640625
1 0.7518880208333334 0.6054052734375 0.05419270833333333 0.0330224609375
