1 0.3870442708333333 0.278076171875 0.06103515625 0.044921875
1 0.73958984375 0.693818359375 0.07637369791666666 0.038330078125
1 0.3336588541666667 0.298583984375 0.06848307291666667 0.0248876953125
1 0.4182942708333333 0.31201171875 0.07014973958333333 0.030732421875
1 0.4195963541666667 0.24853515625 0.0712109375 0.034609375
1 0.7415364583333334 0.7607421875 0.08069010416666667 0.035400390625
1 0.4759114583333333 0.31103515625 0.07307942708333333 0.0352197265625
1 0.666015625 0.360107421875 0.07238932291666667 0.0452587890625
1 0.416015625 0.2156982421875 0.06787109375 0.0364990234375
1 0.3486328125 0.2335205078125 0.07014973958333333 0.04046875
1 0.7265625 0.2337646484375 0.06551432291666666 0.0509033203125
1 0.4488932291666667 0.385498046875 0.056764322916666665 0.0472412109375
1 0.4876302083333333 0.2108154296875 0.058268229166666664 0.0472412109375
1 0.736875 0.8078857421875 0.07374348958333334 0.039697265625
1 0.5859765625 0.820078125 0.06742838541666667 0.045185546875
1 0.486328125 0.337646484375 0.06746744791666666 0.03705078125
1 0.3489583333333333 0.69287109375 0.06453776041666666 0.0420849609375
1 0.806640625 0.544921875 0.08027994791666666 0.021240234375
1 0.3551432291666667 0.64501953125 0.05423828125 0.0479443359375
1 0.5157552083333333 0.228310546875 0.07326171875 0.03556640625
1 0.6162109375 0.2890625 0.07389322916666667 0.0238671875
1 0.3232421875 0.391845703125 0.06311197916666667 0.0423291015625
1 0.30908203125 0.6796875 0.07360677083333333 0.0320458984375
1 0.37730468749999996 0.4323779296875 0.05766276041666666 0.04591796875
1 0.6188151041666666 0.33056640625 0.06888671875 0.0450146484375
1 0.5452473958333334 0.1973876953125 0.06811848958333333 0.03927734375
1 0.4518229166666667 0.279541015625 0.06787109375 0.03607421875
1 0.3133138020833333 0.356689453125 0.057291666666666664 0.047607421875
1 0.4117838541666667 0.3544921875 0.06372395833333333 0.029375
1 0.3460286458333333 0.315185546875 0.06823567708333333 0.0279541015625
1 0.18977864583333334 0.27880859375 0.048828125 0.0505078125
1 0.5986328125 0.52685546875 0.06298828125 0.0372607421875
1 0.7096354166666666 0.51025390625 0.07470703125 0.023466796875
1 0.3304036458333333 0.24853515625 0.06872395833333333 0.0330224609375
1 0.724609375 0.8671875 0.06722005208333333 0.0465380859375
1 0.6285807291666666 0.81982421875 0.05879557291666667 0.0398583984375
1 0.7493489583333334 0.78076171875 0.08358072916666666 0.03705078125
1 0.7096354166666666 0.358642578125 0.06872395833333333 0.0452587890625
1 0.21419270833333334 0.303955078125 0.06429036458333333 0.0364990234375
1 0.6705143229166667 0.791083984375 0.069375 0.0470654296875
1 0.6946614583333334 0.83203125 0.06901041666666667 0.04876953125
1 0.5490885416666667 0.3681640625 0.07315755208333334 0.0246142578125
1 0.22998046875 0.77587890625 0.051191406249999995 0.053984375
1 0.3606770833333333 0.58203125 0.04005859375 0.0513623046875
1 0.80078125 0.5244140625 0.08264322916666667 0.0225830078125
1 0.71875 0.54052734375 0.07360677083333333 0.035615234375
1 0.5921223958333334 0.318603515625 0.07043619791666667 0.0375390625
1 0.7584635416666666 0.57275390625 0.0751171875 0.0359521484375
1 0.5895182291666666 0.220703125 0.07442057291666666 0.038603515625
1 0.40625 0.481689453125 0.06888671875 0.0283349609375
1 0.31005859375 0.62255859375 0.046959635416666666 0.0517578125
1 0.53880859375 0.3369140625 0.06393880208333333 0.04453125
1 0.59375 0.70361328125 0.05611328125 0.051943359375
1 0.45016927083333336 0.184287109375 0.0610546875 0.0505224609375
1 0.26220703125 0.36328125 0.042565104166666666 0.0528271484375
1 0.689453125 0.32861328125 0.07108723958333334 0.021240234375
1 0.17024739583333334 0.3212890625 0.058919270833333336 0.050048828125
1 0.3229166666666667 0.27490234375 0.071328125 0.02365234375
1 0.611328125 0.26953125 0.07539713541666666 0.023818359375
1 0.7434895833333334 0.73486328125 0.07401692708333334 0.0335986328125
1 0.6643880208333334 0.268798828125 0.03466796875 0.0562451171875
1 0.5683528645833333 0.7812158203125 0.061848958333333336 0.048857421875
1 0.2985026041666667 0.66259765625 0.0692578125 0.02810546875
1 0.552734375 0.169189453125 0.07373046875 0.028974609375
1 0.6572265625 0.72265625 0.03623697916666666 0.0562451171875
1 0.5794466145833334 0.555205078125 0.049394531250000005 0.0539208984375
1 0.2679036458333333 0.611328125 0.0321875 0.0557275390625
1 0.54076171875 0.3020947265625 0.07233072916666666 0.0305859375
1 0.6686197916666666 0.5263671875 0.07360677083333333 0.022626953125
1 0.41604166666666664 0.52294921875 0.07178385416666667 0.0253759765625
1 0.4046223958333333 0.1834716796875 0.07067708333333333 0.039794921875
1 0.689453125 0.307861328125 0.07625651041666666 0.021455078125
1 0.7252604166666666 0.482666015625 0.065390625 0.04345703125
1 0.20589192708333334 0.85791015625 0.06649088541666666 0.0472412109375
1 0.3214518229166667 0.595703125 0.04370442708333333 0.05072265625
1 0.2693684895833333 0.79296875 0.0478515625 0.05251953125
1 0.7630208333333334 0.26318359375 0.06197265625 0.053896484375
1 0.7395833333333334 0.1981201171875 0.07092447916666667 0.035341796875
1 0.17171223958333334 0.646484375 0.07145182291666667 0.0378125
1 0.6640625 0.85693359375 0.0780859375 0.029921875
1 0.24251302083333334 0.3994140625 0.06477864583333333 0.04568359375
1 0.19352213541666666 0.74560546875 0.030579427083333333 0.0569775390625
1 0.5419921875 0.56103515625 0.04858723958333333 0.0559375
1 0.6276041666666666 0.6357421875 0.04223958333333333 0.0560302734375
1 0.3116861979166667 0.7158203125 0.06298828125 0.04611328125
1 0.697265625 0.227294921875 0.05716796875 0.0477001953125
1 0.259765625 0.202880859375 0.058027343749999995 0.0477001953125
1 0.6145833333333334 0.447265625 0.07458333333333333 0.0282763671875
1 0.16634114583333334 0.7529296875 0.030397135416666665 0.0567626953125
1 0.5966796875 0.748046875 0.03448567708333333 0.057802734375
1 0.647734375 0.583955078125 0.0691796875 0.0431201171875
1 0.3863932291666667 0.16845703125 0.07186197916666666 0.037109375
1 0.4847005208333333 0.439208984375 0.07267578125 0.02162109375
1 0.20768229166666666 0.16455078125 0.071328125 0.0230712890625
1 0.2138671875 0.408447265625 0.06787109375 0.0374755859375
1 0.7721354166666666 0.486083984375 0.0448828125 0.0541064453125
1 0.6559244791666666 0.478515625 0.03533854166666667 0.0555126953125
1 0.4055989583333333 0.396240234375 0.03721354166666666 0.04958984375
1 0.5026041666666666 0.27099609375 0.030579427083333333 0.0541064453125
1 0.4420572916666667 0.26318359375 0.0663671875 0.034697265625
1 0.5517578125 0.6923828125 0.031048177083333333 0.058134765625
1 0.4016927083333333 0.53857421875 0.07470703125 0.02580078125
1 0.7799479166666666 0.66162109375 0.047200520833333336 0.057373046875
1 0.6100260416666666 0.24853515625 0.07389322916666667 0.0245654296875
1 0.5999348958333334 0.482666015625 0.03540364583333334 0.0526123046875
1 0.4065755208333333 0.33251953125 0.0709375 0.0288671875
1 0.16487630208333334 0.270263671875 0.05293619791666667 0.05251953125
1 0.20491536458333334 0.7958984375 0.06026041666666667 0.048310546875
1 0.47969401041666665 0.35669921875 0.0682421875 0.039033203125
1 0.7421875 0.6344970703125 0.03281901041666666 0.059404296875
1 0.4274088541666667 0.446533203125 0.04121744791666667 0.0509033203125
1 0.20735677083333334 0.363037109375 0.03886067708333333 0.05224609375
1 0.3785807291666667 0.62841796875 0.04472005208333333 0.05419921875
1 0.3369140625 0.172607421875 0.03877604166666667 0.062685546875
1 0.6250065104166667 0.4941552734375 0.034765625 0.05716796875
1 0.6080729166666666 0.65087890625 0.03944661458333334 0.0555126953125
1 0.3811848958333333 0.223876953125 0.07881510416666666 0.0416259765625
1 0.693359375 0.734375 0.03369140625 0.0567626953125
1 0.6236979166666666 0.791015625 0.053671875 0.0377490234375
1 0.3108723958333333 0.7783203125 0.05395833333333333 0.0545068359375
1 0.392578125 0.5771484375 0.03305989583333333 0.0496826171875
1 0.4833984375 0.49853515625 0.07014973958333333 0.027177734375
1 0.3804622395833333 0.4994970703125 0.07763671875 0.024794921875
1 0.7428385416666666 0.175537109375 0.074140625 0.0334765625
1 0.2716471354166667 0.8251953125 0.055703125 0.05419921875
1 0.28564453125 0.30517578125 0.028769531249999997 0.0521240234375
1 0.6188151041666666 0.40869140625 0.046959635416666666 0.0484912109375
1 0.48345052083333334 0.458720703125 0.075625 0.0239599609375
1 0.3818359375 0.3876953125 0.036295572916666664 0.055205078125
1 0.17464192708333334 0.377197265625 0.04014322916666666 0.0542919921875
1 0.4576822916666667 0.1512451171875 0.07430338541666666 0.0268115234375
1 0.6285807291666666 0.7221484375 0.032877604166666664 0.059736328125
1 0.5511067708333334 0.388671875 0.07401692708333334 0.023515625
1 0.5305989583333334 0.261474609375 0.030455729166666667 0.058134765625
1 0.6585286458333334 0.423828125 0.042317708333333336 0.0517578125
1 0.2566731770833333 0.73388671875 0.048665364583333336 0.05251953125
1 0.6611328125 0.1996923828125 0.030520833333333334 0.0592041015625
1 0.5576171875 0.26025390625 0.0278515625 0.0589892578125
1 0.3623046875 0.370361328125 0.03493489583333333 0.0548095703125
1 0.3102213541666667 0.1673583984375 0.03735677083333334 0.0642724609375
1 0.19173177083333334 0.185302734375 0.07055989583333333 0.0325341796875
1 0.6611328125 0.66455078125 0.030638020833333335 0.0544140625
1 0.6901041666666666 0.189697265625 0.03224609375 0.059541015625
1 0.4837239583333333 0.415771484375 0.0702734375 0.0211181640625
1 0.5625 0.146728515625 0.07649739583333333 0.027529296875
1 0.5738932291666666 0.66015625 0.034342447916666664 0.0558154296875
1 0.2506510416666667 0.4873046875 0.07238932291666667 0.02880859375
1 0.7174479166666666 0.66015625 0.028014322916666667 0.0567626953125
1 0.23372395833333334 0.333251953125 0.034609375 0.050234375
1 0.3753255208333333 0.12890625 0.068359375 0.0381787109375
1 0.751953125 0.3828125 0.06453776041666666 0.0475146484375
1 0.14778645833333334 0.81884765625 0.055585937499999995 0.056337890625
1 0.2599283854166667 0.3115234375 0.026653645833333333 0.0552978515625
1 0.2586263020833333 0.144775390625 0.02938151041666667 0.05685546875
1 0.6901041666666666 0.66015625 0.02902994791666667 0.0570703125
1 0.4703776041666667 0.12890625 0.07255208333333334 0.02580078125
1 0.24788411458333334 0.2493896484375 0.0317578125 0.0555126953125
1 0.5296223958333334 0.58837890625 0.058027343749999995 0.048583984375
1 0.478515625 0.479736328125 0.07043619791666667 0.0239111328125
1 0.2862955729166667 0.178505859375 0.03188151041666667 0.0558642578125
1 0.22477213541666666 0.2587890625 0.03251302083333333 0.0545068359375
1 0.6454036458333333 0.6085888671875 0.06799479166666667 0.0447509765625
1 0.7962239583333334 0.734375 0.04044921875 0.05685546875
1 0.5511067708333334 0.1278076171875 0.07666015625 0.0303369140625
1 0.7259700520833333 0.560009765625 0.07501953125000001 0.038076171875
1 0.2744140625 0.249755859375 0.030455729166666667 0.05490234375
1 0.3815104166666667 0.14794921875 0.06774739583333333 0.03265625
1 0.44867838541666666 0.111025390625 0.07391276041666667 0.0257568359375
1 0.5728645833333333 0.8382470703125 0.06669921875 0.049033203125
1 0.7739453125 0.8154638671875 0.06867838541666667 0.0460595703125
1 0.6828124999999999 0.774111328125 0.06735677083333333 0.0465576171875
1 0.7491796875 0.711953125 0.07858072916666667 0.035166015625
1 0.24301432291666666 0.756279296875 0.05151041666666667 0.05546875
1 0.3559375 0.4430224609375 0.06207682291666666 0.04705078125
1 0.7240885416666667 0.375166015625 0.06669921875 0.0480419921875
1 0.62392578125 0.3530615234375 0.06732421875 0.0461865234375
1 0.7936914062499999 0.2658935546875 0.06311848958333334 0.05220703125
1 0.7465039062500001 0.24576171875 0.06547526041666667 0.0517626953125
1 0.6117122395833333 0.20904296875 0.069609375 0.04203125
1 0.48901692708333333 0.178291015625 0.057805989583333335 0.05220703125
