1 0.28466796875 0.305908203125 0.03224609375 0.0598779296875
1 0.2847591145833333 0.4647412109375 0.08113932291666666 0.0229345703125
1 0.3362630208333333 0.405517578125 0.03741536458333333 0.0592041015625
1 0.28173828125 0.426513671875 0.07792317708333334 0.025419921875
1 0.2833658854166667 0.404052734375 0.07820963541666666 0.0255126953125
1 0.2858072916666667 0.486572265625 0.07922526041666667 0.0243359375
1 0.2571614583333333 0.29052734375 0.030455729166666667 0.0623193359375
1 0.212890625 0.2578125 0.07678385416666667 0.0264599609375
1 0.4765625 0.33935546875 0.07186197916666666 0.04681640625
1 0.3854166666666667 0.410888671875 0.07108723958333334 0.0432763671875
1 0.2698567708333333 0.53564453125 0.07723307291666666 0.0300439453125
1 0.3087565104166667 0.44482421875 0.07678385416666667 0.0230712890625
1 0.5517578125 0.388427734375 0.07938802083333334 0.0280615234375
1 0.19905598958333334 0.84765625 0.07332682291666666 0.0445849609375
1 0.3893229166666667 0.44287109375 0.07348958333333333 0.0433642578125
1 0.5589192708333334 0.6376953125 0.059244791666666664 0.0559375
1 0.5530598958333334 0.366943359375 0.08085286458333334 0.026962890625
1 0.2275390625 0.297607421875 0.029947916666666668 0.058564453125
1 0.2683919270833333 0.51220703125 0.07401692708333334 0.0333251953125
1 0.17594401041666666 0.280029296875 0.07279296875 0.0277392578125
1 0.17626953125 0.86376953125 0.07401692708333334 0.0403125
1 0.5540364583333334 0.322509765625 0.044029947916666666 0.059111328125
1 0.2893880208333333 0.3740234375 0.07483072916666667 0.031142578125
1 0.3258463541666667 0.52001953125 0.056028645833333335 0.0531005859375
1 0.5247395833333334 0.327880859375 0.03886067708333333 0.0602099609375
1 0.5224609375 0.837890625 0.05224609375 0.0618896484375
1 0.3201497395833333 0.305908203125 0.049765625 0.0584423828125
1 0.4990234375 0.371337890625 0.03589192708333334 0.06076171875
1 0.4036458333333333 0.49267578125 0.06624348958333333 0.0484033203125
1 0.19156901041666666 0.2401123046875 0.0780859375 0.0270068359375
1 0.5543619791666666 0.83837890625 0.049401041666666666 0.0609765625
1 0.5712890625 0.4169921875 0.07238932291666667 0.0437646484375
1 0.17854817708333334 0.74658203125 0.03975260416666667 0.057587890625
1 0.35546875 0.263427734375 0.07430338541666666 0.027529296875
1 0.2119140625 0.74267578125 0.030865885416666666 0.0579248046875
1 0.6080729166666666 0.85693359375 0.04074869791666667 0.063720703125
1 0.26904296875 0.74951171875 0.03428385416666666 0.0565478515625
1 0.5162760416666666 0.4287109375 0.054361979166666664 0.0544140625
1 0.5413411458333334 0.73779296875 0.08203125 0.030107421875
1 0.5970052083333334 0.673828125 0.039225260416666664 0.0615234375
1 0.23942057291666666 0.734375 0.031412760416666664 0.0598779296875
1 0.21728515625 0.78515625 0.06966145833333333 0.0379052734375
1 0.3255208333333333 0.23974609375 0.07723307291666666 0.023330078125
1 0.349609375 0.301025390625 0.05224609375 0.056123046875
1 0.19303385416666666 0.5146484375 0.07666015625 0.0320458984375
1 0.546875 0.662109375 0.06600260416666666 0.05126953125
1 0.2955729166666667 0.751953125 0.033567708333333335 0.0602099609375
1 0.22786458333333334 0.8115234375 0.07043619791666667 0.0397021484375
1 0.5758463541666666 0.8642578125 0.03983723958333333 0.0628076171875
1 0.27197265625 0.8056640625 0.044108072916666664 0.0609765625
1 0.4674479166666667 0.509765625 0.030638020833333335 0.0562451171875
1 0.17805989583333334 0.302734375 0.07552083333333333 0.0285498046875
1 0.6552734375 0.37158203125 0.08325520833333333 0.02908203125
1 0.5462239583333334 0.71435546875 0.08027994791666666 0.0283837890625
1 0.18863932291666666 0.1995849609375 0.03877604166666667 0.060087890625
1 0.17887369791666666 0.406982421875 0.07922526041666667 0.02546875
1 0.50416015625 0.548828125 0.07912109375 0.028701171875
1 0.11588541666666667 0.953125 0.0415234375 0.062685546875
1 0.21979817708333335 0.832607421875 0.07391927083333334 0.0417724609375
1 0.53171875 0.6780126953125 0.07284505208333333 0.0477734375
