1 0.7411979166666667 0.9449658203125 0.06439453125 0.05626953125
1 0.7679557291666667 0.936337890625 0.06785807291666666 0.0522265625
1 0.23302083333333334 0.747509765625 0.058717447916666665 0.0518408203125
1 0.5519791666666667 0.586357421875 0.060742187499999996 0.0491357421875
1 0.3746744791666667 0.59814453125 0.05835286458333333 0.048857421875
1 0.5068359375 0.410400390625 0.03886067708333333 0.0571923828125
1 0.5335286458333334 0.5341796875 0.045735677083333336 0.0541064453125
1 0.54296875 0.396240234375 0.03623697916666666 0.058779296875
1 0.3155924479166667 0.59521484375 0.07255208333333334 0.028974609375
1 0.423828125 0.484375 0.06502604166666666 0.047880859375
1 0.2752278645833333 0.7392578125 0.03389322916666667 0.057587890625
1 0.3382161458333333 0.5283203125 0.07255208333333334 0.0386962890625
1 0.6149088541666666 0.357421875 0.051881510416666665 0.0549951171875
1 0.45328125 0.4478955078125 0.065390625 0.0482177734375
1 0.36328125 0.431884765625 0.043378906249999995 0.055205078125
1 0.36932291666666667 0.498779296875 0.07475260416666667 0.0322265625
1 0.3955078125 0.435791015625 0.038209635416666665 0.0555126953125
1 0.4840494791666667 0.395263671875 0.03540364583333334 0.058134765625
1 0.3997395833333333 0.5556640625 0.041829427083333336 0.0541064453125
1 0.5367838541666666 0.342529296875 0.05781901041666667 0.0523388671875
1 0.3740234375 0.55712890625 0.041139322916666665 0.0523388671875
1 0.7337239583333334 0.46142578125 0.07853515625 0.02748046875
1 0.4733072916666667 0.5382861328125 0.03163411458333334 0.0562451171875
1 0.4986979166666667 0.52294921875 0.029257812499999997 0.0557275390625
1 0.5439453125 0.56298828125 0.057942708333333336 0.0460205078125
1 0.4195963541666667 0.53076171875 0.03350911458333333 0.0545947265625
1 0.44921875 0.54689453125 0.030397135416666665 0.056787109375
1 0.5530598958333334 0.7763671875 0.07637369791666666 0.02580078125
1 0.23421223958333334 0.21240234375 0.07348958333333333 0.0391259765625
1 0.23677083333333335 0.7716552734375 0.05928385416666667 0.050888671875
