1 0.41572265625 0.663916015625 0.034342447916666664 0.0603271484375
1 0.16945312499999998 0.7462744140625 0.0334375 0.0610009765625
1 0.19548828124999998 0.75642578125 0.03052734375 0.0598779296875
1 0.2254296875 0.74828125 0.039921875 0.0585595703125
1 0.23159505208333334 0.7830615234375 0.06868489583333333 0.0444677734375
1 0.18668619791666666 0.819169921875 0.03052734375 0.060322265625
1 0.22836588541666666 0.814765625 0.0610546875 0.0532763671875
1 0.20723307291666668 0.8543896484375 0.07514322916666667 0.03478515625
1 0.49899739583333336 0.7885693359375 0.0610546875 0.0501953125
1 0.5257096354166667 0.780419921875 0.06281250000000001 0.0479931640625
1 0.5177864583333334 0.741455078125 0.05518229166666667 0.0545947265625
1 0.5585872395833333 0.752021484375 0.054596354166666666 0.055478515625
1 0.5609375 0.7141552734375 0.047552083333333335 0.057236328125
1 0.57296875 0.6685888671875 0.054010416666666665 0.056796875
1 0.5976236979166667 0.6608837890625 0.05283854166666666 0.051953125
1 0.6263932291666666 0.6573583984375 0.05636067708333333 0.0537158203125
1 0.5647526041666667 0.867822265625 0.03404947916666667 0.061640625
1 0.5961588541666667 0.8519677734375 0.033463541666666666 0.061640625
1 0.6216927083333333 0.9083251953125 0.06927083333333334 0.0493115234375
1 0.6381315104166666 0.889833984375 0.06457682291666667 0.0501953125
1 0.64341796875 0.8651806640625 0.06809895833333333 0.0493115234375
1 0.6619075520833334 0.8502099609375 0.06751302083333334 0.0493115234375
1 0.6698372395833333 0.828193359375 0.06692708333333333 0.05107421875
1 0.7209114583333333 0.8145458984375 0.04344401041666667 0.06076171875
1 0.7702213541666666 0.85130859375 0.05870442708333334 0.056796875
1 0.7490885416666666 0.862978515625 0.057532552083333334 0.057236328125
1 0.72619140625 0.873544921875 0.05636067708333333 0.056357421875
1 0.7100455729166667 0.89578125 0.06751302083333334 0.0479931640625
1 0.6927278645833334 0.938486328125 0.03639973958333333 0.0629638671875
1 0.7176822916666666 0.949052734375 0.0393359375 0.061201171875
1 0.7452734375 0.955439453125 0.0393359375 0.06251953125
1 0.77697265625 0.8997412109375 0.06751302083333334 0.0479931640625
1 0.7939973958333333 0.918232421875 0.06986328125 0.0479931640625
1 0.7931184895833333 0.80595703125 0.07162109375 0.04623046875
1 0.7543684895833334 0.778662109375 0.07631510416666666 0.040068359375
1 0.7787369791666667 0.765009765625 0.0804296875 0.040947265625
1 0.6924348958333333 0.7658935546875 0.05694661458333333 0.0541552734375
1 0.67365234375 0.7826220703125 0.05811848958333333 0.0541552734375
1 0.6337304687499999 0.7590673828125 0.05694661458333333 0.051953125
1 0.6281510416666667 0.726923828125 0.05636067708333333 0.0545947265625
1 0.6093684895833333 0.71173828125 0.057532552083333334 0.0523974609375
1 0.644296875 0.641728515625 0.060468749999999995 0.051513671875
1 0.6472330729166667 0.614873046875 0.06399088541666667 0.0488720703125
1 0.7631770833333333 0.66814453125 0.07279296875 0.0497509765625
1 0.7323567708333334 0.6751904296875 0.07455729166666666 0.0444677734375
1 0.7620052083333334 0.717021484375 0.0598828125 0.05591796875
1 0.724140625 0.71921875 0.05224609375 0.0576806640625
1 0.7018294270833333 0.708212890625 0.04872395833333334 0.060322265625
1 0.6742382812500001 0.7007275390625 0.047552083333333335 0.0594384765625
1 0.2694596354166667 0.5635791015625 0.06692708333333333 0.0431494140625
1 0.2914778645833333 0.5765673828125 0.07338541666666666 0.040947265625
1 0.19225911458333333 0.538701171875 0.07690755208333333 0.0277392578125
1 0.15439453125 0.5166845703125 0.081015625 0.02509765625
1 0.1855078125 0.4979736328125 0.07631510416666666 0.026416015625
1 0.22102864583333334 0.480361328125 0.07807942708333333 0.0211328125
1 0.24040364583333332 0.5153662109375 0.02994140625 0.05591796875
1 0.2894205729166667 0.531435546875 0.07397135416666667 0.026416015625
1 0.29059244791666666 0.511181640625 0.07514322916666667 0.0237744140625
1 0.3607486979166667 0.5107421875 0.07103515625 0.0281787109375
1 0.41065104166666666 0.523291015625 0.03111328125 0.056796875
1 0.13208984375 0.4715576171875 0.03639973958333333 0.055478515625
1 0.15439453125 0.4502001953125 0.03639973958333333 0.0576806640625
1 0.19255859374999998 0.4411767578125 0.05166015625 0.05107421875
1 0.22455078125000003 0.4466796875 0.05929036458333333 0.0488720703125
1 0.2577213541666667 0.44755859375 0.0610546875 0.0479931640625
1 0.2853125 0.455263671875 0.0610546875 0.0484326171875
1 0.29059244791666666 0.47662109375 0.0610546875 0.0488720703125
1 0.32317708333333334 0.479482421875 0.054596354166666666 0.05107421875
1 0.38540364583333336 0.489609375 0.07572916666666667 0.026416015625
1 0.3856966145833333 0.46693359375 0.07397135416666667 0.0233349609375
1 0.3698502604166667 0.448662109375 0.07514322916666667 0.024658203125
1 0.386875 0.4299462890625 0.07631510416666666 0.0242138671875
1 0.40360026041666663 0.41189453125 0.07338541666666666 0.0242138671875
1 0.48021484375 0.426865234375 0.07279296875 0.0277392578125
1 0.450859375 0.4491015625 0.07514322916666667 0.025537109375
1 0.4599609375 0.4678125 0.07338541666666666 0.0286181640625
1 0.47492838541666665 0.4931298828125 0.07397135416666667 0.0211328125
1 0.5254166666666666 0.5058984375 0.07279296875 0.025537109375
1 0.511328125 0.529892578125 0.07397135416666667 0.029501953125
1 0.62375 0.52703125 0.07807942708333333 0.025537109375
1 0.6316731770833334 0.506337890625 0.07514322916666667 0.0211328125
1 0.5125000000000001 0.460546875 0.03404947916666667 0.055478515625
1 0.5397981770833333 0.4598876953125 0.033463541666666666 0.05591796875
1 0.5703255208333333 0.4830029296875 0.03463541666666667 0.0589990234375
1 0.5941015625 0.4708935546875 0.03404947916666667 0.0541552734375
1 0.6258072916666667 0.4708935546875 0.04109375 0.05591796875
1 0.5556510416666667 0.427744140625 0.06516276041666667 0.040947265625
1 0.64283203125 0.443154296875 0.06927083333333334 0.0427099609375
1 0.6322656249999999 0.4136572265625 0.06809895833333333 0.040068359375
1 0.6894986979166666 0.4473388671875 0.0416796875 0.0545947265625
1 0.7165039062499999 0.487626953125 0.07807942708333333 0.0277392578125
1 0.7077018229166666 0.50744140625 0.07572916666666667 0.031259765625
1 0.6707161458333334 0.5360595703125 0.06751302083333334 0.0479931640625
1 0.7018294270833333 0.5426611328125 0.06751302083333334 0.0444677734375
1 0.7305924479166667 0.5558740234375 0.07220703125 0.0383056640625
1 0.8124869791666667 0.5437646484375 0.083359375 0.024658203125
1 0.7599479166666666 0.5094189453125 0.04285807291666666 0.055478515625
1 0.7910611979166666 0.5052392578125 0.0405078125 0.0585595703125
1 0.8210026041666666 0.5041357421875 0.0416796875 0.0589990234375
1 0.7573046875 0.470673828125 0.07983723958333333 0.0237744140625
1 0.7951692708333334 0.4491015625 0.05694661458333333 0.051953125
1 0.7399869791666666 0.4449169921875 0.07690755208333333 0.0321435546875
1 0.7341145833333332 0.4198193359375 0.07925130208333334 0.0224560546875
1 0.7992838541666667 0.41828125 0.06399088541666667 0.0484326171875
1 0.8212955729166667 0.406171875 0.06809895833333333 0.047109375
1 0.8521158854166666 0.445576171875 0.05929036458333333 0.0581201171875
1 0.7030013020833333 0.38921875 0.06868489583333333 0.0440283203125
1 0.6516341145833333 0.39978515625 0.07044921875 0.0378662109375
1 0.624921875 0.3669873046875 0.07572916666666667 0.0339013671875
1 0.6393098958333333 0.3487109375 0.07514322916666667 0.035224609375
1 0.7382291666666667 0.3418896484375 0.07103515625 0.0479931640625
1 0.7182682291666667 0.327138671875 0.07103515625 0.046669921875
1 0.6933138020833334 0.317451171875 0.06927083333333334 0.046669921875
1 0.6715950520833333 0.3042431640625 0.07044921875 0.045791015625
1 0.704765625 0.273203125 0.0804296875 0.0268603515625
1 0.6087825520833333 0.3123876953125 0.05283854166666666 0.0541552734375
1 0.56240234375 0.3832763671875 0.05636067708333333 0.0523974609375
1 0.5400976562500001 0.373369140625 0.05518229166666667 0.05107421875
1 0.49606770833333336 0.37865234375 0.06457682291666667 0.044912109375
1 0.49019531250000004 0.3577392578125 0.06809895833333333 0.0444677734375
1 0.5436197916666666 0.3284619140625 0.04578776041666666 0.057236328125
1 0.5230729166666667 0.30974609375 0.039921875 0.0585595703125
1 0.48109375000000004 0.328681640625 0.05342447916666667 0.0532763671875
1 0.47845052083333334 0.29763671875 0.07279296875 0.035224609375
1 0.4763997395833333 0.2767236328125 0.07455729166666666 0.0339013671875
1 0.8362630208333334 0.259111328125 0.0827734375 0.030380859375
1 0.8101432291666667 0.238857421875 0.083359375 0.0259765625
1 0.16878255208333334 0.4011328125 0.06548177083333333 0.0452978515625
1 0.16708333333333333 0.37234375 0.07563802083333333 0.026669921875
1 0.22353515625 0.395205078125 0.07677083333333333 0.021591796875
1 0.24921875000000002 0.41552734375 0.0739453125 0.021591796875
1 0.32147135416666667 0.4203955078125 0.075078125 0.027939453125
1 0.306796875 0.399228515625 0.07281901041666666 0.0211669921875
1 0.41997395833333334 0.3740380859375 0.029355468750000002 0.05630859375
1 0.37481770833333333 0.3890673828125 0.06434895833333333 0.04318359375
1 0.3652213541666667 0.3702294921875 0.067734375 0.0402197265625
1 0.40811848958333335 0.323447265625 0.04515625 0.056728515625
1 0.3753776041666667 0.3302197265625 0.04854817708333333 0.0550390625
1 0.3321940104166667 0.357314453125 0.04572265625 0.0533447265625
1 0.28760416666666666 0.3630322265625 0.04798177083333333 0.0537646484375
1 0.24385416666666668 0.3763671875 0.07563802083333333 0.0211669921875
1 0.21958333333333332 0.3577392578125 0.07789713541666667 0.0211669921875
1 0.17442708333333334 0.34228515625 0.07451171875 0.035986328125
1 0.16172526041666666 0.3067236328125 0.06378906250000001 0.0461474609375
1 0.21873697916666668 0.3211181640625 0.041204427083333335 0.0546142578125
1 0.24695963541666666 0.3236572265625 0.03895182291666666 0.055458984375
1 0.29155598958333334 0.3310693359375 0.06943359375000001 0.0389501953125
1 0.30707682291666666 0.3151904296875 0.06999348958333333 0.0368310546875
1 0.33868489583333333 0.3041845703125 0.07112630208333333 0.035986328125
1 0.3954166666666667 0.2544384765625 0.040078125 0.056728515625
1 0.35223307291666667 0.267138671875 0.057578125 0.0499560546875
1 0.3217513020833333 0.2538037109375 0.07112630208333333 0.035986328125
1 0.28195963541666663 0.288095703125 0.06943359375000001 0.035986328125
1 0.24244140625 0.26904296875 0.040078125 0.055458984375
1 0.2012369791666667 0.284921875 0.060397135416666664 0.04826171875
1 0.1831705729166667 0.2715869140625 0.059270833333333335 0.047841796875
1 0.1665234375 0.2561328125 0.062089843750000005 0.04826171875
1 0.2204296875 0.234541015625 0.03443359375 0.057578125
1 0.24018880208333335 0.215703125 0.04233723958333333 0.0520751953125
1 0.27377604166666664 0.2413134765625 0.029355468750000002 0.0592724609375
1 0.30735677083333335 0.2186669921875 0.06265625 0.0436083984375
1 0.33417317708333333 0.209775390625 0.06434895833333333 0.044453125
1 0.40219401041666664 0.220146484375 0.07055989583333333 0.042333984375
1 0.38864583333333336 0.189453125 0.06830078125 0.0419140625
1 0.3948567708333333 0.1445751953125 0.06491536458333333 0.0469921875
1 0.3719921875 0.1566455078125 0.06660807291666666 0.04572265625
1 0.34009765625 0.1739990234375 0.03895182291666666 0.056728515625
1 0.3048177083333333 0.1589697265625 0.04515625 0.05630859375
1 0.28534505208333333 0.1727294921875 0.04684895833333333 0.054189453125
1 0.25119140624999997 0.1854296875 0.06322265625 0.04318359375
1 0.19220703125000002 0.18310546875 0.07620442708333333 0.03259765625
1 0.20151692708333332 0.1585498046875 0.07451171875 0.024130859375
1 0.25119140624999997 0.1409765625 0.0338671875 0.0601171875
1 0.5822591145833333 0.178447265625 0.03443359375 0.062236328125
1 0.7154817708333333 0.1754833984375 0.06604166666666667 0.0520751953125
1 0.7451106770833333 0.1795068359375 0.06660807291666666 0.0524951171875
1 0.7507617187500001 0.203212890625 0.0688671875 0.049111328125
1 0.7837825520833334 0.2087158203125 0.06378906250000001 0.0524951171875
1 0.8261197916666667 0.1977099609375 0.04910807291666667 0.0601171875
1 0.85236328125 0.2051171875 0.05419270833333333 0.057998046875
