1 0.7740885416666666 0.43701171875 0.07238932291666667 0.0436083984375
1 0.5361328125 0.351806640625 0.06660807291666666 0.048037109375
1 0.7102864583333334 0.509765625 0.07853515625 0.0282763671875
1 0.3733723958333333 0.52587890625 0.07360677083333333 0.02400390625
1 0.5042317708333334 0.4462890625 0.07279296875 0.0376904296875
1 0.3564453125 0.46630859375 0.07307942708333333 0.02337890625
1 0.6321614583333334 0.501953125 0.07539713541666666 0.0321044921875
1 0.5218098958333334 0.3740234375 0.057291666666666664 0.0531005859375
1 0.728515625 0.439697265625 0.07173828125 0.0401025390625
1 0.73828125 0.469970703125 0.0780859375 0.0237255859375
1 0.4270833333333333 0.451904296875 0.061360677083333336 0.04708984375
1 0.6666666666666666 0.48193359375 0.07161458333333333 0.0290380859375
1 0.7604166666666666 0.34033203125 0.07108723958333334 0.05154296875
1 0.5048828125 0.3955078125 0.051595052083333336 0.0545068359375
1 0.794921875 0.34716796875 0.0751171875 0.0465380859375
1 0.7467447916666666 0.490234375 0.07820963541666666 0.0224609375
1 0.4410807291666667 0.385498046875 0.046510416666666665 0.0545068359375
1 0.4059244791666667 0.34912109375 0.07499348958333334 0.0227978515625
1 0.337890625 0.377685546875 0.033326822916666665 0.059111328125
1 0.4261067708333333 0.40478515625 0.046510416666666665 0.0570703125
1 0.4840494791666667 0.407470703125 0.048463541666666665 0.053408203125
1 0.4573567708333333 0.345947265625 0.030169270833333334 0.0577099609375
1 0.8307291666666666 0.316650390625 0.08251953125 0.025908203125
1 0.4798177083333333 0.744140625 0.07430338541666666 0.037109375
1 0.3889973958333333 0.395263671875 0.030865885416666666 0.0589013671875
1 0.6448567708333334 0.64697265625 0.048014322916666664 0.0570703125
1 0.3629557291666667 0.388916015625 0.03147135416666667 0.0579248046875
1 0.6279296875 0.74609375 0.039609375 0.0589013671875
1 0.6705729166666666 0.55712890625 0.03983723958333333 0.057373046875
1 0.34765625 0.271728515625 0.037272135416666664 0.060087890625
