1 0.32406901041666664 0.6761669921875 0.05985026041666667 0.0486865234375
1 0.515625 0.60498046875 0.07092447916666667 0.03732421875
1 0.341796875 0.6005859375 0.072265625 0.03390625
1 0.4407552083333333 0.5625 0.07552083333333333 0.025087890625
1 0.5182291666666666 0.5703125 0.04321614583333333 0.0557275390625
1 0.3388671875 0.62255859375 0.07360677083333333 0.032958984375
1 0.5426432291666666 0.55908203125 0.03692708333333333 0.055419921875
1 0.4235026041666667 0.5986328125 0.07360677083333333 0.030791015625
1 0.7799479166666666 0.68359375 0.07735026041666666 0.038818359375
1 0.4202473958333333 0.62109375 0.07332682291666666 0.035341796875
1 0.3175455729166667 0.335693359375 0.0751171875 0.033203125
1 0.443359375 0.58349609375 0.07291666666666667 0.027802734375
1 0.3282877604166667 0.7353515625 0.07373046875 0.0318603515625
1 0.24039713541666666 0.326904296875 0.07893880208333333 0.024091796875
1 0.2838541666666667 0.304443359375 0.07678385416666667 0.02970703125
1 0.5852864583333334 0.54833984375 0.048665364583333336 0.05099609375
1 0.2506510416666667 0.28955078125 0.07470703125 0.0332666015625
1 0.3074544270833333 0.71044921875 0.073203125 0.030439453125
1 0.3414713541666667 0.27001953125 0.056764322916666665 0.0548095703125
1 0.7057291666666666 0.55859375 0.07678385416666667 0.0276953125
1 0.4638671875 0.533203125 0.07214192708333333 0.0355517578125
1 0.7473958333333334 0.3984375 0.07881510416666666 0.0283837890625
1 0.3483072916666667 0.386474609375 0.07568359375 0.022294921875
1 0.28955078125 0.6748046875 0.06392578125 0.0475146484375
1 0.7578125 0.69970703125 0.073203125 0.039794921875
1 0.5 0.638671875 0.0370703125 0.0567626953125
1 0.2703450520833333 0.724609375 0.052571614583333336 0.0537109375
1 0.3707682291666667 0.66796875 0.037272135416666664 0.0565478515625
1 0.78515625 0.37841796875 0.08251953125 0.0235595703125
1 0.5442708333333334 0.437744140625 0.051595052083333336 0.0542919921875
