1 0.333984375 0.81201171875 0.042890624999999995 0.0341796875
1 0.5920182291666667 0.23953125 0.053802083333333334 0.02619140625
1 0.6096875 0.666513671875 0.02845703125 0.0411376953125
1 0.5818098958333333 0.6225927734375 0.026490885416666665 0.040986328125
1 0.22442057291666664 0.3212890625 0.054277343750000005 0.022978515625
1 0.32270182291666666 0.26904296875 0.05231119791666666 0.0240478515625
1 0.656171875 0.687529296875 0.042675781249999996 0.0359375
1 0.4837239583333333 0.308349609375 0.04756510416666667 0.03314453125
1 0.4139388020833333 0.255615234375 0.039153645833333334 0.038603515625
1 0.7109114583333334 0.7789697265625 0.053339843750000004 0.0267333984375
1 0.3240559895833333 0.254150390625 0.052167968749999995 0.0267041015625
1 0.2556966145833333 0.45703125 0.04837890625 0.0273291015625
1 0.6588541666666666 0.542998046875 0.02645182291666667 0.039853515625
1 0.4046223958333333 0.31005859375 0.028281249999999997 0.0433642578125
1 0.6233854166666667 0.756328125 0.043854166666666666 0.0344287109375
1 0.4850260416666667 0.7734375 0.02449869791666667 0.0425732421875
1 0.7339908854166667 0.31720703125 0.0538671875 0.0310595703125
1 0.4869791666666667 0.8134765625 0.025839843749999997 0.041533203125
1 0.5894010416666667 0.1948583984375 0.02904296875 0.0431298828125
1 0.22021484375 0.62548828125 0.04520833333333333 0.0300439453125
1 0.2779947916666667 0.78515625 0.048828125 0.0261083984375
1 0.6256510416666666 0.2486572265625 0.025735677083333335 0.0438525390625
1 0.378359375 0.2854248046875 0.03755859375 0.038798828125
1 0.6712239583333334 0.28173828125 0.052369791666666665 0.016923828125
1 0.6957486979166667 0.7163330078125 0.042669270833333335 0.038173828125
1 0.4420572916666667 0.314453125 0.053671875 0.0181298828125
1 0.3308984375 0.65560546875 0.054876302083333335 0.0172412109375
1 0.568359375 0.4423828125 0.028704427083333334 0.042021484375
1 0.5550130208333334 0.767578125 0.048216145833333335 0.025556640625
1 0.7803450520833333 0.6743115234375 0.0502734375 0.03240234375
1 0.33141927083333333 0.240322265625 0.0539453125 0.027529296875
1 0.5901692708333334 0.447021484375 0.027955729166666665 0.04345703125
1 0.3548177083333333 0.2314453125 0.052167968749999995 0.0296484375
1 0.6051432291666666 0.3291015625 0.03623697916666666 0.0391259765625
1 0.2599283854166667 0.250244140625 0.03169921875 0.0413818359375
1 0.2529296875 0.6171875 0.02449869791666667 0.0409228515625
1 0.6598307291666666 0.3076171875 0.045983072916666666 0.0382373046875
1 0.4736328125 0.2235107421875 0.033125 0.04177734375
1 0.34785807291666665 0.642578125 0.05276692708333333 0.0166650390625
1 0.41458984374999996 0.2861328125 0.03470052083333333 0.0394921875
1 0.6598307291666666 0.348388671875 0.05416015625 0.0257568359375
1 0.5205078125 0.7880859375 0.052369791666666665 0.0312060546875
1 0.47970052083333337 0.664560546875 0.05470703125 0.0173779296875
1 0.23502604166666666 0.23974609375 0.022910156249999997 0.047607421875
1 0.6097005208333334 0.186279296875 0.024212239583333333 0.043701171875
1 0.19938151041666666 0.38525390625 0.03281901041666666 0.038759765625
1 0.2998046875 0.290771484375 0.055501302083333336 0.024658203125
1 0.6927083333333334 0.380126953125 0.03300130208333333 0.0425732421875
1 0.693359375 0.48486328125 0.03005208333333333 0.0406787109375
1 0.7571614583333334 0.54248046875 0.022910156249999997 0.043212890625
1 0.58291015625 0.328203125 0.03927083333333333 0.0394677734375
1 0.4267447916666667 0.62060546875 0.05453125 0.0156689453125
1 0.6829296875 0.3087060546875 0.042565104166666666 0.0390869140625
1 0.544921875 0.1845703125 0.027890625000000002 0.040986328125
1 0.7269921875 0.76251953125 0.041002604166666665 0.03779296875
1 0.5338541666666666 0.490234375 0.054361979166666664 0.0172412109375
1 0.7229036458333334 0.2335546875 0.028749999999999998 0.0433056640625
1 0.31494140625 0.475830078125 0.030169270833333334 0.0367138671875
1 0.4462890625 0.59814453125 0.04472005208333333 0.0369873046875
1 0.5918880208333334 0.4155322265625 0.056002604166666664 0.0167431640625
1 0.25507161458333333 0.2731396484375 0.0366796875 0.039658203125
1 0.5930989583333334 0.400634765625 0.054563802083333335 0.01478515625
1 0.4889322916666667 0.4990234375 0.024251302083333332 0.0410791015625
1 0.5032552083333334 0.822265625 0.025696614583333333 0.0413232421875
1 0.7291666666666666 0.4833984375 0.04128255208333333 0.0373828125
1 0.6764322916666666 0.26513671875 0.052656249999999995 0.016279296875
1 0.3889973958333333 0.7861328125 0.050618489583333336 0.0247021484375
1 0.4404427083333333 0.27416015625 0.029427083333333336 0.0426171875
1 0.5426432291666666 0.78173828125 0.05293619791666667 0.024794921875
1 0.5660807291666666 0.1864013671875 0.028645833333333332 0.0428173828125
1 0.2626953125 0.489013671875 0.023619791666666667 0.0394287109375
1 0.6235807291666667 0.218994140625 0.05416666666666667 0.0232373046875
1 0.6178385416666666 0.78564453125 0.023255208333333333 0.0428173828125
1 0.21842447916666666 0.380126953125 0.030638020833333335 0.04046875
1 0.6451822916666666 0.361083984375 0.055703125 0.021943359375
1 0.37890625 0.320068359375 0.03200520833333333 0.03955078125
1 0.5104166666666666 0.308349609375 0.045572916666666664 0.0367724609375
1 0.23258463541666666 0.64990234375 0.051191406249999995 0.0312060546875
1 0.4931640625 0.255859375 0.053834635416666665 0.01646484375
1 0.7799479166666666 0.51611328125 0.027467447916666665 0.0431201171875
1 0.47253906250000005 0.64044921875 0.050384114583333334 0.02333984375
1 0.7154947916666666 0.378662109375 0.03428385416666666 0.039794921875
1 0.33846354166666665 0.29314453125 0.0471875 0.0329541015625
1 0.5397135416666666 0.32421875 0.02146484375 0.04123046875
1 0.2584375 0.331875 0.042578125 0.0365673828125
1 0.2596028645833333 0.53271484375 0.02272786458333333 0.0403125
1 0.537109375 0.74853515625 0.052369791666666665 0.02400390625
1 0.4124348958333333 0.8095703125 0.052167968749999995 0.0261083984375
1 0.21793619791666666 0.455322265625 0.04520833333333333 0.0364990234375
1 0.7033333333333333 0.1734619140625 0.0563671875 0.0213623046875
1 0.7262565104166666 0.2999658203125 0.056764322916666665 0.023818359375
1 0.36191406249999997 0.77765625 0.05324869791666667 0.022626953125
1 0.6110026041666666 0.455322265625 0.0262890625 0.0439453125
1 0.6875 0.2215576171875 0.05859375 0.0171044921875
1 0.2884114583333333 0.51318359375 0.033125 0.038603515625
1 0.4183333333333333 0.634453125 0.0541015625 0.0165869140625
1 0.4283854166666667 0.218994140625 0.021197916666666667 0.0408349609375
1 0.6526692708333334 0.71826171875 0.02072265625 0.0403759765625
1 0.21451822916666666 0.252685546875 0.021627604166666665 0.0425732421875
1 0.5882161458333334 0.25830078125 0.05416015625 0.021455078125
1 0.6881510416666666 0.1912841796875 0.05497395833333333 0.0179150390625
1 0.6421484375000001 0.391845703125 0.056516927083333335 0.016220703125
1 0.4772135416666667 0.2841796875 0.053548177083333336 0.0165869140625
1 0.7486979166666666 0.67576171875 0.025208333333333333 0.041865234375
1 0.224609375 0.349853515625 0.03005208333333333 0.0426318359375
1 0.736328125 0.1822509765625 0.042402343749999995 0.04177734375
1 0.5694075520833334 0.230732421875 0.05206380208333333 0.0284521484375
1 0.6474609375 0.201171875 0.049192708333333335 0.0255126953125
1 0.3360416666666666 0.53171875 0.022805989583333335 0.0414453125
1 0.3772786458333333 0.810546875 0.042317708333333336 0.0347607421875
1 0.699609375 0.2073974609375 0.058398437500000004 0.016982421875
1 0.4254557291666667 0.7890625 0.04345703125 0.02615234375
1 0.22981770833333334 0.481689453125 0.045820312499999995 0.032958984375
1 0.19596354166666666 0.244140625 0.02439453125 0.04345703125
1 0.23046875 0.297041015625 0.03428385416666666 0.0399462890625
1 0.2840169270833333 0.2489892578125 0.027526041666666667 0.0426123046875
1 0.3372395833333333 0.60205078125 0.02742838541666667 0.03927734375
1 0.20035807291666666 0.291513671875 0.025553385416666668 0.0428173828125
1 0.3064778645833333 0.353759765625 0.03153645833333333 0.0401611328125
1 0.3352864583333333 0.43994140625 0.028378906250000002 0.0386962890625
1 0.337890625 0.478759765625 0.032311197916666666 0.0375390625
1 0.7434895833333334 0.51611328125 0.050416666666666665 0.0271142578125
1 0.32688151041666663 0.35240234375 0.032141927083333334 0.039921875
1 0.6842447916666666 0.235107421875 0.054850260416666664 0.016220703125
1 0.7510872395833333 0.7387890625 0.04064453125 0.037705078125
1 0.3668619791666667 0.482177734375 0.02938151041666667 0.040771484375
1 0.28904296875 0.312626953125 0.04348307291666667 0.036142578125
1 0.32281901041666666 0.787783203125 0.052871093749999994 0.02833984375
1 0.6829427083333334 0.250732421875 0.052571614583333336 0.0165234375
1 0.23111979166666666 0.60107421875 0.02634765625 0.0406201171875
1 0.2766927083333333 0.33984375 0.038125 0.0396435546875
1 0.4091796875 0.2020263671875 0.022115885416666665 0.044677734375
1 0.7213802083333333 0.3388623046875 0.05440104166666667 0.03205078125
1 0.6331380208333334 0.281982421875 0.03421875 0.0403125
1 0.78125 0.75015625 0.02170572916666667 0.04298828125
1 0.4024544270833333 0.338564453125 0.05354166666666666 0.0220556640625
1 0.19466145833333334 0.4140625 0.029440104166666665 0.03927734375
1 0.6468098958333334 0.2413671875 0.024576822916666668 0.0424267578125
1 0.21907552083333334 0.425048828125 0.028990885416666667 0.03955078125
1 0.3427734375 0.313720703125 0.04472005208333333 0.034609375
1 0.23693359375 0.546689453125 0.026171875 0.041015625
1 0.767578125 0.318115234375 0.042565104166666666 0.0410791015625
1 0.7578125 0.46533203125 0.022910156249999997 0.0403759765625
1 0.7652473958333333 0.6988916015625 0.0478515625 0.035205078125
1 0.732421875 0.3740234375 0.033776041666666666 0.0439453125
1 0.7591145833333334 0.27978515625 0.03318359375 0.038759765625
1 0.447265625 0.21044921875 0.022115885416666665 0.0438525390625
1 0.765625 0.611328125 0.040201822916666664 0.0360107421875
1 0.6835416666666667 0.618662109375 0.05490885416666667 0.0207275390625
1 0.6783854166666666 0.391171875 0.031412760416666664 0.0413525390625
1 0.7474088541666667 0.2328125 0.02463541666666667 0.04296875
1 0.779296875 0.4732177734375 0.022298177083333332 0.041708984375
1 0.23715494791666666 0.6770556640625 0.02788411458333333 0.041552734375
1 0.4449869791666667 0.814453125 0.05054036458333333 0.024521484375
1 0.779296875 0.55517578125 0.0223828125 0.0406787109375
1 0.63431640625 0.377275390625 0.05513671875 0.01646484375
1 0.7122395833333334 0.272705078125 0.02370442708333333 0.0432763671875
1 0.7317708333333334 0.26953125 0.023984375000000002 0.0440966796875
1 0.6487630208333334 0.77685546875 0.03777994791666667 0.0379638671875
1 0.7721354166666666 0.26416015625 0.03407552083333334 0.03732421875
1 0.49638671875 0.27001953125 0.05569010416666667 0.0158984375
1 0.6718684895833333 0.60580078125 0.05335286458333333 0.01962890625
1 0.6462565104166667 0.4068896484375 0.055611979166666665 0.0165625
1 0.7590299479166666 0.59177734375 0.04197916666666667 0.036845703125
1 0.747890625 0.1949609375 0.045039062500000004 0.0418212890625
1 0.68912109375 0.327509765625 0.045039062500000004 0.0360302734375
1 0.25008463541666665 0.2953369140625 0.03688802083333333 0.039248046875
1 0.32064453125 0.319306640625 0.045039062500000004 0.035712890625
1 0.47356770833333334 0.3294384765625 0.05576171875 0.0205908203125
1 0.6084765625 0.353408203125 0.038177083333333334 0.03892578125
1 0.5248307291666666 0.3460107421875 0.03989583333333333 0.0382861328125
1 0.517109375 0.363701171875 0.038177083333333334 0.0395703125
1 0.4544791666666667 0.342470703125 0.05619140625 0.0176953125
1 0.47442708333333333 0.3577490234375 0.05490885416666667 0.016728515625
1 0.482578125 0.3722265625 0.05319010416666667 0.016083984375
1 0.43367838541666665 0.3596826171875 0.04546875 0.0341015625
1 0.4085807291666667 0.36322265625 0.04932942708333333 0.0308837890625
1 0.3626822916666667 0.345205078125 0.046757812499999996 0.0328173828125
1 0.35303385416666666 0.3653125 0.03603515625 0.03892578125
1 0.39164062499999996 0.37416015625 0.050618489583333336 0.0257373046875
1 0.43238932291666665 0.3982861328125 0.04031901041666667 0.0373193359375
1 0.458984375 0.385419921875 0.052330729166666666 0.017373046875
1 0.5121744791666667 0.395068359375 0.05147786458333333 0.029599609375
1 0.5460611979166666 0.3971630859375 0.04031901041666667 0.0376416015625
1 0.5580729166666667 0.366435546875 0.03603515625 0.039892578125
1 0.5720182291666667 0.3775390625 0.03731770833333333 0.03892578125
1 0.644296875 0.4214501953125 0.05833984375 0.016083984375
1 0.3920703125 0.390888671875 0.05319010416666667 0.0257373046875
1 0.41180338541666667 0.4132470703125 0.052330729166666666 0.02734375
1 0.38456380208333335 0.41775390625 0.04074869791666667 0.0369970703125
1 0.37383463541666667 0.4312646484375 0.038177083333333334 0.0376416015625
1 0.3566796875 0.443330078125 0.03131510416666667 0.039248046875
1 0.30498697916666667 0.4470263671875 0.05147786458333333 0.0260595703125
1 0.25845052083333336 0.4415576171875 0.05104817708333333 0.02734375
1 0.24279296875 0.4159814453125 0.046328125 0.03345703125
1 0.242578125 0.3857421875 0.03131510416666667 0.040537109375
1 0.25115234375 0.367724609375 0.03474609375 0.040537109375
1 0.27989583333333334 0.378017578125 0.03560546875 0.0386083984375
1 0.29169270833333333 0.3641845703125 0.03603515625 0.040537109375
1 0.3120703125 0.3886376953125 0.04246744791666667 0.0360302734375
1 0.3380208333333334 0.391533203125 0.027454427083333333 0.041181640625
1 0.3532486979166667 0.4048828125 0.033886718749999996 0.0395703125
1 0.31227864583333337 0.420810546875 0.029166666666666664 0.039248046875
1 0.28054036458333337 0.40279296875 0.0471875 0.0315283203125
1 0.2741015625 0.4180712890625 0.04889973958333333 0.0324951171875
1 0.2944791666666667 0.473408203125 0.02959635416666667 0.04021484375
1 0.3169986979166667 0.502685546875 0.054049479166666664 0.0196240234375
1 0.5001627604166666 0.4060107421875 0.04889973958333333 0.028955078125
1 0.47013671875 0.4071337890625 0.046328125 0.0312060546875
1 0.4459049479166666 0.426279296875 0.04847005208333333 0.0308837890625
1 0.46134765625 0.435283203125 0.046757812499999996 0.0315283203125
1 0.5132486979166667 0.4294970703125 0.04932942708333333 0.027666015625
1 0.5428450520833333 0.4257958984375 0.028736979166666666 0.03892578125
1 0.50552734375 0.4422021484375 0.04932942708333333 0.0260595703125
1 0.48879557291666664 0.4544287109375 0.04932942708333333 0.02798828125
1 0.4780729166666667 0.4653662109375 0.046757812499999996 0.02798828125
1 0.42938802083333333 0.4500830078125 0.04546875 0.0315283203125
1 0.41244140625 0.4582861328125 0.045039062500000004 0.0324951171875
1 0.39721354166666667 0.4666552734375 0.043756510416666665 0.033779296875
1 0.39614583333333336 0.488046875 0.04074869791666667 0.03345703125
1 0.44697265625 0.4827392578125 0.030026041666666666 0.0395703125
1 0.46820963541666666 0.491103515625 0.021875000000000002 0.04150390625
1 0.5385546875 0.457646484375 0.05104817708333333 0.0260595703125
1 0.52955078125 0.476142578125 0.05276041666666667 0.016728515625
1 0.5670833333333333 0.4785546875 0.027454427083333333 0.040859375
1 0.6211328125 0.4339990234375 0.04975911458333334 0.0250927734375
1 0.6721809895833334 0.4333544921875 0.052330729166666666 0.0250927734375
1 0.6968424479166666 0.444130859375 0.0441796875 0.035712890625
1 0.7137890625000001 0.4500830078125 0.04546875 0.0366748046875
1 0.7225781250000001 0.4635986328125 0.0458984375 0.0360302734375
1 0.74767578125 0.5002734375 0.054049479166666664 0.02380859375
1 0.6479427083333333 0.452978515625 0.05619140625 0.016083984375
1 0.6524479166666667 0.467294921875 0.05662109375 0.0176953125
1 0.65587890625 0.481611328125 0.05576171875 0.018662109375
1 0.6048307291666667 0.4893359375 0.04975911458333334 0.0263818359375
1 0.6170572916666667 0.5001123046875 0.05018880208333334 0.0286328125
1 0.6447265624999999 0.503330078125 0.050618489583333336 0.02798828125
1 0.6672460937500001 0.5089599609375 0.04847005208333333 0.028955078125
1 0.6940559895833333 0.514267578125 0.050618489583333336 0.0286328125
1 0.6807552083333334 0.5501416015625 0.027454427083333333 0.0418212890625
1 0.7028515624999999 0.537431640625 0.02959635416666667 0.0395703125
1 0.7170052083333333 0.553515625 0.030455729166666667 0.04021484375
1 0.7341601562500001 0.559306640625 0.030455729166666667 0.040859375
1 0.7425260416666667 0.5835986328125 0.041178385416666664 0.0360302734375
1 0.7167903645833333 0.6078857421875 0.03603515625 0.0382861328125
1 0.5458528645833333 0.5038134765625 0.05619140625 0.0154443359375
1 0.5080989583333334 0.517001953125 0.021022135416666667 0.0418212890625
1 0.5284765625 0.530673828125 0.024023437499999998 0.0395703125
1 0.5595768229166667 0.5281005859375 0.038177083333333334 0.035712890625
1 0.5983984375 0.5226318359375 0.052330729166666666 0.024130859375
1 0.6215625 0.5297119140625 0.052330729166666666 0.0247705078125
1 0.6415104166666666 0.5552880859375 0.033886718749999996 0.0379638671875
1 0.6026888020833333 0.5494970703125 0.050618489583333336 0.0231640625
1 0.6151236979166667 0.567509765625 0.050618489583333336 0.02251953125
1 0.6588802083333333 0.5794140625 0.054049479166666664 0.0231640625
1 0.6728190104166667 0.59099609375 0.05447916666666667 0.0212353515625
1 0.49544921875 0.57587890625 0.0471875 0.028955078125
1 0.5608658854166667 0.551103515625 0.05018880208333334 0.0244482421875
1 0.5715885416666667 0.5692822265625 0.05190104166666667 0.0247705078125
1 0.6234895833333333 0.5893896484375 0.0476171875 0.0315283203125
1 0.6063346354166667 0.596787109375 0.046757812499999996 0.0302392578125
1 0.5692252604166667 0.5975927734375 0.028313802083333336 0.0395703125
1 0.53919921875 0.5845654296875 0.04546875 0.0328173828125
1 0.5149674479166667 0.5552880859375 0.04932942708333333 0.027666015625
1 0.4742122395833333 0.56171875 0.05276041666666667 0.017373046875
1 0.4772135416666667 0.540166015625 0.04332682291666667 0.0321728515625
1 0.4574869791666667 0.5293896484375 0.05018880208333334 0.0267041015625
1 0.44139973958333334 0.5086376953125 0.050618489583333336 0.0263818359375
1 0.4210221354166667 0.5171630859375 0.05018880208333334 0.0260595703125
1 0.40322265625000003 0.5281005859375 0.052330729166666666 0.022197265625
1 0.3667578125 0.521025390625 0.03688802083333333 0.0369970703125
1 0.31399739583333336 0.5297119140625 0.026595052083333334 0.040859375
1 0.28504557291666666 0.536142578125 0.038177083333333334 0.0382861328125
1 0.288046875 0.5631689453125 0.04847005208333333 0.0305615234375
1 0.2668098958333333 0.56783203125 0.046328125 0.0328173828125
1 0.24986979166666667 0.5795751953125 0.05104817708333333 0.0254150390625
1 0.34252604166666667 0.5781298828125 0.04932942708333333 0.028310546875
1 0.36526041666666664 0.5567333984375 0.03131510416666667 0.0382861328125
1 0.3862760416666667 0.5528759765625 0.02959635416666667 0.03892578125
1 0.42723958333333334 0.548369140625 0.054049479166666664 0.021552734375
1 0.42016276041666667 0.5744287109375 0.03560546875 0.0382861328125
1 0.39507161458333334 0.5741064453125 0.04289713541666667 0.035068359375
1 0.460703125 0.58890625 0.04289713541666667 0.033134765625
1 0.38091796875 0.5990380859375 0.05319010416666667 0.0250927734375
1 0.39699869791666664 0.6094970703125 0.05018880208333334 0.0267041015625
1 0.49523437499999995 0.5975927734375 0.04246744791666667 0.0369970703125
1 0.5158203124999999 0.606923828125 0.03474609375 0.04021484375
1 0.52783203125 0.6180224609375 0.04074869791666667 0.0373193359375
1 0.54091796875 0.6337841796875 0.03860677083333333 0.0360302734375
1 0.55099609375 0.6474609375 0.039036458333333336 0.0363525390625
1 0.5001627604166666 0.634267578125 0.04203776041666666 0.033779296875
1 0.28268229166666664 0.59373046875 0.048040364583333335 0.0318505859375
1 0.28654296875 0.6088525390625 0.050618489583333336 0.0305615234375
1 0.29340494791666666 0.6231689453125 0.04889973958333333 0.029599609375
1 0.31185546875 0.633623046875 0.05147786458333333 0.0267041015625
1 0.36526041666666664 0.6305712890625 0.05276041666666667 0.02251953125
1 0.4115885416666667 0.659521484375 0.032174479166666665 0.039248046875
1 0.44246744791666665 0.6722314453125 0.03989583333333333 0.0369970703125
1 0.39185546875 0.6603271484375 0.03560546875 0.0376416015625
1 0.37855468750000004 0.6704638671875 0.03560546875 0.0379638671875
1 0.2816080729166667 0.6484228515625 0.04847005208333333 0.0286328125
1 0.27389322916666664 0.662099609375 0.04932942708333333 0.027666015625
1 0.2734635416666667 0.677861328125 0.04932942708333333 0.0250927734375
1 0.27088541666666666 0.693466796875 0.05276041666666667 0.0260595703125
1 0.25887369791666665 0.707138671875 0.04847005208333333 0.028310546875
1 0.2623111979166667 0.7253173828125 0.05447916666666667 0.024130859375
1 0.2955533854166667 0.7246728515625 0.0248828125 0.04021484375
1 0.30841796875 0.7034375 0.029166666666666664 0.0395703125
1 0.3185026041666667 0.67962890625 0.039036458333333336 0.0369970703125
1 0.34294921875 0.68091796875 0.038177083333333334 0.035712890625
1 0.3671875 0.682685546875 0.03517578125 0.0366748046875
1 0.43968098958333335 0.6937890625 0.043756510416666665 0.035068359375
1 0.4280989583333333 0.7045654296875 0.043756510416666665 0.0366748046875
1 0.4051497395833333 0.7052099609375 0.04160807291666666 0.0360302734375
1 0.39164062499999996 0.7175927734375 0.04031901041666667 0.0369970703125
1 0.34638671875 0.706494140625 0.055338541666666664 0.016728515625
1 0.37962890625 0.7285302734375 0.04031901041666667 0.0369970703125
1 0.36075520833333335 0.7307861328125 0.039466145833333334 0.0363525390625
1 0.33930338541666666 0.73271484375 0.03860677083333333 0.0363525390625
1 0.3247200520833333 0.740595703125 0.03860677083333333 0.0360302734375
1 0.26380859375 0.7539501953125 0.04546875 0.033134765625
1 0.29469401041666665 0.7544287109375 0.04889973958333333 0.029599609375
1 0.30563151041666664 0.7666552734375 0.04932942708333333 0.027666015625
1 0.34316406250000003 0.7634375 0.0471875 0.0315283203125
1 0.51818359375 0.669013671875 0.029166666666666664 0.04150390625
1 0.4789322916666667 0.6868701171875 0.046757812499999996 0.0308837890625
1 0.48557942708333335 0.700703125 0.04975911458333334 0.0257373046875
1 0.4915885416666667 0.7145361328125 0.04975911458333334 0.0263818359375
1 0.5327669270833334 0.7084228515625 0.03774739583333333 0.03474609375
1 0.5310481770833334 0.731748046875 0.05319010416666667 0.021552734375
1 0.50638671875 0.755556640625 0.03131510416666667 0.040859375
1 0.4759309895833333 0.744619140625 0.04160807291666666 0.0382861328125
1 0.4437565104166667 0.7304638671875 0.053619791666666666 0.021552734375
1 0.4330338541666667 0.7434912109375 0.05190104166666667 0.02380859375
1 0.39142578125 0.754912109375 0.05104817708333333 0.02734375
1 0.41180338541666667 0.7624755859375 0.050618489583333336 0.027666015625
1 0.43560546875 0.76890625 0.04932942708333333 0.0263818359375
1 0.45490885416666665 0.7874072265625 0.03131510416666667 0.04021484375
1 0.5848828125 0.7647265625 0.0458984375 0.03474609375
1 0.5885286458333333 0.746708984375 0.0471875 0.03345703125
1 0.59796875 0.7294970703125 0.052330729166666666 0.023486328125
1 0.6415104166666666 0.7430078125 0.033886718749999996 0.0395703125
1 0.6818294270833333 0.7483203125 0.038177083333333334 0.0366748046875
1 0.68955078125 0.733359375 0.04160807291666666 0.035712890625
1 0.7461718749999999 0.756845703125 0.03989583333333333 0.03892578125
1 0.7828515625 0.70552734375 0.044609375 0.0341015625
1 0.7309440104166667 0.6773779296875 0.024023437499999998 0.04021484375
1 0.71142578125 0.688154296875 0.024453125000000003 0.0424658203125
1 0.69984375 0.6456884765625 0.039036458333333336 0.039248046875
1 0.6824739583333334 0.673837890625 0.025735677083333335 0.0427880859375
1 0.5885286458333333 0.7069775390625 0.050618489583333336 0.024130859375
1 0.6239192708333333 0.7015087890625 0.026165364583333333 0.0395703125
1 0.5675130208333333 0.6992578125 0.052330729166666666 0.0247705078125
1 0.5606510416666667 0.681884765625 0.052330729166666666 0.02798828125
1 0.551640625 0.6693359375 0.054049479166666664 0.0260595703125
1 0.6003255208333333 0.62703125 0.02788411458333333 0.040537109375
1 0.6237044270833333 0.6268701171875 0.03603515625 0.0376416015625
1 0.6333593750000001 0.6429541015625 0.039036458333333336 0.0382861328125
1 0.6481575520833334 0.6511572265625 0.03774739583333333 0.0379638671875
1 0.6672460937500001 0.6572705078125 0.03731770833333333 0.0379638671875
