1 0.7380468750000001 0.3876416015625 0.07130208333333334 0.0514697265625
1 0.7109375 0.3662109375 0.07145182291666667 0.04681640625
1 0.5485026041666666 0.431884765625 0.07723307291666666 0.0399462890625
1 0.5716145833333334 0.465576171875 0.06266276041666667 0.0462939453125
1 0.6500651041666666 0.447509765625 0.08027994791666666 0.0279541015625
1 0.8216145833333334 0.38232421875 0.07527994791666666 0.0428759765625
1 0.4921875 0.52490234375 0.050130208333333336 0.0533154296875
1 0.5322265625 0.4609375 0.07983723958333333 0.0433642578125
1 0.7864583333333334 0.4033203125 0.07865234375 0.0246142578125
1 0.5944010416666666 0.5419921875 0.058027343749999995 0.0494091796875
1 0.7545572916666666 0.4228515625 0.0791015625 0.023818359375
1 0.4244791666666667 0.392333984375 0.06872395833333333 0.0396435546875
1 0.7454427083333334 0.447021484375 0.0801171875 0.0277392578125
1 0.3362630208333333 0.69873046875 0.044270833333333336 0.055419921875
1 0.5325520833333334 0.51318359375 0.03212239583333334 0.0569775390625
1 0.5445963541666666 0.76416015625 0.039225260416666664 0.0580126953125
1 0.51171875 0.755859375 0.04272786458333333 0.058134765625
1 0.5891927083333334 0.49755859375 0.029726562499999998 0.0579248046875
1 0.576171875 0.75341796875 0.030865885416666666 0.058134765625
1 0.6725260416666666 0.48974609375 0.028867187500000002 0.0602099609375
1 0.7252604166666666 0.62109375 0.07197916666666666 0.043212890625
1 0.6165364583333334 0.488525390625 0.028483072916666668 0.058349609375
1 0.5611979166666666 0.517578125 0.03194010416666667 0.0572802734375
1 0.6448567708333334 0.486572265625 0.029153645833333335 0.0580126953125
1 0.5992838541666666 0.77734375 0.044108072916666664 0.0574951171875
1 0.4928385416666667 0.775390625 0.040364583333333336 0.0599658203125
1 0.521484375 0.42041015625 0.07055989583333333 0.041533203125
1 0.2998046875 0.71923828125 0.045735677083333336 0.05560546875
1 0.3505859375 0.72265625 0.05147135416666667 0.0542919921875
1 0.6980338541666667 0.3487353515625 0.07176432291666666 0.0495556640625
