1 0.4488932291666667 0.556640625 0.055585937499999995 0.0165234375
1 0.4591471354166667 0.6480712890625 0.05534505208333334 0.0194873046875
1 0.4013671875 0.6201171875 0.054609374999999995 0.0164013671875
1 0.41845703125 0.663818359375 0.05395833333333333 0.0151904296875
1 0.4029947916666667 0.650390625 0.05611328125 0.0160205078125
1 0.4109700520833333 0.63525390625 0.05591145833333333 0.0157763671875
1 0.5872395833333334 0.3525390625 0.05224609375 0.0277392578125
1 0.388671875 0.58642578125 0.05416015625 0.0235595703125
1 0.5087890625 0.324951171875 0.041139322916666665 0.0369873046875
1 0.4264322916666667 0.33544921875 0.047936197916666666 0.0367724609375
1 0.5758463541666666 0.3349609375 0.055787760416666665 0.0302734375
1 0.5361328125 0.3011474609375 0.03813151041666667 0.0407421875
1 0.4208984375 0.693359375 0.052858072916666665 0.0173779296875
1 0.515625 0.2685546875 0.05416015625 0.0281689453125
1 0.5289713541666666 0.55712890625 0.05395833333333333 0.028701171875
1 0.4788411458333333 0.51892578125 0.022910156249999997 0.0419970703125
1 0.4189453125 0.5107421875 0.053346354166666665 0.02337890625
1 0.5432942708333334 0.521484375 0.049680989583333335 0.031142578125
1 0.5393880208333334 0.2437744140625 0.04537109375 0.0367138671875
1 0.6764322916666666 0.63134765625 0.053059895833333336 0.02748046875
1 0.6822916666666666 0.55908203125 0.058470052083333335 0.0282763671875
1 0.5218098958333334 0.533203125 0.058027343749999995 0.022841796875
1 0.5546875 0.28271484375 0.025208333333333333 0.0438525390625
1 0.5543619791666666 0.43212890625 0.042154947916666664 0.0399462890625
1 0.42578125 0.7119140625 0.05497395833333333 0.0208447265625
1 0.40625 0.392333984375 0.044108072916666664 0.0375390625
1 0.5751953125 0.453369140625 0.04028645833333334 0.0406787109375
1 0.4156901041666667 0.67919921875 0.053671875 0.015078125
1 0.4143880208333333 0.373046875 0.042805989583333336 0.040986328125
1 0.3727213541666667 0.5419921875 0.021119791666666665 0.0401611328125
1 0.5436197916666666 0.6142578125 0.024069010416666665 0.041533203125
1 0.6442057291666666 0.55908203125 0.05033203125 0.030625
1 0.5846354166666666 0.385498046875 0.032877604166666664 0.0433642578125
1 0.4778645833333333 0.352783203125 0.04902994791666667 0.0325341796875
1 0.583984375 0.573486328125 0.022115885416666665 0.043701171875
1 0.6038411458333334 0.447021484375 0.03421875 0.0397021484375
1 0.4739583333333333 0.2587890625 0.04740234375 0.0354931640625
1 0.4298502604166667 0.2982177734375 0.048704427083333335 0.0326806640625
1 0.6009114583333334 0.5161767578125 0.022805989583333335 0.04248046875
1 0.6180013020833334 0.2818603515625 0.03200520833333333 0.0447119140625
1 0.6038411458333334 0.378662109375 0.03194010416666667 0.0428173828125
1 0.6842447916666666 0.5888671875 0.023886718749999997 0.0416259765625
1 0.4485677083333333 0.59033203125 0.03658203125 0.0391259765625
1 0.3704427083333333 0.373046875 0.05537760416666667 0.02427734375
1 0.4934895833333333 0.65625 0.04756510416666667 0.0310205078125
1 0.5732421875 0.279541015625 0.026653645833333333 0.044189453125
1 0.6243489583333334 0.58154296875 0.02516927083333333 0.0426318359375
1 0.677734375 0.66015625 0.053671875 0.026962890625
1 0.654296875 0.63916015625 0.056640625 0.0281689453125
1 0.7096354166666666 0.6044921875 0.037473958333333335 0.04193359375
1 0.4215494791666667 0.58251953125 0.038125 0.0439453125
1 0.6487630208333334 0.25439453125 0.03755859375 0.042177734375
1 0.4283854166666667 0.46435546875 0.03345052083333334 0.038759765625
1 0.5504557291666666 0.474609375 0.05005208333333333 0.03314453125
1 0.3714192708333333 0.34765625 0.055299479166666665 0.019990234375
1 0.4537760416666667 0.52587890625 0.021197916666666667 0.0398583984375
1 0.6240234375 0.361328125 0.023619791666666667 0.0450146484375
1 0.3828125 0.443115234375 0.05195963541666667 0.0305615234375
1 0.3649088541666667 0.6396484375 0.022643229166666667 0.0416259765625
1 0.4514973958333333 0.376220703125 0.034342447916666664 0.042236328125
1 0.4488932291666667 0.47607421875 0.035279947916666665 0.0431201171875
1 0.4840494791666667 0.2861328125 0.02170572916666667 0.0431201171875
1 0.4807942708333333 0.400146484375 0.048216145833333335 0.03390625
1 0.4645182291666667 0.310546875 0.02080078125 0.0439794921875
1 0.6461588541666666 0.5933251953125 0.024029947916666666 0.0420947265625
1 0.392578125 0.551396484375 0.021119791666666665 0.039375
1 0.4124348958333333 0.5400390625 0.021627604166666665 0.0401611328125
1 0.6663411458333334 0.596171875 0.022805989583333335 0.045556640625
1 0.5162760416666666 0.220458984375 0.05098307291666667 0.037109375
1 0.4807942708333333 0.4814453125 0.03383463541666667 0.04025390625
1 0.60546875 0.5908203125 0.0234375 0.0406201171875
1 0.3876953125 0.4697265625 0.057701822916666666 0.0182958984375
1 0.517578125 0.61962890625 0.0321875 0.042236328125
1 0.45556640625 0.680537109375 0.025292968750000002 0.0440185546875
1 0.4423828125 0.62353515625 0.03486979166666667 0.0394287109375
1 0.5940755208333334 0.278564453125 0.02658854166666667 0.0416259765625
1 0.5138346354166666 0.302490234375 0.03972005208333333 0.03830078125
1 0.3590494791666667 0.59912109375 0.03513671875 0.038115234375
1 0.4957682291666667 0.336298828125 0.04539713541666667 0.0370263671875
1 0.40819661458333334 0.448486328125 0.05152994791666667 0.0288232421875
1 0.6341145833333334 0.266728515625 0.0355078125 0.0422412109375
1 0.5625 0.58154296875 0.022988281250000003 0.044345703125
1 0.7278645833333334 0.60986328125 0.03784505208333334 0.039794921875
1 0.3990885416666667 0.6025390625 0.0517578125 0.02091796875
1 0.3932291666666667 0.7568359375 0.02439453125 0.0435205078125
1 0.3336588541666667 0.7822265625 0.036009114583333335 0.04052734375
1 0.40591796875 0.340693359375 0.04444661458333333 0.036005859375
1 0.46272135416666665 0.5818603515625 0.036184895833333335 0.0396044921875
1 0.38611328125000005 0.3977685546875 0.04400390625 0.036669921875
1 0.4284895833333333 0.3174560546875 0.05052734375 0.0330029296875
