1 0.5602213541666666 0.278564453125 0.031171875 0.0406201171875
1 0.5152994791666666 0.253173828125 0.03076171875 0.041533203125
1 0.46875 0.2252197265625 0.04837890625 0.0309130859375
1 0.3172200520833333 0.348876953125 0.047936197916666666 0.0322900390625
1 0.6220703125 0.255859375 0.05224609375 0.024794921875
1 0.44610677083333333 0.708984375 0.050904947916666665 0.022841796875
1 0.5439453125 0.26513671875 0.032877604166666664 0.04025390625
1 0.7395833333333334 0.4423828125 0.05684244791666667 0.0185107421875
1 0.2587890625 0.49560546875 0.0415234375 0.0340283203125
1 0.6448567708333334 0.27685546875 0.05025390625 0.0352783203125
1 0.72265625 0.337890625 0.029257812499999997 0.040986328125
1 0.7765104166666666 0.28947265625 0.04247395833333333 0.0369775390625
1 0.3447265625 0.72607421875 0.03224609375 0.03607421875
1 0.6920572916666666 0.311279296875 0.025208333333333333 0.0416259765625
1 0.513671875 0.75634765625 0.02854166666666667 0.041689453125
1 0.3372395833333333 0.6806640625 0.021197916666666667 0.038759765625
1 0.4514973958333333 0.4599609375 0.024453125000000003 0.0394287109375
1 0.37930989583333335 0.4121630859375 0.051393229166666665 0.0282421875
1 0.4866536458333333 0.355224609375 0.051881510416666665 0.01798828125
1 0.30908203125 0.375732421875 0.03338541666666667 0.042236328125
1 0.3234049479166667 0.402099609375 0.026243489583333335 0.038603515625
1 0.2931315104166667 0.4541015625 0.022565104166666666 0.0408349609375
1 0.6533203125 0.30517578125 0.021542968750000002 0.041474609375
1 0.5201822916666666 0.32763671875 0.04984375 0.0267626953125
1 0.21858723958333334 0.310302734375 0.05347005208333333 0.0267041015625
1 0.30126953125 0.5302734375 0.05195963541666667 0.0167236328125
1 0.21988932291666666 0.436767578125 0.03712890625 0.0393359375
1 0.67001953125 0.7460205078125 0.03844401041666667 0.0380810546875
1 0.2532552083333333 0.461181640625 0.022988281250000003 0.03955078125
1 0.7037760416666666 0.736328125 0.0458984375 0.0348193359375
1 0.4293619791666667 0.65087890625 0.051191406249999995 0.0160205078125
1 0.5950520833333334 0.394775390625 0.044518229166666666 0.0344873046875
1 0.4889322916666667 0.27099609375 0.03989583333333333 0.036162109375
1 0.6041666666666666 0.331787109375 0.03643880208333333 0.0423291015625
1 0.7506510416666666 0.224609375 0.049680989583333335 0.0379052734375
1 0.576171875 0.22802734375 0.03493489583333333 0.04248046875
1 0.3125 0.45703125 0.023359375 0.0389697265625
1 0.3785807291666667 0.7392578125 0.04121744791666667 0.0322265625
1 0.48046875 0.7326318359375 0.02272786458333333 0.042568359375
1 0.2737630208333333 0.455810546875 0.021360677083333335 0.0396435546875
1 0.5618489583333334 0.3408203125 0.02685546875 0.0403759765625
1 0.29248046875 0.36767578125 0.03029296875 0.0423291015625
1 0.4951171875 0.2208251953125 0.049192708333333335 0.026201171875
1 0.74859375 0.3856298828125 0.048990885416666664 0.03408203125
1 0.32517578125 0.62646484375 0.052167968749999995 0.0180517578125
1 0.24918619791666666 0.705078125 0.042076822916666666 0.034609375
1 0.4143880208333333 0.2452978515625 0.021542968750000002 0.0413525390625
1 0.5149739583333334 0.341796875 0.04902994791666667 0.0258642578125
1 0.2701822916666667 0.36767578125 0.0258984375 0.0396435546875
1 0.23388671875 0.55029296875 0.04005859375 0.0399462890625
1 0.4267578125 0.7236328125 0.045045572916666665 0.0359521484375
1 0.7450716145833334 0.252255859375 0.043867187499999995 0.03802734375
1 0.4495442708333333 0.279541015625 0.02463541666666667 0.04177734375
1 0.6037825520833333 0.783203125 0.05395833333333333 0.0227685546875
1 0.6907552083333334 0.281005859375 0.052858072916666665 0.030107421875
1 0.5777994791666666 0.280517578125 0.029602864583333333 0.0394921875
1 0.2874348958333333 0.25244140625 0.05195963541666667 0.0171044921875
1 0.4475911458333333 0.6357421875 0.05054036458333333 0.0157763671875
1 0.4888151041666667 0.19943359375 0.05660807291666667 0.0213623046875
1 0.4371744791666667 0.2401123046875 0.021790364583333333 0.0410791015625
1 0.4612630208333333 0.339599609375 0.052858072916666665 0.016787109375
1 0.6204427083333334 0.373779296875 0.052167968749999995 0.0192431640625
1 0.3932291666666667 0.2597314453125 0.026080729166666667 0.040712890625
1 0.25341796875 0.344970703125 0.022643229166666667 0.041533203125
1 0.5084635416666666 0.73388671875 0.033125 0.04046875
1 0.21793619791666666 0.343017578125 0.05025390625 0.028701171875
1 0.2604166666666667 0.2762451171875 0.023515625 0.0429443359375
1 0.43290364583333335 0.7602880859375 0.05388020833333334 0.014765625
1 0.37384114583333333 0.349853515625 0.05322916666666667 0.0197900390625
1 0.7135611979166666 0.3721728515625 0.04760416666666667 0.0317919921875
1 0.421875 0.6806640625 0.027467447916666665 0.0406787109375
1 0.7018229166666666 0.2578125 0.054772135416666666 0.0225048828125
1 0.6287044270833334 0.7512646484375 0.03787760416666667 0.0381396484375
1 0.3585416666666667 0.7143408203125 0.03281901041666666 0.0391259765625
1 0.501953125 0.6533203125 0.019264322916666667 0.040771484375
1 0.5852408854166666 0.307373046875 0.054283854166666666 0.022080078125
1 0.3668619791666667 0.33349609375 0.054772135416666666 0.01876953125
1 0.2587890625 0.240966796875 0.0517578125 0.023603515625
1 0.6979166666666666 0.203125 0.049401041666666666 0.0325341796875
1 0.6643880208333334 0.78564453125 0.05537760416666667 0.019609375
1 0.4651692708333333 0.32470703125 0.053346354166666665 0.0172412109375
1 0.228515625 0.5107421875 0.05033203125 0.0276953125
1 0.6663411458333334 0.7724609375 0.05497395833333333 0.0198681640625
1 0.45880208333333333 0.7417333984375 0.03171875 0.0398291015625
1 0.43790364583333335 0.2094287109375 0.046510416666666665 0.0361865234375
1 0.282890625 0.3156591796875 0.039290364583333334 0.038818359375
1 0.4775390625 0.251220703125 0.052734375 0.02650390625
1 0.56205078125 0.776669921875 0.037272135416666664 0.0381787109375
1 0.7571614583333334 0.349609375 0.029479166666666667 0.0368359375
1 0.48828125 0.76953125 0.024127604166666667 0.03494140625
1 0.5329361979166667 0.1964453125 0.039635416666666666 0.04025390625
1 0.3796158854166667 0.7587890625 0.0535546875 0.02064453125
1 0.5071158854166666 0.798994140625 0.03760416666666667 0.040869140625
1 0.3037109375 0.206787109375 0.03615234375 0.040986328125
1 0.24072265625 0.273984375 0.021542968750000002 0.0400390625
1 0.55322265625 0.2257275390625 0.0365234375 0.0402587890625
1 0.4195963541666667 0.283203125 0.04136067708333333 0.03955078125
1 0.72658203125 0.2836376953125 0.03641927083333333 0.0396826171875
1 0.5966796875 0.8076171875 0.03407552083333334 0.038544921875
1 0.5335286458333334 0.7666015625 0.021627604166666665 0.0436083984375
1 0.7682291666666666 0.6939990234375 0.05098307291666667 0.03130859375
1 0.3123372395833333 0.2232666015625 0.04028645833333334 0.0394921875
1 0.7376302083333334 0.34814453125 0.03251302083333333 0.0409228515625
1 0.30908203125 0.293212890625 0.02370442708333333 0.042236328125
1 0.3743489583333333 0.266357421875 0.028645833333333332 0.0399462890625
1 0.20263671875 0.280869140625 0.022298177083333332 0.0422998046875
1 0.5621744791666666 0.81591796875 0.0508203125 0.0251318359375
1 0.3369140625 0.2451171875 0.055501302083333336 0.0202197265625
1 0.7399674479166666 0.689404296875 0.051354166666666666 0.0282958984375
1 0.603515625 0.2004736328125 0.020403645833333334 0.0434033203125
1 0.2449609375 0.317919921875 0.05442708333333333 0.0242333984375
1 0.4772135416666667 0.7919921875 0.028216145833333334 0.0406787109375
1 0.7819010416666666 0.34228515625 0.026751302083333334 0.04193359375
1 0.7578125 0.1860107421875 0.05005208333333333 0.03705078125
1 0.5367838541666666 0.2232666015625 0.03513671875 0.035400390625
1 0.7428385416666666 0.318359375 0.046263020833333335 0.0315576171875
1 0.2591145833333333 0.223720703125 0.0508203125 0.0248876953125
1 0.3722330729166667 0.3196728515625 0.054772135416666666 0.01904296875
1 0.3411458333333333 0.2088623046875 0.03741536458333333 0.0409228515625
1 0.21435546875 0.2426123046875 0.03493489583333333 0.0381201171875
1 0.23633463541666666 0.384580078125 0.04667317708333333 0.0317919921875
1 0.3544921875 0.30322265625 0.053548177083333336 0.0161572265625
1 0.35511718750000004 0.390322265625 0.05253255208333333 0.021083984375
1 0.25341796875 0.65576171875 0.034544270833333335 0.0377490234375
1 0.3064778645833333 0.75 0.0448828125 0.0340283203125
1 0.5553385416666666 0.79833984375 0.045820312499999995 0.023466796875
1 0.2933528645833333 0.7212451171875 0.04830078125 0.029892578125
1 0.6142578125 0.273193359375 0.052167968749999995 0.0272216796875
1 0.2545572916666667 0.73193359375 0.042402343749999995 0.0321044921875
1 0.6822916666666666 0.34375 0.048665364583333336 0.0333251953125
1 0.6438802083333334 0.1976318359375 0.021282552083333333 0.042724609375
1 0.7311197916666666 0.4267578125 0.054772135416666666 0.0163427734375
1 0.22135416666666666 0.275634765625 0.021119791666666665 0.039794921875
1 0.5846354166666666 0.1842041015625 0.024720052083333333 0.0440966796875
1 0.5647786458333334 0.183349609375 0.02449869791666667 0.0420849609375
1 0.19498697916666666 0.227294921875 0.025696614583333333 0.043212890625
1 0.6233723958333334 0.186279296875 0.02056640625 0.0462939453125
1 0.7102864583333334 0.1767578125 0.052083333333333336 0.0348828125
1 0.26345052083333337 0.4047314453125 0.04464192708333333 0.0351220703125
1 0.28100260416666667 0.2790234375 0.02712239583333333 0.04052734375
1 0.4192708333333333 0.3046875 0.0376171875 0.0327783203125
1 0.6292317708333334 0.80029296875 0.052858072916666665 0.022109375
1 0.39427083333333335 0.77294921875 0.05444661458333333 0.016845703125
1 0.24565104166666665 0.6833251953125 0.055585937499999995 0.021181640625
1 0.27187500000000003 0.660966796875 0.03989583333333333 0.0389990234375
1 0.2895768229166667 0.6653369140625 0.041243489583333334 0.035634765625
1 0.31602864583333334 0.66970703125 0.022415364583333333 0.040341796875
1 0.31289062500000003 0.642138671875 0.052897135416666664 0.01748046875
1 0.3700455729166667 0.660126953125 0.03989583333333333 0.03462890625
1 0.28330078124999997 0.6922314453125 0.047513020833333336 0.0302587890625
1 0.29182291666666665 0.703662109375 0.04930989583333333 0.0302587890625
1 0.2940625 0.7399755859375 0.04482421875 0.032275390625
1 0.4173372395833333 0.7446826171875 0.0546875 0.018828125
1 0.3751953125 0.7053466796875 0.029583333333333333 0.0389990234375
1 0.3895442708333334 0.6976123046875 0.029583333333333333 0.0389990234375
1 0.4050065104166667 0.6821484375 0.02734375 0.040341796875
1 0.4520768229166667 0.6881982421875 0.044375 0.0336181640625
1 0.45678385416666667 0.67138671875 0.04213541666666667 0.032275390625
1 0.47538411458333335 0.6628173828125 0.03899739583333333 0.0359716796875
1 0.49197265625 0.7048388671875 0.03361979166666667 0.038662109375
1 0.5069856770833333 0.6950927734375 0.03317057291666667 0.0393359375
1 0.52267578125 0.6888720703125 0.03317057291666667 0.0396728515625
1 0.5421744791666666 0.7347607421875 0.031829427083333334 0.038662109375
1 0.579609375 0.7599755859375 0.04930989583333333 0.02521484375
1 0.6159179687499999 0.7623291015625 0.03765625 0.0373193359375
1 0.6549153645833333 0.7354345703125 0.03406901041666666 0.03798828125
1 0.5598828125 0.729384765625 0.034967447916666665 0.03798828125
1 0.5993294270833334 0.734091796875 0.04303385416666666 0.033955078125
1 0.5935026041666667 0.7194677734375 0.04393229166666667 0.0342919921875
1 0.6304817708333333 0.72064453125 0.030930989583333332 0.0393359375
1 0.5847591145833334 0.7068603515625 0.044375 0.03462890625
1 0.5742252604166667 0.693916015625 0.04393229166666667 0.03630859375
1 0.5605533854166667 0.683662109375 0.04168619791666667 0.0373193359375
1 0.6105338541666666 0.68298828125 0.026894531250000003 0.040009765625
1 0.6298111979166666 0.6833251953125 0.02869140625 0.0420263671875
1 0.6528971354166667 0.7031591796875 0.029134114583333332 0.0420263671875
1 0.70130859375 0.71626953125 0.05244791666666667 0.025888671875
1 0.6860677083333333 0.705009765625 0.05065104166666667 0.027568359375
1 0.6910026041666667 0.6858447265625 0.047070312499999996 0.0302587890625
1 0.6833789062500001 0.670546875 0.047070312499999996 0.0312646484375
1 0.6585026041666667 0.6675244140625 0.047513020833333336 0.0319384765625
1 0.7409830729166668 0.672734375 0.04930989583333333 0.0295849609375
1 0.7391861979166667 0.6549169921875 0.04930989583333333 0.0316015625
1 0.7268619791666667 0.6456689453125 0.047070312499999996 0.0319384765625
1 0.2622330729166667 0.6260009765625 0.05110026041666666 0.027568359375
1 0.22884114583333334 0.584482421875 0.03810546875 0.0393359375
1 0.24116536458333335 0.5979296875 0.035859375 0.0393359375
1 0.27344401041666666 0.61205078125 0.05199869791666667 0.021181640625
1 0.2788216145833333 0.5982666015625 0.0546875 0.0225244140625
1 0.31580078125 0.6007861328125 0.030032552083333334 0.0383251953125
1 0.34807942708333334 0.608857421875 0.04168619791666667 0.032275390625
1 0.37228515625 0.6386083984375 0.04886067708333333 0.0272314453125
1 0.39088541666666665 0.6298681640625 0.04841145833333333 0.029921875
1 0.40141927083333334 0.6181005859375 0.044375 0.0319384765625
1 0.44893880208333337 0.62095703125 0.053346354166666665 0.0161376953125
1 0.4827799479166666 0.633232421875 0.0179296875 0.0406787109375
1 0.4162109375 0.6044873046875 0.05244791666666667 0.022861328125
1 0.36600911458333335 0.59490234375 0.029134114583333332 0.040009765625
1 0.40119791666666665 0.5848193359375 0.052897135416666664 0.0171484375
1 0.4549869791666667 0.60044921875 0.050208333333333334 0.02689453125
1 0.25887369791666665 0.571201171875 0.03989583333333333 0.035634765625
1 0.27388671875 0.5636376953125 0.04213541666666667 0.033955078125
1 0.3061653645833333 0.5801123046875 0.05110026041666666 0.0285791015625
1 0.2519270833333333 0.5227880859375 0.056484375 0.0168115234375
1 0.27815104166666665 0.5431298828125 0.04886067708333333 0.0279052734375
1 0.3164778645833333 0.55994140625 0.055585937499999995 0.0225244140625
1 0.32701171875 0.543466796875 0.05244791666666667 0.0231982421875
1 0.34695963541666663 0.574228515625 0.03317057291666667 0.0389990234375
1 0.4525260416666667 0.5843115234375 0.04975911458333334 0.0221875
1 0.4926432291666667 0.6071728515625 0.03765625 0.035634765625
1 0.4964518229166666 0.5866650390625 0.045273437500000006 0.0302587890625
1 0.36354166666666665 0.53640625 0.03406901041666666 0.038662109375
1 0.37430338541666663 0.555234375 0.029583333333333333 0.040009765625
1 0.39178385416666667 0.55994140625 0.027792968749999997 0.0393359375
1 0.42405598958333335 0.5676708984375 0.052897135416666664 0.0205078125
1 0.42899088541666663 0.5520361328125 0.05199869791666667 0.0221875
1 0.400078125 0.5338818359375 0.046171875 0.0295849609375
1 0.47695312500000003 0.56548828125 0.04841145833333333 0.0295849609375
1 0.5128125 0.5787646484375 0.04662109375 0.0312646484375
1 0.5224544270833333 0.56498046875 0.04258463541666666 0.0326123046875
1 0.5417252604166667 0.560107421875 0.03899739583333333 0.0316015625
1 0.5596614583333334 0.593896484375 0.03989583333333333 0.0366455078125
1 0.57826171875 0.5880126953125 0.041243489583333334 0.036982421875
1 0.6143489583333334 0.5923828125 0.04886067708333333 0.027568359375
1 0.519765625 0.6471826171875 0.020169270833333332 0.04236328125
1 0.5383658854166666 0.667861328125 0.022415364583333333 0.0426953125
1 0.5298502604166667 0.60818359375 0.03944661458333334 0.03765625
1 0.54240234375 0.627177734375 0.026894531250000003 0.0406787109375
1 0.5592122395833333 0.6399560546875 0.025553385416666668 0.0426953125
1 0.57826171875 0.64029296875 0.026894531250000003 0.0420263671875
1 0.5921549479166667 0.6572705078125 0.027792968749999997 0.041689453125
1 0.6156901041666667 0.64583984375 0.025553385416666668 0.041015625
1 0.6363151041666667 0.6488623046875 0.02734375 0.040341796875
1 0.6511067708333333 0.638271484375 0.029134114583333332 0.0406787109375
1 0.6271223958333333 0.61373046875 0.053789062500000005 0.01580078125
1 0.6844986979166667 0.63642578125 0.053789062500000005 0.022861328125
1 0.7015364583333333 0.6256640625 0.052897135416666664 0.0248779296875
1 0.7394140625 0.6212939453125 0.05423828125 0.022861328125
1 0.7456901041666667 0.6071728515625 0.05423828125 0.0221875
1 0.6990690104166667 0.597763671875 0.031829427083333334 0.040341796875
1 0.7674283854166667 0.584482421875 0.04393229166666667 0.035302734375
1 0.7506184895833333 0.564140625 0.02286458333333333 0.040341796875
1 0.7308984375 0.578095703125 0.030930989583333332 0.0413525390625
1 0.7111718749999999 0.5802783203125 0.02734375 0.041015625
1 0.6665690104166667 0.6070068359375 0.027792968749999997 0.0406787109375
1 0.6533463541666666 0.587001953125 0.0264453125 0.041015625
1 0.63900390625 0.5722119140625 0.0282421875 0.041015625
1 0.60134765625 0.5696875 0.053346354166666665 0.0218505859375
1 0.5621223958333333 0.5496826171875 0.030481770833333335 0.0389990234375
1 0.606953125 0.55556640625 0.053789062500000005 0.0178173828125
1 0.6112109375 0.5392626953125 0.053346354166666665 0.01748046875
1 0.656484375 0.550859375 0.03899739583333333 0.0366455078125
1 0.6818098958333333 0.568681640625 0.038548177083333336 0.0373193359375
1 0.6701562499999999 0.536572265625 0.04303385416666666 0.03294921875
1 0.7017578125 0.542626953125 0.03810546875 0.03765625
1 0.7228255208333333 0.54111328125 0.03630859375 0.0373193359375
1 0.73291015625 0.5264892578125 0.035859375 0.0383251953125
1 0.7658593749999999 0.5407763671875 0.03810546875 0.0373193359375
1 0.7602604166666667 0.515390625 0.052897135416666664 0.0248779296875
1 0.7571223958333334 0.4935400390625 0.047513020833333336 0.03294921875
1 0.58767578125 0.524638671875 0.053789062500000005 0.0171484375
1 0.6880859375 0.5170751953125 0.0546875 0.014794921875
1 0.7154296875 0.49958984375 0.055585937499999995 0.0201708984375
1 0.7078125000000001 0.4859765625 0.053789062500000005 0.0225244140625
1 0.6983984375 0.4747119140625 0.055585937499999995 0.022861328125
1 0.65603515625 0.48462890625 0.047070312499999996 0.0326123046875
1 0.6446028645833334 0.498583984375 0.04393229166666667 0.0349658203125
1 0.6103125 0.498076171875 0.05065104166666667 0.0238720703125
1 0.60560546875 0.5118603515625 0.053789062500000005 0.024541015625
1 0.574453125 0.49623046875 0.02734375 0.040341796875
1 0.5538346354166667 0.5016064453125 0.023756510416666668 0.040341796875
1 0.5345572916666667 0.5054736328125 0.025553385416666668 0.0413525390625
1 0.5244726562500001 0.5380859375 0.05110026041666666 0.0238720703125
1 0.4608138020833333 0.5399365234375 0.03944661458333334 0.0342919921875
1 0.49667968749999997 0.5313623046875 0.05110026041666666 0.024541015625
1 0.42114583333333333 0.5259814453125 0.04258463541666666 0.033955078125
1 0.4276432291666667 0.5093408203125 0.04303385416666666 0.0309326171875
1 0.43257812500000004 0.4950537109375 0.04572265625 0.0285791015625
1 0.4379557291666667 0.4785791015625 0.04213541666666667 0.0326123046875
1 0.4800911458333333 0.517578125 0.052897135416666664 0.0178173828125
1 0.48255859375000004 0.5036279296875 0.053346354166666665 0.01748046875
1 0.4856966145833333 0.48849609375 0.056035156249999996 0.01748046875
1 0.4897265625 0.472529296875 0.05244791666666667 0.0225244140625
1 0.5204361979166666 0.48546875 0.026002604166666665 0.041015625
1 0.558984375 0.4740380859375 0.05110026041666666 0.022861328125
1 0.3036979166666667 0.5164013671875 0.05423828125 0.0168115234375
1 0.35569661458333335 0.5137109375 0.04975911458333334 0.0242041015625
1 0.38976562499999995 0.50009765625 0.021966145833333336 0.040009765625
1 0.22951171874999998 0.4804296875 0.024205729166666665 0.041015625
1 0.23713541666666668 0.44025390625 0.035859375 0.0406787109375
1 0.27837239583333334 0.4927001953125 0.04572265625 0.03328125
1 0.3050455729166667 0.4927001953125 0.03720703125 0.0366455078125
1 0.32790364583333337 0.493203125 0.03361979166666667 0.03765625
1 0.345390625 0.487822265625 0.03272135416666667 0.0383251953125
1 0.3642122395833333 0.4834521484375 0.031829427083333334 0.03765625
1 0.34651041666666665 0.4594140625 0.050208333333333334 0.0238720703125
1 0.34673177083333334 0.443447265625 0.05065104166666667 0.0255517578125
1 0.32544270833333333 0.4294921875 0.055585937499999995 0.0178173828125
1 0.36264322916666664 0.4212548828125 0.050208333333333334 0.0262255859375
1 0.24296223958333332 0.4005810546875 0.04572265625 0.03462890625
1 0.27658203124999997 0.4153759765625 0.04393229166666667 0.03462890625
1 0.29540364583333334 0.422265625 0.04482421875 0.0342919921875
1 0.3940234375 0.4740380859375 0.052897135416666664 0.018154296875
1 0.39626953125 0.4594140625 0.053789062500000005 0.01580078125
1 0.39470052083333335 0.4441162109375 0.053346354166666665 0.0161376953125
1 0.43078124999999995 0.4427734375 0.02151692708333333 0.0396728515625
1 0.41509114583333334 0.420751953125 0.041243489583333334 0.03462890625
1 0.45341796875 0.43 0.04168619791666667 0.0342919921875
1 0.4879361979166667 0.454541015625 0.05154947916666667 0.014794921875
1 0.5408333333333334 0.46025390625 0.053346354166666665 0.014794921875
1 0.59619140625 0.4693359375 0.034967447916666665 0.03630859375
1 0.61501953125 0.4649609375 0.03406901041666666 0.035634765625
1 0.62443359375 0.44966796875 0.04034505208333333 0.03462890625
1 0.6537955729166667 0.4563916015625 0.0282421875 0.040009765625
1 0.67396484375 0.4516845703125 0.02734375 0.0393359375
1 0.7082617187500001 0.4540380859375 0.052897135416666664 0.0265576171875
1 0.6972786458333333 0.416552734375 0.03989583333333333 0.0383251953125
1 0.6773307291666667 0.4110009765625 0.03406901041666666 0.040009765625
1 0.63900390625 0.419912109375 0.046171875 0.0342919921875
1 0.6208463541666667 0.426298828125 0.04572265625 0.0342919921875
1 0.5874544270833334 0.420751953125 0.04348307291666667 0.03328125
1 0.5587630208333333 0.4226025390625 0.047070312499999996 0.0302587890625
1 0.5757942708333333 0.44529296875 0.05244791666666667 0.01580078125
1 0.5220052083333333 0.4429443359375 0.053346354166666665 0.019833984375
1 0.49399088541666664 0.427138671875 0.0546875 0.0171484375
1 0.5260416666666666 0.416044921875 0.03541015625 0.038662109375
1 0.45296875 0.408818359375 0.04975911458333334 0.0302587890625
1 0.47090494791666665 0.401083984375 0.046171875 0.0295849609375
1 0.48434895833333336 0.3906640625 0.04886067708333333 0.0289111328125
1 0.5009375 0.381923828125 0.046171875 0.0289111328125
1 0.4538671875 0.363095703125 0.05065104166666667 0.0289111328125
1 0.43660807291666665 0.3723388671875 0.04841145833333333 0.030595703125
1 0.4173372395833333 0.3967138671875 0.04482421875 0.03294921875
1 0.4009700520833333 0.3856201171875 0.044375 0.0336181640625
1 0.3579427083333333 0.3753662109375 0.05244791666666667 0.0218505859375
1 0.3776627604166667 0.3659521484375 0.05513671875 0.0191650390625
1 0.75869140625 0.396884765625 0.047070312499999996 0.035302734375
1 0.7006380208333334 0.382763671875 0.047513020833333336 0.0319384765625
1 0.6607421875 0.39537109375 0.04841145833333333 0.0309326171875
1 0.6437109375 0.385283203125 0.04930989583333333 0.0295849609375
1 0.6594010416666667 0.355361328125 0.038548177083333336 0.03630859375
1 0.623984375 0.3281298828125 0.03765625 0.0389990234375
1 0.5849869791666666 0.33720703125 0.03406901041666666 0.0396728515625
1 0.5224544270833333 0.312666015625 0.05154947916666667 0.02689453125
1 0.555625 0.3995703125 0.053346354166666665 0.0205078125
1 0.5742252604166667 0.37267578125 0.041243489583333334 0.0373193359375
1 0.5446419270833334 0.3777197265625 0.04303385416666666 0.035302734375
1 0.5332096354166667 0.3657861328125 0.047070312499999996 0.0342919921875
1 0.62353515625 0.3012353515625 0.038548177083333336 0.0389990234375
1 0.6732942708333334 0.3045947265625 0.023307291666666664 0.04572265625
1 0.7093815104166666 0.3172021484375 0.02734375 0.0406787109375
1 0.21942708333333336 0.3578857421875 0.05154947916666667 0.0279052734375
1 0.22458333333333333 0.375029296875 0.04572265625 0.0319384765625
1 0.7434505208333334 0.177177734375 0.04886067708333333 0.03765625
1 0.7651888020833333 0.30392578125 0.04213541666666667 0.036982421875
1 0.7571223958333334 0.2650927734375 0.04393229166666667 0.038662109375
1 0.7297786458333334 0.21970703125 0.04930989583333333 0.03462890625
1 0.7102734375 0.2133203125 0.045273437500000006 0.03462890625
1 0.5858854166666666 0.242568359375 0.038548177083333336 0.0393359375
1 0.618828125 0.2319775390625 0.03899739583333333 0.03765625
