1 0.7653580729166666 0.5991015625 0.08489583333333334 0.03666015625
1 0.4049479166666667 0.422607421875 0.06372395833333333 0.04708984375
1 0.5634765625 0.463623046875 0.06949869791666667 0.0381787109375
1 0.771484375 0.397705078125 0.05814453125 0.055419921875
1 0.6712239583333334 0.397705078125 0.07723307291666666 0.029921875
1 0.23307291666666666 0.216064453125 0.062421874999999995 0.0513623046875
1 0.5325520833333334 0.392333984375 0.03574869791666666 0.0571923828125
1 0.5673828125 0.5693359375 0.05716796875 0.048310546875
1 0.2672526041666667 0.202880859375 0.05025390625 0.059541015625
1 0.685546875 0.434326171875 0.07291666666666667 0.042177734375
1 0.5667317708333334 0.5400390625 0.06229817708333333 0.0471484375
1 0.4905598958333333 0.23828125 0.0663671875 0.0496826171875
1 0.3059895833333333 0.6796875 0.04044921875 0.0574951171875
1 0.4378255208333333 0.389892578125 0.03318359375 0.0572802734375
1 0.3430989583333333 0.67431640625 0.04028645833333334 0.0564599609375
1 0.4267578125 0.595703125 0.041139322916666665 0.055419921875
1 0.6149088541666666 0.54541015625 0.03123046875 0.0574951171875
1 0.27392578125 0.7294921875 0.03005208333333333 0.0599658203125
1 0.3665364583333333 0.548828125 0.04984375 0.0521240234375
1 0.7076822916666666 0.96240234375 0.04740234375 0.06130859375
1 0.2851432291666667 0.7666015625 0.06995442708333334 0.042236328125
1 0.732421875 0.9580078125 0.0458984375 0.0586572265625
1 0.4153645833333333 0.5673828125 0.045820312499999995 0.053193359375
1 0.23291015625 0.77001953125 0.056236979166666666 0.0460205078125
1 0.22916666666666666 0.74609375 0.06001953125 0.0462060546875
1 0.3818359375 0.56982421875 0.04764973958333333 0.0533154296875
1 0.39095703125 0.6185595703125 0.05472005208333333 0.0556201171875
1 0.47915364583333336 0.5764404296875 0.049680989583333335 0.054541015625
1 0.6483528645833333 0.4279443359375 0.07416015625 0.0448193359375
1 0.36791666666666667 0.35234375 0.05759765625 0.0556201171875
