1 0.35529947916666665 0.479228515625 0.046334635416666665 0.0546533203125
1 0.2672526041666667 0.406494140625 0.062421874999999995 0.04779296875
1 0.4274088541666667 0.453369140625 0.06360026041666667 0.045869140625
1 0.4384765625 0.4775390625 0.06624348958333333 0.044677734375
1 0.4674479166666667 0.33984375 0.0692578125 0.0431201171875
1 0.3489583333333333 0.440185546875 0.072265625 0.03396484375
1 0.419921875 0.63330078125 0.04658854166666667 0.05349609375
1 0.8502604166666666 0.283447265625 0.08264322916666667 0.0364990234375
1 0.4593098958333333 0.361328125 0.072265625 0.0433642578125
1 0.3837890625 0.47314453125 0.03615234375 0.05560546875
1 0.3284505208333333 0.42578125 0.07255208333333334 0.0381787109375
1 0.34375 0.912109375 0.06551432291666666 0.0369873046875
1 0.6809895833333334 0.441650390625 0.042643229166666664 0.0551171875
1 0.7903645833333334 0.44580078125 0.06551432291666666 0.0531005859375
1 0.6500651041666666 0.2099609375 0.05611328125 0.056640625
1 0.6667838541666667 0.230126953125 0.0584375 0.0577587890625
1 0.28125 0.8828125 0.07348958333333333 0.027177734375
1 0.3912760416666667 0.63232421875 0.04764973958333333 0.052705078125
1 0.7259114583333334 0.40966796875 0.05716796875 0.0526123046875
1 0.7779947916666666 0.268310546875 0.060911458333333335 0.0555126953125
1 0.40234375 0.303466796875 0.050618489583333336 0.0538037109375
1 0.3795572916666667 0.91748046875 0.061158854166666665 0.0428173828125
1 0.3850911458333333 0.6640625 0.062421874999999995 0.0436083984375
1 0.2550455729166667 0.830078125 0.07430338541666666 0.0231005859375
1 0.7083333333333334 0.435791015625 0.04732421875 0.0569775390625
1 0.7838541666666666 0.393447265625 0.072265625 0.0478759765625
1 0.31982421875 0.82763671875 0.06205078125 0.04568359375
1 0.724609375 0.2330322265625 0.0409765625 0.0606396484375
1 0.2810872395833333 0.4580078125 0.07580729166666667 0.0227978515625
1 0.7056315104166666 0.250732421875 0.043164062499999996 0.058349609375
1 0.8255208333333334 0.25927734375 0.06901041666666667 0.0526123046875
1 0.31663411458333335 0.784306640625 0.07028645833333333 0.0343017578125
1 0.3798828125 0.328857421875 0.03533854166666667 0.058349609375
1 0.283203125 0.80859375 0.07348958333333333 0.025087890625
1 0.283203125 0.9013671875 0.07332682291666666 0.0268115234375
1 0.7552083333333334 0.230224609375 0.0415234375 0.0610986328125
1 0.7571614583333334 0.64892578125 0.04756510416666667 0.0551171875
1 0.3551432291666667 0.84765625 0.03350911458333333 0.05685546875
1 0.4114583333333333 0.361083984375 0.03153645833333333 0.059111328125
1 0.3870442708333333 0.75830078125 0.05147135416666667 0.0505078125
1 0.3782552083333333 0.88134765625 0.07255208333333334 0.0277392578125
1 0.3343098958333333 0.54638671875 0.07666015625 0.0215771484375
1 0.3450520833333333 0.73681640625 0.05781901041666667 0.0492236328125
1 0.2607421875 0.33349609375 0.07637369791666666 0.0234228515625
1 0.4684244791666667 0.435546875 0.038209635416666665 0.0564599609375
1 0.373046875 0.56298828125 0.05244791666666667 0.0505078125
1 0.8138020833333334 0.6396484375 0.05537760416666667 0.05685546875
1 0.2715104166666667 0.857421875 0.07708984375 0.0225830078125
1 0.3264973958333333 0.87353515625 0.03623697916666666 0.0548095703125
1 0.2882486979166667 0.7685546875 0.06697916666666666 0.052919921875
1 0.794921875 0.65771484375 0.051393229166666665 0.0577099609375
1 0.3753255208333333 0.7080078125 0.0546484375 0.049501953125
1 0.4404296875 0.2646484375 0.02902994791666667 0.059111328125
1 0.3505859375 0.525390625 0.07580729166666667 0.0206005859375
1 0.8346354166666666 0.681640625 0.05981770833333333 0.0531005859375
1 0.3206380208333333 0.74556640625 0.05879557291666667 0.0484130859375
1 0.7659700520833334 0.3777734375 0.07373046875 0.0470068359375
1 0.48806640625 0.325703125 0.06803385416666667 0.045595703125
1 0.28830729166666663 0.419248046875 0.06224609375 0.048857421875
1 0.77685546875 0.42703125 0.06658854166666667 0.0528369140625
