1 0.87109375 0.7490234375 0.07360677083333333 0.0428759765625
1 0.9134440104166667 0.697255859375 0.07655598958333333 0.04337890625
1 0.5712890625 0.2398681640625 0.06453776041666666 0.05072265625
1 0.3037109375 0.25390625 0.06660807291666666 0.0451953125
1 0.3017578125 0.3173828125 0.061608072916666666 0.047607421875
1 0.36464843750000003 0.4685693359375 0.056315104166666664 0.0492236328125
1 0.3929036458333333 0.416259765625 0.07173828125 0.0375390625
1 0.21473307291666666 0.436279296875 0.07302083333333333 0.035830078125
1 0.3308919270833333 0.283935546875 0.06978515625 0.0378125
1 0.4169921875 0.433349609375 0.07197916666666666 0.0286572265625
1 0.337890625 0.317138671875 0.0595703125 0.0474267578125
1 0.357421875 0.27197265625 0.07214192708333333 0.040009765625
1 0.21858723958333334 0.39892578125 0.043867187499999995 0.0548095703125
1 0.4397786458333333 0.6298828125 0.049765625 0.0537109375
1 0.41974609375 0.4797509765625 0.05416015625 0.050048828125
1 0.22151692708333334 0.45849609375 0.07279296875 0.0345458984375
1 0.3025716145833333 0.59716796875 0.05708984375 0.0479443359375
1 0.23974609375 0.38427734375 0.042402343749999995 0.0571923828125
1 0.54296875 0.295654296875 0.031171875 0.0614306640625
1 0.2503255208333333 0.61376953125 0.05814453125 0.047880859375
1 0.4371744791666667 0.265380859375 0.0336328125 0.0592041015625
1 0.29736328125 0.36474609375 0.04272786458333333 0.058134765625
1 0.39617838541666667 0.4697900390625 0.057011718749999996 0.0488818359375
1 0.2566731770833333 0.321044921875 0.07238932291666667 0.039794921875
1 0.3388671875 0.69873046875 0.06502604166666666 0.0440087890625
1 0.2683919270833333 0.37548828125 0.0336328125 0.0564599609375
1 0.3837890625 0.344482421875 0.029765625 0.0589013671875
1 0.4612630208333333 0.2939453125 0.0326953125 0.0596630859375
1 0.8216145833333334 0.66845703125 0.05684244791666667 0.052705078125
1 0.4645182291666667 0.44560546875 0.0332421875 0.0566455078125
1 0.2882486979166667 0.55615234375 0.06128255208333333 0.0423876953125
1 0.3430989583333333 0.4287109375 0.0326953125 0.0551171875
1 0.4876302083333333 0.307861328125 0.02938151041666667 0.0602099609375
1 0.2657877604166667 0.443115234375 0.0386328125 0.0551171875
1 0.357421875 0.36962890625 0.039388020833333336 0.0560302734375
1 0.3181966145833333 0.423828125 0.0312890625 0.055419921875
1 0.3401692708333333 0.65966796875 0.035279947916666665 0.0557275390625
1 0.25244140625 0.5556640625 0.06266276041666667 0.0455322265625
1 0.3668619791666667 0.61962890625 0.06034505208333333 0.044189453125
1 0.5286458333333334 0.253662109375 0.07751302083333333 0.02810546875
1 0.5072721354166666 0.45712890625 0.06654296875 0.0443017578125
1 0.5149739583333334 0.309326171875 0.028157552083333332 0.0596630859375
1 0.2628580729166667 0.646484375 0.07458333333333333 0.028486328125
1 0.3538411458333333 0.58642578125 0.06872395833333333 0.0303369140625
1 0.38654296875 0.544697265625 0.038489583333333334 0.0556982421875
1 0.2931315104166667 0.416259765625 0.030800781250000003 0.0544140625
1 0.3279622395833333 0.367431640625 0.040364583333333336 0.0546875
1 0.3336588541666667 0.5671533203125 0.07413411458333334 0.0276171875
1 0.42732421875 0.5149267578125 0.03900390625 0.056123046875
1 0.3707682291666667 0.67431640625 0.03513671875 0.0557275390625
1 0.3990885416666667 0.6787109375 0.03428385416666666 0.0571923828125
1 0.4549869791666667 0.51240234375 0.02910807291666667 0.0561181640625
1 0.4150390625 0.645703125 0.03560546875 0.054970703125
1 0.2657877604166667 0.59619140625 0.0546484375 0.045869140625
1 0.3681640625 0.73681640625 0.053834635416666665 0.0551171875
1 0.6991341145833333 0.5551123046875 0.08018880208333333 0.0330419921875
1 0.3883463541666667 0.82421875 0.034342447916666664 0.0552978515625
1 0.31526041666666665 0.70701171875 0.06717447916666668 0.0414892578125
1 0.8803059895833334 0.729873046875 0.0739453125 0.0448779296875
1 0.8944205729166667 0.71103515625 0.075078125 0.0427587890625
