1 0.5680338541666666 0.73388671875 0.03194010416666667 0.0589013671875
1 0.5940755208333334 0.74169921875 0.03005208333333333 0.0599658203125
1 0.625 0.7236328125 0.03989583333333333 0.0582275390625
1 0.4938151041666667 0.8642578125 0.029095052083333333 0.0596630859375
1 0.5764973958333334 0.87841796875 0.027467447916666665 0.060302734375
1 0.4137369791666667 0.939453125 0.0692578125 0.0318603515625
1 0.7194010416666666 0.927734375 0.029661458333333335 0.064638671875
1 0.5335286458333334 0.78466796875 0.07666015625 0.030625
1 0.5361328125 0.93310546875 0.07267578125 0.033720703125
1 0.4596354166666667 0.91015625 0.07014973958333333 0.038115234375
1 0.546875 0.88916015625 0.03244791666666667 0.0615234375
1 0.7493489583333334 0.93310546875 0.030638020833333335 0.06439453125
1 0.515625 0.8974609375 0.03930989583333334 0.059755859375
1 0.404296875 0.873046875 0.06384114583333333 0.0484033203125
1 0.7473958333333334 0.85888671875 0.06392578125 0.0549951171875
1 0.5192057291666666 0.73095703125 0.06966145833333333 0.0340283203125
1 0.48610026041666665 0.9463818359375 0.07038411458333334 0.045595703125
1 0.3587239583333333 0.55908203125 0.07214192708333333 0.0224609375
1 0.6533203125 0.70703125 0.056028645833333335 0.05203125
1 0.7447916666666666 0.308349609375 0.06949869791666667 0.0354931640625
1 0.48460286458333335 0.24037109375 0.050904947916666665 0.05224609375
1 0.5403645833333334 0.47015625 0.07036458333333333 0.0366259765625
1 0.5559895833333334 0.67578125 0.06811848958333333 0.0391259765625
1 0.4651692708333333 0.8234130859375 0.02921875 0.0611474609375
1 0.5109700520833333 0.697216796875 0.07184895833333334 0.04056640625
1 0.4811197916666667 0.65283203125 0.03369140625 0.0531005859375
1 0.390625 0.9140625 0.06913411458333334 0.0298779296875
1 0.6775390625000001 0.2889453125 0.07609375 0.0396435546875
1 0.5234375 0.76171875 0.074140625 0.0308544921875
1 0.3990885416666667 0.27392578125 0.052858072916666665 0.05126953125
1 0.7018229166666666 0.218017578125 0.07483072916666667 0.0348828125
1 0.19889322916666666 0.33984375 0.073203125 0.022841796875
1 0.5505403645833333 0.589140625 0.04078125 0.0556298828125
1 0.4501953125 0.1529541015625 0.03350911458333333 0.0579248046875
1 0.6214192708333334 0.3193359375 0.03029296875 0.057373046875
1 0.353515625 0.68310546875 0.07108723958333334 0.0309619140625
1 0.4104817708333333 0.51220703125 0.04419270833333333 0.05224609375
1 0.66173828125 0.53564453125 0.07546875 0.0232373046875
1 0.4967447916666667 0.1756591796875 0.03560546875 0.057587890625
1 0.697265625 0.198486328125 0.07267578125 0.0390625
1 0.3177083333333333 0.71484375 0.07014973958333333 0.028017578125
1 0.5758463541666666 0.9453125 0.07458333333333333 0.0367138671875
1 0.671875 0.8974609375 0.030638020833333335 0.060302734375
1 0.6052408854166667 0.3586279296875 0.046822916666666665 0.056064453125
1 0.5247786458333333 0.453984375 0.07186197916666666 0.0352197265625
1 0.50890625 0.5628955078125 0.035670572916666664 0.0576220703125
1 0.3548177083333333 0.324091796875 0.02931640625 0.0563818359375
1 0.17289713541666665 0.467041015625 0.07399088541666667 0.0234228515625
1 0.51953125 0.27685546875 0.053346354166666665 0.0542919921875
1 0.6435546875 0.4892578125 0.056966145833333336 0.0506005859375
1 0.736328125 0.61376953125 0.05981770833333333 0.0517578125
1 0.69921875 0.240478515625 0.071328125 0.0338427734375
1 0.19449869791666666 0.254150390625 0.07108723958333334 0.03396484375
1 0.4638671875 0.5458984375 0.07080078125 0.0335400390625
1 0.513671875 0.329345703125 0.028281249999999997 0.0567626953125
1 0.3668619791666667 0.271728515625 0.050904947916666665 0.0518505859375
1 0.5140559895833333 0.631748046875 0.04007161458333333 0.058046875
1 0.7584635416666666 0.2099609375 0.049765625 0.0509033203125
1 0.5674674479166667 0.50341796875 0.07216145833333333 0.0368994140625
1 0.14103515625 0.321044921875 0.06966145833333333 0.022978515625
1 0.4306640625 0.44384765625 0.06823567708333333 0.0283837890625
1 0.21321614583333334 0.318603515625 0.07255208333333334 0.02337890625
1 0.3369140625 0.60791015625 0.0712109375 0.026064453125
1 0.5833333333333334 0.5859375 0.03770182291666666 0.053193359375
1 0.4733072916666667 0.1666259765625 0.03609375 0.0577099609375
1 0.7630859375 0.261943359375 0.056276041666666665 0.0544140625
1 0.3929036458333333 0.323974609375 0.028157552083333332 0.0557275390625
1 0.7923177083333334 0.29345703125 0.05423828125 0.0545068359375
1 0.8125 0.27734375 0.05098307291666667 0.058564453125
1 0.69740234375 0.336513671875 0.07360677083333333 0.038544921875
1 0.7024739583333334 0.449462890625 0.053548177083333336 0.05154296875
1 0.3310546875 0.5390625 0.06901041666666667 0.0276953125
1 0.21354166666666666 0.281005859375 0.07307942708333333 0.0225390625
1 0.6829427083333334 0.265380859375 0.07186197916666666 0.0345458984375
1 0.3375651041666667 0.50244140625 0.05537760416666667 0.0496826171875
1 0.7037760416666666 0.61474609375 0.057701822916666666 0.05224609375
1 0.2724609375 0.60546875 0.043867187499999995 0.0477001953125
1 0.2690559895833333 0.43359375 0.07302083333333333 0.0275244140625
1 0.3165690104166667 0.6552734375 0.05147135416666667 0.05203125
1 0.6162109375 0.274169921875 0.05912109375 0.0445263671875
1 0.7643229166666666 0.78662109375 0.07238932291666667 0.0442822265625
1 0.7395833333333334 0.359619140625 0.07751302083333333 0.042236328125
1 0.26464192708333334 0.45166015625 0.07555338541666666 0.0288671875
1 0.7903645833333334 0.20947265625 0.052369791666666665 0.0533154296875
1 0.5654296875 0.384521484375 0.07145182291666667 0.03314453125
1 0.3694661458333333 0.66162109375 0.06811848958333333 0.0399462890625
1 0.42846354166666667 0.4882080078125 0.06159505208333333 0.043251953125
1 0.3577473958333333 0.7041015625 0.07145182291666667 0.0316162109375
1 0.6624348958333334 0.408935546875 0.07360677083333333 0.0333251953125
1 0.6927083333333334 0.5009765625 0.04837890625 0.051455078125
1 0.09375 0.335693359375 0.06949869791666667 0.029541015625
1 0.5598958333333334 0.35986328125 0.06913411458333334 0.0394287109375
1 0.3063151041666667 0.485107421875 0.06990885416666666 0.0283837890625
1 0.3811848958333333 0.58154296875 0.07108723958333334 0.0252685546875
1 0.3766276041666667 0.397705078125 0.06685546875 0.0316796875
1 0.5315755208333334 0.6640625 0.06465494791666666 0.03955078125
1 0.3675716145833334 0.4568017578125 0.07425130208333333 0.02748046875
1 0.6673177083333334 0.1876220703125 0.07002604166666666 0.041533203125
1 0.2830403645833333 0.64892578125 0.06404947916666666 0.0457763671875
1 0.24951171875 0.4697265625 0.07609375 0.028974609375
1 0.443359375 0.292236328125 0.061360677083333336 0.051455078125
1 0.3932291666666667 0.6416015625 0.05879557291666667 0.0475146484375
1 0.4150390625 0.55078125 0.06774739583333333 0.035888671875
1 0.4381510416666667 0.426513671875 0.06913411458333334 0.030107421875
1 0.725546875 0.5005615234375 0.05244791666666667 0.053154296875
1 0.74609375 0.5146484375 0.04984375 0.053984375
1 0.48828125 0.3828125 0.07568359375 0.0325927734375
1 0.58203125 0.41064453125 0.06978515625 0.0313720703125
1 0.4404296875 0.322021484375 0.061158854166666665 0.042236328125
1 0.2701822916666667 0.274169921875 0.06266276041666667 0.0411376953125
1 0.4944661458333333 0.51513671875 0.07430338541666666 0.034423828125
1 0.30859375 0.4052734375 0.05416015625 0.0469970703125
1 0.26440755208333333 0.3549462890625 0.05663411458333333 0.048818359375
1 0.4410807291666667 0.224365234375 0.07055989583333333 0.032900390625
1 0.5387369791666666 0.314208984375 0.03076171875 0.0618896484375
1 0.10911458333333333 0.302734375 0.07286458333333333 0.0310205078125
1 0.482421875 0.31005859375 0.032311197916666666 0.0586572265625
1 0.6416015625 0.43603515625 0.073203125 0.0334765625
1 0.20670572916666666 0.375244140625 0.06128255208333333 0.0403125
1 0.48653645833333337 0.4790966796875 0.05511067708333334 0.049228515625
1 0.50390625 0.39990234375 0.073203125 0.030732421875
1 0.3253580729166667 0.318115234375 0.034544270833333335 0.0592041015625
1 0.7679427083333333 0.330810546875 0.080234375 0.0239111328125
1 0.24560546875 0.6083984375 0.046061197916666664 0.05072265625
1 0.283203125 0.51318359375 0.06298828125 0.042177734375
1 0.279296875 0.3990966796875 0.061601562500000005 0.0451123046875
1 0.2587890625 0.326904296875 0.053144531249999995 0.051943359375
1 0.6354622395833334 0.45998046875 0.07128255208333333 0.0370458984375
1 0.23753255208333335 0.4967626953125 0.05319661458333333 0.0507861328125
1 0.287109375 0.6884765625 0.0712109375 0.0309130859375
1 0.19645833333333332 0.432861328125 0.0726953125 0.027802734375
1 0.2744140625 0.55615234375 0.02921875 0.04931640625
1 0.4508463541666667 0.346435546875 0.068359375 0.029814453125
1 0.15511067708333334 0.384033203125 0.055787760416666665 0.0486767578125
1 0.3772786458333333 0.5009765625 0.03029296875 0.0523388671875
1 0.3064778645833333 0.362060546875 0.06563151041666666 0.03607421875
1 0.6392643229166667 0.38203125 0.05636067708333333 0.051796875
1 0.4407552083333333 0.398193359375 0.06697916666666666 0.0389697265625
1 0.5706380208333334 0.436767578125 0.06477864583333333 0.0465380859375
1 0.5914713541666666 0.30126953125 0.03005208333333333 0.0638427734375
1 0.5016276041666666 0.442138671875 0.06901041666666667 0.030380859375
1 0.10677083333333333 0.2529296875 0.054361979166666664 0.0472412109375
1 0.46841145833333336 0.365498046875 0.07307942708333333 0.0305859375
1 0.30029296875 0.32080078125 0.03305989583333333 0.0528271484375
1 0.5048828125 0.419189453125 0.0692578125 0.02970703125
1 0.439453125 0.264892578125 0.06172526041666667 0.0559375
1 0.20961588541666668 0.39833984375 0.061848958333333336 0.04486328125
1 0.16284505208333333 0.28466796875 0.03159505208333333 0.0558154296875
1 0.3196614583333333 0.57421875 0.06416666666666666 0.0398583984375
1 0.3714192708333333 0.4306640625 0.0712109375 0.04123046875
1 0.7708333333333334 0.377197265625 0.06079427083333333 0.0542919921875
1 0.20979817708333334 0.300537109375 0.07108723958333334 0.02267578125
1 0.14298828125 0.25830078125 0.03466796875 0.053408203125
1 0.6973893229166667 0.384521484375 0.075078125 0.0298779296875
1 0.3958333333333333 0.364501953125 0.0751171875 0.0315576171875
1 0.3743489583333333 0.376953125 0.07348958333333333 0.0312060546875
1 0.09407552083333333 0.287353515625 0.07267578125 0.029921875
1 0.4166666666666667 0.6806640625 0.05444661458333333 0.04876953125
1 0.3379361979166667 0.4253857421875 0.06106119791666667 0.046572265625
1 0.6530338541666666 0.5556640625 0.07767578125 0.0227197265625
1 0.77734375 0.52001953125 0.04658854166666667 0.0530078125
1 0.15568359375 0.4443359375 0.07108723958333334 0.028486328125
1 0.15731119791666667 0.355712890625 0.056516927083333335 0.04486328125
1 0.12443359375 0.385498046875 0.05537760416666667 0.05072265625
1 0.56640625 0.321044921875 0.029440104166666665 0.052431640625
1 0.5416666666666666 0.5498046875 0.03615234375 0.05419921875
1 0.4244791666666667 0.8315185546875 0.06055338541666667 0.049423828125
1 0.4535677083333333 0.878271484375 0.06530598958333333 0.0503125
1 0.3814388020833333 0.8887353515625 0.07064453125 0.0347314453125
1 0.7536718750000001 0.59708984375 0.06708333333333334 0.0489794921875
1 0.46425781250000003 0.5254052734375 0.0688671875 0.0347314453125
1 0.45149088541666665 0.4775390625 0.06114583333333334 0.0467529296875
1 0.6649153645833333 0.499580078125 0.05461588541666667 0.0525390625
1 0.72072265625 0.4321240234375 0.05817708333333333 0.0529833984375
1 0.5476692708333334 0.4888916015625 0.06945963541666667 0.03740234375
1 0.6684830729166666 0.3484130859375 0.07005208333333333 0.0422998046875
1 0.5061067708333333 0.2562451171875 0.05877604166666667 0.053876953125
1 0.7370507812499999 0.254462890625 0.05521484375 0.0556591796875
1 0.7041015625 0.3012158203125 0.07598958333333333 0.0378466796875
1 0.24726562500000002 0.39494140625 0.05877604166666667 0.047197265625
