1 0.2983138020833333 0.8352392578125 0.06905598958333332 0.04189453125
1 0.3413802083333333 0.7922705078125 0.04522786458333333 0.0569677734375
1 0.4270833333333333 0.60595703125 0.05423828125 0.0494091796875
1 0.24951171875 0.7392578125 0.07214192708333333 0.032900390625
1 0.6888020833333334 0.466552734375 0.074140625 0.0359521484375
1 0.5237630208333334 0.52490234375 0.07360677083333333 0.03802734375
1 0.7161458333333334 0.260498046875 0.04911458333333333 0.059541015625
1 0.5065104166666666 0.486572265625 0.06205078125 0.045439453125
1 0.3655598958333333 0.6064453125 0.07458333333333333 0.026201171875
1 0.4694010416666667 0.5009765625 0.036705729166666666 0.05126953125
1 0.6302083333333334 0.72412109375 0.045286458333333335 0.0565478515625
1 0.6536458333333334 0.4404296875 0.07214192708333333 0.0335986328125
1 0.19938151041666666 0.323486328125 0.07238932291666667 0.03515625
1 0.6861979166666666 0.73974609375 0.049967447916666664 0.056123046875
1 0.7096354166666666 0.8046875 0.074140625 0.0378125
1 0.6103515625 0.755859375 0.05537760416666667 0.053193359375
1 0.466796875 0.404052734375 0.035078125 0.0569775390625
1 0.708984375 0.7197265625 0.03595052083333333 0.056337890625
1 0.3909505208333333 0.5439453125 0.07373046875 0.0266552734375
1 0.3841145833333333 0.5849609375 0.07161458333333333 0.025908203125
1 0.3870442708333333 0.56396484375 0.07238932291666667 0.0250390625
1 0.6684309895833334 0.4214208984375 0.07772786458333333 0.033193359375
1 0.4833984375 0.6494140625 0.039674479166666665 0.05685546875
1 0.4228515625 0.2880859375 0.07080078125 0.0372021484375
1 0.15120442708333334 0.431640625 0.07568359375 0.027802734375
1 0.7376302083333334 0.7490234375 0.045820312499999995 0.0579248046875
1 0.74609375 0.276123046875 0.047773437499999995 0.0592041015625
1 0.4541015625 0.318603515625 0.06746744791666666 0.044921875
1 0.6809895833333334 0.7705078125 0.0605859375 0.050322265625
1 0.4195963541666667 0.662109375 0.027727864583333334 0.0562451171875
