1 0.43761718749999995 0.4091796875 0.06596354166666667 0.0467236328125
1 0.4446614583333333 0.568359375 0.07983723958333333 0.0325341796875
1 0.28515625 0.43994140625 0.06697916666666666 0.041689453125
1 0.4111328125 0.485595703125 0.05814453125 0.04904296875
1 0.66986328125 0.58251953125 0.07934244791666667 0.02748046875
1 0.4270833333333333 0.4345703125 0.056764322916666665 0.04779296875
1 0.666015625 0.54736328125 0.04911458333333333 0.05349609375
1 0.3209635416666667 0.5400390625 0.07332682291666666 0.0290380859375
1 0.32275390625 0.560546875 0.07255208333333334 0.028486328125
1 0.7408854166666666 0.54296875 0.08069010416666667 0.02970703125
1 0.6432291666666666 0.75390625 0.04634765625 0.0569775390625
1 0.6705729166666666 0.603515625 0.07751302083333333 0.0267041015625
1 0.4313151041666667 0.5283203125 0.06722005208333333 0.041533203125
1 0.4586588541666667 0.6083984375 0.07552083333333333 0.031435546875
1 0.3473307291666667 0.52392578125 0.06551432291666666 0.0410791015625
1 0.4661458333333333 0.458740234375 0.05737630208333333 0.0484033203125
1 0.3870442708333333 0.454345703125 0.07401692708333334 0.021162109375
1 0.3736979166666667 0.491455078125 0.03501302083333333 0.0531005859375
1 0.7233072916666666 0.560546875 0.07893880208333333 0.02650390625
1 0.3269140625 0.58203125 0.07475911458333333 0.0285498046875
1 0.4029947916666667 0.81494140625 0.03163411458333334 0.0580126953125
1 0.4361979166666667 0.595703125 0.07983723958333333 0.031083984375
1 0.501953125 0.62353515625 0.04809895833333333 0.0518505859375
1 0.193359375 0.348876953125 0.06811848958333333 0.0391259765625
1 0.775390625 0.57373046875 0.06103515625 0.05251953125
1 0.37890625 0.80419921875 0.03318359375 0.057587890625
1 0.2869466145833333 0.59326171875 0.06888671875 0.0378125
1 0.3440755208333333 0.4796923828125 0.03236979166666667 0.0553662109375
1 0.4283854166666667 0.50390625 0.06294921875 0.0463232421875
1 0.42716145833333335 0.5544384765625 0.07055989583333333 0.0358251953125
