1 0.4303385416666667 0.71435546875 0.054361979166666664 0.022978515625
1 0.4264322916666667 0.6474609375 0.0546484375 0.0206005859375
1 0.6220703125 0.391357421875 0.05224609375 0.02595703125
1 0.6106770833333334 0.67041015625 0.04634765625 0.0362841796875
1 0.466796875 0.5556640625 0.05416015625 0.0180224609375
1 0.5270182291666666 0.6201171875 0.03953125 0.04123046875
1 0.5382877604166666 0.4638671875 0.05565755208333333 0.0152490234375
1 0.4345703125 0.332275390625 0.05195963541666667 0.026611328125
1 0.5283203125 0.54345703125 0.0448828125 0.0362841796875
1 0.48046875 0.52587890625 0.05054036458333333 0.029482421875
1 0.4736328125 0.365966796875 0.028378906250000002 0.0423291015625
1 0.3961588541666667 0.54298828125 0.051393229166666665 0.029208984375
1 0.6162109375 0.53271484375 0.030865885416666666 0.0413232421875
1 0.3958333333333333 0.360107421875 0.05497395833333333 0.022978515625
1 0.546875 0.6572265625 0.054850260416666664 0.0248876953125
1 0.4381510416666667 0.62548828125 0.053144531249999995 0.024931640625
1 0.5804036458333334 0.5361328125 0.053346354166666665 0.020693359375
1 0.5944010416666666 0.59716796875 0.05517578125 0.0192431640625
1 0.333984375 0.509765625 0.043378906249999995 0.0345458984375
1 0.5729166666666666 0.56494140625 0.05737630208333333 0.0205224609375
1 0.5830078125 0.42578125 0.03595052083333333 0.0390625
1 0.6005859375 0.76220703125 0.05098307291666667 0.0302734375
1 0.5498046875 0.681640625 0.04642578125 0.03634765625
1 0.4573567708333333 0.355224609375 0.027955729166666665 0.04177734375
1 0.4140625 0.6767578125 0.024212239583333333 0.0425732421875
1 0.419921875 0.734375 0.061848958333333336 0.0305029296875
1 0.5139973958333334 0.6328125 0.03486979166666667 0.0364404296875
1 0.4440104166666667 0.6943359375 0.052571614583333336 0.0320458984375
1 0.5081380208333334 0.53125 0.0409765625 0.0360107421875
1 0.6575520833333334 0.75537109375 0.043782552083333336 0.0406787109375
1 0.5813802083333334 0.5517578125 0.051595052083333336 0.019560546875
1 0.5113932291666666 0.75146484375 0.028483072916666668 0.0403125
1 0.5608723958333334 0.6044921875 0.041829427083333336 0.0348193359375
1 0.4775390625 0.7548828125 0.052571614583333336 0.027265625
1 0.3274739583333333 0.462646484375 0.03916666666666666 0.0379052734375
1 0.3824869791666667 0.5078125 0.05611328125 0.0163427734375
1 0.33432291666666664 0.533701171875 0.05514322916666667 0.0216796875
1 0.357421875 0.479248046875 0.059895833333333336 0.01646484375
1 0.3971354166666667 0.68798828125 0.023886718749999997 0.0428173828125
1 0.5751953125 0.50439453125 0.03257161458333333 0.0409228515625
1 0.4124348958333333 0.3232421875 0.053834635416666665 0.02630859375
1 0.5947265625 0.37158203125 0.03493489583333333 0.041689453125
1 0.3795572916666667 0.340087890625 0.053834635416666665 0.0227978515625
1 0.43359375 0.54345703125 0.03615234375 0.03802734375
1 0.4905598958333333 0.63134765625 0.03568359375 0.0389111328125
1 0.6331380208333334 0.599609375 0.02634765625 0.0420849609375
1 0.6416015625 0.69140625 0.036295572916666664 0.040771484375
1 0.4964192708333333 0.29443359375 0.04809895833333333 0.0376904296875
1 0.4768880208333333 0.465087890625 0.04272786458333333 0.0348828125
1 0.6233723958333334 0.359130859375 0.02317057291666667 0.0409228515625
1 0.4690755208333333 0.56884765625 0.055703125 0.01583984375
1 0.58984375 0.347900390625 0.03975260416666667 0.03802734375
1 0.4781901041666667 0.7685546875 0.053671875 0.0231494140625
1 0.6227473958333333 0.62646484375 0.05513020833333334 0.02630859375
1 0.3473307291666667 0.373291015625 0.040364583333333336 0.0391845703125
1 0.7200520833333334 0.76025390625 0.04028645833333334 0.0413818359375
1 0.4388020833333333 0.6083984375 0.054036458333333336 0.024384765625
1 0.6822916666666666 0.37890625 0.056028645833333335 0.02517578125
1 0.6588541666666666 0.333984375 0.027890625000000002 0.0416259765625
1 0.4850260416666667 0.7275390625 0.02272786458333333 0.042021484375
1 0.4664713541666667 0.3133837890625 0.0448828125 0.0364306640625
1 0.6585286458333334 0.402099609375 0.057493489583333335 0.017578125
1 0.48839843749999995 0.4854931640625 0.03892578125 0.0379150390625
1 0.5367838541666666 0.76171875 0.022805989583333335 0.0408349609375
1 0.4342447916666667 0.3607373046875 0.02634765625 0.0424951171875
1 0.58248046875 0.5830078125 0.05614583333333333 0.0173779296875
1 0.38307291666666665 0.371259765625 0.05552083333333333 0.024384765625
1 0.4977213541666667 0.381591796875 0.030579427083333333 0.043212890625
1 0.5110677083333334 0.363037109375 0.035279947916666665 0.0401025390625
1 0.5964713541666666 0.3166455078125 0.053593749999999996 0.0287646484375
1 0.3440755208333333 0.406982421875 0.054036458333333336 0.01751953125
1 0.5556640625 0.7724609375 0.021868489583333334 0.04443359375
1 0.5927734375 0.7412109375 0.053346354166666665 0.0315576171875
1 0.6790364583333334 0.36279296875 0.0508203125 0.027177734375
1 0.4918619791666667 0.25439453125 0.055585937499999995 0.0256201171875
1 0.3636067708333333 0.49365234375 0.059446614583333335 0.0156005859375
1 0.6419270833333334 0.3466796875 0.02580078125 0.0428173828125
1 0.3675130208333333 0.46435546875 0.055585937499999995 0.0165234375
1 0.4231770833333333 0.79638671875 0.043053385416666666 0.0345458984375
1 0.3841145833333333 0.5224609375 0.05611328125 0.0167236328125
1 0.498046875 0.27294921875 0.053671875 0.0267041015625
1 0.39453125 0.39013671875 0.05098307291666667 0.0191650390625
1 0.7233072916666666 0.6220703125 0.055703125 0.0225048828125
1 0.46875 0.2939453125 0.0448828125 0.030625
1 0.7701822916666666 0.4580078125 0.059244791666666664 0.02224609375
1 0.44526041666666666 0.7393115234375 0.052330729166666666 0.0321728515625
1 0.6200585937499999 0.6569482421875 0.0441796875 0.0379638671875
1 0.5467057291666667 0.61544921875 0.04332682291666667 0.0379638671875
1 0.37984375000000004 0.554482421875 0.053619791666666666 0.0286328125
1 0.5323372395833333 0.5580224609375 0.046328125 0.035712890625
