1 0.3948567708333333 0.348388671875 0.04614583333333333 0.0347607421875
1 0.4381510416666667 0.6279296875 0.03849609375 0.0367724609375
1 0.6158854166666666 0.609375 0.05293619791666667 0.0292529296875
1 0.3310546875 0.41484375 0.051106770833333336 0.032470703125
1 0.5667317708333334 0.63623046875 0.0449609375 0.0362841796875
1 0.5754557291666667 0.591796875 0.05056640625 0.030146484375
1 0.2791341145833333 0.44921875 0.04858723958333333 0.0330810546875
1 0.2986653645833333 0.440673828125 0.047486979166666665 0.033203125
1 0.4521484375 0.5625 0.0449609375 0.0292041015625
1 0.451171875 0.59130859375 0.03098307291666667 0.0401025390625
1 0.349609375 0.438720703125 0.053059895833333336 0.0215771484375
1 0.5647786458333334 0.681640625 0.052656249999999995 0.022890625
1 0.3064778645833333 0.421142578125 0.04074869791666667 0.0352197265625
1 0.5408138020833334 0.5015625 0.050696614583333334 0.03048828125
1 0.43359375 0.35009765625 0.022115885416666665 0.041474609375
1 0.27242838541666664 0.4063525390625 0.038977864583333334 0.0387451171875
1 0.3636067708333333 0.365234375 0.04642578125 0.0390625
1 0.5870377604166667 0.56923828125 0.05553385416666667 0.0221875
1 0.5055338541666666 0.580078125 0.053834635416666665 0.0232861328125
1 0.43255208333333334 0.55185546875 0.04125 0.0358740234375
1 0.3929036458333333 0.396240234375 0.0517578125 0.03216796875
1 0.5231119791666666 0.474365234375 0.054361979166666664 0.0234228515625
1 0.41640625000000003 0.707421875 0.05481770833333333 0.021923828125
1 0.5319010416666666 0.456298828125 0.056315104166666664 0.0212109375
1 0.4544270833333333 0.73095703125 0.0508203125 0.0281689453125
1 0.4495442708333333 0.71484375 0.048216145833333335 0.0298779296875
1 0.455078125 0.35205078125 0.02001953125 0.040771484375
1 0.3416731770833333 0.481689453125 0.05699869791666667 0.01876953125
1 0.3103841145833333 0.392578125 0.05326171875 0.01771484375
1 0.6025390625 0.432373046875 0.03188151041666667 0.0406787109375
1 0.5387369791666666 0.5537109375 0.043131510416666664 0.03705078125
1 0.5074869791666666 0.5294970703125 0.022220052083333334 0.041875
1 0.5192057291666666 0.331298828125 0.052734375 0.0285498046875
1 0.3519596354166667 0.454296875 0.055800781249999994 0.021728515625
1 0.6233723958333334 0.43310546875 0.031106770833333335 0.04177734375
1 0.5576171875 0.5400390625 0.03975260416666667 0.031494140625
1 0.6402994791666666 0.66943359375 0.04712239583333333 0.0374755859375
1 0.4518229166666667 0.4568798828125 0.028990885416666667 0.0412841796875
1 0.5032552083333334 0.5595703125 0.055703125 0.019013671875
1 0.3358072916666666 0.465087890625 0.0561328125 0.017578125
1 0.24918619791666666 0.3681640625 0.055703125 0.02365234375
1 0.5895182291666666 0.41796875 0.029661458333333335 0.0426318359375
1 0.5387369791666666 0.6904296875 0.052571614583333336 0.030439453125
1 0.314453125 0.37548828125 0.05395833333333333 0.02044921875
1 0.478515625 0.307861328125 0.056028645833333335 0.0180224609375
1 0.4925130208333333 0.364013671875 0.025065104166666668 0.0428759765625
1 0.3899739583333333 0.32373046875 0.053346354166666665 0.031142578125
1 0.5550130208333334 0.40869140625 0.048463541666666665 0.0347607421875
1 0.5218098958333334 0.310791015625 0.050416666666666665 0.0299853515625
1 0.5211588541666666 0.60498046875 0.02614583333333333 0.0423876953125
1 0.4225260416666667 0.456787109375 0.031106770833333335 0.0396435546875
1 0.5231119791666666 0.359130859375 0.0234375 0.0423876953125
1 0.5322265625 0.42724609375 0.054361979166666664 0.0204931640625
1 0.54837890625 0.4388671875 0.05419270833333333 0.020966796875
1 0.4440104166666667 0.323486328125 0.05444661458333333 0.016845703125
1 0.4143880208333333 0.60546875 0.022220052083333334 0.0425732421875
1 0.4453125 0.68115234375 0.025104166666666667 0.04193359375
1 0.5911458333333334 0.54345703125 0.04044921875 0.033720703125
1 0.2571614583333333 0.381103515625 0.052167968749999995 0.0219140625
1 0.4934895833333333 0.43212890625 0.033326822916666665 0.0399462890625
1 0.384765625 0.6728515625 0.022031250000000002 0.0432763671875
1 0.5055989583333333 0.2742724609375 0.038177083333333334 0.03994140625
1 0.6061197916666666 0.66650390625 0.026796874999999998 0.0420849609375
1 0.3828125 0.720703125 0.04472005208333333 0.03634765625
1 0.5230403645833334 0.4922900390625 0.05559895833333334 0.031787109375
1 0.6650390625 0.57568359375 0.022220052083333334 0.0423291015625
1 0.482421875 0.62451171875 0.055703125 0.0163427734375
1 0.423828125 0.67822265625 0.02370442708333333 0.042236328125
1 0.42240234374999996 0.30615234375 0.05553385416666667 0.0190576171875
1 0.5442708333333334 0.3525390625 0.022565104166666666 0.0452587890625
1 0.23779296875 0.354736328125 0.055703125 0.02427734375
1 0.33307291666666666 0.495458984375 0.057291666666666664 0.01986328125
1 0.6252604166666667 0.57470703125 0.022135416666666668 0.044150390625
1 0.3483072916666667 0.390869140625 0.02370442708333333 0.0413818359375
1 0.4752604166666667 0.37109375 0.02272786458333333 0.04248046875
1 0.404296875 0.68017578125 0.021868489583333334 0.0423876953125
1 0.6435546875 0.56298828125 0.0224609375 0.042021484375
1 0.4332682291666667 0.78564453125 0.04544921875 0.0348193359375
1 0.4781901041666667 0.272216796875 0.028867187500000002 0.0423291015625
1 0.5606705729166667 0.652138671875 0.04654296875 0.036435546875
1 0.73828125 0.6533203125 0.058268229166666664 0.0172412109375
1 0.5276692708333334 0.2421875 0.042643229166666664 0.03927734375
1 0.7447916666666666 0.72021484375 0.03770182291666666 0.0418408203125
1 0.25800130208333333 0.4550732421875 0.04792317708333333 0.0329541015625
1 0.3899739583333333 0.365478515625 0.03521484375 0.026552734375
1 0.4210221354166667 0.538388671875 0.04244140625 0.0355419921875
1 0.4644791666666667 0.7416943359375 0.05002604166666667 0.032001953125
1 0.5824348958333333 0.60611328125 0.051145833333333335 0.0317041015625
1 0.3661067708333334 0.41333984375 0.02244140625 0.043837890625
1 0.5164127604166667 0.2579443359375 0.039140625 0.0399267578125
