1 0.3815104166666667 0.267333984375 0.03098307291666667 0.0438525390625
1 0.5263671875 0.2734375 0.03293619791666667 0.0403759765625
1 0.5546875 0.27099609375 0.047200520833333336 0.0327783203125
1 0.3118489583333333 0.387451171875 0.038938802083333335 0.0379052734375
1 0.6803385416666666 0.2352587890625 0.031822916666666666 0.0418408203125
1 0.577109375 0.2171533203125 0.04564453125 0.036787109375
1 0.3212890625 0.275390625 0.054772135416666666 0.0299853515625
1 0.4635416666666667 0.309814453125 0.0317578125 0.0393359375
1 0.65060546875 0.3225732421875 0.04858723958333333 0.0362255859375
1 0.4182942708333333 0.2188720703125 0.051393229166666665 0.0249951171875
1 0.53943359375 0.2049755859375 0.04662109375 0.0362255859375
1 0.7730273437499999 0.2788427734375 0.04103515625 0.0374755859375
1 0.4371744791666667 0.265625 0.03194010416666667 0.0445849609375
1 0.4700520833333333 0.2115478515625 0.039674479166666665 0.0374755859375
1 0.3606770833333333 0.248046875 0.026549479166666667 0.0445263671875
1 0.4075520833333333 0.2314501953125 0.051679687499999995 0.02400390625
1 0.3460286458333333 0.5654296875 0.03159505208333333 0.04177734375
1 0.4697265625 0.27734375 0.047773437499999995 0.0320458984375
1 0.2673828125 0.3866650390625 0.038125 0.0403125
1 0.3616536458333333 0.2034912109375 0.029095052083333333 0.041533203125
1 0.2754296875 0.26611328125 0.04356770833333334 0.0372021484375
1 0.4915364583333333 0.3124267578125 0.0409765625 0.0386572265625
1 0.38675781249999996 0.5729638671875 0.035859375 0.038349609375
1 0.3880208333333333 0.66845703125 0.052369791666666665 0.0210400390625
1 0.5773046875 0.5837060546875 0.04317708333333333 0.0350244140625
1 0.3421223958333333 0.205322265625 0.028932291666666665 0.042177734375
1 0.3719791666666667 0.724970703125 0.05088541666666666 0.0297265625
1 0.2897135416666667 0.2218017578125 0.029440104166666665 0.0389697265625
1 0.6969856770833333 0.4125390625 0.05244791666666667 0.0281298828125
1 0.5094401041666666 0.459716796875 0.026080729166666667 0.0406787109375
1 0.7948046875 0.4709326171875 0.04811848958333333 0.0365625
1 0.7740885416666666 0.3622705078125 0.026490885416666665 0.041279296875
1 0.44921875 0.6064453125 0.0517578125 0.020693359375
1 0.36525390625 0.47705078125 0.047486979166666665 0.030107421875
1 0.24462890625 0.268310546875 0.05293619791666667 0.03265625
1 0.30712890625 0.21484375 0.028483072916666668 0.0399462890625
1 0.7389322916666666 0.48767578125 0.052858072916666665 0.030791015625
1 0.6341145833333334 0.228515625 0.021119791666666665 0.04248046875
1 0.3146158854166667 0.477783203125 0.050703124999999995 0.0313134765625
1 0.4145182291666667 0.4672900390625 0.04591145833333333 0.03291015625
1 0.44059895833333335 0.6565576171875 0.0410546875 0.0375390625
1 0.3688151041666667 0.595703125 0.023072916666666665 0.0406787109375
1 0.625 0.1964111328125 0.04830078125 0.0318017578125
1 0.5374348958333334 0.243408203125 0.054850260416666664 0.0186181640625
1 0.3277994791666667 0.343095703125 0.023886718749999997 0.04228515625
1 0.5741536458333333 0.39111328125 0.05472005208333333 0.0180517578125
1 0.701171875 0.51513671875 0.028444010416666665 0.04052734375
1 0.43359375 0.63134765625 0.060143229166666666 0.0212109375
1 0.2713216145833333 0.36328125 0.052369791666666665 0.0244775390625
1 0.6529947916666666 0.59384765625 0.024863281249999997 0.0399462890625
1 0.7742903645833333 0.4339892578125 0.056315104166666664 0.021455078125
1 0.431640625 0.49560546875 0.046061197916666664 0.030107421875
1 0.33065104166666665 0.597314453125 0.024720052083333333 0.0416650390625
1 0.25830078125 0.50390625 0.051881510416666665 0.024384765625
1 0.2994791666666667 0.720703125 0.053346354166666665 0.02140625
1 0.72806640625 0.2604052734375 0.05637369791666667 0.018720703125
1 0.24918619791666666 0.390380859375 0.03560546875 0.0390625
1 0.41317057291666665 0.559052734375 0.05240234375 0.0203466796875
1 0.7255013020833333 0.6298681640625 0.05533203125 0.02216796875
1 0.5813802083333334 0.1868896484375 0.053671875 0.0253759765625
1 0.4052734375 0.76611328125 0.054361979166666664 0.028212890625
1 0.7890625 0.319091796875 0.025735677083333335 0.0401025390625
1 0.29647135416666665 0.6721533203125 0.05423828125 0.0185400390625
1 0.3193359375 0.197265625 0.029544270833333334 0.044189453125
1 0.30712890625 0.3488427734375 0.02080078125 0.04125
1 0.3356119791666667 0.63623046875 0.024251302083333332 0.03732421875
1 0.3189778645833333 0.497509765625 0.04669270833333333 0.03044921875
1 0.26416015625 0.2119140625 0.029544270833333334 0.03927734375
1 0.5554947916666667 0.5473486328125 0.055325520833333336 0.0186474609375
1 0.33154296875 0.305908203125 0.02482421875 0.0406787109375
1 0.6803385416666666 0.75 0.042317708333333336 0.0343017578125
1 0.3220703125 0.731083984375 0.053574218750000006 0.0223583984375
1 0.25390625 0.480712890625 0.047936197916666666 0.033720703125
1 0.7565104166666666 0.55224609375 0.046263020833333335 0.0379052734375
1 0.5904947916666666 0.292724609375 0.05423828125 0.0172412109375
1 0.7062499999999999 0.5750634765625 0.054062500000000006 0.024658203125
1 0.43012369791666666 0.74609375 0.04791015625 0.0303369140625
1 0.6985677083333334 0.20990234375 0.052083333333333336 0.029375
1 0.5771028645833333 0.790693359375 0.032141927083333334 0.0400341796875
1 0.7936197916666666 0.357421875 0.026041666666666668 0.0389697265625
1 0.6278776041666666 0.486328125 0.0559765625 0.0173046875
1 0.3020833333333333 0.64453125 0.053834635416666665 0.0161572265625
1 0.4559114583333333 0.7427001953125 0.03716796875 0.0384033203125
1 0.5478515625 0.60302734375 0.028645833333333332 0.038818359375
1 0.26777994791666665 0.330244140625 0.05378255208333333 0.0225830078125
1 0.3838346354166667 0.3389306640625 0.05497395833333333 0.0171826171875
1 0.2747395833333333 0.424677734375 0.022565104166666666 0.04048828125
1 0.7629492187500001 0.2482373046875 0.05025390625 0.0325341796875
1 0.49173828124999996 0.5168359375 0.02025390625 0.0396533203125
1 0.6526888020833334 0.7418505859375 0.029296875 0.040703125
1 0.6002604166666666 0.776826171875 0.028378906250000002 0.041708984375
1 0.7201236979166666 0.2310791015625 0.05731119791666667 0.0191943359375
1 0.4778645833333333 0.7783203125 0.02449869791666667 0.0413818359375
1 0.278203125 0.5535302734375 0.05859375 0.0177783203125
1 0.4619466145833333 0.7147021484375 0.025735677083333335 0.0420263671875
1 0.4117838541666667 0.1827392578125 0.055703125 0.019560546875
1 0.5944010416666666 0.255615234375 0.025104166666666667 0.0428173828125
1 0.6353776041666667 0.734404296875 0.027220052083333335 0.0410791015625
1 0.36281901041666664 0.4978515625 0.053626302083333334 0.0190087890625
1 0.4000651041666667 0.513671875 0.052656249999999995 0.0147314453125
1 0.4137369791666667 0.5966796875 0.02072265625 0.04052734375
1 0.513671875 0.1834716796875 0.04512369791666667 0.0360107421875
1 0.3621484375 0.75630859375 0.053899739583333335 0.0239990234375
1 0.734375 0.5380859375 0.02449869791666667 0.0413818359375
1 0.2732747395833333 0.302490234375 0.0224609375 0.0425732421875
1 0.5007356770833333 0.250908203125 0.019602864583333334 0.042861328125
1 0.29296875 0.30908203125 0.020651041666666665 0.0408349609375
1 0.6695638020833333 0.5364404296875 0.05755859375 0.0168798828125
1 0.4586588541666667 0.245849609375 0.0414453125 0.04025390625
1 0.66015625 0.69921875 0.02080078125 0.038818359375
1 0.2501627604166667 0.2384326171875 0.025065104166666668 0.0410693359375
1 0.5420768229166667 0.7617333984375 0.04779296875 0.03533203125
1 0.2532552083333333 0.2998046875 0.023255208333333333 0.04296875
1 0.5133723958333333 0.6634228515625 0.050585937500000004 0.0277734375
1 0.21126302083333334 0.65966796875 0.0449609375 0.031982421875
1 0.4158203125 0.794306640625 0.05293619791666667 0.0283837890625
1 0.3528645833333333 0.1759033203125 0.05375 0.0204931640625
1 0.3118489583333333 0.7470703125 0.05347005208333333 0.018095703125
1 0.41662109374999995 0.1964111328125 0.05393880208333333 0.021484375
1 0.7268033854166666 0.6834130859375 0.05305338541666666 0.026806640625
1 0.5083463541666667 0.7961083984375 0.04733723958333333 0.0304150390625
1 0.6770833333333334 0.6586376953125 0.019941406249999998 0.0416259765625
1 0.595703125 0.1766357421875 0.051595052083333336 0.024521484375
1 0.697265625 0.71337890625 0.02072265625 0.04046875
1 0.6575520833333334 0.6592529296875 0.02080078125 0.0423876953125
1 0.5181119791666667 0.78294921875 0.045286458333333335 0.034326171875
1 0.23128255208333334 0.2314453125 0.02634765625 0.04193359375
1 0.67662109375 0.7183544921875 0.022955729166666664 0.04427734375
1 0.4833984375 0.73681640625 0.021035156250000003 0.0413232421875
1 0.6416015625 0.69677734375 0.021119791666666665 0.0423876953125
1 0.6607877604166666 0.77197265625 0.051881510416666665 0.0211181640625
1 0.6568294270833334 0.1940869140625 0.028424479166666666 0.0436328125
1 0.37422526041666665 0.7825341796875 0.041139322916666665 0.04025390625
1 0.6964127604166667 0.664873046875 0.019791666666666666 0.040712890625
1 0.4772135416666667 0.66845703125 0.01860677083333333 0.0391259765625
1 0.23421223958333334 0.351103515625 0.021790364583333333 0.04216796875
1 0.4899088541666667 0.80908203125 0.048828125 0.02400390625
1 0.6966145833333334 0.7822265625 0.0376171875 0.0376904296875
1 0.29248046875 0.1822509765625 0.031106770833333335 0.0383935546875
1 0.54181640625 0.8083154296875 0.03679036458333333 0.04029296875
1 0.30052083333333335 0.617802734375 0.05256510416666666 0.015126953125
1 0.8092447916666666 0.382080078125 0.025735677083333335 0.0406787109375
1 0.6015625 0.7080078125 0.020403645833333334 0.0408349609375
1 0.7038151041666666 0.752412109375 0.04515625 0.0349658203125
1 0.4547526041666667 0.7939453125 0.023619791666666667 0.0403125
1 0.3015234375 0.536298828125 0.05613932291666667 0.0203955078125
1 0.3615494791666667 0.353515625 0.05224609375 0.0158984375
1 0.5555924479166666 0.8177587890625 0.03611328125 0.0411572265625
1 0.2450520833333333 0.72509765625 0.05252604166666667 0.0178515625
1 0.6458333333333334 0.81494140625 0.02317057291666667 0.042724609375
1 0.4925130208333333 0.69580078125 0.05293619791666667 0.015126953125
1 0.25893880208333336 0.7392578125 0.05364583333333334 0.0167236328125
1 0.63517578125 0.78564453125 0.05276692708333333 0.019609375
1 0.62109375 0.81298828125 0.02056640625 0.040986328125
1 0.5595833333333333 0.6775390625 0.05534505208333334 0.0157373046875
1 0.2855078125 0.56689453125 0.054114583333333334 0.0182666015625
1 0.37070312499999997 0.70361328125 0.055585937499999995 0.0183740234375
1 0.35111328124999996 0.3820263671875 0.05328776041666666 0.018310546875
1 0.525078125 0.1960693359375 0.045501302083333334 0.036806640625
1 0.5520703125 0.2151416015625 0.04416666666666667 0.03814453125
1 0.5857486979166667 0.2313671875 0.04371744791666667 0.0378076171875
1 0.61630859375 0.232373046875 0.021861979166666667 0.044501953125
1 0.38482421875 0.745986328125 0.05609375 0.0225830078125
1 0.42895833333333333 0.7732080078125 0.05197265625 0.0262939453125
1 0.528359375 0.771044921875 0.04372395833333333 0.03248046875
1 0.55744140625 0.7531005859375 0.04743489583333333 0.033720703125
1 0.5733203125 0.7393359375 0.038769531249999996 0.0389794921875
1 0.5900260416666666 0.732373046875 0.04083333333333333 0.039287109375
1 0.5320703125 0.690302734375 0.05031901041666667 0.0300048828125
1 0.5557877604166667 0.71041015625 0.05320963541666667 0.0225830078125
1 0.52939453125 0.7328369140625 0.05320963541666667 0.0266015625
1 0.5126888020833333 0.71830078125 0.041243489583333334 0.038359375
1 0.7325260416666667 0.665244140625 0.053619791666666666 0.0281494140625
1 0.72943359375 0.648076171875 0.05320963541666667 0.029697265625
1 0.7300520833333333 0.613740234375 0.05609375 0.0197998046875
1 0.7180924479166667 0.5951806640625 0.060221354166666664 0.0216552734375
1 0.6828255208333333 0.61080078125 0.05485677083333334 0.023203125
1 0.6428190104166667 0.634619140625 0.034231770833333335 0.0399072265625
1 0.6191015625 0.617607421875 0.03794921875 0.039287109375
1 0.6147721354166666 0.6420458984375 0.03341145833333333 0.0399072265625
1 0.6267317708333333 0.6706591796875 0.045781249999999996 0.0346484375
1 0.59765625 0.6572021484375 0.025572916666666667 0.041142578125
1 0.5807421875 0.634775390625 0.03546875 0.0408349609375
1 0.5623893229166667 0.6629248046875 0.05485677083333334 0.01732421875
1 0.5133072916666667 0.6486962890625 0.05155598958333333 0.027841796875
1 0.5401171875 0.6434375 0.048255208333333334 0.0266015625
1 0.5415625000000001 0.62796875 0.05279296875 0.0266015625
1 0.44525390625 0.6191552734375 0.05320963541666667 0.0207275390625
1 0.4803125 0.6267333984375 0.03588541666666666 0.0389794921875
1 0.41679036458333335 0.6573583984375 0.04083333333333333 0.0358837890625
1 0.43040364583333335 0.681640625 0.05402994791666666 0.016396484375
1 0.4347330729166667 0.7099462890625 0.02227213541666667 0.0408349609375
1 0.4046223958333333 0.7224755859375 0.041243489583333334 0.0349560546875
1 0.400703125 0.692470703125 0.04990885416666666 0.027529296875
1 0.6203385416666667 0.71443359375 0.02227213541666667 0.0436181640625
1 0.3367708333333333 0.71072265625 0.05155598958333333 0.030625
1 0.24520833333333333 0.7060791015625 0.05320963541666667 0.025673828125
1 0.22705729166666666 0.6853515625 0.056503906250000006 0.0188720703125
1 0.2753190104166667 0.701748046875 0.05155598958333333 0.025673828125
1 0.2796484375 0.6872119140625 0.05197265625 0.025673828125
1 0.3518294270833333 0.6858203125 0.046197916666666665 0.0321728515625
1 0.329140625 0.6824169921875 0.04701822916666667 0.03279296875
1 0.309140625 0.66060546875 0.058157552083333335 0.0176318359375
1 0.37265624999999997 0.6398779296875 0.05402994791666666 0.018251953125
1 0.38441406250000004 0.6149755859375 0.04042317708333334 0.035263671875
1 0.26129557291666666 0.665400390625 0.0449609375 0.0340283203125
1 0.25263020833333333 0.6517919921875 0.04660807291666667 0.033408203125
1 0.24005208333333336 0.6429736328125 0.04701822916666667 0.033720703125
1 0.22602864583333335 0.6322998046875 0.0494921875 0.033408203125
1 0.26603515625 0.6228662109375 0.04537109375 0.0318603515625
1 0.2870703125 0.6027587890625 0.055266927083333334 0.0213427734375
1 0.26459635416666666 0.590849609375 0.04660807291666667 0.03279296875
1 0.2390234375 0.5883740234375 0.04743489583333333 0.0340283203125
1 0.3085221354166667 0.5787841796875 0.04537109375 0.03279296875
1 0.35059244791666666 0.602138671875 0.02392578125 0.0417626953125
1 0.61765625 0.5931689453125 0.04990885416666666 0.0318603515625
1 0.6997395833333333 0.5623876953125 0.05485677083333334 0.0266015625
1 0.6989127604166666 0.546767578125 0.05320963541666667 0.0269140625
1 0.6413736979166667 0.5702783203125 0.038769531249999996 0.037431640625
1 0.62611328125 0.5608447265625 0.038769531249999996 0.0377392578125
1 0.6077604166666667 0.5575927734375 0.03753255208333333 0.0368115234375
1 0.5883723958333333 0.5531103515625 0.04000651041666667 0.0389794921875
1 0.5343424479166666 0.575380859375 0.044134114583333335 0.0358837890625
1 0.5079427083333333 0.5778564453125 0.04083333333333333 0.0358837890625
1 0.45412109375 0.5911572265625 0.051145833333333335 0.0216552734375
1 0.4642252604166666 0.579091796875 0.05320963541666667 0.022890625
1 0.5003125 0.5605322265625 0.04537109375 0.0321728515625
1 0.4790755208333333 0.5557373046875 0.0449609375 0.03248046875
1 0.37533854166666664 0.5478515625 0.05197265625 0.0272216796875
1 0.37430989583333335 0.5336181640625 0.05073567708333334 0.0266015625
1 0.34935546875 0.52650390625 0.04784505208333333 0.031552734375
1 0.4415364583333334 0.5501708984375 0.05402994791666666 0.02505859375
1 0.4574153645833334 0.538876953125 0.051145833333333335 0.0222705078125
1 0.44236328125 0.519697265625 0.05485677083333334 0.0216552734375
1 0.5306315104166667 0.5368701171875 0.05320963541666667 0.0188720703125
1 0.5306315104166667 0.521865234375 0.05568359375 0.0167041015625
1 0.589609375 0.5288232421875 0.05485677083333334 0.01701171875
1 0.5832161458333334 0.51537109375 0.05444661458333333 0.0167041015625
1 0.6199283854166667 0.513046875 0.030520833333333334 0.0399072265625
1 0.6388997395833333 0.51150390625 0.03134765625 0.0386669921875
1 0.6586979166666667 0.5090283203125 0.029694010416666666 0.039287109375
1 0.6780859375 0.5090283203125 0.030520833333333334 0.039287109375
1 0.7704361979166667 0.5235595703125 0.05584635416666667 0.028046875
1 0.7672786458333333 0.5089892578125 0.05244791666666667 0.03095703125
1 0.7512565104166667 0.49806640625 0.05147786458333333 0.029501953125
1 0.7733528645833333 0.475302734375 0.04516276041666667 0.033505859375
1 0.7789322916666667 0.4479833984375 0.05633463541666667 0.0218505859375
1 0.73765625 0.4574560546875 0.0213671875 0.0415185546875
1 0.7184765624999999 0.466376953125 0.026712239583333335 0.0404296875
1 0.7002669270833333 0.469111328125 0.026223958333333335 0.040791015625
1 0.6815690104166667 0.473115234375 0.024765625 0.040791015625
1 0.66068359375 0.471474609375 0.030592447916666668 0.0411572265625
1 0.2967122395833333 0.501708984375 0.04370442708333333 0.034599609375
1 0.2440234375 0.45763671875 0.05098958333333333 0.0287744140625
1 0.247421875 0.4408837890625 0.04904947916666667 0.027314453125
1 0.27826171875 0.465283203125 0.02525390625 0.0389697265625
1 0.24791015625 0.417392578125 0.03641927083333333 0.0378759765625
1 0.371015625 0.460185546875 0.03884765625 0.034599609375
1 0.3722265625 0.4392431640625 0.04224609375 0.035693359375
1 0.42273437500000005 0.4549072265625 0.04516276041666667 0.030595703125
1 0.31613932291666663 0.460185546875 0.04953125 0.028046875
1 0.3273111979166667 0.4490771484375 0.05050130208333333 0.0262255859375
1 0.29404296874999997 0.4257666015625 0.02185546875 0.0415185546875
1 0.3290104166666667 0.4352392578125 0.053906249999999996 0.024765625
1 0.32706380208333335 0.4190283203125 0.052929687499999996 0.024404296875
1 0.29283203125 0.3884375 0.03787760416666667 0.0375146484375
1 0.27146484375 0.3467333984375 0.0573046875 0.023310546875
1 0.33896484374999997 0.369677734375 0.054388020833333335 0.01748046875
1 0.3542578125 0.4113818359375 0.054876302083333335 0.0251318359375
1 0.36834635416666667 0.3988134765625 0.053906249999999996 0.0189404296875
1 0.39408203124999996 0.4164794921875 0.0393359375 0.0360595703125
1 0.41083333333333333 0.4221240234375 0.03981770833333333 0.0371484375
1 0.43827473958333335 0.4150244140625 0.022825520833333335 0.041884765625
1 0.4516276041666667 0.4361474609375 0.03690755208333333 0.0382421875
1 0.4678971354166667 0.4448876953125 0.034479166666666665 0.0375146484375
1 0.48974609375 0.4605517578125 0.024765625 0.041884765625
1 0.5269010416666667 0.45763671875 0.026223958333333335 0.0404296875
1 0.45866536458333335 0.477666015625 0.04224609375 0.0353271484375
1 0.47590494791666665 0.4951513671875 0.024283854166666664 0.0404296875
1 0.5086848958333333 0.49697265625 0.027682291666666668 0.0389697265625
1 0.5269010416666667 0.494970703125 0.027194010416666668 0.0378759765625
1 0.5475390625 0.4946044921875 0.025735677083333335 0.0415185546875
1 0.5655078125 0.4904150390625 0.02865234375 0.0411572265625
1 0.5849283854166667 0.4858642578125 0.026712239583333335 0.0400634765625
1 0.62013671875 0.47111328125 0.0573046875 0.0193017578125
1 0.6174674479166666 0.4580029296875 0.05584635416666667 0.01857421875
1 0.6045963541666667 0.4459814453125 0.054388020833333335 0.0229443359375
1 0.5977994791666666 0.432685546875 0.05535807291666667 0.0218505859375
1 0.5902734374999999 0.4195751953125 0.05584635416666667 0.0189404296875
1 0.5839583333333334 0.405009765625 0.054876302083333335 0.016025390625
1 0.63931640625 0.43287109375 0.034479166666666665 0.0389697265625
1 0.6674869791666667 0.4345068359375 0.0325390625 0.040791015625
1 0.7264908854166667 0.4314111328125 0.04953125 0.0302294921875
1 0.7034244791666667 0.4263134765625 0.05098958333333333 0.029501953125
1 0.6730729166666666 0.403916015625 0.054388020833333335 0.023310546875
1 0.7823372395833333 0.41666015625 0.0573046875 0.0203955078125
1 0.7711653645833333 0.4057373046875 0.054388020833333335 0.0225830078125
1 0.7714062500000001 0.3895263671875 0.05584635416666667 0.0251318359375
1 0.7245442708333334 0.39517578125 0.04176432291666667 0.0364208984375
1 0.728671875 0.3756884765625 0.04030598958333333 0.0375146484375
1 0.7534375 0.3607568359375 0.023795572916666664 0.041884765625
1 0.7680078125 0.3217822265625 0.024765625 0.0426123046875
1 0.7476106770833333 0.3248779296875 0.026712239583333335 0.0422509765625
1 0.7272135416666666 0.3223291015625 0.027682291666666668 0.0422509765625
1 0.7192057291666667 0.3496484375 0.053417968749999996 0.024765625
1 0.6951627604166667 0.372412109375 0.02865234375 0.0426123046875
1 0.6672395833333334 0.3545654296875 0.05535807291666667 0.0193017578125
1 0.6699153645833333 0.379150390625 0.035449218750000004 0.0393359375
1 0.6619010416666666 0.333623046875 0.04662109375 0.03423828125
1 0.69322265625 0.3287060546875 0.05001953125 0.0324169921875
1 0.6451497395833333 0.382607421875 0.03739583333333333 0.039697265625
1 0.6240234375 0.3833349609375 0.03787760416666667 0.0404296875
1 0.6155208333333334 0.364033203125 0.03836588541666667 0.0389697265625
1 0.5890559895833333 0.36203125 0.03302083333333333 0.0415185546875
1 0.6011979166666667 0.32724609375 0.054388020833333335 0.023671875
1 0.5681770833333334 0.311767578125 0.053417968749999996 0.0254931640625
1 0.5710872395833334 0.3469140625 0.04662109375 0.0316845703125
1 0.5536067708333333 0.33671875 0.04565104166666667 0.0338720703125
1 0.5225260416666667 0.3405419921875 0.04565104166666667 0.0327783203125
1 0.5480208333333333 0.3716796875 0.052929687499999996 0.0200341796875
1 0.5426822916666666 0.4000927734375 0.0325390625 0.039697265625
1 0.5232552083333334 0.413203125 0.024765625 0.0411572265625
1 0.49460286458333336 0.4261328125 0.05001953125 0.030595703125
1 0.5026171875 0.3953564453125 0.03787760416666667 0.0382421875
1 0.5135416666666667 0.36548828125 0.04807942708333333 0.0302294921875
1 0.47882161458333333 0.396630859375 0.04079427083333333 0.0364208984375
1 0.47979166666666667 0.3722265625 0.03981770833333333 0.0386083984375
1 0.4487109375 0.383154296875 0.03205078125 0.040791015625
1 0.39068359375 0.3798779296875 0.0393359375 0.0386083984375
1 0.42054687500000004 0.3694970703125 0.03787760416666667 0.0382421875
1 0.4494401041666667 0.3538330078125 0.03739583333333333 0.0389697265625
1 0.41059244791666666 0.3549267578125 0.04322265625 0.0375146484375
1 0.45502604166666666 0.3334375 0.04662109375 0.028046875
1 0.40524739583333336 0.3261572265625 0.05195963541666667 0.0229443359375
1 0.3506184895833333 0.32724609375 0.031080729166666668 0.0411572265625
1 0.3583854166666667 0.2990185546875 0.04759114583333333 0.0313232421875
1 0.36615885416666666 0.282265625 0.04565104166666667 0.035693359375
1 0.40524739583333336 0.3088525390625 0.05195963541666667 0.0276806640625
1 0.406953125 0.27662109375 0.035937500000000004 0.041884765625
1 0.43123046875 0.30302734375 0.04759114583333333 0.03205078125
1 0.49751953125000004 0.2951953125 0.0393359375 0.0375146484375
1 0.51888671875 0.2928271484375 0.035449218750000004 0.0386083984375
1 0.6412630208333333 0.308125 0.04807942708333333 0.03423828125
1 0.627421875 0.298291015625 0.04759114583333333 0.035693359375
1 0.6614127604166666 0.2287255859375 0.034967447916666665 0.04443359375
1 0.6441731770833333 0.2675146484375 0.05001953125 0.03314453125
1 0.6694270833333333 0.2706103515625 0.052929687499999996 0.0313232421875
1 0.68423828125 0.2809912109375 0.05244791666666667 0.03095703125
1 0.6912825520833333 0.2941015625 0.04904947916666667 0.0302294921875
1 0.7039062500000001 0.30521484375 0.04904947916666667 0.0313232421875
1 0.73134765625 0.2860888671875 0.03981770833333333 0.036787109375
1 0.7548958333333333 0.2842724609375 0.03836588541666667 0.036787109375
1 0.7107031250000001 0.247119140625 0.05681640625 0.0200341796875
1 0.45526692708333333 0.2185302734375 0.04322265625 0.0371484375
1 0.404765625 0.2467578125 0.05001953125 0.023671875
1 0.37951171874999995 0.20013671875 0.026712239583333335 0.04333984375
1 0.2836002604166667 0.246025390625 0.05050130208333333 0.0287744140625
1 0.32415364583333334 0.2540380859375 0.0461328125 0.0360595703125
1 0.3341080729166667 0.2345556640625 0.030110677083333332 0.0393359375
1 0.31201171875 0.308125 0.024765625 0.042978515625
