1 0.4319661458333333 0.5205078125 0.06611979166666666 0.04177734375
1 0.3111393229166667 0.495517578125 0.0507421875 0.0536572265625
1 0.3587239583333333 0.479248046875 0.05033203125 0.051455078125
1 0.3313802083333333 0.48095703125 0.051106770833333336 0.0513623046875
1 0.5804036458333334 0.66357421875 0.06026041666666667 0.048310546875
1 0.2666015625 0.51513671875 0.04740234375 0.05154296875
1 0.2540690104166667 0.732421875 0.06685546875 0.0391259765625
1 0.3282877604166667 0.3671875 0.04463541666666667 0.0557275390625
1 0.4000651041666667 0.68212890625 0.0312890625 0.05685546875
1 0.3046875 0.375732421875 0.04764973958333333 0.0531005859375
1 0.3623046875 0.374267578125 0.04463541666666667 0.0537109375
1 0.27197265625 0.249755859375 0.06286458333333333 0.04931640625
1 0.4280598958333333 0.6875 0.03029296875 0.057587890625
1 0.28369140625 0.49951171875 0.045820312499999995 0.0498681640625
1 0.4192708333333333 0.412841796875 0.07108723958333334 0.03662109375
1 0.376953125 0.46240234375 0.04837890625 0.050048828125
1 0.3369140625 0.53125 0.07173828125 0.0300439453125
1 0.22923828125 0.500888671875 0.034824218750000004 0.0559423828125
1 0.4016927083333333 0.456298828125 0.0508203125 0.0545947265625
1 0.3525390625 0.63525390625 0.05126953125 0.0501416015625
1 0.2869466145833333 0.62353515625 0.07291666666666667 0.03607421875
1 0.4778645833333333 0.7802734375 0.04044921875 0.0562451171875
1 0.4098307291666667 0.345947265625 0.048463541666666665 0.056640625
1 0.3017578125 0.64453125 0.06372395833333333 0.042021484375
1 0.3916015625 0.73681640625 0.06624348958333333 0.0413818359375
1 0.5146484375 0.74609375 0.061608072916666666 0.05072265625
1 0.775390625 0.38427734375 0.052167968749999995 0.0574951171875
1 0.3118489583333333 0.2734375 0.043619791666666664 0.0579248046875
1 0.3863932291666667 0.33447265625 0.04911458333333333 0.056337890625
1 0.3214518229166667 0.73193359375 0.05981770833333333 0.048125
1 0.3740234375 0.7051953125 0.0303515625 0.0578125
1 0.2571614583333333 0.70068359375 0.04830078125 0.05349609375
1 0.3307291666666667 0.67431640625 0.06685546875 0.039794921875
1 0.3515625 0.28076171875 0.03389322916666667 0.0580126953125
1 0.283203125 0.6025390625 0.06901041666666667 0.0359521484375
1 0.3727213541666667 0.7939453125 0.027161458333333333 0.059326171875
1 0.6875 0.441162109375 0.0644140625 0.046904296875
1 0.3541666666666667 0.55126953125 0.07307942708333333 0.02365234375
1 0.5537109375 0.73779296875 0.061158854166666665 0.0477001953125
1 0.44921875 0.767578125 0.02854166666666667 0.058349609375
1 0.23876953125 0.298095703125 0.0415234375 0.057802734375
1 0.2683919270833333 0.30029296875 0.04028645833333334 0.0579248046875
1 0.3977864583333333 0.775390625 0.026998697916666665 0.0560302734375
1 0.23893229166666666 0.638671875 0.03989583333333333 0.0544140625
1 0.49609375 0.80712890625 0.06034505208333333 0.047880859375
1 0.376953125 0.30712890625 0.05611328125 0.0528271484375
1 0.3299739583333333 0.5934912109375 0.05054036458333333 0.05328125
1 0.2569986979166667 0.59228515625 0.0712109375 0.0379052734375
1 0.3359375 0.2362060546875 0.03416015625 0.057373046875
1 0.29833984375 0.304443359375 0.039388020833333336 0.0574951171875
1 0.4235026041666667 0.77001953125 0.026894531250000003 0.058349609375
1 0.6438802083333334 0.7529296875 0.07401692708333334 0.032470703125
1 0.6373697916666666 0.60595703125 0.06611979166666666 0.0426318359375
1 0.3720703125 0.8974609375 0.036295572916666664 0.0598779296875
1 0.4007161458333333 0.89208984375 0.037923177083333336 0.0577099609375
1 0.4768880208333333 0.896484375 0.03123046875 0.06076171875
1 0.416015625 0.919921875 0.0370703125 0.058349609375
1 0.6580729166666667 0.6201806640625 0.07055989583333333 0.0448193359375
1 0.3221940104166667 0.6930810546875 0.06695963541666666 0.0394189453125
1 0.2768359375 0.688759765625 0.046796874999999995 0.0523779296875
