1 0.24886067708333334 0.7353515625 0.071328125 0.0305029296875
1 0.4768880208333333 0.5576171875 0.056764322916666665 0.0486767578125
1 0.2099609375 0.3203125 0.0712109375 0.0334765625
1 0.4466145833333333 0.326904296875 0.07307942708333333 0.033662109375
1 0.4358723958333333 0.348388671875 0.073203125 0.032412109375
1 0.4108072916666667 0.54248046875 0.0546484375 0.050322265625
1 0.44140625 0.277587890625 0.06888671875 0.0430322265625
1 0.5348307291666666 0.591796875 0.051393229166666665 0.0544140625
1 0.5322265625 0.55224609375 0.05244791666666667 0.0521240234375
1 0.4219791666666666 0.2989599609375 0.07630208333333334 0.0355517578125
1 0.8252604166666666 0.58154296875 0.08407552083333332 0.0283837890625
1 0.4020182291666667 0.384033203125 0.048951822916666665 0.0557275390625
1 0.66796875 0.4619140625 0.07678385416666667 0.0283837890625
1 0.4983723958333333 0.379150390625 0.044798177083333335 0.0559375
1 0.4498697916666667 0.58837890625 0.06404947916666666 0.043701171875
1 0.3772786458333333 0.5419921875 0.054361979166666664 0.0499560546875
1 0.4534505208333333 0.52001953125 0.05879557291666667 0.04779296875
1 0.8007161458333334 0.6123046875 0.0821484375 0.0283837890625
1 0.7135416666666666 0.254150390625 0.04520833333333333 0.0609765625
1 0.4108072916666667 0.41015625 0.04830078125 0.0557275390625
1 0.3453776041666667 0.372314453125 0.034016927083333336 0.056640625
1 0.3704427083333333 0.362060546875 0.030397135416666665 0.0559375
1 0.4501953125 0.3916015625 0.03159505208333333 0.0557275390625
1 0.5699869791666666 0.5517578125 0.050904947916666665 0.0526123046875
1 0.4654947916666667 0.25439453125 0.06490234375 0.0489501953125
1 0.5022786458333334 0.6044921875 0.03147135416666667 0.0562451171875
1 0.4827473958333333 0.404052734375 0.039674479166666665 0.0564599609375
1 0.6422526041666666 0.63720703125 0.07002604166666666 0.0403125
1 0.30029296875 0.83349609375 0.06229817708333333 0.04486328125
1 0.43634114583333333 0.5349169921875 0.05870442708333334 0.0512255859375
