1 0.3668619791666667 0.45556640625 0.061360677083333336 0.0486767578125
1 0.3172200520833333 0.32080078125 0.0644140625 0.05251953125
1 0.3006184895833333 0.4248046875 0.058268229166666664 0.0516650390625
1 0.3359375 0.423828125 0.055703125 0.0494091796875
1 0.4652278645833334 0.479443359375 0.06377604166666666 0.0441455078125
1 0.28076171875 0.320068359375 0.0625390625 0.05072265625
1 0.3746744791666667 0.6279296875 0.05859375 0.0498681640625
1 0.3688151041666667 0.498291015625 0.07214192708333333 0.0222021484375
1 0.4033203125 0.4560546875 0.05054036458333333 0.0537109375
1 0.5999348958333334 0.466064453125 0.03609375 0.05419921875
1 0.5309244791666666 0.488525390625 0.048665364583333336 0.0523388671875
1 0.4365234375 0.27734375 0.07348958333333333 0.0378125
1 0.3740234375 0.41845703125 0.06600260416666666 0.04296875
1 0.4329427083333333 0.45556640625 0.04809895833333333 0.0549951171875
1 0.5120442708333334 0.52783203125 0.07092447916666667 0.0386962890625
1 0.24658203125 0.37890625 0.053059895833333336 0.05419921875
1 0.3408203125 0.278564453125 0.06949869791666667 0.0453515625
1 0.29443359375 0.36669921875 0.051595052083333336 0.0565478515625
1 0.4993489583333333 0.48583984375 0.05537760416666667 0.0510888671875
1 0.3671875 0.376708984375 0.03877604166666667 0.055205078125
1 0.5579427083333334 0.55078125 0.07373046875 0.0301513671875
1 0.22037760416666666 0.42431640625 0.07348958333333333 0.0266552734375
1 0.22347005208333334 0.389892578125 0.05444661458333333 0.05251953125
1 0.6494140625 0.5126953125 0.042154947916666664 0.056337890625
1 0.23160807291666666 0.4462890625 0.07458333333333333 0.02365234375
1 0.396484375 0.38232421875 0.03735677083333334 0.059755859375
1 0.5198567708333334 0.255615234375 0.06465494791666666 0.047607421875
1 0.6770833333333334 0.52001953125 0.04642578125 0.05490234375
1 0.4397786458333333 0.31884765625 0.03466796875 0.0577099609375
1 0.5618489583333334 0.489501953125 0.04565755208333333 0.0535888671875
1 0.3346354166666667 0.36865234375 0.043782552083333336 0.056123046875
1 0.623046875 0.495849609375 0.03481119791666667 0.0551171875
1 0.5576171875 0.2529296875 0.06734375 0.04779296875
1 0.7174479166666666 0.453125 0.048665364583333336 0.0560302734375
1 0.3006184895833333 0.251953125 0.06763020833333333 0.042724609375
1 0.4654947916666667 0.31103515625 0.03574869791666666 0.0610986328125
1 0.6829427083333334 0.443359375 0.051595052083333336 0.053984375
1 0.4778645833333333 0.447998046875 0.06490234375 0.0467236328125
1 0.494140625 0.31201171875 0.03513671875 0.0584423828125
1 0.388671875 0.6591796875 0.05643880208333333 0.0491357421875
1 0.5751953125 0.51904296875 0.06429036458333333 0.0450146484375
1 0.435546875 0.51513671875 0.04809895833333333 0.0509033203125
1 0.3776041666666667 0.51904296875 0.07348958333333333 0.021240234375
1 0.36328125 0.75146484375 0.060911458333333335 0.046904296875
1 0.5198567708333334 0.30322265625 0.037272135416666664 0.06076171875
1 0.24609375 0.32080078125 0.0634765625 0.050234375
1 0.25537109375 0.467529296875 0.071328125 0.0218212890625
1 0.4114583333333333 0.87060546875 0.03481119791666667 0.057373046875
1 0.3616536458333333 0.87939453125 0.03281901041666666 0.0580126953125
1 0.4388020833333333 0.58740234375 0.0508203125 0.049501953125
1 0.31516927083333335 0.2903955078125 0.07137369791666666 0.0473291015625
1 0.3850911458333333 0.86962890625 0.03493489583333333 0.0589013671875
1 0.4361979166666667 0.86328125 0.03338541666666667 0.058134765625
1 0.40234375 0.92919921875 0.06323567708333333 0.04611328125
1 0.3740234375 0.9189453125 0.061608072916666666 0.045439453125
1 0.2886458333333333 0.4394287109375 0.059707031249999994 0.0511767578125
1 0.83203125 0.69580078125 0.03953125 0.0599658203125
1 0.8033854166666666 0.69677734375 0.03849609375 0.0602099609375
1 0.26939453125 0.3692724609375 0.052734375 0.055908203125
1 0.3497200520833333 0.621572265625 0.057278645833333336 0.0495263671875
