1 0.37890625 0.685546875 0.051595052083333336 0.0182666015625
1 0.4137369791666667 0.7113037109375 0.05155598958333333 0.0270263671875
1 0.4095052083333333 0.5615234375 0.0386328125 0.0397021484375
1 0.2763671875 0.46435546875 0.045983072916666666 0.0368359375
1 0.41736328125000005 0.4833984375 0.054335937499999994 0.021162109375
1 0.5572916666666666 0.476806640625 0.05395833333333333 0.023955078125
1 0.3850911458333333 0.378173828125 0.0546484375 0.0184326171875
1 0.4833984375 0.5673828125 0.03835286458333333 0.038115234375
1 0.42306640625 0.7236328125 0.05259114583333333 0.0279541015625
1 0.5084635416666666 0.453857421875 0.046061197916666664 0.028017578125
1 0.5677083333333334 0.45556640625 0.045735677083333336 0.03515625
1 0.4833984375 0.385498046875 0.051595052083333336 0.025087890625
1 0.333984375 0.50439453125 0.056028645833333335 0.0178515625
1 0.5735677083333334 0.438720703125 0.048828125 0.033662109375
1 0.4801432291666667 0.495849609375 0.044355468749999995 0.0293115234375
1 0.45412109375 0.3689501953125 0.057291666666666664 0.0230712890625
1 0.3642578125 0.55224609375 0.03169921875 0.039794921875
1 0.3971354166666667 0.423095703125 0.0546484375 0.0173779296875
1 0.4700520833333333 0.5126953125 0.043782552083333336 0.035400390625
1 0.4573567708333333 0.39306640625 0.05643880208333333 0.02337890625
1 0.3880208333333333 0.497802734375 0.04984375 0.01744140625
1 0.2838541666666667 0.48828125 0.05347005208333333 0.024091796875
1 0.4908984375 0.472412109375 0.05589192708333333 0.0170458984375
1 0.4563802083333333 0.409912109375 0.052656249999999995 0.0183740234375
1 0.3899739583333333 0.408447265625 0.05716796875 0.0166650390625
1 0.4026692708333333 0.4560546875 0.03908203125 0.033662109375
1 0.3873697916666667 0.65966796875 0.04128255208333333 0.0386962890625
1 0.2719140625 0.427001953125 0.03651041666666666 0.0391845703125
1 0.3987630208333333 0.34912109375 0.055703125 0.018828125
1 0.4345703125 0.58935546875 0.0336328125 0.0428759765625
1 0.39367187499999995 0.3315576171875 0.05733723958333333 0.025849609375
1 0.22298177083333334 0.4189453125 0.051595052083333336 0.0272216796875
1 0.6116536458333334 0.4677734375 0.048749999999999995 0.029755859375
1 0.6119791666666666 0.53955078125 0.046263020833333335 0.033388671875
1 0.3160807291666667 0.55517578125 0.0410546875 0.03689453125
1 0.3994140625 0.53271484375 0.028378906250000002 0.0403125
1 0.4069921875 0.615546875 0.0523046875 0.0264111328125
1 0.5608723958333334 0.53857421875 0.039388020833333336 0.03955078125
1 0.5590494791666667 0.5084765625 0.054550781250000006 0.02650390625
1 0.41015625 0.66015625 0.03826822916666667 0.0383935546875
1 0.3843684895833333 0.548251953125 0.03163411458333334 0.0410498046875
1 0.5384244791666667 0.5004052734375 0.05186197916666666 0.026259765625
1 0.4720052083333333 0.60546875 0.03623697916666666 0.041533203125
1 0.4534700520833333 0.520146484375 0.04473958333333333 0.0352880859375
1 0.4130859375 0.59326171875 0.03200520833333333 0.0335986328125
1 0.3587239583333333 0.57666015625 0.032877604166666664 0.040009765625
1 0.3165690104166667 0.425048828125 0.03244791666666667 0.040986328125
1 0.4446614583333333 0.6157666015625 0.026184895833333333 0.04236328125
1 0.34765625 0.69580078125 0.047773437499999995 0.0334765625
1 0.4287109375 0.66552734375 0.0376171875 0.03705078125
1 0.4007161458333333 0.36669921875 0.05444661458333333 0.0173046875
1 0.4182942708333333 0.69482421875 0.03916666666666666 0.02302734375
1 0.5367838541666666 0.5458984375 0.03421875 0.0401611328125
1 0.3404947916666667 0.419677734375 0.03257161458333333 0.0408349609375
1 0.5328776041666666 0.454833984375 0.0439453125 0.030439453125
1 0.3416861979166667 0.460673828125 0.050904947916666665 0.029482421875
1 0.5166015625 0.487548828125 0.055501302083333336 0.0172412109375
1 0.619140625 0.49853515625 0.04544921875 0.0364404296875
1 0.4567057291666667 0.4384765625 0.05347005208333333 0.0197900390625
1 0.3772265625 0.300400390625 0.03944661458333334 0.041689453125
1 0.4527994791666667 0.304931640625 0.043378906249999995 0.036162109375
1 0.5707552083333333 0.4180078125 0.051178385416666666 0.0337109375
1 0.5201822916666666 0.42578125 0.05147135416666667 0.032958984375
1 0.6171875 0.44384765625 0.04345703125 0.0378125
1 0.34884765625 0.6490625 0.04272786458333333 0.0379638671875
1 0.587734375 0.5158056640625 0.045286458333333335 0.03515625
1 0.3375651041666667 0.71875 0.05375 0.016923828125
1 0.3473307291666667 0.486083984375 0.045983072916666666 0.0180224609375
1 0.3045442708333333 0.4631201171875 0.030332031250000002 0.04189453125
1 0.5989583333333334 0.415283203125 0.04443359375 0.0384521484375
1 0.4683528645833333 0.556123046875 0.03830729166666667 0.040224609375
1 0.42359375 0.3248779296875 0.045572916666666664 0.0361572265625
1 0.373125 0.4693896484375 0.05430338541666666 0.0188427734375
1 0.23502604166666666 0.288330078125 0.029479166666666667 0.0423291015625
1 0.48190755208333336 0.35150390625 0.05085286458333333 0.03111328125
1 0.47908854166666665 0.428466796875 0.054114583333333334 0.0207958984375
1 0.7252604166666666 0.66552734375 0.056315104166666664 0.0173046875
1 0.20638020833333334 0.293701171875 0.03857421875 0.039794921875
1 0.4631575520833333 0.455107421875 0.054075520833333335 0.0210791015625
1 0.3369140625 0.57666015625 0.02921875 0.0391259765625
1 0.42049479166666665 0.513388671875 0.03313151041666667 0.0412451171875
1 0.7018229166666666 0.72216796875 0.03428385416666666 0.042021484375
1 0.6529947916666666 0.7041015625 0.03953125 0.041533203125
1 0.4979231770833333 0.3414501953125 0.05227213541666667 0.0315087890625
1 0.361484375 0.66041015625 0.04173828125 0.0379345703125
1 0.28809244791666666 0.4335986328125 0.0385546875 0.0405859375
1 0.3369010416666667 0.447392578125 0.053411458333333335 0.02732421875
1 0.4380598958333333 0.4659619140625 0.04279947916666666 0.035810546875
1 0.600234375 0.5271044921875 0.04739583333333333 0.0350146484375
1 0.4378580729166666 0.31416015625 0.044283854166666664 0.037958984375
