1 0.3287760416666667 0.315185546875 0.042890624999999995 0.0386962890625
1 0.42880859374999997 0.2474853515625 0.0372265625 0.039501953125
1 0.5611979166666666 0.2462158203125 0.0336328125 0.0390625
1 0.5139973958333334 0.2073974609375 0.03486979166666667 0.038818359375
1 0.3214518229166667 0.2113037109375 0.04443359375 0.0337841796875
1 0.7005208333333334 0.30322265625 0.030169270833333334 0.042177734375
1 0.740234375 0.37158203125 0.03741536458333333 0.03927734375
1 0.7766927083333334 0.34326171875 0.040201822916666664 0.0409228515625
1 0.3818359375 0.65478515625 0.04443359375 0.03689453125
1 0.5014388020833334 0.294267578125 0.04220703125 0.0367333984375
1 0.5166015625 0.2841796875 0.046959635416666666 0.031435546875
1 0.513671875 0.37744140625 0.025735677083333335 0.0428759765625
1 0.681640625 0.30859375 0.028932291666666665 0.0410791015625
1 0.7454427083333334 0.336181640625 0.034016927083333336 0.0425732421875
1 0.3444010416666667 0.55712890625 0.045983072916666666 0.0322265625
1 0.5669986979166667 0.290693359375 0.052330729166666666 0.028623046875
1 0.759765625 0.278564453125 0.02931640625 0.0436083984375
1 0.5296223958333334 0.318359375 0.023359375 0.04025390625
1 0.5169270833333334 0.73681640625 0.0458984375 0.031083984375
1 0.369140625 0.203125 0.054361979166666664 0.01771484375
1 0.35625651041666667 0.634599609375 0.04083333333333333 0.03638671875
1 0.65625 0.5224609375 0.05195963541666667 0.0283349609375
1 0.2607421875 0.38330078125 0.05375 0.02580078125
1 0.30926432291666667 0.405048828125 0.049407552083333334 0.032041015625
1 0.3594466145833333 0.4087109375 0.050175781249999996 0.029033203125
1 0.4534505208333333 0.297119140625 0.020651041666666665 0.0431201171875
1 0.24571614583333334 0.253193359375 0.04376302083333333 0.0343017578125
1 0.22509765625 0.28857421875 0.0376171875 0.0389111328125
1 0.642578125 0.2406005859375 0.022643229166666667 0.0413818359375
1 0.32947265625 0.252685546875 0.055787760416666665 0.01771484375
1 0.5520833333333334 0.313720703125 0.025104166666666667 0.0406787109375
1 0.7154947916666666 0.7373046875 0.045735677083333336 0.0375390625
1 0.5520833333333334 0.204345703125 0.05054036458333333 0.023955078125
1 0.7213541666666666 0.54345703125 0.05591145833333333 0.02630859375
1 0.7090364583333333 0.27751953125 0.036171875 0.0410009765625
1 0.3304036458333333 0.73291015625 0.04809895833333333 0.0325927734375
1 0.7779947916666666 0.385498046875 0.049765625 0.0369873046875
1 0.3262890625 0.5985595703125 0.047311197916666665 0.0320556640625
1 0.275390625 0.323486328125 0.0546484375 0.0171826171875
1 0.4922330729166667 0.3393017578125 0.05284505208333334 0.0271728515625
1 0.5598958333333334 0.216064453125 0.051191406249999995 0.0234228515625
1 0.5817057291666666 0.76708984375 0.04931640625 0.0333251953125
1 0.3162760416666667 0.625126953125 0.045625 0.0335205078125
1 0.7415364583333334 0.27783203125 0.026692708333333332 0.0428173828125
1 0.6630859375 0.268798828125 0.05395833333333333 0.016279296875
1 0.3323567708333333 0.1790771484375 0.0419921875 0.032412109375
1 0.3909505208333333 0.5830078125 0.052656249999999995 0.022294921875
1 0.32823567708333334 0.68138671875 0.03342447916666667 0.0380078125
1 0.5384114583333334 0.765625 0.056640625 0.022841796875
1 0.3805338541666667 0.72216796875 0.034342447916666664 0.04052734375
1 0.3548177083333333 0.67138671875 0.03338541666666667 0.0372607421875
1 0.6953125 0.49658203125 0.044270833333333336 0.0348828125
1 0.716796875 0.25341796875 0.031106770833333335 0.03607421875
1 0.22477213541666666 0.250732421875 0.044270833333333336 0.0350048828125
1 0.4163411458333333 0.289306640625 0.020891927083333334 0.0432763671875
1 0.2652994791666667 0.3076171875 0.059244791666666664 0.016982421875
1 0.25732421875 0.398681640625 0.05708984375 0.027802734375
1 0.7057291666666666 0.5537109375 0.0508203125 0.02337890625
1 0.6090494791666666 0.266845703125 0.05517578125 0.01583984375
1 0.27734375 0.279052734375 0.04858723958333333 0.0167236328125
1 0.6106770833333334 0.47705078125 0.052734375 0.0171826171875
1 0.7109375 0.70751953125 0.050703124999999995 0.03732421875
1 0.2874348958333333 0.47119140625 0.030110677083333332 0.0410791015625
1 0.52734375 0.6376953125 0.0517578125 0.016787109375
1 0.2838541666666667 0.67431640625 0.04712239583333333 0.0315576171875
1 0.6823502604166666 0.4682373046875 0.05343098958333333 0.023681640625
1 0.6770833333333334 0.25341796875 0.05537760416666667 0.016787109375
1 0.49957682291666666 0.7915966796875 0.037721354166666665 0.0384326171875
1 0.2530924479166667 0.2034912109375 0.033326822916666665 0.035341796875
1 0.7526041666666666 0.4228515625 0.05591145833333333 0.01646484375
1 0.6067708333333334 0.76318359375 0.046510416666666665 0.0316162109375
1 0.35834635416666666 0.69775390625 0.05255208333333333 0.0172412109375
1 0.7916666666666666 0.2763671875 0.027890625000000002 0.04193359375
1 0.6226627604166667 0.683359375 0.027773437499999998 0.0415478515625
1 0.23291015625 0.6171875 0.05224609375 0.026962890625
1 0.2646484375 0.51806640625 0.03615234375 0.0389697265625
1 0.3486328125 0.71044921875 0.056315104166666664 0.0186181640625
1 0.6061197916666666 0.4345703125 0.022643229166666667 0.0406201171875
1 0.4072265625 0.76806640625 0.04740234375 0.040986328125
1 0.24641927083333334 0.564453125 0.03777994791666667 0.035615234375
1 0.708984375 0.439697265625 0.029602864583333333 0.0435205078125
1 0.3037109375 0.58154296875 0.02370442708333333 0.0393359375
1 0.5226432291666666 0.4050927734375 0.05416666666666667 0.0163232421875
1 0.5709635416666666 0.73388671875 0.029602864583333333 0.040771484375
1 0.4664713541666667 0.59619140625 0.024029947916666666 0.0442822265625
1 0.2565104166666667 0.6748046875 0.04764973958333333 0.0355517578125
1 0.26823567708333335 0.5876708984375 0.03147135416666667 0.0398583984375
1 0.7799479166666666 0.434814453125 0.047936197916666666 0.0372607421875
1 0.2779947916666667 0.55615234375 0.05497395833333333 0.0183740234375
1 0.42865885416666666 0.5453564453125 0.0533203125 0.016162109375
1 0.5849609375 0.54833984375 0.021953125 0.0408349609375
1 0.6048177083333334 0.677080078125 0.024960937500000002 0.0428076171875
1 0.2659505208333333 0.414306640625 0.052167968749999995 0.0252685546875
1 0.5276953125 0.6533203125 0.054114583333333334 0.0177783203125
1 0.27880859375 0.6513671875 0.049401041666666666 0.02169921875
1 0.4918619791666667 0.6376953125 0.021627604166666665 0.0397021484375
1 0.3623046875 0.31982421875 0.02001953125 0.0425732421875
1 0.3768098958333333 0.60353515625 0.04904296875 0.026943359375
1 0.6637369791666666 0.61181640625 0.027688802083333335 0.041533203125
1 0.7428385416666666 0.455078125 0.030638020833333335 0.0409228515625
1 0.5927734375 0.50390625 0.05347005208333333 0.0217724609375
1 0.38208984375 0.74951171875 0.0410546875 0.035673828125
1 0.6263020833333334 0.439453125 0.022115885416666665 0.041689453125
1 0.5852864583333334 0.1847998046875 0.03098307291666667 0.0437060546875
1 0.5690104166666666 0.431640625 0.02001953125 0.0398583984375
1 0.3183203125 0.427744140625 0.05485677083333334 0.018369140625
1 0.7565104166666666 0.25 0.05497395833333333 0.019990234375
1 0.22737630208333334 0.6328125 0.052369791666666665 0.0280615234375
1 0.40479166666666666 0.7136669921875 0.024036458333333333 0.0441943359375
1 0.3058268229166667 0.7177734375 0.02645182291666667 0.0428759765625
1 0.5930989583333334 0.79150390625 0.052369791666666665 0.0277392578125
1 0.77751953125 0.306396484375 0.0280859375 0.043759765625
1 0.4330859375 0.640302734375 0.04708984375 0.0331787109375
1 0.6484375 0.73193359375 0.026751302083333334 0.0432763671875
1 0.4078776041666667 0.427978515625 0.01978515625 0.041533203125
1 0.3971354166666667 0.187255859375 0.04512369791666667 0.034365234375
1 0.6604817708333334 0.653828125 0.021035156250000003 0.0433642578125
1 0.4876302083333333 0.1717529296875 0.05444661458333333 0.01912109375
1 0.4244791666666667 0.16943359375 0.057942708333333336 0.02044921875
1 0.302421875 0.2667724609375 0.05692057291666667 0.0184765625
1 0.734375 0.50732421875 0.042317708333333336 0.0321044921875
1 0.8125 0.275390625 0.0234375 0.0426318359375
1 0.7355794270833332 0.6609912109375 0.04498046875 0.0387744140625
1 0.6589583333333333 0.7567431640625 0.051907552083333336 0.0232666015625
1 0.22184244791666666 0.35888671875 0.023072916666666665 0.0413232421875
1 0.3151041666666667 0.6610400390625 0.021790364583333333 0.0412353515625
1 0.5398111979166667 0.174521484375 0.05590494791666667 0.02767578125
1 0.6822916666666666 0.6123046875 0.030169270833333334 0.034609375
1 0.2521158854166667 0.17529296875 0.039225260416666664 0.0308544921875
1 0.4736328125 0.46240234375 0.05326171875 0.0157763671875
1 0.4860026041666667 0.73388671875 0.02938151041666667 0.0409228515625
1 0.5337109375 0.8097509765625 0.04756510416666667 0.0359521484375
1 0.74447265625 0.5618115234375 0.043860677083333334 0.0366455078125
1 0.755859375 0.47119140625 0.03163411458333334 0.0401611328125
1 0.6468098958333334 0.48388671875 0.019869791666666668 0.040009765625
1 0.29703125 0.76611328125 0.05125 0.0237744140625
1 0.8001302083333334 0.31787109375 0.021627604166666665 0.0425732421875
1 0.6795182291666667 0.6747119140625 0.02056640625 0.0431201171875
1 0.3154296875 0.78564453125 0.053834635416666665 0.02267578125
1 0.3851953125 0.796640625 0.051907552083333336 0.0302099609375
1 0.73873046875 0.3068212890625 0.056100260416666665 0.019248046875
1 0.6276041666666666 0.50390625 0.02033203125 0.0376904296875
1 0.6637955729166667 0.4560546875 0.05511067708333334 0.0196923828125
1 0.2618815104166667 0.6962890625 0.04902994791666667 0.0271142578125
1 0.72265625 0.45556640625 0.02742838541666667 0.0413818359375
1 0.23549479166666668 0.330361328125 0.055097656249999995 0.02501953125
1 0.7760416666666666 0.2230224609375 0.057291666666666664 0.0211181640625
1 0.60404296875 0.25171875 0.054003906250000004 0.017724609375
1 0.693359375 0.4267578125 0.030455729166666667 0.0391259765625
1 0.4900911458333333 0.8059326171875 0.03850260416666667 0.0390380859375
1 0.47893880208333334 0.82984375 0.052382812499999994 0.02314453125
1 0.5475260416666666 0.1898193359375 0.0508203125 0.025224609375
1 0.7884114583333334 0.2401123046875 0.0546484375 0.021484375
1 0.333984375 0.75830078125 0.023619791666666667 0.04193359375
1 0.3450520833333333 0.3935546875 0.048463541666666665 0.02484375
1 0.726875 0.761845703125 0.055963541666666665 0.01771484375
1 0.4609375 0.7998046875 0.02805338541666667 0.041533203125
1 0.28515625 0.169921875 0.054361979166666664 0.019716796875
1 0.548828125 0.78173828125 0.05497395833333333 0.0227685546875
1 0.4879231770833334 0.764990234375 0.047109375 0.0313720703125
1 0.4241536458333333 0.7881201171875 0.028606770833333333 0.04412109375
1 0.3518880208333333 0.75341796875 0.021627604166666665 0.0411376953125
1 0.2926432291666667 0.7431640625 0.04520833333333333 0.034423828125
1 0.46957682291666664 0.7421728515625 0.030748697916666665 0.041357421875
1 0.2900390625 0.33740234375 0.051595052083333336 0.0172412109375
1 0.22249348958333334 0.662109375 0.023984375000000002 0.0401611328125
1 0.3196614583333333 0.80126953125 0.054036458333333336 0.0210888671875
1 0.7208919270833333 0.777470703125 0.055585937499999995 0.0164013671875
1 0.7223177083333333 0.791630859375 0.0552734375 0.0166845703125
1 0.5512760416666667 0.8169677734375 0.04583984375 0.036552734375
1 0.6704622395833333 0.7690185546875 0.05162760416666667 0.0260546875
1 0.4405403645833333 0.7995947265625 0.028951822916666665 0.0416162109375
1 0.44271484375 0.7632275390625 0.040052083333333335 0.03619140625
1 0.4390950520833334 0.740791015625 0.0424609375 0.030400390625
1 0.4422265625 0.7112939453125 0.023645833333333335 0.0416162109375
1 0.5047135416666667 0.714189453125 0.048255208333333334 0.0278662109375
1 0.5450065104166667 0.72884765625 0.03233072916666666 0.03908203125
1 0.5688932291666667 0.7047802734375 0.051145833333333335 0.0271435546875
1 0.57154296875 0.684697265625 0.048736979166666666 0.031845703125
1 0.5500716145833333 0.67275390625 0.03570963541666667 0.0405322265625
1 0.5083333333333333 0.6740185546875 0.048736979166666666 0.03220703125
1 0.5042317708333334 0.6906689453125 0.048255208333333334 0.03220703125
1 0.46901041666666665 0.7033349609375 0.039563802083333335 0.038720703125
1 0.4637044270833333 0.679267578125 0.04439453125 0.0354638671875
1 0.4644270833333333 0.65701171875 0.040052083333333335 0.037275390625
1 0.6410286458333333 0.6879541015625 0.024609375 0.043427734375
1 0.6815625000000001 0.70623046875 0.047766927083333334 0.03076171875
1 0.7076171875 0.6805322265625 0.040052083333333335 0.0401708984375
1 0.7245052083333333 0.6736572265625 0.04197916666666667 0.038720703125
1 0.6299283854166667 0.736083984375 0.027506510416666668 0.044150390625
1 0.6067708333333334 0.7187158203125 0.028470052083333332 0.0412548828125
1 0.6675651041666667 0.7263134765625 0.027506510416666668 0.042705078125
1 0.59060546875 0.7286669921875 0.029915364583333336 0.0416162109375
1 0.69048828125 0.7386181640625 0.03087890625 0.0419775390625
1 0.40097656249999997 0.7547216796875 0.04342447916666667 0.037998046875
1 0.2528385416666667 0.640185546875 0.04149739583333333 0.03619140625
1 0.28830729166666663 0.627333984375 0.04197916666666667 0.0358251953125
1 0.28106770833333333 0.603271484375 0.027506510416666668 0.0412548828125
1 0.6417513020833333 0.6394580078125 0.03087890625 0.0412548828125
1 0.605078125 0.647783203125 0.05018229166666666 0.0267822265625
1 0.5886718750000001 0.6372900390625 0.04921875 0.0296728515625
1 0.5775781249999999 0.6257080078125 0.04632161458333334 0.031123046875
1 0.5729947916666667 0.609423828125 0.04680338541666667 0.0332958984375
1 0.6147330729166667 0.6184716796875 0.04053385416666667 0.0354638671875
1 0.6386132812499999 0.6030908203125 0.027506510416666668 0.0416162109375
1 0.68228515625 0.582099609375 0.04342447916666667 0.0358251953125
1 0.76166015625 0.5703369140625 0.04487630208333334 0.0354638671875
1 0.44632812499999996 0.6298681640625 0.04439453125 0.03076171875
1 0.4583919270833334 0.6195556640625 0.047285156249999995 0.0296728515625
1 0.5261848958333334 0.621728515625 0.052597656250000006 0.017373046875
1 0.5228125 0.6068896484375 0.053561197916666664 0.0159228515625
1 0.3392122395833333 0.626611328125 0.04149739583333333 0.0351025390625
1 0.31701822916666667 0.5589404296875 0.0328125 0.038720703125
1 0.27938151041666665 0.5254638671875 0.03570963541666667 0.0398095703125
1 0.2979557291666667 0.529990234375 0.033294270833333334 0.0394482421875
1 0.2788997395833333 0.491806640625 0.05307942708333333 0.0282275390625
1 0.3334244791666667 0.534873046875 0.05018229166666666 0.0260546875
1 0.3594791666666666 0.5296240234375 0.04921875 0.0271435546875
1 0.3775716145833334 0.54953125 0.053561197916666664 0.017734375
1 0.3971158854166667 0.5654541015625 0.05018229166666666 0.025693359375
1 0.4275130208333333 0.57359375 0.027018229166666668 0.0398095703125
1 0.4475390625 0.5703369140625 0.026536458333333332 0.038359375
1 0.4275130208333333 0.6018212890625 0.05307942708333333 0.024609375
1 0.48613932291666667 0.5972998046875 0.026536458333333332 0.0401708984375
1 0.4721484375 0.55712890625 0.024609375 0.0408935546875
1 0.5476627604166667 0.588974609375 0.039563802083333335 0.037275390625
1 0.4994075520833334 0.5799267578125 0.03570963541666667 0.0394482421875
1 0.5148502604166666 0.5716064453125 0.033776041666666666 0.0394482421875
1 0.5240169270833334 0.553330078125 0.033776041666666666 0.03908203125
1 0.5363216145833333 0.5408447265625 0.03715494791666667 0.037275390625
1 0.5879492187500001 0.5799267578125 0.052597656250000006 0.024248046875
1 0.6226888020833333 0.584814453125 0.027506510416666668 0.0419775390625
1 0.6518815104166666 0.5757666015625 0.038600260416666664 0.0369140625
1 0.65357421875 0.5535107421875 0.05548828125 0.0220751953125
1 0.66732421875 0.532880859375 0.05307942708333333 0.026416015625
1 0.6873502604166667 0.5104443359375 0.04390625 0.0336572265625
1 0.7348763020833333 0.53107421875 0.05500651041666666 0.024248046875
1 0.60701171875 0.5261865234375 0.047285156249999995 0.0289501953125
1 0.6021875 0.55568359375 0.02219401041666667 0.0408935546875
1 0.5589973958333333 0.5600244140625 0.03233072916666666 0.038720703125
1 0.5597200520833333 0.5251025390625 0.027018229166666668 0.0412548828125
1 0.49313802083333336 0.541748046875 0.028951822916666665 0.0398095703125
1 0.46128906249999996 0.5296240234375 0.05404296875 0.0162841796875
1 0.4885546875 0.514248046875 0.054524739583333336 0.018818359375
1 0.4813151041666666 0.495791015625 0.048736979166666666 0.0260546875
1 0.46418619791666665 0.47642578125 0.05404296875 0.0155615234375
1 0.42172526041666664 0.49072265625 0.052109375000000006 0.0217138671875
1 0.4330598958333333 0.5048388671875 0.048736979166666666 0.0267822265625
1 0.4311328125 0.52220703125 0.048736979166666666 0.0282275390625
1 0.3857747395833333 0.5254638671875 0.03908203125 0.0354638671875
1 0.3963932291666667 0.5089990234375 0.0342578125 0.036552734375
1 0.3413802083333333 0.5093603515625 0.05162760416666667 0.026416015625
1 0.33149088541666666 0.4981396484375 0.04921875 0.026416015625
1 0.30929687499999997 0.476064453125 0.028951822916666665 0.0408935546875
1 0.32232421875 0.4559814453125 0.04632161458333334 0.032568359375
1 0.3392122395833333 0.4491064453125 0.047285156249999995 0.031845703125
1 0.36261067708333333 0.44548828125 0.04487630208333334 0.030400390625
1 0.39156250000000004 0.448203125 0.026536458333333332 0.037998046875
1 0.36020182291666664 0.4823974609375 0.03619140625 0.03763671875
1 0.38215494791666665 0.476064453125 0.04149739583333333 0.0336572265625
1 0.37298828125 0.4179833984375 0.051145833333333335 0.0282275390625
1 0.41665364583333336 0.4586962890625 0.03233072916666666 0.038720703125
1 0.44078124999999996 0.4521826171875 0.030397135416666665 0.0401708984375
1 0.4678059895833333 0.4386083984375 0.041015625 0.0340185546875
1 0.49386067708333337 0.4299267578125 0.028470052083333332 0.0405322265625
1 0.43378255208333333 0.4167138671875 0.03473958333333333 0.037998046875
1 0.514609375 0.49759765625 0.030397135416666665 0.03908203125
1 0.5355989583333333 0.50103515625 0.03087890625 0.038720703125
1 0.5594791666666666 0.4867431640625 0.033294270833333334 0.0398095703125
1 0.5114713541666667 0.4594189453125 0.033776041666666666 0.0401708984375
1 0.5298046875 0.4655712890625 0.033776041666666666 0.038720703125
1 0.5493489583333333 0.4682861328125 0.033294270833333334 0.03908203125
1 0.5324609375 0.4378857421875 0.053561197916666664 0.02533203125
1 0.5266731770833334 0.419609375 0.053561197916666664 0.0170068359375
1 0.6178645833333333 0.4078515625 0.054524739583333336 0.018095703125
1 0.6581575520833333 0.436259765625 0.05018229166666666 0.03220703125
1 0.66177734375 0.416533203125 0.053561197916666664 0.02533203125
1 0.6709440104166666 0.3988037109375 0.052597656250000006 0.0267822265625
1 0.7662434895833333 0.4076708984375 0.056940104166666665 0.017734375
1 0.7122005208333334 0.39826171875 0.0328125 0.0401708984375
1 0.7257096354166667 0.3866796875 0.03087890625 0.0408935546875
1 0.5852994791666667 0.45037109375 0.02509114583333333 0.0423388671875
1 0.2583919270833333 0.366416015625 0.05548828125 0.0235205078125
1 0.26080078125 0.3508544921875 0.056451822916666665 0.0235205078125
1 0.3035026041666667 0.3783544921875 0.0424609375 0.037998046875
1 0.38939453125 0.39083984375 0.045358072916666665 0.0347412109375
1 0.345 0.3765478515625 0.05404296875 0.024248046875
1 0.3329361979166667 0.3638818359375 0.05500651041666666 0.0206298828125
1 0.31412109375 0.3515771484375 0.056940104166666665 0.0170068359375
1 0.36212890625 0.3508544921875 0.050664062499999996 0.0293115234375
1 0.3794986979166666 0.3284130859375 0.02267578125 0.0416162109375
1 0.40194010416666665 0.364423828125 0.029915364583333336 0.0398095703125
1 0.4226888020833333 0.372021484375 0.03763671875 0.038359375
1 0.4354752604166667 0.391748046875 0.052597656250000006 0.0227978515625
1 0.4694921875 0.3832421875 0.02123046875 0.043427734375
1 0.49048177083333333 0.3864990234375 0.023645833333333335 0.0419775390625
1 0.5324609375 0.3738330078125 0.024609375 0.0419775390625
1 0.54548828125 0.3533837890625 0.027506510416666668 0.04306640625
1 0.55923828125 0.38052734375 0.03763671875 0.0394482421875
1 0.5802278645833333 0.3883056640625 0.027506510416666668 0.0419775390625
1 0.5025455729166667 0.351396484375 0.052597656250000006 0.02533203125
1 0.451640625 0.3640625 0.038600260416666664 0.038359375
1 0.4412630208333333 0.342890625 0.054524739583333336 0.0227978515625
1 0.4405403645833333 0.3280517578125 0.05307942708333333 0.0227978515625
1 0.43378255208333333 0.2996435546875 0.0231640625 0.043427734375
1 0.40580078124999996 0.3271484375 0.036673177083333335 0.03908203125
1 0.39759765625000004 0.2958447265625 0.02219401041666667 0.0408935546875
1 0.3787760416666666 0.2862548828125 0.018333333333333333 0.0419775390625
1 0.3517578125 0.291142578125 0.03570963541666667 0.037998046875
1 0.30881510416666663 0.3177392578125 0.045358072916666665 0.0369140625
1 0.26393880208333337 0.2920458984375 0.05500651041666666 0.0166455078125
1 0.31798177083333334 0.28951171875 0.05500651041666666 0.0217138671875
1 0.35513671875 0.265810546875 0.052109375000000006 0.026416015625
1 0.47335286458333337 0.3009130859375 0.024127604166666667 0.04306640625
1 0.49096354166666667 0.3237109375 0.054524739583333336 0.024248046875
1 0.5790234375 0.3571875 0.05018229166666666 0.0275048828125
1 0.58505859375 0.3437939453125 0.050664062499999996 0.0267822265625
1 0.6053190104166667 0.379443359375 0.03233072916666666 0.0401708984375
1 0.6299283854166667 0.3841455078125 0.04294270833333333 0.0343798828125
1 0.6530924479166667 0.38595703125 0.04487630208333334 0.0336572265625
1 0.6984505208333333 0.370576171875 0.047766927083333334 0.0354638671875
1 0.7240234375 0.3342041015625 0.03233072916666666 0.0423388671875
1 0.700859375 0.3419873046875 0.03136067708333334 0.0419775390625
1 0.6738411458333333 0.3293212890625 0.040052083333333335 0.0398095703125
1 0.6704622395833333 0.35447265625 0.03715494791666667 0.038720703125
1 0.6475390625 0.352119140625 0.03763671875 0.03908203125
1 0.6243815104166667 0.3512158203125 0.03473958333333333 0.0394482421875
1 0.5992903645833333 0.3249755859375 0.05790364583333333 0.0159228515625
1 0.6393359375 0.321357421875 0.04632161458333334 0.0347412109375
1 0.5898828125 0.3105029296875 0.054524739583333336 0.0166455078125
1 0.6173828124999999 0.2962060546875 0.057421875000000004 0.01990234375
1 0.6255859375 0.2819140625 0.056451822916666665 0.018095703125
1 0.6567122395833334 0.2956640625 0.038600260416666664 0.03908203125
1 0.5729947916666667 0.2770263671875 0.053561197916666664 0.0285888671875
1 0.607734375 0.23685546875 0.05548828125 0.01990234375
1 0.5910872395833333 0.22310546875 0.052109375000000006 0.0278662109375
1 0.5380078125 0.2462646484375 0.03087890625 0.0408935546875
1 0.5266731770833334 0.263818359375 0.04197916666666667 0.03763671875
1 0.4849348958333333 0.2670751953125 0.052109375000000006 0.0289501953125
1 0.4511588541666667 0.2650830078125 0.05018229166666666 0.0293115234375
1 0.5001302083333333 0.243369140625 0.050664062499999996 0.0329296875
1 0.46514973958333333 0.2430078125 0.05018229166666666 0.031484375
1 0.40194010416666665 0.2564013671875 0.03087890625 0.0408935546875
1 0.38843098958333333 0.2373974609375 0.04439453125 0.0340185546875
1 0.27286458333333335 0.2531396484375 0.04294270833333333 0.0351025390625
1 0.25259765625 0.22853515625 0.057421875000000004 0.024248046875
1 0.29337239583333335 0.2305224609375 0.04342447916666667 0.03619140625
1 0.28782552083333335 0.1956005859375 0.04294270833333333 0.037998046875
1 0.30688151041666667 0.2003076171875 0.04439453125 0.0358251953125
1 0.35296223958333334 0.2346875 0.05548828125 0.024248046875
1 0.34113932291666665 0.222744140625 0.051145833333333335 0.026416015625
1 0.36261067708333333 0.1791357421875 0.04583984375 0.032568359375
1 0.4673177083333333 0.185830078125 0.05162760416666667 0.0285888671875
1 0.4376432291666667 0.191259765625 0.051145833333333335 0.024970703125
1 0.48348307291666665 0.2209326171875 0.05404296875 0.0220751953125
1 0.47287109375 0.2086279296875 0.05500651041666666 0.0235205078125
1 0.39349609375 0.215322265625 0.054524739583333336 0.020263671875
1 0.4275130208333333 0.2183984375 0.039563802083333335 0.0394482421875
1 0.5167317708333333 0.785634765625 0.036223958333333334 0.03880859375
1 0.7636393229166667 0.3594140625 0.0295703125 0.0418603515625
