1 0.4488932291666667 0.478271484375 0.05814453125 0.0200634765625
1 0.4254557291666667 0.25732421875 0.045572916666666664 0.03494140625
1 0.5283203125 0.3623046875 0.05444661458333333 0.0315576171875
1 0.5831575520833333 0.510869140625 0.042389322916666666 0.0372998046875
1 0.6103515625 0.60791015625 0.048665364583333336 0.033203125
1 0.5241210937499999 0.6701953125 0.043984375 0.0368115234375
1 0.6723567708333333 0.5830078125 0.058203125 0.01646484375
1 0.5833658854166667 0.642578125 0.04811848958333333 0.033203125
1 0.6422526041666666 0.650390625 0.05611328125 0.0200634765625
1 0.4663671875 0.45263671875 0.055325520833333336 0.0221533203125
1 0.5940755208333334 0.5712890625 0.049765625 0.0323486328125
1 0.4075520833333333 0.443359375 0.054563802083333335 0.0210888671875
1 0.6536458333333334 0.63720703125 0.053059895833333336 0.019912109375
1 0.5706380208333334 0.587890625 0.05416015625 0.0171826171875
1 0.732421875 0.59521484375 0.05033203125 0.032412109375
1 0.4853515625 0.63671875 0.0405078125 0.03759765625
1 0.677734375 0.35498046875 0.054772135416666666 0.0172412109375
1 0.5162760416666666 0.381103515625 0.044108072916666664 0.0372607421875
1 0.5875651041666666 0.476806640625 0.0405859375 0.03802734375
1 0.6591796875 0.53611328125 0.02237630208333333 0.040703125
1 0.6214192708333334 0.5693359375 0.048665364583333336 0.033388671875
1 0.4641927083333333 0.6298828125 0.04005859375 0.0374755859375
1 0.3834635416666667 0.482666015625 0.03416015625 0.0399462890625
1 0.681640625 0.3798828125 0.049765625 0.0365625
1 0.63671875 0.338134765625 0.056028645833333335 0.0193505859375
1 0.4270833333333333 0.279296875 0.048828125 0.035830078125
1 0.63794921875 0.5346923828125 0.023619791666666667 0.0409375
1 0.4632161458333333 0.49560546875 0.057942708333333336 0.016923828125
1 0.622734375 0.6615966796875 0.060143229166666666 0.019638671875
1 0.4436848958333333 0.6279296875 0.039388020833333336 0.0389697265625
1 0.4645182291666667 0.434326171875 0.05716796875 0.029375
1 0.619140625 0.436279296875 0.05517578125 0.0239111328125
1 0.4143880208333333 0.50048828125 0.05025390625 0.0272216796875
1 0.6373697916666666 0.6220703125 0.05904296875 0.0200634765625
1 0.6809895833333334 0.6865234375 0.05195963541666667 0.0258642578125
1 0.49978515625 0.6684375 0.04502604166666666 0.0365185546875
1 0.6458333333333334 0.6787109375 0.055299479166666665 0.024091796875
1 0.6178385416666666 0.3544921875 0.06034505208333333 0.0179150390625
1 0.703125 0.6171875 0.04634765625 0.03732421875
1 0.48553385416666667 0.732783203125 0.05364583333333334 0.0265185546875
1 0.4944661458333333 0.70703125 0.03169921875 0.0403759765625
1 0.630859375 0.374814453125 0.049479166666666664 0.0340283203125
1 0.7395833333333334 0.57861328125 0.053144531249999995 0.0303369140625
1 0.5719401041666666 0.60205078125 0.054563802083333335 0.0186474609375
1 0.4290364583333333 0.2281494140625 0.050130208333333336 0.026064453125
1 0.6155598958333334 0.412353515625 0.04537109375 0.0369873046875
1 0.443359375 0.4619140625 0.051679687499999995 0.0215283203125
1 0.5525651041666667 0.49853515625 0.05467447916666667 0.0193505859375
1 0.6184895833333334 0.5336669921875 0.025449218750000002 0.0413671875
1 0.5699869791666666 0.66845703125 0.0546484375 0.01751953125
1 0.59765625 0.319091796875 0.045820312499999995 0.0391259765625
1 0.4954427083333333 0.75146484375 0.0508203125 0.0300439453125
1 0.6409505208333334 0.32275390625 0.057942708333333336 0.022080078125
1 0.5807291666666666 0.37353515625 0.025592447916666667 0.04345703125
1 0.4029947916666667 0.28466796875 0.04642578125 0.03314453125
1 0.6842447916666666 0.328369140625 0.03798177083333334 0.0401025390625
1 0.4287109375 0.416259765625 0.050618489583333336 0.0305615234375
1 0.4694010416666667 0.276611328125 0.0410546875 0.0372021484375
1 0.4866536458333333 0.2420654296875 0.041666666666666664 0.0384521484375
1 0.6494140625 0.422119140625 0.03305989583333333 0.0413818359375
1 0.5481770833333334 0.4658203125 0.042890624999999995 0.035615234375
1 0.5322265625 0.338134765625 0.054563802083333335 0.0306689453125
1 0.6966145833333334 0.31494140625 0.036497395833333335 0.0383935546875
1 0.4104817708333333 0.471435546875 0.02645182291666667 0.0426318359375
1 0.7154947916666666 0.30615234375 0.039609375 0.042236328125
1 0.6634114583333334 0.6083984375 0.050416666666666665 0.031923828125
1 0.5452473958333334 0.57421875 0.051393229166666665 0.029921875
1 0.6861979166666666 0.56884765625 0.058678385416666666 0.0173779296875
1 0.4563802083333333 0.240478515625 0.0405859375 0.040771484375
1 0.7721354166666666 0.59912109375 0.036783854166666664 0.0393359375
1 0.6984830729166666 0.53779296875 0.027350260416666664 0.0435107421875
1 0.6805924479166667 0.5312060546875 0.026998697916666665 0.0433740234375
1 0.3977864583333333 0.82373046875 0.03735677083333334 0.0403759765625
1 0.49746093750000003 0.6501806640625 0.0471875 0.0375439453125
1 0.4967447916666667 0.33203125 0.021119791666666665 0.0428759765625
1 0.3922526041666667 0.2381591796875 0.02080078125 0.0423291015625
1 0.5442708333333334 0.71826171875 0.02468098958333333 0.0436083984375
1 0.3720703125 0.2529296875 0.02056640625 0.0433642578125
1 0.4964192708333333 0.5087890625 0.05591145833333333 0.0157177734375
1 0.3746744791666667 0.8212890625 0.032877604166666664 0.0401611328125
1 0.5631510416666666 0.297119140625 0.0223828125 0.0425732421875
1 0.4189453125 0.8115234375 0.04756510416666667 0.0362841796875
1 0.4514973958333333 0.82177734375 0.02370442708333333 0.0453515625
1 0.7246940104166667 0.6088818359375 0.05096354166666667 0.0351416015625
1 0.5248958333333333 0.6924560546875 0.045605468749999996 0.0392626953125
1 0.5691145833333333 0.4699658203125 0.04362630208333334 0.0392626953125
1 0.6000520833333333 0.5174072265625 0.04203776041666666 0.039560546875
1 0.7448046875 0.5641064453125 0.05393880208333333 0.032421875
1 0.5651497395833334 0.634453125 0.049179687500000006 0.0339111328125
1 0.6538802083333334 0.37939453125 0.04928385416666667 0.035087890625
