1 0.22151692708333334 0.426513671875 0.0386328125 0.0537109375
1 0.2757161458333333 0.444580078125 0.07238932291666667 0.0237255859375
1 0.6875 0.56201171875 0.035279947916666665 0.0541064453125
1 0.548828125 0.65234375 0.03416015625 0.0564599609375
1 0.30712890625 0.535009765625 0.036783854166666664 0.0546142578125
1 0.470703125 0.56884765625 0.050416666666666665 0.05203125
1 0.3125 0.46044921875 0.06490234375 0.0445849609375
1 0.18636067708333334 0.44482421875 0.03871744791666667 0.0537109375
1 0.6868489583333334 0.61865234375 0.05781901041666667 0.0526123046875
1 0.4368489583333333 0.525390625 0.0376171875 0.05419921875
1 0.24716145833333333 0.6308642578125 0.05238932291666667 0.0558251953125
1 0.30536458333333333 0.6552734375 0.06627604166666666 0.040009765625
1 0.3346354166666667 0.71533203125 0.0663671875 0.0378125
1 0.4225260416666667 0.66455078125 0.07255208333333334 0.03021484375
1 0.439453125 0.56494140625 0.051881510416666665 0.04958984375
1 0.2931315104166667 0.57080078125 0.042076822916666666 0.0526123046875
1 0.4186197916666667 0.6318359375 0.05835286458333333 0.0545947265625
1 0.21809895833333334 0.4716796875 0.058027343749999995 0.04876953125
1 0.7584635416666666 0.2322998046875 0.059895833333333336 0.052705078125
1 0.23795572916666666 0.56298828125 0.0449609375 0.05251953125
1 0.31311197916666667 0.624228515625 0.06258463541666666 0.0463134765625
1 0.6233723958333334 0.762490234375 0.05293619791666667 0.0548828125
1 0.1727864583333333 0.57044921875 0.04781901041666667 0.0542626953125
1 0.3759765625 0.64111328125 0.029661458333333335 0.058564453125
1 0.2711588541666667 0.58203125 0.043541666666666666 0.0504150390625
1 0.2310221354166667 0.611611328125 0.051360677083333334 0.053759765625
1 0.19319661458333334 0.529013671875 0.056966145833333336 0.047880859375
1 0.5774739583333334 0.65234375 0.028118489583333333 0.055419921875
1 0.2294921875 0.34521484375 0.07255208333333334 0.0235595703125
1 0.3645833333333333 0.30859375 0.0712109375 0.02365234375
1 0.6412760416666666 0.56787109375 0.05859375 0.051455078125
1 0.4029947916666667 0.5542626953125 0.03147135416666667 0.0560986328125
1 0.6103515625 0.734375 0.0448828125 0.0537109375
1 0.6272786458333334 0.405029296875 0.058027343749999995 0.0465380859375
1 0.4772135416666667 0.41650390625 0.06278645833333334 0.0447705078125
1 0.18326171875 0.6199072265625 0.05544921875 0.0494140625
1 0.2786458333333333 0.493408203125 0.071328125 0.022890625
1 0.37890625 0.326171875 0.07458333333333333 0.0237255859375
1 0.7254427083333334 0.6141259765625 0.05979166666666667 0.0503662109375
1 0.2620442708333333 0.72900390625 0.06913411458333334 0.0372021484375
1 0.6080729166666666 0.51806640625 0.06966145833333333 0.0365625
1 0.3551432291666667 0.55419921875 0.06697916666666666 0.035830078125
1 0.3538411458333333 0.363525390625 0.043867187499999995 0.05203125
1 0.66015625 0.81787109375 0.07430338541666666 0.031982421875
1 0.2516276041666667 0.403076171875 0.03383463541666667 0.0521240234375
1 0.7415364583333334 0.301025390625 0.0458984375 0.0551171875
1 0.27392578125 0.7880859375 0.07401692708333334 0.0219873046875
1 0.3505859375 0.4856689453125 0.066484375 0.0425634765625
1 0.6920572916666666 0.76123046875 0.06477864583333333 0.0431201171875
1 0.658203125 0.61083984375 0.05708984375 0.05349609375
1 0.6595052083333334 0.436767578125 0.07470703125 0.0333251953125
1 0.6044921875 0.65283203125 0.028990885416666667 0.05685546875
1 0.2853190104166667 0.306640625 0.07092447916666667 0.031923828125
1 0.6520182291666666 0.310791015625 0.03953125 0.055419921875
1 0.6598307291666666 0.49169921875 0.05416015625 0.0504150390625
1 0.2688802083333333 0.70458984375 0.06600260416666666 0.0382373046875
1 0.6663411458333334 0.454833984375 0.0751171875 0.0320458984375
1 0.4700520833333333 0.468505859375 0.07360677083333333 0.0225048828125
1 0.2530924479166667 0.51611328125 0.05904296875 0.0452587890625
1 0.4710286458333333 0.488037109375 0.07092447916666667 0.0219140625
1 0.6898307291666667 0.26123046875 0.07607421874999999 0.033662109375
1 0.17301432291666666 0.705078125 0.0386328125 0.0549951171875
1 0.3802083333333333 0.71533203125 0.04175130208333333 0.0559375
1 0.17154947916666666 0.7802734375 0.07893880208333333 0.0322265625
1 0.53125 0.68505859375 0.045286458333333335 0.0560302734375
1 0.669921875 0.7255859375 0.07499348958333334 0.0248876953125
1 0.728515625 0.1357421875 0.06416666666666666 0.0486767578125
1 0.3616536458333333 0.2880859375 0.07373046875 0.024140625
1 0.1982421875 0.7666015625 0.07080078125 0.0325927734375
1 0.498046875 0.5732421875 0.051191406249999995 0.0509033203125
1 0.5348307291666666 0.57275390625 0.05244791666666667 0.048857421875
1 0.3821614583333333 0.75439453125 0.07238932291666667 0.02970703125
1 0.3157552083333333 0.366943359375 0.054850260416666664 0.0447705078125
1 0.4208984375 0.306884765625 0.0439453125 0.052705078125
1 0.3763020833333333 0.4130859375 0.03635416666666667 0.05251953125
1 0.6764322916666666 0.3037109375 0.03857421875 0.0526123046875
1 0.4822786458333333 0.4404296875 0.06799479166666667 0.0382373046875
1 0.2845052083333333 0.7470703125 0.07108723958333334 0.0277392578125
1 0.3141276041666667 0.341796875 0.057701822916666666 0.0462060546875
1 0.5087890625 0.8291015625 0.04296875 0.0572802734375
1 0.7376302083333334 0.205322265625 0.07055989583333333 0.03927734375
1 0.2021484375 0.74853515625 0.07214192708333333 0.0330810546875
1 0.603515625 0.307861328125 0.07055989583333333 0.0383935546875
1 0.31513020833333333 0.40625 0.0725 0.0294189453125
1 0.4440104166666667 0.81884765625 0.038125 0.056337890625
1 0.6611328125 0.2264404296875 0.06404947916666666 0.04345703125
1 0.148359375 0.51416015625 0.052571614583333336 0.047333984375
1 0.6549479166666666 0.69189453125 0.06205078125 0.0498681640625
1 0.3971354166666667 0.35400390625 0.05912109375 0.04568359375
1 0.7367057291666667 0.6710302734375 0.05814453125 0.0509619140625
1 0.3489583333333333 0.587890625 0.07055989583333333 0.029482421875
1 0.22379557291666666 0.71142578125 0.041914062499999995 0.0548095703125
1 0.3740234375 0.7890625 0.059446614583333335 0.04931640625
1 0.181640625 0.666015625 0.07389322916666667 0.029375
1 0.4827473958333333 0.82470703125 0.045735677083333336 0.0569775390625
1 0.283203125 0.8076171875 0.07161458333333333 0.0232861328125
1 0.4049479166666667 0.3935546875 0.031106770833333335 0.0572802734375
1 0.2550455729166667 0.318359375 0.07470703125 0.0316162109375
1 0.5895182291666666 0.69287109375 0.07597005208333334 0.02337890625
1 0.4348958333333333 0.361328125 0.03684244791666667 0.052431640625
1 0.3505859375 0.65380859375 0.027220052083333335 0.0557275390625
1 0.16520833333333332 0.463349609375 0.04934895833333333 0.05197265625
1 0.5777994791666666 0.408203125 0.05781901041666667 0.050048828125
1 0.201171875 0.70654296875 0.040364583333333336 0.0533154296875
1 0.3372395833333333 0.783203125 0.03900390625 0.0564599609375
1 0.7115885416666666 0.54345703125 0.03589192708333334 0.0546875
1 0.8111979166666666 0.78125 0.07348958333333333 0.03314453125
1 0.2810872395833333 0.76708984375 0.07002604166666666 0.02365234375
1 0.4166666666666667 0.70703125 0.05879557291666667 0.0549951171875
1 0.8020833333333334 0.252197265625 0.05737630208333333 0.0541064453125
1 0.5846354166666666 0.328857421875 0.07255208333333334 0.0309130859375
1 0.5804036458333334 0.83349609375 0.037272135416666664 0.0621044921875
1 0.5830078125 0.55810546875 0.050130208333333336 0.0474267578125
1 0.56640625 0.2607421875 0.0751171875 0.0237744140625
1 0.7180989583333334 0.292724609375 0.0439453125 0.0528271484375
1 0.6901041666666666 0.39501953125 0.06278645833333334 0.04443359375
1 0.8274739583333334 0.82861328125 0.07779947916666667 0.02484375
1 0.4339192708333333 0.755859375 0.048665364583333336 0.0558154296875
1 0.7298177083333334 0.37841796875 0.06949869791666667 0.03634765625
1 0.5221354166666666 0.60498046875 0.0702734375 0.027177734375
1 0.697265625 0.2398681640625 0.07401692708333334 0.0357373046875
1 0.6162109375 0.5595703125 0.052083333333333336 0.04779296875
1 0.7643229166666666 0.58837890625 0.060709635416666664 0.051455078125
1 0.861328125 0.8095703125 0.08190755208333333 0.0256201171875
1 0.3260416666666667 0.6874365234375 0.06915364583333333 0.0401708984375
1 0.16658854166666667 0.37353515625 0.06673177083333333 0.0401611328125
1 0.13029296875 0.52978515625 0.051191406249999995 0.050322265625
1 0.6018880208333334 0.82373046875 0.038209635416666665 0.063720703125
1 0.5504557291666666 0.82666015625 0.0321875 0.0638427734375
1 0.24104817708333334 0.365234375 0.07108723958333334 0.024658203125
1 0.7851627604166667 0.75390625 0.07893229166666667 0.033662109375
1 0.30276692708333336 0.423623046875 0.07147135416666667 0.0302587890625
1 0.5989583333333334 0.48779296875 0.06477864583333333 0.033720703125
1 0.6927083333333334 0.69091796875 0.050130208333333336 0.05072265625
1 0.71875 0.059541015625 0.05684244791666667 0.053896484375
1 0.20345052083333334 0.587890625 0.029602864583333333 0.0516650390625
1 0.724609375 0.1082177734375 0.06392578125 0.05251953125
1 0.7766927083333334 0.126708984375 0.03770182291666666 0.0582275390625
1 0.6474609375 0.364501953125 0.07389322916666667 0.031435546875
1 0.7779947916666666 0.642578125 0.0321875 0.0582275390625
1 0.7493489583333334 0.0545068359375 0.056764322916666665 0.053896484375
1 0.4475911458333333 0.29931640625 0.044108072916666664 0.04931640625
1 0.4948828125 0.86669921875 0.07893880208333333 0.024521484375
1 0.6920572916666666 0.09857421875 0.051393229166666665 0.0557275390625
1 0.79296875 0.7333984375 0.07539713541666666 0.03216796875
1 0.2840169270833333 0.82861328125 0.07389322916666667 0.0250390625
1 0.5472005208333334 0.9013671875 0.05395833333333333 0.053984375
1 0.4358723958333333 0.412841796875 0.042154947916666664 0.0579248046875
1 0.7897135416666666 0.181884765625 0.04740234375 0.0544140625
1 0.5540364583333334 0.51708984375 0.057291666666666664 0.035341796875
1 0.14225260416666666 0.71533203125 0.03908203125 0.0564599609375
1 0.4563802083333333 0.90673828125 0.060143229166666666 0.0544140625
1 0.7213541666666666 0.3515625 0.07430338541666666 0.0289306640625
1 0.8684895833333334 0.75537109375 0.07609375 0.0450146484375
1 0.19742838541666666 0.830078125 0.07108723958333334 0.03927734375
1 0.8665364583333334 0.77880859375 0.07637369791666666 0.0416259765625
1 0.5543619791666666 0.286865234375 0.07430338541666666 0.0350048828125
1 0.499765625 0.8878369140625 0.07427734375 0.02353515625
1 0.26416666666666666 0.6490673828125 0.04446614583333333 0.054404296875
1 0.15944010416666668 0.798828125 0.07720052083333333 0.0280126953125
1 0.658203125 0.39990234375 0.06526692708333333 0.0445849609375
1 0.21565755208333334 0.908203125 0.053548177083333336 0.0569775390625
1 0.8450520833333334 0.8505859375 0.08325520833333333 0.025419921875
1 0.6803385416666666 0.1763916015625 0.028378906250000002 0.0604248046875
1 0.6526692708333334 0.179931640625 0.027265625 0.059755859375
1 0.7048828125000001 0.782509765625 0.069765625 0.0431201171875
1 0.44197916666666665 0.9181201171875 0.060911458333333335 0.0545947265625
1 0.44048828125 0.618115234375 0.06239583333333334 0.047353515625
1 0.6343684895833334 0.786083984375 0.05199869791666667 0.0545947265625
1 0.73427734375 0.6384521484375 0.058684895833333334 0.0512548828125
1 0.64216796875 0.59416015625 0.06313802083333334 0.048466796875
1 0.3643489583333333 0.50279296875 0.06462239583333333 0.0417822265625
1 0.3450390625 0.4632373046875 0.06313802083333334 0.045126953125
1 0.15116536458333332 0.4824609375 0.058684895833333334 0.0501416015625
1 0.21356119791666664 0.5164453125 0.05274088541666667 0.0490283203125
1 0.24327473958333334 0.4760546875 0.06165364583333333 0.045126953125
1 0.7769856770833333 0.2426220703125 0.06239583333333334 0.05515625
1 0.7320442708333333 0.1863525390625 0.07205078125 0.0384423828125
1 0.735390625 0.15515625 0.06537109375 0.0495849609375
1 0.17345052083333334 0.354326171875 0.06908203125 0.04345703125
