1 0.3997395833333333 0.4423828125 0.058678385416666666 0.0505078125
1 0.7174479166666666 0.496826171875 0.07055989583333333 0.0413232421875
1 0.6829427083333334 0.720703125 0.07307942708333333 0.0360107421875
1 0.3450520833333333 0.357177734375 0.072265625 0.029482421875
1 0.2858072916666667 0.4287109375 0.06026041666666667 0.0484912109375
1 0.3766276041666667 0.5517578125 0.056315104166666664 0.0462060546875
1 0.11946614583333333 0.26220703125 0.07735026041666666 0.0283349609375
1 0.1044921875 0.29052734375 0.07625651041666666 0.0264599609375
1 0.3154296875 0.462890625 0.05936848958333333 0.0516650390625
1 0.6927083333333334 0.46142578125 0.07837239583333333 0.025712890625
1 0.6959635416666666 0.68310546875 0.07483072916666667 0.0381787109375
1 0.365234375 0.87939453125 0.04809895833333333 0.053984375
1 0.6311848958333334 0.6513671875 0.05025390625 0.0538037109375
1 0.791015625 0.46142578125 0.073203125 0.046630859375
1 0.787109375 0.359375 0.08219401041666667 0.0248876953125
1 0.3948567708333333 0.50390625 0.06465494791666666 0.0398583984375
1 0.6768424479166667 0.64111328125 0.051920572916666664 0.0546875
1 0.6575520833333334 0.439697265625 0.07792317708333334 0.023515625
1 0.435546875 0.369384765625 0.07401692708333334 0.0256640625
1 0.3154296875 0.372802734375 0.072265625 0.0298779296875
1 0.7083333333333334 0.38427734375 0.041829427083333336 0.0598779296875
1 0.3649088541666667 0.472412109375 0.041914062499999995 0.0545068359375
1 0.29833984375 0.31884765625 0.02921875 0.053896484375
1 0.7395833333333334 0.385498046875 0.0415234375 0.0579248046875
1 0.3253580729166667 0.53076171875 0.07267578125 0.02232421875
1 0.5963541666666666 0.775390625 0.0712109375 0.038115234375
1 0.61474609375 0.7373046875 0.06949869791666667 0.049775390625
1 0.26904296875 0.485107421875 0.068359375 0.0406787109375
1 0.802734375 0.4033203125 0.07214192708333333 0.047880859375
1 0.7161458333333334 0.433349609375 0.06392578125 0.049775390625
1 0.4016927083333333 0.406005859375 0.073203125 0.0263525390625
1 0.3883463541666667 0.3046875 0.030703124999999998 0.0577099609375
1 0.4085286458333333 0.38623046875 0.0702734375 0.0260009765625
1 0.6357421875 0.80078125 0.06404947916666666 0.048125
1 0.4007161458333333 0.2666015625 0.07255208333333334 0.0298779296875
1 0.7662760416666666 0.43310546875 0.037923177083333336 0.059326171875
1 0.5940755208333334 0.60400390625 0.06335286458333333 0.04345703125
1 0.7545572916666666 0.66943359375 0.07637369791666666 0.0340283203125
1 0.3274739583333333 0.304443359375 0.0278515625 0.056640625
1 0.4176432291666667 0.8076171875 0.04443359375 0.0564599609375
1 0.3577473958333333 0.2474365234375 0.05591145833333333 0.0546875
1 0.6586067708333333 0.6907177734375 0.07404947916666667 0.0364697265625
1 0.3346354166666667 0.492919921875 0.032063802083333336 0.0549951171875
1 0.3551432291666667 0.302978515625 0.029947916666666668 0.0577099609375
1 0.3802083333333333 0.779296875 0.02854166666666667 0.057587890625
1 0.3063151041666667 0.87255859375 0.03305989583333333 0.055419921875
1 0.2501627604166667 0.7392578125 0.06384114583333333 0.04345703125
1 0.7825520833333334 0.318603515625 0.054850260416666664 0.0560302734375
1 0.244140625 0.439453125 0.03623697916666666 0.0558154296875
1 0.3263346354166667 0.89404296875 0.03389322916666667 0.059326171875
1 0.4833984375 0.88671875 0.0376171875 0.059326171875
1 0.4723307291666667 0.74853515625 0.04067057291666667 0.0549951171875
1 0.4384765625 0.89306640625 0.03035807291666667 0.0589892578125
1 0.412109375 0.890625 0.029440104166666665 0.059111328125
1 0.4365234375 0.6640625 0.03615234375 0.0545947265625
1 0.375 0.9033203125 0.046875 0.0541064453125
1 0.583984375 0.7412109375 0.04634765625 0.0322900390625
1 0.4283268229166666 0.4434375 0.057246093750000004 0.052314453125
1 0.30862630208333336 0.4406298828125 0.062578125 0.0446142578125
1 0.6284505208333333 0.718740234375 0.06720703125000001 0.0504052734375
