1 0.4544270833333333 0.264892578125 0.040891927083333335 0.0406787109375
1 0.3902994791666667 0.25634765625 0.04667317708333333 0.0374755859375
1 0.7389322916666666 0.35009765625 0.042805989583333336 0.0362255859375
1 0.6206770833333334 0.3422900390625 0.04712890625 0.0347705078125
1 0.580078125 0.392333984375 0.038938802083333335 0.040986328125
1 0.28076171875 0.4897509765625 0.04443359375 0.034462890625
1 0.2980143229166667 0.2624560546875 0.03953125 0.038486328125
1 0.3606770833333333 0.1976318359375 0.030703124999999998 0.0406201171875
1 0.6263020833333334 0.224853515625 0.027727864583333334 0.0423876953125
1 0.5608333333333334 0.2109716796875 0.039778645833333334 0.0392236328125
1 0.30029296875 0.2398681640625 0.042565104166666666 0.0372607421875
1 0.4182942708333333 0.29541015625 0.03735677083333334 0.039794921875
1 0.345703125 0.242431640625 0.04960286458333333 0.027373046875
1 0.3544921875 0.2841796875 0.03212239583333334 0.0410791015625
1 0.4143880208333333 0.193359375 0.053346354166666665 0.0213623046875
1 0.3608984375 0.3072705078125 0.05082682291666666 0.0304541015625
1 0.701171875 0.2900390625 0.050618489583333336 0.0274365234375
1 0.3232421875 0.2216796875 0.027265625 0.04025390625
1 0.5734830729166667 0.6484375 0.05224609375 0.026279296875
1 0.3663020833333333 0.393798828125 0.05195963541666667 0.0223681640625
1 0.53357421875 0.2556494140625 0.040201822916666664 0.038544921875
1 0.4124348958333333 0.224365234375 0.05517578125 0.0204931640625
1 0.318359375 0.6171875 0.04960286458333333 0.029375
1 0.6182096354166667 0.1935986328125 0.04352213541666666 0.036923828125
1 0.3277994791666667 0.292724609375 0.025104166666666667 0.04486328125
1 0.3623046875 0.365234375 0.053346354166666665 0.023193359375
1 0.3434244791666667 0.205810546875 0.029889322916666666 0.0403125
1 0.4981380208333333 0.54771484375 0.05224609375 0.0192724609375
1 0.3014322916666667 0.200615234375 0.028867187500000002 0.0426318359375
1 0.6230078125 0.3208203125 0.05370442708333333 0.02541015625
1 0.6927083333333334 0.36 0.03169921875 0.041083984375
1 0.4219205729166667 0.3916015625 0.03647135416666667 0.03705078125
1 0.5680338541666666 0.272216796875 0.051842447916666666 0.0260009765625
1 0.20356770833333335 0.59326171875 0.0453125 0.0343017578125
1 0.7622786458333333 0.3014794921875 0.03432291666666667 0.0416455078125
1 0.4202473958333333 0.340576171875 0.03857421875 0.038603515625
1 0.3916015625 0.276123046875 0.041914062499999995 0.0368359375
1 0.7083333333333334 0.347412109375 0.03188151041666667 0.0443408203125
1 0.447265625 0.39501953125 0.030579427083333333 0.0391845703125
1 0.666015625 0.3494384765625 0.035279947916666665 0.0405810546875
1 0.3035481770833333 0.469560546875 0.0317578125 0.0395849609375
1 0.2939453125 0.391845703125 0.053059895833333336 0.0244287109375
1 0.3421223958333333 0.259521484375 0.04911458333333333 0.0232373046875
1 0.25990234375 0.201572265625 0.034544270833333335 0.0428173828125
1 0.7141927083333334 0.453125 0.0448828125 0.038330078125
1 0.4085286458333333 0.23779296875 0.05224609375 0.0210888671875
1 0.27588541666666666 0.3711279296875 0.05274739583333333 0.0265673828125
1 0.6747981770833333 0.3225439453125 0.05321614583333333 0.021865234375
1 0.7172265625 0.2419384765625 0.053307291666666666 0.0309228515625
1 0.5937044270833333 0.2434765625 0.02625 0.0419482421875
1 0.4996744791666667 0.25634765625 0.04321614583333333 0.0364404296875
1 0.2830859375 0.2024951171875 0.03298828125 0.04130859375
1 0.6706184895833333 0.2309521484375 0.026497395833333336 0.043515625
1 0.7187044270833334 0.5383642578125 0.03327473958333333 0.0393359375
1 0.4368489583333333 0.47314453125 0.021197916666666667 0.041474609375
1 0.2440234375 0.4186328125 0.03615234375 0.0393359375
1 0.6910872395833333 0.5432080078125 0.038001302083333334 0.0366162109375
1 0.25390625 0.264404296875 0.0414453125 0.0425732421875
1 0.3795572916666667 0.1954345703125 0.03194010416666667 0.040009765625
1 0.25247395833333336 0.33158203125 0.05347005208333333 0.0255078125
1 0.4740494791666667 0.2014990234375 0.03005208333333333 0.0408154296875
1 0.7434895833333334 0.297607421875 0.03257161458333333 0.03955078125
1 0.7301888020833333 0.4189794921875 0.043294270833333336 0.0368115234375
1 0.7807421875 0.3989990234375 0.047552083333333335 0.035947265625
1 0.7354947916666666 0.326630859375 0.0566015625 0.0225390625
1 0.65759765625 0.2858203125 0.04276692708333333 0.0364453125
1 0.32940104166666667 0.3794677734375 0.024127604166666667 0.0409228515625
1 0.4069010416666667 0.1766357421875 0.05497395833333333 0.02169921875
1 0.27831380208333334 0.689453125 0.05492838541666667 0.019609375
1 0.7350260416666666 0.381103515625 0.024309895833333334 0.0440087890625
1 0.3218033854166667 0.34033203125 0.02595703125 0.041474609375
1 0.6901041666666666 0.2069091796875 0.056315104166666664 0.028701171875
1 0.6484375 0.225205078125 0.02463541666666667 0.04375
1 0.7778385416666667 0.2600439453125 0.055611979166666665 0.0240869140625
1 0.2532552083333333 0.459716796875 0.030169270833333334 0.041533203125
1 0.2332421875 0.2236669921875 0.03725911458333333 0.041884765625
1 0.4482421875 0.189697265625 0.03163411458333334 0.0408349609375
1 0.7174479166666666 0.391357421875 0.024778645833333335 0.0394921875
1 0.791015625 0.368583984375 0.042076822916666666 0.03697265625
1 0.4274088541666667 0.42919921875 0.054850260416666664 0.0164013671875
1 0.7889713541666666 0.339287109375 0.03244791666666667 0.0423291015625
1 0.63671875 0.55517578125 0.020891927083333334 0.0394287109375
1 0.26416015625 0.29736328125 0.055299479166666665 0.019560546875
1 0.30908203125 0.30078125 0.025839843749999997 0.041533203125
1 0.21369791666666668 0.7023876953125 0.05161458333333333 0.029052734375
1 0.70056640625 0.568359375 0.0534765625 0.01953125
1 0.7532486979166667 0.2694580078125 0.053984375 0.025810546875
1 0.3665364583333333 0.7265625 0.026751302083333334 0.0396435546875
1 0.3512369791666667 0.76708984375 0.04984375 0.0289306640625
1 0.2918294270833333 0.64306640625 0.05025390625 0.02595703125
1 0.5983072916666666 0.537109375 0.053834635416666665 0.0161572265625
1 0.7434895833333334 0.6220703125 0.03513671875 0.0403759765625
1 0.806640625 0.29248046875 0.024778645833333335 0.0445263671875
1 0.7115885416666666 0.50669921875 0.029257812499999997 0.04177734375
1 0.31610677083333333 0.7549560546875 0.05342447916666667 0.0266552734375
1 0.6976953125 0.4054541015625 0.042291666666666665 0.0349755859375
1 0.5 0.718193359375 0.021790364583333333 0.0423876953125
1 0.3616536458333333 0.336181640625 0.024173177083333334 0.0401025390625
1 0.6496484375 0.7506298828125 0.055299479166666665 0.023193359375
1 0.4235026041666667 0.261962890625 0.042890624999999995 0.0335986328125
1 0.2109375 0.56640625 0.024537760416666665 0.040771484375
1 0.7220052083333334 0.2213134765625 0.053059895833333336 0.029482421875
1 0.60166015625 0.5701025390625 0.0544140625 0.0164697265625
1 0.5907291666666666 0.783623046875 0.04461588541666667 0.033720703125
1 0.3984375 0.75390625 0.051595052083333336 0.024091796875
1 0.7701822916666666 0.335625 0.031412760416666664 0.0417333984375
1 0.2994791666666667 0.335205078125 0.021542968750000002 0.0403759765625
1 0.3157552083333333 0.1821435546875 0.025208333333333333 0.0428173828125
1 0.6960481770833334 0.3039892578125 0.052578125 0.025068359375
1 0.70837890625 0.726875 0.05335286458333333 0.02216796875
1 0.78125 0.23095703125 0.06079427083333333 0.0217431640625
1 0.7864583333333334 0.294921875 0.027161458333333333 0.0431201171875
1 0.20426432291666666 0.63427734375 0.024453125000000003 0.03955078125
1 0.4895833333333333 0.7829931640625 0.030638020833333335 0.04103515625
1 0.24007161458333334 0.7373046875 0.052083333333333336 0.0261083984375
1 0.3844401041666667 0.324951171875 0.025494791666666666 0.0413232421875
1 0.794921875 0.250732421875 0.05936848958333333 0.02580078125
1 0.7584635416666666 0.38525390625 0.02439453125 0.04123046875
1 0.5104166666666666 0.42333984375 0.053059895833333336 0.016923828125
1 0.4814453125 0.336181640625 0.021790364583333333 0.0394921875
1 0.28099609375 0.76447265625 0.03832682291666666 0.0377294921875
1 0.5128645833333333 0.1865673828125 0.042389322916666666 0.04013671875
1 0.3512369791666667 0.79638671875 0.052610677083333335 0.0229345703125
1 0.3154296875 0.77685546875 0.04028645833333334 0.0374755859375
1 0.41796875 0.49072265625 0.022115885416666665 0.038818359375
1 0.35021484374999995 0.1715087890625 0.051621093750000006 0.0190869140625
1 0.7397526041666667 0.2494873046875 0.05435546875 0.030869140625
1 0.681640625 0.763671875 0.04614583333333333 0.0322900390625
1 0.26943359375000003 0.312607421875 0.0563671875 0.02021484375
1 0.3942578125 0.78732421875 0.03983072916666667 0.0401611328125
1 0.6977799479166666 0.58251953125 0.05527994791666666 0.01744140625
1 0.59220703125 0.1733251953125 0.051621093750000006 0.0319775390625
1 0.47042317708333337 0.7825048828125 0.03326822916666667 0.0406689453125
1 0.3306575520833333 0.4481396484375 0.05100260416666667 0.02869140625
1 0.6292708333333333 0.7966650390625 0.04544921875 0.0334765625
1 0.3414713541666667 0.340361328125 0.023255208333333333 0.0410205078125
1 0.52990234375 0.78728515625 0.04716145833333333 0.0337646484375
1 0.2777278645833333 0.1747705078125 0.05415364583333334 0.0193115234375
1 0.2744140625 0.7251318359375 0.023072916666666665 0.0434912109375
1 0.5632486979166667 0.4895751953125 0.05036458333333333 0.02755859375
1 0.5716145833333334 0.52490234375 0.04984375 0.01548828125
1 0.7434895833333334 0.5248974609375 0.022298177083333332 0.0420751953125
1 0.5179036458333334 0.7577099609375 0.049231770833333334 0.0286767578125
1 0.39667317708333333 0.4834423828125 0.03197916666666666 0.0396044921875
1 0.45587239583333333 0.79478515625 0.033079427083333335 0.040615234375
1 0.37012369791666666 0.7744140625 0.052395833333333336 0.028974609375
1 0.5992057291666667 0.7966796875 0.04593098958333333 0.0344482421875
1 0.6254231770833333 0.7641455078125 0.0417578125 0.0382763671875
1 0.6636979166666667 0.7387451171875 0.05613932291666667 0.0222705078125
1 0.5463151041666666 0.79494140625 0.04407552083333333 0.033056640625
1 0.5231184895833333 0.7735400390625 0.04778645833333334 0.03201171875
1 0.58482421875 0.7679736328125 0.045006510416666666 0.034794921875
1 0.5003841145833333 0.1757275390625 0.04407552083333333 0.03966796875
1 0.5293815104166667 0.1932958984375 0.0417578125 0.0400146484375
1 0.5437630208333334 0.20251953125 0.0417578125 0.038974609375
1 0.5767057291666667 0.2190478515625 0.03990234375 0.0393212890625
1 0.5778645833333333 0.1851220703125 0.04871744791666666 0.0334033203125
1 0.6117317708333333 0.235576171875 0.029231770833333334 0.0431494140625
1 0.6551106770833334 0.1924267578125 0.0566015625 0.0278369140625
1 0.25146484375 0.2199169921875 0.03711588541666667 0.0417578125
1 0.423828125 0.2094775390625 0.05520833333333333 0.02087890625
1 0.27930338541666666 0.2691552734375 0.038971354166666666 0.0400146484375
1 0.26538411458333333 0.343623046875 0.052890625 0.0267919921875
1 0.2920638020833333 0.3620654296875 0.05242838541666667 0.027490234375
1 0.3649088541666667 0.37841796875 0.054283854166666666 0.021923828125
1 0.26422526041666666 0.4203466796875 0.03479817708333333 0.0375830078125
1 0.2906705729166667 0.4233056640625 0.021803385416666668 0.040712890625
1 0.3134049479166667 0.413388671875 0.025520833333333336 0.0417578125
1 0.32987630208333335 0.4177392578125 0.027838541666666664 0.04140625
1 0.3495963541666667 0.423134765625 0.02737630208333333 0.0403662109375
1 0.3871744791666667 0.4050390625 0.04778645833333334 0.0299267578125
1 0.42197265624999997 0.415478515625 0.054283854166666666 0.018095703125
1 0.37464843750000004 0.4309619140625 0.04407552083333333 0.0337548828125
1 0.39529296875 0.4450537109375 0.052890625 0.0173974609375
1 0.44610026041666667 0.445576171875 0.05242838541666667 0.0163525390625
1 0.49829427083333333 0.43896484375 0.05382161458333334 0.0156591796875
1 0.48483723958333336 0.411474609375 0.057532552083333334 0.01705078125
1 0.48367838541666663 0.3970361328125 0.05335286458333333 0.0167041015625
1 0.5398177083333333 0.409912109375 0.05335286458333333 0.0194873046875
1 0.5664973958333334 0.3825927734375 0.040826822916666665 0.0400146484375
1 0.4894791666666667 0.371982421875 0.038046875 0.036884765625
1 0.5207942708333334 0.388681640625 0.04871744791666666 0.02853515625
1 0.52775390625 0.37458984375 0.049641927083333336 0.0267919921875
1 0.5319335937499999 0.3599755859375 0.05149739583333333 0.0288818359375
1 0.5497916666666667 0.3516259765625 0.04732421875 0.02818359375
1 0.5843619791666667 0.3544091796875 0.03665364583333333 0.0365380859375
1 0.60361328125 0.349189453125 0.04268229166666667 0.03583984375
1 0.4344986979166667 0.297861328125 0.03850911458333333 0.0403662109375
1 0.4614127604166667 0.2983837890625 0.040364583333333336 0.0372314453125
1 0.4808984375 0.30291015625 0.04315104166666667 0.0372314453125
1 0.5087369791666666 0.2985595703125 0.040364583333333336 0.0382763671875
1 0.54283203125 0.2917724609375 0.04732421875 0.0344482421875
1 0.56603515625 0.3004736328125 0.04546875 0.035146484375
1 0.6024544270833333 0.290380859375 0.04129557291666667 0.0400146484375
1 0.6307552083333333 0.30865234375 0.05242838541666667 0.0243603515625
1 0.56580078125 0.3223974609375 0.04778645833333334 0.0337548828125
1 0.5189388020833333 0.3192626953125 0.05613932291666667 0.0240087890625
1 0.515 0.3368359375 0.052890625 0.0271435546875
1 0.27907552083333337 0.4507958984375 0.03201171875 0.0400146484375
1 0.621015625 0.3740673828125 0.049641927083333336 0.0327099609375
1 0.6676432291666666 0.377724609375 0.05474609375 0.021923828125
1 0.6504752604166667 0.390595703125 0.05382161458333334 0.0267919921875
1 0.6328450520833333 0.3999951171875 0.052890625 0.025400390625
1 0.6080208333333333 0.4085205078125 0.05335286458333333 0.0222705078125
1 0.598046875 0.422958984375 0.05474609375 0.0184423828125
1 0.567421875 0.43130859375 0.052890625 0.0226171875
1 0.5502604166666667 0.4422705078125 0.05103515625 0.0229638671875
1 0.5152278645833334 0.4563623046875 0.05335286458333333 0.02470703125
1 0.5400520833333333 0.4631494140625 0.05196614583333333 0.0243603515625
1 0.5625520833333334 0.4716748046875 0.05520833333333333 0.0212255859375
1 0.5941015625 0.4462744140625 0.05057291666666667 0.0309716796875
1 0.6031510416666667 0.4652392578125 0.038046875 0.0382763671875
1 0.6330729166666667 0.4302685546875 0.037578125 0.0372314453125
1 0.6530273437499999 0.4299169921875 0.03665364583333333 0.040712890625
1 0.68689453125 0.418955078125 0.040364583333333336 0.034794921875
1 0.6685677083333333 0.4422705078125 0.03711588541666667 0.038974609375
1 0.6824869791666667 0.4567138671875 0.040826822916666665 0.0379296875
1 0.7840950520833333 0.417041015625 0.04732421875 0.035146484375
1 0.6971028645833334 0.491162109375 0.03943359375 0.0372314453125
1 0.6806315104166667 0.483681640625 0.0417578125 0.0375830078125
1 0.64560546875 0.4697607421875 0.04871744791666666 0.03201171875
1 0.6214778645833333 0.48994140625 0.05057291666666667 0.029228515625
1 0.6372526041666667 0.498818359375 0.04778645833333334 0.0302734375
1 0.6031510416666667 0.5134326171875 0.048255208333333334 0.0295751953125
1 0.6446744791666666 0.517431640625 0.040364583333333336 0.0375830078125
1 0.6623046874999999 0.5247412109375 0.03850911458333333 0.0375830078125
1 0.6794726562500001 0.528916015625 0.03572265625 0.0382763671875
1 0.5968880208333334 0.5532763671875 0.05242838541666667 0.0201806640625
1 0.40294921874999995 0.4582763671875 0.054283854166666666 0.018095703125
1 0.3609635416666667 0.4680224609375 0.027838541666666664 0.0417578125
1 0.37626953125 0.4850732421875 0.027838541666666664 0.038974609375
1 0.318046875 0.4791552734375 0.03201171875 0.038974609375
1 0.33567708333333335 0.4889013671875 0.02830078125 0.03966796875
1 0.35470052083333337 0.5075146484375 0.02365885416666667 0.040712890625
1 0.26515625 0.4953369140625 0.04593098958333333 0.0337548828125
1 0.23267578125 0.48455078125 0.025520833333333336 0.0400146484375
1 0.23662109374999998 0.512041015625 0.05474609375 0.0240087890625
1 0.26492187500000003 0.52056640625 0.058457031250000006 0.0194873046875
1 0.21434895833333334 0.5341357421875 0.05196614583333333 0.0264453125
1 0.23777994791666668 0.54857421875 0.03479817708333333 0.038623046875
1 0.25332031250000003 0.557099609375 0.034335937500000004 0.038974609375
1 0.28719401041666665 0.5409228515625 0.05103515625 0.02818359375
1 0.30598307291666665 0.51830078125 0.029231770833333334 0.04140625
1 0.32245442708333333 0.534482421875 0.021341145833333335 0.0410595703125
1 0.34100911458333333 0.5409228515625 0.019485677083333333 0.0400146484375
1 0.36513671875000003 0.560927734375 0.03340494791666667 0.03966796875
1 0.37604166666666666 0.52212890625 0.02830078125 0.0400146484375
1 0.4036458333333333 0.5188232421875 0.027838541666666664 0.0403662109375
1 0.45746744791666666 0.502646484375 0.05382161458333334 0.0260986328125
1 0.43728515625 0.5170849609375 0.05520833333333333 0.0167041015625
1 0.46883463541666665 0.46193359375 0.045006510416666666 0.0316650390625
1 0.4723111979166667 0.477763671875 0.04268229166666667 0.03201171875
1 0.48901692708333333 0.485419921875 0.040826822916666665 0.034794921875
1 0.5078059895833333 0.4923779296875 0.03850911458333333 0.0382763671875
1 0.5263671875 0.4979443359375 0.03201171875 0.03966796875
1 0.5337890625 0.521435546875 0.04222005208333333 0.035146484375
1 0.5511848958333333 0.5424853515625 0.05474609375 0.0201806640625
1 0.4892447916666667 0.52056640625 0.05613932291666667 0.0173974609375
1 0.4857682291666667 0.5350048828125 0.05382161458333334 0.019140625
1 0.43218098958333334 0.5369189453125 0.05057291666666667 0.029228515625
1 0.439140625 0.5501416015625 0.04871744791666666 0.0278369140625
1 0.39877604166666664 0.5471826171875 0.032942708333333334 0.03583984375
1 0.3885677083333334 0.563193359375 0.0338671875 0.0365380859375
1 0.45073567708333334 0.560927734375 0.049641927083333336 0.025751953125
1 0.45282552083333333 0.576416015625 0.05011067708333333 0.02470703125
1 0.4187239583333333 0.581982421875 0.021803385416666668 0.04140625
1 0.3834635416666667 0.5872021484375 0.054283854166666666 0.017744140625
1 0.3366015625 0.5689306640625 0.04871744791666666 0.02853515625
1 0.30783854166666663 0.5736328125 0.0264453125 0.0400146484375
1 0.28811848958333336 0.5682373046875 0.02690755208333333 0.03966796875
1 0.2718815104166667 0.580068359375 0.02690755208333333 0.038974609375
1 0.2558723958333333 0.5945068359375 0.029231770833333334 0.0393212890625
1 0.23430338541666665 0.5905078125 0.025052083333333332 0.03966796875
1 0.33498046875 0.6068603515625 0.04639322916666667 0.0278369140625
1 0.3598046875 0.5992041015625 0.04222005208333333 0.0334033203125
1 0.28533854166666667 0.606337890625 0.038971354166666666 0.0379296875
1 0.54701171875 0.5701513671875 0.031549479166666665 0.038623046875
1 0.514765625 0.572236328125 0.03201171875 0.0379296875
1 0.49041015625 0.574150390625 0.034335937500000004 0.03619140625
1 0.5249739583333334 0.606337890625 0.04407552083333333 0.0309716796875
1 0.5479361979166667 0.5995556640625 0.03990234375 0.0354931640625
1 0.5727604166666667 0.5901611328125 0.024589843750000003 0.0410595703125
1 0.598046875 0.6011181640625 0.03340494791666667 0.0393212890625
1 0.6221744791666667 0.608603515625 0.025052083333333332 0.0417578125
1 0.6402669270833333 0.6019921875 0.024127604166666667 0.0417578125
1 0.7040625 0.6117333984375 0.05335286458333333 0.0264453125
1 0.7300455729166666 0.638876953125 0.04871744791666666 0.031318359375
1 0.6609114583333333 0.621474609375 0.0338671875 0.0403662109375
1 0.6878255208333334 0.6319140625 0.03015625 0.0403662109375
1 0.7277213541666666 0.6573193359375 0.049641927083333336 0.034794921875
1 0.7184440104166666 0.670712890625 0.045006510416666666 0.0372314453125
1 0.7233138020833333 0.7025537109375 0.049179687500000006 0.0327099609375
1 0.6994205729166666 0.680283203125 0.04871744791666666 0.0306201171875
1 0.6704231770833333 0.6616650390625 0.05196614583333333 0.02470703125
1 0.6572005208333334 0.647919921875 0.054283854166666666 0.021572265625
1 0.62263671875 0.6428759765625 0.04546875 0.0337548828125
1 0.5934049479166666 0.624609375 0.05011067708333333 0.02853515625
1 0.5815755208333333 0.634873046875 0.05057291666666667 0.0267919921875
1 0.48832031249999996 0.5978125 0.04129557291666667 0.0354931640625
1 0.46604817708333335 0.6014697265625 0.0338671875 0.0393212890625
1 0.43774739583333333 0.608251953125 0.024589843750000003 0.0417578125
1 0.40410807291666667 0.60564453125 0.05103515625 0.0205322265625
1 0.42359375 0.6313916015625 0.0417578125 0.0337548828125
1 0.37464843750000004 0.6226953125 0.054283854166666666 0.0233154296875
1 0.24033203125 0.61869140625 0.0566015625 0.0201806640625
1 0.2412630208333333 0.632958984375 0.05567708333333333 0.0201806640625
1 0.23847656250000002 0.64931640625 0.05474609375 0.0264453125
1 0.21713541666666666 0.6639306640625 0.05382161458333334 0.016005859375
1 0.22525390625 0.6799365234375 0.05520833333333333 0.0201806640625
1 0.27489583333333334 0.668974609375 0.05335286458333333 0.0233154296875
1 0.3581770833333333 0.6496630859375 0.038046875 0.036884765625
1 0.31108723958333334 0.66810546875 0.04222005208333333 0.0382763671875
1 0.3291796875 0.672802734375 0.04407552083333333 0.0365380859375
1 0.23592447916666667 0.7081201171875 0.049641927083333336 0.0271435546875
1 0.24009765625 0.7225634765625 0.05149739583333333 0.025400390625
1 0.3066796875 0.710380859375 0.04732421875 0.03236328125
1 0.30853515625 0.7272607421875 0.04732421875 0.03201171875
1 0.3368359375 0.7437890625 0.05103515625 0.0267919921875
1 0.34263671874999996 0.7208203125 0.031087239583333332 0.0393212890625
1 0.35470052083333337 0.6959423828125 0.05149739583333333 0.0229638671875
1 0.37650390624999996 0.6825439453125 0.04407552083333333 0.0316650390625
1 0.39111979166666666 0.64322265625 0.03526041666666666 0.0393212890625
1 0.4247591145833333 0.65296875 0.05149739583333333 0.025400390625
1 0.416171875 0.665322265625 0.05196614583333333 0.0243603515625
1 0.41664062500000004 0.6828955078125 0.05382161458333334 0.0212255859375
1 0.42104817708333336 0.70220703125 0.05149739583333333 0.0250537109375
1 0.4034114583333333 0.7116015625 0.05149739583333333 0.0222705078125
1 0.40063151041666667 0.7260400390625 0.05242838541666667 0.0226171875
1 0.4052734375 0.742919921875 0.05242838541666667 0.0243603515625
1 0.4096809895833333 0.7933740234375 0.03711588541666667 0.03966796875
1 0.4382096354166667 0.7575341796875 0.03943359375 0.0375830078125
1 0.51291015625 0.7430908203125 0.05057291666666667 0.0316650390625
1 0.567421875 0.7568359375 0.04361328125 0.03619140625
1 0.45677083333333335 0.731435546875 0.04129557291666667 0.03619140625
1 0.47973307291666667 0.727783203125 0.029694010416666666 0.0400146484375
1 0.46373046874999996 0.699072265625 0.054283854166666666 0.021572265625
1 0.4648893229166667 0.67923828125 0.04639322916666667 0.031318359375
1 0.4737044270833333 0.6581884765625 0.05567708333333333 0.0233154296875
1 0.5020052083333334 0.6837646484375 0.048255208333333334 0.031318359375
1 0.45398437500000005 0.6286083984375 0.021803385416666668 0.0421044921875
1 0.48112630208333335 0.63 0.03526041666666666 0.0379296875
1 0.5029361979166667 0.6277392578125 0.038046875 0.0382763671875
1 0.52033203125 0.6373095703125 0.037578125 0.038623046875
1 0.5340169270833334 0.6449658203125 0.038971354166666666 0.0379296875
1 0.5212630208333333 0.672978515625 0.03943359375 0.03619140625
1 0.5474739583333333 0.66984375 0.023196614583333334 0.0410595703125
1 0.5834309895833333 0.6848095703125 0.049641927083333336 0.025751953125
1 0.5813411458333334 0.6675830078125 0.048255208333333334 0.0288818359375
1 0.5514192708333333 0.698203125 0.05520833333333333 0.0205322265625
1 0.529609375 0.7176904296875 0.045006510416666666 0.0344482421875
1 0.5609309895833333 0.7243017578125 0.030618489583333335 0.040712890625
1 0.5889973958333333 0.733349609375 0.03943359375 0.0372314453125
1 0.59015625 0.7062060546875 0.05474609375 0.019140625
1 0.6175325520833334 0.71734375 0.04453776041666666 0.035146484375
1 0.6291341145833333 0.72865234375 0.04268229166666667 0.03619140625
1 0.61521484375 0.680107421875 0.024127604166666667 0.0421044921875
1 0.6347005208333333 0.6778466796875 0.02227213541666667 0.0417578125
1 0.6553450520833334 0.69263671875 0.03943359375 0.0379296875
1 0.6725130208333333 0.699423828125 0.03850911458333333 0.0382763671875
1 0.6880533854166666 0.7100341796875 0.03990234375 0.0365380859375
