0 0.3796875 0.4675925925925926 0.022916666666666665 0.040740740740740744
0 0.5260416666666666 0.49074074074074076 0.020833333333333332 0.03888888888888889
0 0.4734375 0.48657407407407405 0.020833333333333332 0.03981481481481482
0 0.5471354166666667 0.4935185185185185 0.022395833333333334 0.040740740740740744
0 0.6338541666666667 0.35462962962962963 0.022916666666666665 0.040740740740740744
0 0.41510416666666666 0.4486111111111111 0.021875 0.03981481481481482
0 0.48854166666666665 0.46111111111111114 0.020833333333333332 0.03888888888888889
0 0.51015625 0.46574074074074073 0.0203125 0.037037037037037035
0 0.46848958333333335 0.20833333333333334 0.021354166666666667 0.040740740740740744
0 0.440625 0.43472222222222223 0.020833333333333332 0.03981481481481482
0 0.46380208333333334 0.44027777777777777 0.021354166666666667 0.03981481481481482
0 0.5739583333333333 0.33564814814814814 0.021875 0.03981481481481482
0 0.528125 0.4393518518518518 0.019791666666666666 0.03796296296296296
0 0.5447916666666667 0.30324074074074076 0.020833333333333332 0.03796296296296296
0 0.63125 0.3162037037037037 0.021875 0.03981481481481482
0 0.5393229166666667 0.3675925925925926 0.021354166666666667 0.03888888888888889
0 0.5546875 0.43796296296296294 0.021875 0.03888888888888889
0 0.5627604166666667 0.2824074074074074 0.021354166666666667 0.040740740740740744
0 0.5505208333333333 0.4 0.021875 0.03888888888888889
0 0.5518229166666667 0.33796296296296297 0.0203125 0.037037037037037035
0 0.5286458333333334 0.33240740740740743 0.020833333333333332 0.03888888888888889
0 0.6455729166666667 0.28055555555555556 0.022395833333333334 0.040740740740740744
0 0.4786458333333333 0.1736111111111111 0.020833333333333332 0.03981481481481482
0 0.5046875 0.16527777777777777 0.020833333333333332 0.03981481481481482
0 0.5158854166666667 0.19814814814814816 0.021354166666666667 0.040740740740740744
0 0.47213541666666664 0.13796296296296295 0.0203125 0.03888888888888889
0 0.49635416666666665 0.425462962962963 0.020833333333333332 0.03796296296296296
0 0.5315104166666667 0.25 0.021354166666666667 0.040740740740740744
0 0.45546875 0.16018518518518518 0.021354166666666667 0.040740740740740744
0 0.45703125 0.39444444444444443 0.021354166666666667 0.03888888888888889