0 0.715625 0.3990740740740741 0.026041666666666668 0.044444444444444446
0 0.39947916666666666 0.6356481481481482 0.022916666666666665 0.03981481481481482
0 0.36640625 0.6231481481481481 0.021354166666666667 0.03888888888888889
0 0.5385416666666667 0.5175925925925926 0.021875 0.03888888888888889
0 0.46796875 0.5444444444444444 0.022395833333333334 0.03888888888888889
0 0.5640625 0.4703703703703704 0.021875 0.03888888888888889
0 0.3143229166666667 0.38425925925925924 0.0234375 0.040740740740740744
0 0.3763020833333333 0.45092592592592595 0.021354166666666667 0.03888888888888889
0 0.4473958333333333 0.18888888888888888 0.020833333333333332 0.03888888888888889
0 0.5427083333333333 0.4736111111111111 0.021875 0.03796296296296296
0 0.434375 0.5930555555555556 0.021875 0.03981481481481482
0 0.3572916666666667 0.5888888888888889 0.021875 0.03888888888888889
0 0.40286458333333336 0.37546296296296294 0.021354166666666667 0.03796296296296296
0 0.35625 0.538425925925926 0.021875 0.03981481481481482
0 0.47213541666666664 0.26944444444444443 0.021354166666666667 0.03888888888888889
0 0.37864583333333335 0.26157407407407407 0.021875 0.041666666666666664
0 0.55390625 0.425 0.021354166666666667 0.03888888888888889
0 0.29010416666666666 0.4361111111111111 0.021875 0.03888888888888889
0 0.4703125 0.23287037037037037 0.020833333333333332 0.03796296296296296
0 0.38619791666666664 0.6092592592592593 0.021354166666666667 0.03888888888888889
0 0.44192708333333336 0.3074074074074074 0.021354166666666667 0.03888888888888889
0 0.6140625 0.38981481481481484 0.020833333333333332 0.03888888888888889
0 0.6091145833333333 0.33425925925925926 0.021354166666666667 0.03888888888888889
0 0.30859375 0.5731481481481482 0.022395833333333334 0.03888888888888889
0 0.5921875 0.39351851851851855 0.020833333333333332 0.03888888888888889
0 0.3809895833333333 0.5726851851851852 0.021354166666666667 0.03796296296296296
0 0.40078125 0.4689814814814815 0.021354166666666667 0.03796296296296296
0 0.38229166666666664 0.4986111111111111 0.021875 0.03796296296296296
0 0.52265625 0.3990740740740741 0.021354166666666667 0.03888888888888889
0 0.4635416666666667 0.49953703703703706 0.021875 0.03796296296296296