0 0.6338541666666667 0.7972222222222223 0.03229166666666667 0.05740740740740741
0 0.30755208333333334 0.8060185185185185 0.0265625 0.04722222222222222
0 0.22265625 0.7712962962962963 0.0265625 0.046296296296296294
0 0.32395833333333335 0.7402777777777778 0.026041666666666668 0.04537037037037037
0 0.3567708333333333 0.7032407407407407 0.026041666666666668 0.04537037037037037
0 0.5651041666666666 0.5875 0.026041666666666668 0.04537037037037037
0 0.23359375 0.7203703703703703 0.025520833333333333 0.044444444444444446
0 0.175 0.6236111111111111 0.028125 0.04537037037037037
0 0.25703125 0.7324074074074074 0.025520833333333333 0.044444444444444446
0 0.55390625 0.28564814814814815 0.024479166666666666 0.041666666666666664
0 0.3111979166666667 0.7069444444444445 0.025520833333333333 0.04351851851851852
0 0.5619791666666667 0.13703703703703704 0.021875 0.037037037037037035
0 0.21927083333333333 0.6606481481481481 0.026041666666666668 0.04537037037037037
0 0.53671875 0.11435185185185186 0.022395833333333334 0.03981481481481482
0 0.5875 0.27824074074074073 0.022916666666666665 0.03981481481481482
0 0.2765625 0.6513888888888889 0.025 0.04351851851851852
0 0.6502604166666667 0.41574074074074074 0.024479166666666666 0.040740740740740744
0 0.6111979166666667 0.08564814814814815 0.022395833333333334 0.03796296296296296
0 0.32526041666666666 0.6717592592592593 0.024479166666666666 0.041666666666666664
0 0.55859375 0.5504629629629629 0.0234375 0.03981481481481482
0 0.5955729166666667 0.12268518518518519 0.022395833333333334 0.03796296296296296
0 0.6822916666666666 0.41064814814814815 0.026041666666666668 0.04351851851851852
0 0.58359375 0.3736111111111111 0.0234375 0.03796296296296296
0 0.5716145833333334 0.10601851851851851 0.0203125 0.03611111111111111
0 0.5908854166666667 0.08935185185185185 0.021354166666666667 0.03611111111111111
0 0.53046875 0.5277777777777778 0.0234375 0.040740740740740744
0 0.30724479166666663 0.6305555555555555 0.024911458333333334 0.04259259259259259
0 0.5520833333333334 0.38472222222222224 0.022916666666666665 0.03981481481481482
0 0.61015625 0.4791666666666667 0.024479166666666666 0.041666666666666664
0 0.6325520833333333 0.36064814814814816 0.0234375 0.041666666666666664
0 0.5940104166666667 0.4050925925925926 0.0234375 0.03981481481481482
0 0.65859375 0.36157407407407405 0.024479166666666666 0.041666666666666664
0 0.32265625 0.586574074074074 0.024479166666666666 0.04351851851851852
0 0.3182291666666667 0.5296296296296297 0.023958333333333335 0.04259259259259259
0 0.5080729166666667 0.37037037037037035 0.0234375 0.040740740740740744
0 0.6291666666666667 0.40046296296296297 0.023958333333333335 0.03981481481481482
0 0.6067708333333334 0.44074074074074077 0.023958333333333335 0.040740740740740744
0 0.5807291666666666 0.5407407407407407 0.023958333333333335 0.040740740740740744
0 0.6114583333333333 0.37777777777777777 0.022916666666666665 0.03888888888888889
0 0.6505208333333333 0.3287037037037037 0.023958333333333335 0.03888888888888889
0 0.68671875 0.3365740740740741 0.024479166666666666 0.041666666666666664
0 0.4796875 0.5199074074074074 0.023958333333333335 0.041666666666666664
0 0.18645833333333334 0.5685185185185185 0.026041666666666668 0.044444444444444446
0 0.24635416666666668 0.6097222222222223 0.025 0.04351851851851852
0 0.61171875 0.15324074074074073 0.022395833333333334 0.03796296296296296
0 0.64375 0.28055555555555556 0.022916666666666665 0.040740740740740744
0 0.58671875 0.5018518518518519 0.024479166666666666 0.04259259259259259
0 0.6705729166666666 0.31157407407407406 0.024479166666666666 0.041666666666666664
0 0.6330729166666667 0.15324074074074073 0.022395833333333334 0.03611111111111111
0 0.5502604166666667 0.46111111111111114 0.0234375 0.040740740740740744
0 0.475 0.31342592592592594 0.022916666666666665 0.03981481481481482
0 0.6197916666666666 0.2726851851851852 0.021875 0.03796296296296296
0 0.30859375 0.43148148148148147 0.024479166666666666 0.04259259259259259
0 0.4739583333333333 0.35694444444444445 0.021875 0.03981481481481482
0 0.5666666666666667 0.48564814814814816 0.022916666666666665 0.03981481481481482
0 0.68203125 0.37175925925925923 0.024479166666666666 0.03981481481481482
0 0.64140625 0.2125 0.022395833333333334 0.03796296296296296
0 0.30104166666666665 0.5615740740740741 0.023958333333333335 0.041666666666666664
0 0.21484375 0.5601851851851852 0.025520833333333333 0.04259259259259259
0 0.5510416666666667 0.512962962962963 0.022916666666666665 0.03888888888888889
0 0.26953125 0.6129629629629629 0.024479166666666666 0.04259259259259259
0 0.65546875 0.2449074074074074 0.0234375 0.03981481481481482
0 0.5911458333333334 0.21898148148148147 0.021875 0.03796296296296296
0 0.5075520833333333 0.47962962962962963 0.0234375 0.03888888888888889
0 0.6052083333333333 0.24722222222222223 0.021875 0.03888888888888889
0 0.3919270833333333 0.08981481481481482 0.021354166666666667 0.03888888888888889
0 0.48880208333333336 0.38796296296296295 0.022395833333333334 0.03888888888888889
0 0.503125 0.4152777777777778 0.022916666666666665 0.03981481481481482
0 0.6651041666666667 0.2777777777777778 0.022916666666666665 0.03888888888888889
0 0.52890625 0.49166666666666664 0.0234375 0.03888888888888889
0 0.22578125 0.056018518518518516 0.022395833333333334 0.03981481481481482
0 0.2559895833333333 0.08148148148148149 0.0234375 0.040740740740740744
0 0.4859375 0.4824074074074074 0.023958333333333335 0.03888888888888889
0 0.5315104166666667 0.39675925925925926 0.0234375 0.03981481481481482
0 0.5481770833333334 0.42407407407407405 0.0234375 0.03888888888888889
0 0.3671875 0.10138888888888889 0.021875 0.03796296296296296
0 0.6325520833333333 0.24444444444444444 0.022395833333333334 0.03888888888888889
0 0.6052083333333333 0.19074074074074074 0.021875 0.037037037037037035
0 0.3494791666666667 0.24722222222222223 0.023958333333333335 0.040740740740740744
0 0.5171875 0.4444444444444444 0.023958333333333335 0.040740740740740744
0 0.20390625 0.05740740740740741 0.021354166666666667 0.03888888888888889
0 0.61875 0.21805555555555556 0.021875 0.03796296296296296
0 0.48515625 0.27870370370370373 0.022395833333333334 0.040740740740740744
0 0.29314062500000004 0.5996203703703704 0.024822916666666663 0.04336111111111111
0 0.27317708333333335 0.4476851851851852 0.024479166666666666 0.041666666666666664
0 0.18177083333333333 0.06111111111111111 0.021875 0.03888888888888889
0 0.6276041666666666 0.18564814814814815 0.021875 0.03611111111111111
0 0.45390625 0.26666666666666666 0.022395833333333334 0.03888888888888889
0 0.27005208333333336 0.5726851851851852 0.0234375 0.03981481481481482
0 0.30078125 0.08518518518518518 0.022395833333333334 0.03888888888888889
0 0.24088541666666666 0.5328703703703703 0.024479166666666666 0.041666666666666664
0 0.19270833333333334 0.49953703703703706 0.025 0.041666666666666664
0 0.33307291666666666 0.09768518518518518 0.021354166666666667 0.03796296296296296
0 0.1984375 0.10092592592592593 0.021875 0.03888888888888889
0 0.25052083333333336 0.46805555555555556 0.023958333333333335 0.041666666666666664
0 0.45546875 0.16666666666666666 0.021354166666666667 0.037037037037037035
0 0.14114583333333333 0.4148148148148148 0.025 0.04259259259259259
0 0.30416666666666664 0.35324074074074074 0.022916666666666665 0.03981481481481482
0 0.22838541666666667 0.49722222222222223 0.024479166666666666 0.040740740740740744
0 0.17786458333333333 0.47453703703703703 0.024479166666666666 0.041666666666666664
0 0.4200520833333333 0.13240740740740742 0.021354166666666667 0.037037037037037035
0 0.3997395833333333 0.23657407407407408 0.021354166666666667 0.03796296296296296
0 0.30234375 0.30694444444444446 0.0234375 0.03981481481481482
0 0.4747395833333333 0.25 0.022395833333333334 0.040740740740740744
0 0.43307291666666664 0.24861111111111112 0.022395833333333334 0.03981481481481482
0 0.28932291666666665 0.3902777777777778 0.0234375 0.03981481481481482
0 0.20833333333333334 0.524074074074074 0.023958333333333335 0.040740740740740744
0 0.24700520833333334 0.5713055555555555 0.027416666666666666 0.042138888888888885
0 0.20598958333333334 0.41388888888888886 0.022395833333333334 0.03888888888888889
0 0.210359375 0.4695648148148148 0.024979166666666667 0.046296296296296294
0 0.48854166666666665 0.44814814814814813 0.023958333333333335 0.044444444444444446
0 0.26484375 0.3685185185185185 0.022395833333333334 0.040740740740740744
0 0.17864583333333334 0.41805555555555557 0.022916666666666665 0.03981481481481482
0 0.25234375 0.39351851851851855 0.022395833333333334 0.03888888888888889
0 0.25 0.42962962962962964 0.023958333333333335 0.03888888888888889
0 0.28072916666666664 0.3425925925925926 0.022916666666666665 0.03888888888888889
0 0.19401041666666666 0.44305555555555554 0.0234375 0.03981481481481482
0 0.26953125 0.4115740740740741 0.0234375 0.03981481481481482
0 0.2296875 0.4023148148148148 0.022916666666666665 0.03981481481481482
0 0.15494791666666666 0.3236111111111111 0.0234375 0.03796296296296296
0 0.19322916666666667 0.3875 0.022916666666666665 0.03796296296296296
0 0.33515625 0.22453703703703703 0.022395833333333334 0.03796296296296296
0 0.22890625 0.337037037037037 0.022395833333333334 0.03888888888888889
0 0.17161458333333332 0.38472222222222224 0.0234375 0.03981481481481482
0 0.2703125 0.2777777777777778 0.022916666666666665 0.037037037037037035
0 0.27786458333333336 0.23194444444444445 0.021354166666666667 0.03796296296296296
0 0.17135416666666667 0.2967592592592593 0.022916666666666665 0.03796296296296296
0 0.2903645833333333 0.2013888888888889 0.021354166666666667 0.03796296296296296
0 0.36041666666666666 0.22175925925925927 0.021875 0.03796296296296296
0 0.14010416666666667 0.35138888888888886 0.022916666666666665 0.03981481481481482
0 0.15026041666666667 0.3800925925925926 0.0234375 0.03981481481481482
0 0.2203125 0.30694444444444446 0.022916666666666665 0.03796296296296296
0 0.30572916666666666 0.1787037037037037 0.020833333333333332 0.037037037037037035
0 0.3796875 0.22685185185185186 0.020833333333333332 0.03888888888888889
0 0.24375 0.36064814814814816 0.022916666666666665 0.03796296296296296
0 0.19166666666666668 0.28564814814814815 0.021875 0.03796296296296296
0 0.37526041666666665 0.14583333333333334 0.021354166666666667 0.03796296296296296
0 0.20338541666666668 0.2550925925925926 0.022395833333333334 0.03796296296296296
0 0.25677083333333334 0.25416666666666665 0.022916666666666665 0.03796296296296296
0 0.20801562499999998 0.3450740740740741 0.02332291666666667 0.041990740740740745
0 0.2557291666666667 0.31574074074074077 0.022916666666666665 0.03888888888888889
0 0.34401041666666665 0.19212962962962962 0.021354166666666667 0.03796296296296296
0 0.109375 0.274537037037037 0.022916666666666665 0.03981481481481482
0 0.24140625 0.2810185185185185 0.022395833333333334 0.03981481481481482
0 0.29453125 0.25462962962962965 0.0234375 0.03888888888888889
0 0.3971354166666667 0.2013888888888889 0.021354166666666667 0.03611111111111111
0 0.4505208333333333 0.22870370370370371 0.021875 0.037037037037037035
0 0.11458333333333333 0.30787037037037035 0.023958333333333335 0.03981481481481482
0 0.30052083333333335 0.14444444444444443 0.020833333333333332 0.037037037037037035
0 0.32864583333333336 0.13194444444444445 0.021875 0.03796296296296296
0 0.46380208333333334 0.2023148148148148 0.021354166666666667 0.03796296296296296
0 0.31197916666666664 0.11388888888888889 0.021875 0.03888888888888889
0 0.36692708333333335 0.18287037037037038 0.021354166666666667 0.03796296296296296
0 0.503125 0.5166666666666667 0.020833333333333332 0.03888888888888889
0 0.16953125 0.1412037037037037 0.022395833333333334 0.03796296296296296
0 0.43776041666666665 0.2037037037037037 0.021354166666666667 0.037037037037037035
0 0.23932291666666666 0.15833333333333333 0.021354166666666667 0.03518518518518519
0 0.3294270833333333 0.16527777777777777 0.021354166666666667 0.03611111111111111
0 0.28567708333333336 0.12268518518518519 0.021354166666666667 0.03796296296296296
0 0.3875 0.17453703703703705 0.020833333333333332 0.03611111111111111
0 0.40130208333333334 0.12175925925925926 0.021354166666666667 0.03611111111111111
0 0.28411458333333334 0.1648148148148148 0.021354166666666667 0.03888888888888889
0 0.21875 0.08935185185185185 0.022916666666666665 0.03981481481481482
0 0.2046875 0.19074074074074074 0.021875 0.037037037037037035
0 0.17526041666666667 0.0962962962962963 0.021354166666666667 0.03888888888888889
0 0.22994791666666667 0.11805555555555555 0.022395833333333334 0.03796296296296296
0 0.15833333333333333 0.11435185185185186 0.021875 0.03796296296296296
0 0.09713541666666667 0.2462962962962963 0.024479166666666666 0.03888888888888889
0 0.11510416666666666 0.21851851851851853 0.023958333333333335 0.03888888888888889
0 0.125 0.12175925925925926 0.021875 0.03796296296296296
0 0.279640625 0.308787037037037 0.024109375 0.03802777777777778
0 0.22055208333333332 0.3721759259259259 0.026828124999999998 0.04165740740740741
0 0.13616666666666666 0.31724074074074077 0.023770833333333335 0.04044444444444444
0 0.41869270833333333 0.2203425925925926 0.023770833333333335 0.039842592592592596
0 0.4343125 0.17084259259259257 0.022411458333333335 0.03863888888888889
0 0.415296875 0.1868425925925926 0.022411458333333335 0.03924074074074074
0 0.406640625 0.15605555555555556 0.022072916666666668 0.03924074074074074
0 0.3560416666666667 0.13039814814814815 0.021390625 0.032601851851851854
0 0.3504375 0.16058333333333333 0.023088541666666667 0.03863888888888889
0 0.14245312499999999 0.13914814814814816 0.024109375 0.03924074074074074
0 0.128359375 0.1651111111111111 0.026484375 0.03802777777777778
0 0.13888541666666668 0.19166666666666668 0.023088541666666667 0.04165740740740741
0 0.32208333333333333 0.20012037037037037 0.021390625 0.03802777777777778
0 0.2638489583333333 0.15725925925925927 0.022411458333333335 0.03924074074074074
0 0.27046875 0.19257407407407406 0.02275 0.041046296296296296
0 0.251453125 0.18653703703703706 0.02275 0.037425925925925925
0 0.2596041666666667 0.2230648148148148 0.02071354166666667 0.03562037037037037
0 0.238890625 0.2137037037037037 0.022072916666666668 0.03863888888888889
0 0.22666666666666666 0.19046296296296295 0.024109375 0.03802777777777778
0 0.19525520833333332 0.1675185185185185 0.023770833333333335 0.03924074074074074
0 0.173859375 0.17537037037037037 0.025130208333333334 0.03924074074074074
0 0.18319791666666668 0.20464814814814816 0.023432291666666667 0.03863888888888889
0 0.236515625 0.24750925925925926 0.023432291666666667 0.037425925925925925
0 0.22055208333333332 0.2725648148148148 0.024786458333333334 0.04165740740740741
0 0.21987500000000001 0.23241666666666666 0.023432291666666667 0.039842592592592596
0 0.19814062500000001 0.2248703703703704 0.02275 0.03562037037037037
0 0.19661458333333334 0.3196481481481482 0.025130208333333334 0.03802777777777778
0 0.18744270833333332 0.35677777777777775 0.025130208333333334 0.03863888888888889
0 0.16588020833333333 0.3513425925925926 0.026145833333333333 0.041046296296296296
0 0.15094270833333334 0.2873518518518518 0.023432291666666667 0.03863888888888889
0 0.16961458333333335 0.26260185185185186 0.024786458333333334 0.037425925925925925
0 0.16876562499999997 0.2278888888888889 0.025130208333333334 0.03802777777777778
0 0.14958333333333332 0.252037037037037 0.02275 0.04044444444444444
0 0.13175520833333335 0.2795092592592593 0.021734374999999997 0.03863888888888889
0 0.12530208333333334 0.24750925925925926 0.025130208333333334 0.037425925925925925
0 0.14160416666666667 0.22426851851851853 0.025130208333333334 0.03562037037037037
0 0.15875 0.20072222222222222 0.023432291666666667 0.03924074074074074
0 0.15331770833333333 0.16600925925925925 0.023432291666666667 0.03622222222222222