0 0.3625 0.6620370370370371 0.025 0.044444444444444446
0 0.34296875 0.3851851851851852 0.024479166666666666 0.04259259259259259
0 0.40130208333333334 0.5884259259259259 0.021354166666666667 0.03981481481481482
0 0.5036458333333333 0.4861111111111111 0.021875 0.03888888888888889
0 0.4309895833333333 0.6087962962962963 0.021354166666666667 0.03981481481481482
0 0.36666666666666664 0.5736111111111111 0.021875 0.03981481481481482
0 0.41067708333333336 0.6342592592592593 0.022395833333333334 0.040740740740740744
0 0.46588541666666666 0.5467592592592593 0.022395833333333334 0.03981481481481482
0 0.3971354166666667 0.5194444444444445 0.021354166666666667 0.03888888888888889
0 0.46145833333333336 0.2611111111111111 0.020833333333333332 0.03888888888888889
0 0.44609375 0.45694444444444443 0.021354166666666667 0.03796296296296296
0 0.31796875 0.5518518518518518 0.022395833333333334 0.03888888888888889
0 0.5661458333333333 0.4097222222222222 0.020833333333333332 0.03796296296296296
0 0.3841145833333333 0.49074074074074076 0.021354166666666667 0.03888888888888889
0 0.44947916666666665 0.5023148148148148 0.020833333333333332 0.03796296296296296
0 0.2825520833333333 0.4583333333333333 0.022395833333333334 0.03888888888888889
0 0.5479166666666667 0.39166666666666666 0.020833333333333332 0.03888888888888889
0 0.340625 0.4699074074074074 0.021875 0.03796296296296296
0 0.41796875 0.5638888888888889 0.021354166666666667 0.03888888888888889
0 0.3984375 0.2037037037037037 0.021875 0.03888888888888889
0 0.5098958333333333 0.2712962962962963 0.021875 0.03888888888888889
0 0.47942708333333334 0.300462962962963 0.021354166666666667 0.03796296296296296
0 0.525 0.43333333333333335 0.020833333333333332 0.03888888888888889
0 0.4317708333333333 0.18518518518518517 0.020833333333333332 0.03888888888888889
0 0.3580729166666667 0.2310185185185185 0.021354166666666667 0.03796296296296296
0 0.2578125 0.43287037037037035 0.021875 0.03981481481481482
0 0.2791666666666667 0.4185185185185185 0.021875 0.03888888888888889
0 0.5052083333333334 0.44675925925925924 0.020833333333333332 0.03796296296296296
0 0.4234375 0.5259259259259259 0.020833333333333332 0.037037037037037035
0 0.6049479166666667 0.412962962962963 0.022395833333333334 0.03888888888888889