0 0.6216145833333333 0.4935185185185185 0.0265625 0.046296296296296294
0 0.5528645833333333 0.4074074074074074 0.025520833333333333 0.044444444444444446
0 0.5361979166666667 0.5305555555555556 0.021354166666666667 0.03888888888888889
0 0.29296875 0.6425925925925926 0.025520833333333333 0.044444444444444446
0 0.334375 0.6189814814814815 0.021875 0.03981481481481482
0 0.6661458333333333 0.45694444444444443 0.023958333333333335 0.04351851851851852
0 0.35651041666666666 0.6018518518518519 0.021354166666666667 0.03888888888888889
0 0.2833333333333333 0.3902777777777778 0.026041666666666668 0.04537037037037037
0 0.446875 0.5680555555555555 0.021875 0.03981481481481482
0 0.44973958333333336 0.5060185185185185 0.021354166666666667 0.03981481481481482
0 0.3802083333333333 0.5907407407407408 0.021875 0.03888888888888889
0 0.32526041666666666 0.5606481481481481 0.022395833333333334 0.03981481481481482
0 0.4427083333333333 0.3824074074074074 0.020833333333333332 0.037037037037037035
0 0.471875 0.5018518518518519 0.020833333333333332 0.03888888888888889
0 0.5153645833333333 0.5166666666666667 0.0203125 0.03888888888888889
0 0.41796875 0.5476851851851852 0.0203125 0.03796296296296296
0 0.4283854166666667 0.41435185185185186 0.0203125 0.03796296296296296
0 0.48880208333333336 0.42268518518518516 0.021354166666666667 0.03796296296296296
0 0.46848958333333335 0.4652777777777778 0.021354166666666667 0.03796296296296296
0 0.6203125 0.16296296296296298 0.021875 0.03888888888888889
0 0.284375 0.5462962962962963 0.022916666666666665 0.03888888888888889
0 0.44921875 0.41759259259259257 0.0203125 0.03888888888888889
0 0.39088541666666665 0.3541666666666667 0.021354166666666667 0.03796296296296296
0 0.2833333333333333 0.5092592592592593 0.021875 0.037037037037037035
0 0.61640625 0.08888888888888889 0.021354166666666667 0.03888888888888889
0 0.4734375 0.18935185185185185 0.020833333333333332 0.03796296296296296
0 0.62265625 0.12361111111111112 0.021354166666666667 0.03796296296296296
0 0.46822916666666664 0.4287037037037037 0.020833333333333332 0.037037037037037035
0 0.5981770833333333 0.14953703703703702 0.021354166666666667 0.03981481481481482
0 0.49192708333333335 0.2300925925925926 0.0203125 0.03796296296296296