0 0.62578125 0.36203703703703705 0.024479166666666666 0.044444444444444446
0 0.61796875 0.06620370370370371 0.025520833333333333 0.04537037037037037
0 0.29375 0.32731481481481484 0.025 0.04351851851851852
0 0.4596354166666667 0.5314814814814814 0.021354166666666667 0.03888888888888889
0 0.35130208333333335 0.7513888888888889 0.0234375 0.041666666666666664
0 0.38515625 0.5787037037037037 0.022395833333333334 0.03888888888888889
0 0.31640625 0.725 0.0203125 0.040740740740740744
0 0.38333333333333336 0.26435185185185184 0.022916666666666665 0.041666666666666664
0 0.3455729166666667 0.24583333333333332 0.021354166666666667 0.03796296296296296
0 0.415625 0.33935185185185185 0.020833333333333332 0.03796296296296296
0 0.45989583333333334 0.4148148148148148 0.020833333333333332 0.03888888888888889
0 0.46171875 0.1675925925925926 0.0203125 0.03888888888888889
0 0.44192708333333336 0.17685185185185184 0.0203125 0.03888888888888889
0 0.42890625 0.3685185185185185 0.0203125 0.037037037037037035
0 0.3372395833333333 0.725462962962963 0.022395833333333334 0.03981481481481482
0 0.5736979166666667 0.16944444444444445 0.021354166666666667 0.03888888888888889
0 0.5544270833333333 0.42777777777777776 0.021354166666666667 0.03888888888888889
0 0.46041666666666664 0.4930555555555556 0.020833333333333332 0.03796296296296296
0 0.296875 0.7194444444444444 0.022916666666666665 0.040740740740740744
0 0.59296875 0.15324074074074073 0.021354166666666667 0.03981481481481482
0 0.32421875 0.2351851851851852 0.0203125 0.03888888888888889
0 0.3653645833333333 0.5611111111111111 0.021354166666666667 0.03888888888888889
0 0.53828125 0.32916666666666666 0.021354166666666667 0.03796296296296296
0 0.44453125 0.4666666666666667 0.0203125 0.037037037037037035
0 0.43802083333333336 0.4041666666666667 0.020833333333333332 0.03796296296296296
0 0.5872395833333334 0.19907407407407407 0.021354166666666667 0.03888888888888889
0 0.48489583333333336 0.21157407407407408 0.020833333333333332 0.03796296296296296
0 0.38984375 0.20324074074074075 0.021354166666666667 0.03981481481481482
0 0.5611979166666666 0.23703703703703705 0.021354166666666667 0.03888888888888889
0 0.321875 0.6865740740740741 0.022916666666666665 0.03981481481481482