0 0.29296875 0.6412037037037037 0.0265625 0.04537037037037037
0 0.66640625 0.4583333333333333 0.025520833333333333 0.044444444444444446
0 0.61640625 0.08055555555555556 0.022395833333333334 0.04259259259259259
0 0.46953125 0.48009259259259257 0.021354166666666667 0.03796296296296296
0 0.53828125 0.5393518518518519 0.021354166666666667 0.03981481481481482
0 0.41875 0.47314814814814815 0.020833333333333332 0.03888888888888889
0 0.45078125 0.38055555555555554 0.021354166666666667 0.03888888888888889
0 0.3971354166666667 0.45694444444444443 0.021354166666666667 0.03981481481481482
0 0.5286458333333334 0.5064814814814815 0.020833333333333332 0.03888888888888889
0 0.6135416666666667 0.48935185185185187 0.022916666666666665 0.03981481481481482
0 0.4466145833333333 0.46111111111111114 0.0203125 0.03888888888888889
0 0.3921875 0.30185185185185187 0.020833333333333332 0.03888888888888889
0 0.5395833333333333 0.4722222222222222 0.021875 0.03888888888888889
0 0.47421875 0.41064814814814815 0.021354166666666667 0.03796296296296296
0 0.42994791666666665 0.22175925925925927 0.0203125 0.03981481481481482
0 0.5283854166666667 0.4083333333333333 0.021354166666666667 0.03888888888888889
0 0.4083333333333333 0.41944444444444445 0.020833333333333332 0.03888888888888889
0 0.59140625 0.19907407407407407 0.021354166666666667 0.03888888888888889
0 0.46510416666666665 0.44305555555555554 0.020833333333333332 0.03796296296296296
0 0.38567708333333334 0.4263888888888889 0.0203125 0.03796296296296296
0 0.3854166666666667 0.26805555555555555 0.020833333333333332 0.03796296296296296
0 0.5143229166666666 0.33564814814814814 0.021354166666666667 0.03796296296296296
0 0.43723958333333335 0.42407407407407405 0.0203125 0.037037037037037035
0 0.4119791666666667 0.20601851851851852 0.020833333333333332 0.03981481481481482
0 0.34765625 0.28379629629629627 0.0203125 0.03796296296296296
0 0.36822916666666666 0.36944444444444446 0.021875 0.03888888888888889
0 0.3653645833333333 0.41435185185185186 0.021354166666666667 0.03981481481481482
0 0.5734375 0.1712962962962963 0.021875 0.03888888888888889
0 0.45026041666666666 0.23796296296296296 0.021354166666666667 0.03888888888888889
0 0.59296875 0.1537037037037037 0.021354166666666667 0.03888888888888889