0 0.4739583333333333 0.18981481481481483 0.023958333333333335 0.04259259259259259
0 0.4588541666666667 0.5643518518518519 0.020833333333333332 0.03796296296296296
0 0.5544270833333333 0.3962962962962963 0.022395833333333334 0.03888888888888889
0 0.4171875 0.562962962962963 0.020833333333333332 0.03888888888888889
0 0.43776041666666665 0.5625 0.0203125 0.03981481481481482
0 0.6604166666666667 0.3685185185185185 0.021875 0.03888888888888889
0 0.4 0.37546296296296294 0.020833333333333332 0.03796296296296296
0 0.47421875 0.5388888888888889 0.021354166666666667 0.03888888888888889
0 0.6614583333333334 0.500462962962963 0.022916666666666665 0.03981481481481482
0 0.5036458333333333 0.5125 0.021875 0.03981481481481482
0 0.40598958333333335 0.30462962962962964 0.021354166666666667 0.03888888888888889
0 0.38255208333333335 0.5736111111111111 0.022395833333333334 0.03981481481481482
0 0.3268229166666667 0.4824074074074074 0.024479166666666666 0.040740740740740744
0 0.5377604166666666 0.3638888888888889 0.021354166666666667 0.03888888888888889
0 0.5002604166666667 0.3101851851851852 0.021354166666666667 0.03888888888888889
0 0.3770833333333333 0.35 0.020833333333333332 0.03888888888888889
0 0.48411458333333335 0.5 0.021354166666666667 0.03888888888888889
0 0.6208333333333333 0.16342592592592592 0.021875 0.03981481481481482
0 0.4236979166666667 0.37546296296296294 0.0203125 0.03796296296296296
0 0.6169270833333333 0.08888888888888889 0.021354166666666667 0.03888888888888889
0 0.62265625 0.12361111111111112 0.021354166666666667 0.03796296296296296
0 0.30416666666666664 0.4152777777777778 0.021875 0.03796296296296296
0 0.4625 0.5083333333333333 0.020833333333333332 0.03888888888888889
0 0.6416666666666667 0.3435185185185185 0.021875 0.03888888888888889
0 0.42890625 0.47129629629629627 0.021354166666666667 0.03888888888888889
0 0.32708333333333334 0.2851851851851852 0.022916666666666665 0.03888888888888889
0 0.44114583333333335 0.35509259259259257 0.020833333333333332 0.03796296296296296
0 0.5986979166666667 0.15046296296296297 0.021354166666666667 0.03981481481481482
0 0.5877604166666667 0.21296296296296297 0.021354166666666667 0.03888888888888889
0 0.6895833333333333 0.4689814814814815 0.022916666666666665 0.03981481481481482