0 0.4739583333333333 0.19212962962962962 0.023958333333333335 0.04351851851851852
0 0.4596354166666667 0.5638888888888889 0.0203125 0.03888888888888889
0 0.4002604166666667 0.3763888888888889 0.021354166666666667 0.03981481481481482
0 0.5544270833333333 0.39814814814814814 0.022395833333333334 0.040740740740740744
0 0.41744791666666664 0.562962962962963 0.021354166666666667 0.040740740740740744
0 0.4388020833333333 0.5625 0.0203125 0.03981481481481482
0 0.4239583333333333 0.3768518518518518 0.020833333333333332 0.03888888888888889
0 0.6598958333333333 0.3699074074074074 0.022916666666666665 0.03981481481481482
0 0.4747395833333333 0.5393518518518519 0.021354166666666667 0.03981481481481482
0 0.6609375 0.500462962962963 0.023958333333333335 0.041666666666666664
0 0.5036458333333333 0.5125 0.021875 0.03981481481481482
0 0.6203125 0.16527777777777777 0.022916666666666665 0.041666666666666664
0 0.38307291666666665 0.5736111111111111 0.0234375 0.041666666666666664
0 0.4627604166666667 0.5087962962962963 0.021354166666666667 0.03981481481481482
0 0.48411458333333335 0.500462962962963 0.021354166666666667 0.03981481481481482
0 0.44140625 0.3560185185185185 0.021354166666666667 0.03981481481481482
0 0.5380208333333333 0.36527777777777776 0.021875 0.03981481481481482
0 0.5981770833333333 0.15231481481481482 0.022395833333333334 0.041666666666666664
0 0.37734375 0.35138888888888886 0.021354166666666667 0.03981481481481482
0 0.6416666666666667 0.34444444444444444 0.022916666666666665 0.040740740740740744
0 0.6221354166666667 0.12546296296296297 0.022395833333333334 0.03796296296296296
0 0.6888020833333334 0.4703703703703704 0.0234375 0.040740740740740744
0 0.40598958333333335 0.3060185185185185 0.022395833333333334 0.03981481481481482
0 0.42890625 0.47175925925925927 0.022395833333333334 0.03981481481481482
0 0.5002604166666667 0.31157407407407406 0.022395833333333334 0.03981481481481482
0 0.30494791666666665 0.4162037037037037 0.0234375 0.03981481481481482
0 0.32708333333333334 0.48333333333333334 0.022916666666666665 0.040740740740740744
0 0.61640625 0.09027777777777778 0.022395833333333334 0.03981481481481482
0 0.5877604166666667 0.21388888888888888 0.022395833333333334 0.040740740740740744
0 0.32708333333333334 0.2851851851851852 0.023958333333333335 0.040740740740740744