0 0.26276041666666666 0.6273148148148148 0.028645833333333332 0.04722222222222222
0 0.46822916666666664 0.5467592592592593 0.022916666666666665 0.03981481481481482
0 0.36822916666666666 0.5254629629629629 0.023958333333333335 0.041666666666666664
0 0.4317708333333333 0.55 0.022916666666666665 0.040740740740740744
0 0.34010416666666665 0.5226851851851851 0.023958333333333335 0.041666666666666664
0 0.4010416666666667 0.5365740740740741 0.023958333333333335 0.041666666666666664
0 0.43203125 0.5060185185185185 0.022395833333333334 0.03981481481481482
0 0.453125 0.48842592592592593 0.022916666666666665 0.03981481481481482
0 0.40989583333333335 0.35509259259259257 0.023958333333333335 0.04351851851851852
0 0.4864583333333333 0.5722222222222222 0.022916666666666665 0.040740740740740744
0 0.41875 0.4759259259259259 0.022916666666666665 0.040740740740740744
0 0.446875 0.44583333333333336 0.021875 0.03981481481481482
0 0.45078125 0.5254629629629629 0.022395833333333334 0.03981481481481482
0 0.47734375 0.5111111111111111 0.0234375 0.04259259259259259
0 0.42578125 0.3050925925925926 0.021354166666666667 0.03796296296296296
0 0.3411458333333333 0.4837962962962963 0.023958333333333335 0.041666666666666664
0 0.43828125 0.412962962962963 0.0234375 0.040740740740740744
0 0.43411458333333336 0.2625 0.022395833333333334 0.03981481481481482
0 0.4861979166666667 0.2638888888888889 0.021354166666666667 0.03888888888888889
0 0.35572916666666665 0.4425925925925926 0.023958333333333335 0.040740740740740744
0 0.47109375 0.24074074074074073 0.021354166666666667 0.03888888888888889