0 0.15677083333333333 0.49953703703703706 0.027083333333333334 0.04351851851851852
0 0.6341145833333334 0.5453703703703704 0.0265625 0.046296296296296294
0 0.18072916666666666 0.350462962962963 0.026041666666666668 0.04351851851851852
0 0.5627604166666667 0.6185185185185185 0.022395833333333334 0.040740740740740744
0 0.33489583333333334 0.7060185185185185 0.022916666666666665 0.03981481481481482
0 0.5505208333333333 0.41574074074074074 0.020833333333333332 0.03888888888888889
0 0.3572916666666667 0.6717592592592593 0.022916666666666665 0.03981481481481482
0 0.4473958333333333 0.5967592592592592 0.021875 0.03981481481481482
0 0.33229166666666665 0.2875 0.020833333333333332 0.03796296296296296
0 0.55390625 0.5814814814814815 0.022395833333333334 0.03888888888888889
0 0.6973958333333333 0.5009259259259259 0.022916666666666665 0.040740740740740744
0 0.31666666666666665 0.6888888888888889 0.021875 0.03888888888888889
0 0.284375 0.7189814814814814 0.023958333333333335 0.03981481481481482
0 0.47213541666666664 0.5699074074074074 0.022395833333333334 0.03981481481481482
0 0.6770833333333334 0.48333333333333334 0.022916666666666665 0.040740740740740744
0 0.41171875 0.3574074074074074 0.021354166666666667 0.03888888888888889
0 0.425 0.4125 0.020833333333333332 0.03796296296296296
0 0.44609375 0.4166666666666667 0.021354166666666667 0.03888888888888889
0 0.30234375 0.40324074074074073 0.021354166666666667 0.03796296296296296
0 0.4627604166666667 0.45416666666666666 0.021354166666666667 0.03981481481481482
0 0.5236979166666667 0.47962962962962963 0.021354166666666667 0.03888888888888889
0 0.5716145833333334 0.4222222222222222 0.021354166666666667 0.03888888888888889
0 0.27760416666666665 0.5087962962962963 0.021875 0.03981481481481482
0 0.42630208333333336 0.5893518518518519 0.021354166666666667 0.03981481481481482
0 0.3072916666666667 0.5981481481481481 0.021875 0.03888888888888889
0 0.2872395833333333 0.2569444444444444 0.021354166666666667 0.03796296296296296
0 0.7067708333333333 0.4060185185185185 0.022916666666666665 0.03981481481481482
0 0.41067708333333336 0.4398148148148148 0.021354166666666667 0.03888888888888889
0 0.41822916666666665 0.4935185185185185 0.021875 0.03888888888888889
0 0.5544270833333333 0.5064814814814815 0.022395833333333334 0.03888888888888889
0 0.3143229166666667 0.26157407407407407 0.0203125 0.03796296296296296
0 0.4205729166666667 0.16527777777777777 0.021354166666666667 0.03981481481481482
0 0.33541666666666664 0.6662037037037037 0.021875 0.03981481481481482
0 0.29192708333333334 0.5509259259259259 0.022395833333333334 0.03888888888888889
0 0.4890625 0.4824074074074074 0.020833333333333332 0.037037037037037035
0 0.3723958333333333 0.6310185185185185 0.021875 0.03796296296296296
0 0.5828125 0.1398148148148148 0.020833333333333332 0.03888888888888889
0 0.3140625 0.4425925925925926 0.021875 0.03888888888888889
0 0.32317708333333334 0.40879629629629627 0.021354166666666667 0.03796296296296296
0 0.6104166666666667 0.45092592592592595 0.021875 0.040740740740740744
0 0.29791666666666666 0.5106481481481482 0.021875 0.03981481481481482
0 0.3421875 0.5365740740740741 0.021875 0.03981481481481482
0 0.3919270833333333 0.6106481481481482 0.022395833333333334 0.041666666666666664
0 0.43828125 0.5472222222222223 0.021354166666666667 0.03888888888888889
0 0.46536458333333336 0.25092592592592594 0.021354166666666667 0.03888888888888889
0 0.60703125 0.14212962962962963 0.021354166666666667 0.03981481481481482
0 0.3611979166666667 0.2726851851851852 0.021354166666666667 0.03796296296296296
0 0.32786458333333335 0.5847222222222223 0.021354166666666667 0.03981481481481482
0 0.50234375 0.5120370370370371 0.021354166666666667 0.03888888888888889
0 0.3182291666666667 0.5412037037037037 0.021875 0.03981481481481482
0 0.44973958333333336 0.1787037037037037 0.0203125 0.03888888888888889
0 0.37161458333333336 0.5939814814814814 0.021354166666666667 0.03796296296296296
0 0.34921875 0.5842592592592593 0.021354166666666667 0.03888888888888889
0 0.46901041666666665 0.16620370370370371 0.0203125 0.03796296296296296
0 0.4669270833333333 0.20462962962962963 0.0203125 0.03888888888888889
0 0.35130208333333335 0.6259259259259259 0.021354166666666667 0.03888888888888889
0 0.48489583333333336 0.1875 0.019791666666666666 0.03796296296296296
0 0.4466145833333333 0.5125 0.021354166666666667 0.03796296296296296
0 0.48541666666666666 0.5388888888888889 0.020833333333333332 0.037037037037037035
0 0.4744791666666667 0.5083333333333333 0.020833333333333332 0.037037037037037035
0 0.46119791666666665 0.537962962962963 0.021354166666666667 0.03888888888888889
0 0.32057291666666665 0.4986111111111111 0.022395833333333334 0.03796296296296296