0 0.15755208333333334 0.5 0.025520833333333333 0.04259259259259259
0 0.5515625 0.5504629629629629 0.025 0.04537037037037037
0 0.32447916666666665 0.6944444444444444 0.025 0.044444444444444446
0 0.18333333333333332 0.3476851851851852 0.026041666666666668 0.04722222222222222
0 0.4786458333333333 0.5319444444444444 0.021875 0.03981481481481482
0 0.4236979166666667 0.5282407407407408 0.022395833333333334 0.03981481481481482
0 0.38359375 0.4722222222222222 0.021354166666666667 0.03888888888888889
0 0.28958333333333336 0.7314814814814815 0.022916666666666665 0.040740740740740744
0 0.3455729166666667 0.3861111111111111 0.021354166666666667 0.03888888888888889
0 0.31953125 0.38935185185185184 0.021354166666666667 0.03796296296296296
0 0.5020833333333333 0.5041666666666667 0.020833333333333332 0.03981481481481482
0 0.43255208333333334 0.49074074074074076 0.021354166666666667 0.03888888888888889
0 0.43020833333333336 0.29398148148148145 0.022916666666666665 0.041666666666666664
0 0.47682291666666665 0.3333333333333333 0.021354166666666667 0.03888888888888889
0 0.36171875 0.45231481481481484 0.0203125 0.03796296296296296
0 0.3932291666666667 0.42314814814814816 0.020833333333333332 0.03888888888888889
0 0.6809895833333334 0.5078703703703704 0.0234375 0.041666666666666664
0 0.5263020833333333 0.4009259259259259 0.021354166666666667 0.03888888888888889
0 0.4627604166666667 0.5069444444444444 0.0203125 0.03796296296296296
0 0.28072916666666664 0.4337962962962963 0.021875 0.03796296296296296
0 0.4421875 0.4583333333333333 0.020833333333333332 0.037037037037037035
0 0.41770833333333335 0.45740740740740743 0.020833333333333332 0.03888888888888889
0 0.528125 0.44722222222222224 0.021875 0.03888888888888889
0 0.4817708333333333 0.4837962962962963 0.020833333333333332 0.03796296296296296
0 0.28125 0.3939814814814815 0.021875 0.03796296296296296
0 0.27421875 0.32314814814814813 0.0234375 0.040740740740740744
0 0.3390625 0.4324074074074074 0.020833333333333332 0.03888888888888889
0 0.6208333333333333 0.12731481481481483 0.021875 0.03981481481481482
0 0.61484375 0.09259259259259259 0.021354166666666667 0.03888888888888889
0 0.68515625 0.4638888888888889 0.0234375 0.040740740740740744