0 0.15703125 0.5009259259259259 0.025520833333333333 0.04259259259259259
0 0.50859375 0.65 0.025520833333333333 0.046296296296296294
0 0.1828125 0.34814814814814815 0.026041666666666668 0.04259259259259259
0 0.3375 0.7106481481481481 0.022916666666666665 0.041666666666666664
0 0.37734375 0.6949074074074074 0.022395833333333334 0.041666666666666664
0 0.28567708333333336 0.7203703703703703 0.0234375 0.040740740740740744
0 0.44453125 0.6296296296296297 0.022395833333333334 0.040740740740740744
0 0.3184895833333333 0.6902777777777778 0.021354166666666667 0.03981481481481482
0 0.38046875 0.5324074074074074 0.021354166666666667 0.03888888888888889
0 0.5309895833333333 0.4300925925925926 0.021354166666666667 0.03981481481481482
0 0.35911458333333335 0.6777777777777778 0.021354166666666667 0.03888888888888889
0 0.42942708333333335 0.375 0.021354166666666667 0.03888888888888889
0 0.6984375 0.5009259259259259 0.022916666666666665 0.040740740740740744
0 0.3375 0.513425925925926 0.021875 0.03981481481481482
0 0.6447916666666667 0.5157407407407407 0.022916666666666665 0.040740740740740744
0 0.6765625 0.48333333333333334 0.022916666666666665 0.040740740740740744
0 0.5348958333333333 0.5259259259259259 0.020833333333333332 0.03888888888888889
0 0.50703125 0.5337962962962963 0.021354166666666667 0.03981481481481482
0 0.32760416666666664 0.2657407407407407 0.020833333333333332 0.03888888888888889
0 0.4786458333333333 0.4740740740740741 0.020833333333333332 0.037037037037037035
0 0.39010416666666664 0.662962962962963 0.022916666666666665 0.040740740740740744
0 0.4583333333333333 0.44305555555555554 0.020833333333333332 0.03796296296296296
0 0.48151041666666666 0.15601851851851853 0.021354166666666667 0.03796296296296296
0 0.4674479166666667 0.2037037037037037 0.021354166666666667 0.03888888888888889
0 0.5841145833333333 0.13796296296296295 0.021354166666666667 0.03888888888888889
0 0.45625 0.1699074074074074 0.020833333333333332 0.03796296296296296
0 0.42526041666666664 0.48935185185185187 0.022395833333333334 0.03981481481481482
0 0.35 0.2962962962962963 0.019791666666666666 0.037037037037037035
0 0.27760416666666665 0.4101851851851852 0.021875 0.03888888888888889
0 0.35104166666666664 0.38842592592592595 0.020833333333333332 0.03981481481481482
0 0.32734375 0.3277777777777778 0.021354166666666667 0.03888888888888889
0 0.44140625 0.5921296296296297 0.021354166666666667 0.03796296296296296
0 0.39010416666666664 0.4828703703703704 0.021875 0.03981481481481482
0 0.5002604166666667 0.47314814814814815 0.0203125 0.03888888888888889
0 0.33880208333333334 0.6703703703703704 0.021354166666666667 0.03888888888888889
0 0.40390625 0.3888888888888889 0.021354166666666667 0.03888888888888889
0 0.3684895833333333 0.31666666666666665 0.0203125 0.037037037037037035
0 0.2734375 0.324537037037037 0.022916666666666665 0.03796296296296296
0 0.7083333333333334 0.4046296296296296 0.022916666666666665 0.040740740740740744
0 0.50078125 0.2175925925925926 0.0203125 0.03888888888888889
0 0.2981770833333333 0.44166666666666665 0.0203125 0.03888888888888889
0 0.4 0.35185185185185186 0.020833333333333332 0.037037037037037035
0 0.3190104166666667 0.4444444444444444 0.0203125 0.037037037037037035
0 0.3859375 0.41944444444444445 0.020833333333333332 0.03888888888888889
0 0.3453125 0.47129629629629627 0.020833333333333332 0.037037037037037035
0 0.48463541666666665 0.5097222222222222 0.021354166666666667 0.03796296296296296
0 0.4236979166666667 0.5652777777777778 0.0203125 0.03796296296296296
0 0.4109375 0.5370370370370371 0.020833333333333332 0.03888888888888889
0 0.3216145833333333 0.48703703703703705 0.021354166666666667 0.03888888888888889
0 0.3653645833333333 0.5046296296296297 0.021354166666666667 0.037037037037037035
0 0.36744791666666665 0.4666666666666667 0.021354166666666667 0.03888888888888889
0 0.44427083333333334 0.5555555555555556 0.020833333333333332 0.037037037037037035
0 0.2752604166666667 0.45046296296296295 0.022395833333333334 0.03981481481481482
0 0.48151041666666666 0.5523148148148148 0.022395833333333334 0.03981481481481482
0 0.37265625 0.3902777777777778 0.0203125 0.03796296296296296
0 0.37864583333333335 0.35 0.019791666666666666 0.037037037037037035
0 0.35 0.20787037037037037 0.020833333333333332 0.03796296296296296
0 0.60859375 0.4546296296296296 0.022395833333333334 0.03888888888888889
0 0.5479166666666667 0.49398148148148147 0.021875 0.03796296296296296
0 0.54765625 0.40555555555555556 0.021354166666666667 0.03888888888888889
0 0.6083333333333333 0.14212962962962963 0.021875 0.03981481481481482
0 0.490625 0.1875 0.020833333333333332 0.03611111111111111