0 0.1578125 0.5018518518518519 0.026041666666666668 0.04259259259259259
0 0.3919270833333333 0.6111111111111112 0.024479166666666666 0.04259259259259259
0 0.3229166666666667 0.6921296296296297 0.023958333333333335 0.041666666666666664
0 0.28671875 0.7222222222222222 0.0234375 0.040740740740740744
0 0.3515625 0.46944444444444444 0.021875 0.03888888888888889
0 0.51328125 0.5333333333333333 0.021354166666666667 0.03888888888888889
0 0.46015625 0.22037037037037038 0.0203125 0.03888888888888889
0 0.7067708333333333 0.49953703703703706 0.023958333333333335 0.041666666666666664
0 0.6846354166666667 0.36342592592592593 0.022395833333333334 0.03981481481481482
0 0.44114583333333335 0.25046296296296294 0.020833333333333332 0.03796296296296296
0 0.47578125 0.5328703703703703 0.021354166666666667 0.03981481481481482
0 0.5875 0.13148148148148148 0.020833333333333332 0.03888888888888889
0 0.42265625 0.5333333333333333 0.022395833333333334 0.03888888888888889
0 0.6549479166666666 0.5092592592592593 0.022395833333333334 0.040740740740740744
0 0.3455729166666667 0.38935185185185184 0.021354166666666667 0.03796296296296296
0 0.54765625 0.5388888888888889 0.022395833333333334 0.040740740740740744
0 0.67265625 0.32314814814814813 0.022395833333333334 0.03888888888888889
0 0.4822916666666667 0.2310185185185185 0.020833333333333332 0.03796296296296296
0 0.31979166666666664 0.3907407407407407 0.021875 0.03888888888888889
0 0.41796875 0.22824074074074074 0.0203125 0.03981481481481482
0 0.46927083333333336 0.2763888888888889 0.020833333333333332 0.03796296296296296
0 0.28125 0.4351851851851852 0.021875 0.03888888888888889
0 0.6213541666666667 0.48564814814814816 0.021875 0.03981481481481482
0 0.6265625 0.32037037037037036 0.021875 0.03888888888888889
0 0.6856770833333333 0.4777777777777778 0.022395833333333334 0.040740740740740744
0 0.634375 0.4074074074074074 0.021875 0.03888888888888889
0 0.61171875 0.1398148148148148 0.022395833333333334 0.040740740740740744
0 0.33984375 0.4337962962962963 0.021354166666666667 0.03796296296296296
0 0.27421875 0.325 0.022395833333333334 0.03888888888888889
0 0.28177083333333336 0.39537037037037037 0.021875 0.03888888888888889
0 0.45364583333333336 0.5152777777777777 0.020833333333333332 0.03796296296296296
0 0.37916666666666665 0.41805555555555557 0.021875 0.03796296296296296
0 0.5263020833333333 0.4740740740740741 0.021354166666666667 0.03888888888888889
0 0.18125 0.350462962962963 0.022916666666666665 0.03796296296296296
0 0.4432291666666667 0.4671296296296296 0.020833333333333332 0.03796296296296296
0 0.42239583333333336 0.425 0.021875 0.03888888888888889
0 0.5989583333333334 0.4398148148148148 0.021875 0.03888888888888889
0 0.6208333333333333 0.5800925925925926 0.022916666666666665 0.03981481481481482
0 0.5528645833333333 0.46805555555555556 0.021354166666666667 0.03796296296296296
0 0.4205729166666667 0.4935185185185185 0.021354166666666667 0.03888888888888889
0 0.7169270833333333 0.36018518518518516 0.0234375 0.040740740740740744
0 0.46770833333333334 0.3162037037037037 0.020833333333333332 0.03796296296296296
0 0.4986979166666667 0.5064814814814815 0.021354166666666667 0.03888888888888889
0 0.68046875 0.4375 0.022395833333333334 0.03981481481481482
0 0.421875 0.36018518518518516 0.021875 0.03888888888888889
0 0.5979166666666667 0.3675925925925926 0.020833333333333332 0.03888888888888889
0 0.47213541666666664 0.49537037037037035 0.0203125 0.037037037037037035
0 0.49713541666666666 0.25833333333333336 0.021354166666666667 0.03888888888888889
0 0.5807291666666666 0.3902777777777778 0.020833333333333332 0.03796296296296296
0 0.5388020833333333 0.3384259259259259 0.0203125 0.03796296296296296
0 0.5138020833333333 0.4444444444444444 0.021354166666666667 0.03888888888888889
0 0.6627604166666666 0.46111111111111114 0.022395833333333334 0.03888888888888889
0 0.48463541666666665 0.3587962962962963 0.021354166666666667 0.03981481481481482
0 0.5018229166666667 0.32592592592592595 0.0203125 0.03888888888888889
0 0.5421875 0.42824074074074076 0.020833333333333332 0.03796296296296296
0 0.48854166666666665 0.29583333333333334 0.020833333333333332 0.03796296296296296
0 0.5619791666666667 0.412962962962963 0.020833333333333332 0.03888888888888889
0 0.5354166666666667 0.38935185185185184 0.020833333333333332 0.03796296296296296
0 0.5700520833333333 0.4462962962962963 0.0203125 0.03888888888888889
0 0.5059895833333333 0.387037037037037 0.021354166666666667 0.03888888888888889
0 0.5203125 0.3537037037037037 0.019791666666666666 0.037037037037037035
0 0.5611979166666666 0.37546296296296294 0.021354166666666667 0.03611111111111111