0 0.15729166666666666 0.5013888888888889 0.025 0.041666666666666664
0 0.6130208333333333 0.5685185185185185 0.026041666666666668 0.046296296296296294
0 0.28671875 0.7203703703703703 0.024479166666666666 0.04259259259259259
0 0.40729166666666666 0.6819444444444445 0.022916666666666665 0.041666666666666664
0 0.4315104166666667 0.6643518518518519 0.022395833333333334 0.041666666666666664
0 0.3875 0.6717592592592593 0.020833333333333332 0.03981481481481482
0 0.3223958333333333 0.6884259259259259 0.022916666666666665 0.03981481481481482
0 0.45989583333333334 0.22037037037037038 0.020833333333333332 0.03888888888888889
0 0.3453125 0.38935185185185184 0.021875 0.03796296296296296
0 0.18229166666666666 0.350462962962963 0.026041666666666668 0.04351851851851852
0 0.48671875 0.22685185185185186 0.021354166666666667 0.03888888888888889
0 0.6520833333333333 0.5018518518518519 0.022916666666666665 0.040740740740740744
0 0.49557291666666664 0.49027777777777776 0.021354166666666667 0.03796296296296296
0 0.35130208333333335 0.4689814814814815 0.021354166666666667 0.03796296296296296
0 0.31953125 0.3902777777777778 0.021354166666666667 0.03796296296296296
0 0.41380208333333335 0.6439814814814815 0.021354166666666667 0.03796296296296296
0 0.4666666666666667 0.46111111111111114 0.020833333333333332 0.03888888888888889
0 0.5856770833333333 0.13564814814814816 0.021354166666666667 0.03981481481481482
0 0.3489583333333333 0.5847222222222223 0.021875 0.03981481481481482
0 0.28072916666666664 0.43472222222222223 0.021875 0.03796296296296296
0 0.6247395833333333 0.33287037037037037 0.021354166666666667 0.03981481481481482
0 0.39348958333333334 0.39444444444444443 0.021354166666666667 0.03888888888888889
0 0.28151041666666665 0.39490740740740743 0.022395833333333334 0.03981481481481482
0 0.5442708333333334 0.47962962962962963 0.021875 0.03888888888888889
0 0.41067708333333336 0.22361111111111112 0.021354166666666667 0.03796296296296296
0 0.57890625 0.24166666666666667 0.021354166666666667 0.03888888888888889
0 0.38125 0.6083333333333333 0.021875 0.03888888888888889
0 0.27369791666666665 0.324537037037037 0.022395833333333334 0.03796296296296296
0 0.37604166666666666 0.43287037037037035 0.020833333333333332 0.03796296296296296
0 0.4859375 0.3888888888888889 0.020833333333333332 0.037037037037037035
0 0.4552083333333333 0.3712962962962963 0.020833333333333332 0.03888888888888889
0 0.44192708333333336 0.5949074074074074 0.022395833333333334 0.03981481481481482
0 0.5885416666666666 0.36574074074074076 0.021875 0.03888888888888889
0 0.37005208333333334 0.6504629629629629 0.021354166666666667 0.03981481481481482
0 0.4231770833333333 0.3523148148148148 0.021354166666666667 0.03796296296296296
0 0.39427083333333335 0.6347222222222222 0.020833333333333332 0.03981481481481482
0 0.6997395833333333 0.5023148148148148 0.0234375 0.041666666666666664
0 0.4203125 0.2564814814814815 0.020833333333333332 0.03888888888888889
0 0.6833333333333333 0.3458333333333333 0.022916666666666665 0.03981481481481482
0 0.4197916666666667 0.4199074074074074 0.020833333333333332 0.03796296296296296
0 0.60859375 0.1412037037037037 0.021354166666666667 0.03981481481481482
0 0.33932291666666664 0.43333333333333335 0.021354166666666667 0.03888888888888889
0 0.44557291666666665 0.24722222222222223 0.0203125 0.03518518518518519
0 0.4239583333333333 0.29953703703703705 0.020833333333333332 0.03796296296296296
0 0.4713541666666667 0.2652777777777778 0.020833333333333332 0.03796296296296296
0 0.3567708333333333 0.6212962962962963 0.021875 0.03888888888888889
0 0.68046875 0.4787037037037037 0.022395833333333334 0.03888888888888889
0 0.48463541666666665 0.29583333333333334 0.0203125 0.03796296296296296
0 0.5049479166666667 0.36898148148148147 0.0203125 0.03796296296296296
0 0.6184895833333334 0.48148148148148145 0.022395833333333334 0.040740740740740744
0 0.46484375 0.30648148148148147 0.0203125 0.03888888888888889
0 0.58125 0.4013888888888889 0.021875 0.03796296296296296
0 0.54375 0.44027777777777777 0.020833333333333332 0.03796296296296296
0 0.596875 0.43796296296296294 0.021875 0.03888888888888889
0 0.5114583333333333 0.41898148148148145 0.020833333333333332 0.03796296296296296
0 0.5036458333333333 0.275 0.021875 0.03888888888888889
0 0.44296875 0.2847222222222222 0.0203125 0.03796296296296296
0 0.7125 0.40370370370370373 0.022916666666666665 0.040740740740740744
0 0.4859375 0.4444444444444444 0.020833333333333332 0.037037037037037035
0 0.6609375 0.46064814814814814 0.021875 0.03981481481481482
0 0.6783854166666666 0.43703703703703706 0.022395833333333334 0.03888888888888889
0 0.52421875 0.3861111111111111 0.021354166666666667 0.03888888888888889