0 0.44375 0.6097222222222223 0.021875 0.03981481481481482
0 0.5325520833333334 0.500462962962963 0.021354166666666667 0.03981481481481482
0 0.5208333333333334 0.4023148148148148 0.020833333333333332 0.03796296296296296
0 0.34765625 0.45 0.021354166666666667 0.03888888888888889
0 0.69609375 0.49953703703703706 0.0234375 0.041666666666666664
0 0.42942708333333335 0.5828703703703704 0.021354166666666667 0.03981481481481482
0 0.3502604166666667 0.7375 0.0234375 0.041666666666666664
0 0.4083333333333333 0.6328703703703704 0.021875 0.03981481481481482
0 0.31692708333333336 0.7546296296296297 0.022395833333333334 0.040740740740740744
0 0.3888020833333333 0.6666666666666666 0.022395833333333334 0.03888888888888889
0 0.52265625 0.4648148148148148 0.021354166666666667 0.03888888888888889
0 0.5020833333333333 0.5393518518518519 0.021875 0.03981481481481482
0 0.428125 0.17824074074074073 0.020833333333333332 0.03981481481481482
0 0.27369791666666665 0.7699074074074074 0.022395833333333334 0.03981481481481482
0 0.2953125 0.7578703703703704 0.021875 0.041666666666666664
0 0.46822916666666664 0.5472222222222223 0.021875 0.03888888888888889
0 0.4513020833333333 0.1763888888888889 0.0203125 0.03796296296296296
0 0.2875 0.2587962962962963 0.021875 0.03796296296296296
0 0.4205729166666667 0.44583333333333336 0.021354166666666667 0.03796296296296296
0 0.3880208333333333 0.6203703703703703 0.021875 0.03888888888888889
0 0.3151041666666667 0.262037037037037 0.020833333333333332 0.03888888888888889
0 0.3372395833333333 0.6689814814814815 0.022395833333333334 0.03981481481481482
0 0.3234375 0.3925925925925926 0.021875 0.03888888888888889
0 0.31666666666666665 0.5666666666666667 0.022916666666666665 0.03888888888888889
0 0.54609375 0.3990740740740741 0.021354166666666667 0.03888888888888889
0 0.44166666666666665 0.38472222222222224 0.020833333333333332 0.03981481481481482
0 0.67109375 0.4787037037037037 0.022395833333333334 0.040740740740740744
0 0.45703125 0.4162037037037037 0.021354166666666667 0.03796296296296296
0 0.38229166666666664 0.42777777777777776 0.021875 0.03888888888888889
0 0.2526041666666667 0.763425925925926 0.021875 0.03981481481481482
0 0.36484375 0.2013888888888889 0.021354166666666667 0.03796296296296296
0 0.5817708333333333 0.14629629629629629 0.020833333333333332 0.03888888888888889
0 0.353125 0.30462962962962964 0.020833333333333332 0.03888888888888889
0 0.15651041666666668 0.4981481481481482 0.024479166666666666 0.040740740740740744
0 0.4734375 0.15416666666666667 0.020833333333333332 0.03796296296296296
0 0.39036458333333335 0.23055555555555557 0.0203125 0.03888888888888889
0 0.45989583333333334 0.20787037037037037 0.019791666666666666 0.03796296296296296
0 0.70390625 0.4083333333333333 0.022395833333333334 0.040740740740740744
0 0.3302083333333333 0.7217592592592592 0.020833333333333332 0.03981481481481482
0 0.34869791666666666 0.6986111111111111 0.022395833333333334 0.03981481481481482
0 0.35234375 0.3921296296296296 0.021354166666666667 0.03981481481481482
0 0.18020833333333333 0.3472222222222222 0.022916666666666665 0.03888888888888889
0 0.37421875 0.30694444444444446 0.0203125 0.03796296296296296
0 0.4328125 0.23564814814814813 0.019791666666666666 0.03796296296296296
0 0.47994791666666664 0.19814814814814816 0.0203125 0.037037037037037035
0 0.35078125 0.3527777777777778 0.0203125 0.037037037037037035
0 0.30833333333333335 0.7203703703703703 0.021875 0.03888888888888889
0 0.26614583333333336 0.7314814814814815 0.021875 0.040740740740740744
0 0.45208333333333334 0.25 0.020833333333333332 0.03888888888888889
0 0.6059895833333333 0.1449074074074074 0.021354166666666667 0.03981481481481482
0 0.4901041666666667 0.22870370370370371 0.020833333333333332 0.03888888888888889
0 0.41015625 0.2375 0.0203125 0.03796296296296296
0 0.3841145833333333 0.33796296296296297 0.0203125 0.03888888888888889
0 0.37057291666666664 0.37453703703703706 0.0203125 0.03796296296296296
0 0.4080729166666667 0.2726851851851852 0.0203125 0.03796296296296296
0 0.40338541666666666 0.30833333333333335 0.0203125 0.03888888888888889
0 0.41953125 0.36944444444444446 0.0203125 0.037037037037037035
0 0.2875 0.7245370370370371 0.020833333333333332 0.03981481481481482
0 0.39453125 0.3763888888888889 0.0203125 0.03796296296296296
0 0.40520833333333334 0.3435185185185185 0.020833333333333332 0.03888888888888889
0 0.4244791666666667 0.3106481481481482 0.020833333333333332 0.03796296296296296
0 0.43411458333333336 0.2712962962962963 0.0203125 0.03888888888888889