0 0.15911458333333334 0.5023148148148148 0.0265625 0.04351851851851852
0 0.7361979166666667 0.1597222222222222 0.025520833333333333 0.04351851851851852
0 0.27447916666666666 0.8583333333333333 0.023958333333333335 0.04259259259259259
0 0.34661458333333334 0.5782407407407407 0.022395833333333334 0.03981481481481482
0 0.5598958333333334 0.5893518518518519 0.021875 0.03981481481481482
0 0.43802083333333336 0.5638888888888889 0.021875 0.040740740740740744
0 0.2677083333333333 0.812037037037037 0.023958333333333335 0.040740740740740744
0 0.35494791666666664 0.20324074074074075 0.022395833333333334 0.03796296296296296
0 0.3875 0.5648148148148148 0.021875 0.03888888888888889
0 0.3151041666666667 0.5398148148148149 0.022916666666666665 0.03888888888888889
0 0.1953125 0.3814814814814815 0.021875 0.03888888888888889
0 0.6033854166666667 0.3763888888888889 0.021354166666666667 0.03796296296296296
0 0.3697916666666667 0.24861111111111112 0.021875 0.03796296296296296
0 0.3125 0.48055555555555557 0.022916666666666665 0.040740740740740744
0 0.2760416666666667 0.35324074074074074 0.021875 0.03981481481481482
0 0.6567708333333333 0.46111111111111114 0.022916666666666665 0.040740740740740744
0 0.66875 0.18981481481481483 0.021875 0.040740740740740744
0 0.5604166666666667 0.32916666666666666 0.020833333333333332 0.03796296296296296
0 0.6307291666666667 0.5458333333333333 0.022916666666666665 0.03981481481481482
0 0.5466145833333333 0.3023148148148148 0.021354166666666667 0.03796296296296296
0 0.6927083333333334 0.49444444444444446 0.023958333333333335 0.040740740740740744
0 0.3296875 0.3194444444444444 0.021875 0.03888888888888889
0 0.43463541666666666 0.24861111111111112 0.021354166666666667 0.03796296296296296
0 0.6888020833333334 0.41759259259259257 0.0234375 0.040740740740740744
0 0.39088541666666665 0.43703703703703706 0.021354166666666667 0.03888888888888889
0 0.58125 0.5856481481481481 0.022916666666666665 0.03981481481481482
0 0.5276041666666667 0.38564814814814813 0.020833333333333332 0.03796296296296296
0 0.6442708333333333 0.16296296296296298 0.021875 0.040740740740740744
0 0.6143229166666667 0.3416666666666667 0.021354166666666667 0.03888888888888889
0 0.55859375 0.5523148148148148 0.021354166666666667 0.03796296296296296
0 0.22447916666666667 0.21944444444444444 0.021875 0.03888888888888889
0 0.36796875 0.4199074074074074 0.021354166666666667 0.03796296296296296
0 0.67734375 0.2662037037037037 0.022395833333333334 0.03981481481481482
0 0.5041666666666667 0.3888888888888889 0.021875 0.03888888888888889
0 0.17135416666666667 0.29907407407407405 0.021875 0.03888888888888889
0 0.24505208333333334 0.4185185185185185 0.022395833333333334 0.03888888888888889
0 0.19348958333333333 0.31851851851851853 0.021354166666666667 0.037037037037037035
0 0.65546875 0.08888888888888889 0.021354166666666667 0.040740740740740744
0 0.48411458333333335 0.16527777777777777 0.021354166666666667 0.03981481481481482
0 0.5041666666666667 0.47638888888888886 0.020833333333333332 0.03981481481481482
0 0.23098958333333333 0.2814814814814815 0.022395833333333334 0.03888888888888889
0 0.32786458333333335 0.38333333333333336 0.021354166666666667 0.03888888888888889
0 0.4747395833333333 0.5458333333333333 0.021354166666666667 0.03981481481481482
0 0.29140625 0.45046296296296295 0.021354166666666667 0.03796296296296296
0 0.5143229166666666 0.4273148148148148 0.021354166666666667 0.03796296296296296
0 0.4390625 0.29907407407407405 0.021875 0.03888888888888889
0 0.41302083333333334 0.5231481481481481 0.020833333333333332 0.03888888888888889
0 0.30130208333333336 0.37083333333333335 0.021354166666666667 0.03796296296296296
0 0.3455729166666667 0.40324074074074073 0.0203125 0.03796296296296296
0 0.4276041666666667 0.45925925925925926 0.021875 0.03888888888888889
0 0.53671875 0.42685185185185187 0.021354166666666667 0.03888888888888889
0 0.18072916666666666 0.3509259259259259 0.021875 0.037037037037037035
0 0.21171875 0.33101851851851855 0.022395833333333334 0.03796296296296296
0 0.5416666666666666 0.5319444444444444 0.020833333333333332 0.03796296296296296
0 0.27265625 0.4236111111111111 0.021354166666666667 0.03796296296296296
0 0.52578125 0.47129629629629627 0.021354166666666667 0.03888888888888889
0 0.30963541666666666 0.4027777777777778 0.021354166666666667 0.03888888888888889
0 0.4549479166666667 0.5337962962962963 0.0203125 0.03796296296296296
0 0.5236979166666667 0.5125 0.021354166666666667 0.03981481481481482
0 0.28880208333333335 0.40046296296296297 0.0203125 0.03796296296296296
0 0.5427083333333333 0.4930555555555556 0.020833333333333332 0.03796296296296296
0 0.43385416666666665 0.524537037037037 0.020833333333333332 0.03796296296296296