0 0.24817708333333333 0.8824074074074074 0.024479166666666666 0.04259259259259259
0 0.2752604166666667 0.874537037037037 0.0234375 0.04351851851851852
0 0.31744791666666666 0.6847222222222222 0.022395833333333334 0.03981481481481482
0 0.73828125 0.15787037037037038 0.024479166666666666 0.041666666666666664
0 0.29635416666666664 0.7217592592592592 0.022916666666666665 0.041666666666666664
0 0.34713541666666664 0.6208333333333333 0.021354166666666667 0.03981481481481482
0 0.5588541666666667 0.5486111111111112 0.021875 0.03981481481481482
0 0.30572916666666666 0.4759259259259259 0.021875 0.03888888888888889
0 0.6473958333333333 0.16018518518518518 0.021875 0.040740740740740744
0 0.3377604166666667 0.39444444444444443 0.021354166666666667 0.03888888888888889
0 0.15885416666666666 0.500462962962963 0.025 0.041666666666666664
0 0.6703125 0.18888888888888888 0.021875 0.03888888888888889
0 0.5434895833333333 0.1912037037037037 0.021354166666666667 0.03981481481481482
0 0.34869791666666666 0.1986111111111111 0.021354166666666667 0.03796296296296296
0 0.36614583333333334 0.600462962962963 0.021875 0.03981481481481482
0 0.3341145833333333 0.2388888888888889 0.021354166666666667 0.03888888888888889
0 0.69296875 0.49537037037037035 0.0234375 0.040740740740740744
0 0.6065104166666667 0.3726851851851852 0.021354166666666667 0.03796296296296296
0 0.46848958333333335 0.562037037037037 0.022395833333333334 0.03888888888888889
0 0.6578125 0.4634259259259259 0.022916666666666665 0.041666666666666664
0 0.3614583333333333 0.4009259259259259 0.021875 0.03888888888888889
0 0.5377604166666666 0.5398148148148149 0.021354166666666667 0.03888888888888889
0 0.3138020833333333 0.41388888888888886 0.021354166666666667 0.03888888888888889
0 0.3059895833333333 0.6537037037037037 0.022395833333333334 0.03888888888888889
0 0.25833333333333336 0.4861111111111111 0.022916666666666665 0.040740740740740744
0 0.18125 0.3486111111111111 0.021875 0.03796296296296296
0 0.31640625 0.5305555555555556 0.022395833333333334 0.03888888888888889
0 0.37994791666666666 0.17777777777777778 0.021354166666666667 0.03888888888888889
0 0.5442708333333334 0.25 0.020833333333333332 0.03888888888888889
0 0.19557291666666668 0.3787037037037037 0.022395833333333334 0.03888888888888889
0 0.28854166666666664 0.2625 0.021875 0.03796296296296296
0 0.26197916666666665 0.2125 0.020833333333333332 0.03796296296296296
0 0.5388020833333333 0.2935185185185185 0.021354166666666667 0.037037037037037035
0 0.5216145833333333 0.2722222222222222 0.0203125 0.03888888888888889
0 0.30026041666666664 0.22592592592592592 0.021354166666666667 0.037037037037037035
0 0.26145833333333335 0.4300925925925926 0.021875 0.03796296296296296
0 0.23932291666666666 0.38842592592592595 0.022395833333333334 0.03981481481481482
0 0.2638020833333333 0.2689814814814815 0.022395833333333334 0.03796296296296296
0 0.6783854166666666 0.26666666666666666 0.022395833333333334 0.040740740740740744
0 0.61796875 0.337037037037037 0.021354166666666667 0.03888888888888889
0 0.45625 0.3375 0.021875 0.03796296296296296
0 0.5778645833333333 0.31666666666666665 0.021354166666666667 0.03888888888888889
0 0.40130208333333334 0.5625 0.021354166666666667 0.03796296296296296
0 0.690625 0.41712962962962963 0.022916666666666665 0.03981481481481482
0 0.4671875 0.40324074074074073 0.020833333333333332 0.03796296296296296
0 0.54140625 0.37592592592592594 0.021354166666666667 0.03888888888888889
0 0.5583333333333333 0.34675925925925927 0.020833333333333332 0.03796296296296296
0 0.41380208333333335 0.37962962962962965 0.021354166666666667 0.03888888888888889
0 0.27838541666666666 0.23287037037037037 0.0203125 0.03611111111111111
0 0.4315104166666667 0.3490740740740741 0.0203125 0.037037037037037035
0 0.29401041666666666 0.44351851851851853 0.021354166666666667 0.037037037037037035
0 0.27369791666666665 0.45787037037037037 0.021354166666666667 0.03796296296296296
0 0.5442708333333334 0.5032407407407408 0.020833333333333332 0.03796296296296296
0 0.5109375 0.23564814814814813 0.020833333333333332 0.03796296296296296
0 0.4 0.2712962962962963 0.021875 0.03888888888888889
0 0.6565104166666667 0.08796296296296297 0.021354166666666667 0.040740740740740744
0 0.49244791666666665 0.4097222222222222 0.021354166666666667 0.03796296296296296
0 0.5044270833333333 0.37592592592592594 0.0203125 0.037037037037037035
0 0.5236979166666667 0.5027777777777778 0.021354166666666667 0.03888888888888889
0 0.5119791666666667 0.425 0.020833333333333332 0.037037037037037035
0 0.5135416666666667 0.4666666666666667 0.020833333333333332 0.03888888888888889
0 0.44895833333333335 0.3819444444444444 0.020833333333333332 0.03796296296296296