0 0.36875 0.549537037037037 0.023958333333333335 0.03981481481481482
0 0.40130208333333334 0.5578703703703703 0.0234375 0.03981481481481482
0 0.4546875 0.4912037037037037 0.022916666666666665 0.041666666666666664
0 0.2984375 0.5472222222222223 0.025 0.040740740740740744
0 0.52109375 0.5458333333333333 0.0265625 0.04722222222222222
0 0.41041666666666665 0.4532407407407407 0.022916666666666665 0.041666666666666664
0 0.3846354166666667 0.4162037037037037 0.0234375 0.041666666666666664
0 0.44453125 0.44537037037037036 0.022395833333333334 0.040740740740740744
0 0.48541666666666666 0.5212962962962963 0.022916666666666665 0.04259259259259259
0 0.35546875 0.5208333333333334 0.0234375 0.041666666666666664
0 0.38776041666666666 0.5273148148148148 0.022395833333333334 0.03981481481481482
0 0.36770833333333336 0.4861111111111111 0.023958333333333335 0.04259259259259259
0 0.48984375 0.4675925925925926 0.0234375 0.040740740740740744
0 0.28229166666666666 0.5217592592592593 0.025 0.04351851851851852
0 0.19739583333333333 0.6282407407407408 0.027083333333333334 0.04351851851851852
0 0.3684895833333333 0.35509259259259257 0.0265625 0.04537037037037037
0 0.14166666666666666 0.7152777777777778 0.03333333333333333 0.05277777777777778
0 0.4700520833333333 0.24444444444444444 0.021354166666666667 0.03888888888888889
0 0.48541666666666666 0.26666666666666666 0.020833333333333332 0.03888888888888889
0 0.19244791666666666 0.5819444444444445 0.0265625 0.04351851851851852
0 0.43020833333333336 0.2800925925925926 0.021875 0.03981481481481482