0 0.15859375 0.49953703703703706 0.0265625 0.04351851851851852
0 0.25833333333333336 0.8768518518518519 0.023958333333333335 0.04259259259259259
0 0.334375 0.7194444444444444 0.021875 0.040740740740740744
0 0.2747395833333333 0.8467592592592592 0.0234375 0.041666666666666664
0 0.3671875 0.6314814814814815 0.021875 0.040740740740740744
0 0.34739583333333335 0.6226851851851852 0.021875 0.03981481481481482
0 0.41119791666666666 0.65 0.0234375 0.040740740740740744
0 0.434375 0.5402777777777777 0.021875 0.03981481481481482
0 0.35078125 0.6944444444444444 0.022395833333333334 0.040740740740740744
0 0.48046875 0.5356481481481481 0.021354166666666667 0.03796296296296296
0 0.2953125 0.7240740740740741 0.021875 0.040740740740740744
0 0.5044270833333333 0.5375 0.022395833333333334 0.03981481481481482
0 0.459375 0.5300925925925926 0.020833333333333332 0.03981481481481482
0 0.3143229166666667 0.7101851851851851 0.0203125 0.040740740740740744
0 0.3885416666666667 0.6074074074074074 0.021875 0.03888888888888889
0 0.6940104166666666 0.49537037037037035 0.0234375 0.040740740740740744
0 0.65703125 0.08518518518518518 0.0234375 0.04259259259259259
0 0.4903645833333333 0.1449074074074074 0.0203125 0.03981481481481482
0 0.4515625 0.4666666666666667 0.021875 0.03888888888888889
0 0.6614583333333334 0.4666666666666667 0.022916666666666665 0.040740740740740744
0 0.52578125 0.399537037037037 0.021354166666666667 0.03796296296296296
0 0.3484375 0.1986111111111111 0.020833333333333332 0.03796296296296296
0 0.48359375 0.4708333333333333 0.021354166666666667 0.03796296296296296
0 0.3341145833333333 0.23842592592592593 0.021354166666666667 0.03796296296296296
0 0.59609375 0.30277777777777776 0.021354166666666667 0.03888888888888889
0 0.65078125 0.1865740740740741 0.021354166666666667 0.03981481481481482
0 0.6080729166666666 0.19305555555555556 0.0203125 0.03796296296296296
0 0.2526041666666667 0.5199074074074074 0.022916666666666665 0.03981481481481482
0 0.36223958333333334 0.5847222222222223 0.021354166666666667 0.03981481481481482
0 0.41484375 0.5208333333333334 0.021354166666666667 0.03981481481481482
0 0.3802083333333333 0.1763888888888889 0.021875 0.03796296296296296
0 0.59453125 0.2212962962962963 0.0203125 0.03888888888888889
0 0.63125 0.30787037037037035 0.021875 0.03981481481481482
0 0.3 0.225 0.021875 0.037037037037037035
0 0.35598958333333336 0.41898148148148145 0.022395833333333334 0.03981481481481482
0 0.50625 0.3199074074074074 0.020833333333333332 0.03796296296296296
0 0.28828125 0.262037037037037 0.021354166666666667 0.037037037037037035
0 0.53984375 0.3212962962962963 0.021354166666666667 0.03888888888888889
0 0.46953125 0.16296296296296298 0.0203125 0.037037037037037035
0 0.48203125 0.19305555555555556 0.0203125 0.03796296296296296
0 0.5096354166666667 0.37083333333333335 0.021354166666666667 0.03796296296296296
0 0.5744791666666667 0.21064814814814814 0.020833333333333332 0.03981481481481482
0 0.5041666666666667 0.17222222222222222 0.020833333333333332 0.03888888888888889
0 0.4591145833333333 0.20185185185185187 0.0203125 0.03888888888888889
0 0.26197916666666665 0.21064814814814814 0.020833333333333332 0.03796296296296296
0 0.47630208333333335 0.32083333333333336 0.021354166666666667 0.03796296296296296
0 0.46484375 0.26944444444444443 0.021354166666666667 0.03888888888888889
0 0.4005208333333333 0.26851851851851855 0.020833333333333332 0.03888888888888889
0 0.5247395833333334 0.23842592592592593 0.021354166666666667 0.03981481481481482
0 0.4484375 0.2986111111111111 0.020833333333333332 0.03796296296296296
0 0.5338541666666666 0.19444444444444445 0.020833333333333332 0.03888888888888889
0 0.425 0.3 0.020833333333333332 0.03888888888888889
0 0.2635416666666667 0.2671296296296296 0.021875 0.03796296296296296
0 0.6927083333333334 0.4166666666666667 0.022916666666666665 0.040740740740740744
0 0.63046875 0.21157407407407408 0.021354166666666667 0.03981481481481482
0 0.49192708333333335 0.5041666666666667 0.021354166666666667 0.03796296296296296
0 0.18098958333333334 0.3476851851851852 0.022395833333333334 0.03796296296296296
0 0.5041666666666667 0.22314814814814815 0.020833333333333332 0.03888888888888889
0 0.27786458333333336 0.23194444444444445 0.0203125 0.03611111111111111
0 0.3015625 0.4064814814814815 0.022916666666666665 0.03888888888888889
0 0.3924479166666667 0.45 0.021354166666666667 0.03888888888888889
0 0.7481770833333333 0.15416666666666667 0.0265625 0.04351851851851852