0 0.25833333333333336 0.8782407407407408 0.023958333333333335 0.041666666666666664
0 0.46796875 0.537962962962963 0.021354166666666667 0.03888888888888889
0 0.35703125 0.7291666666666666 0.022395833333333334 0.041666666666666664
0 0.3359375 0.7268518518518519 0.019791666666666666 0.040740740740740744
0 0.37213541666666666 0.6217592592592592 0.021354166666666667 0.03981481481481482
0 0.27578125 0.85 0.022395833333333334 0.04259259259259259
0 0.41640625 0.6657407407407407 0.022395833333333334 0.040740740740740744
0 0.39817708333333335 0.6162037037037037 0.022395833333333334 0.03981481481481482
0 0.5013020833333334 0.538425925925926 0.021354166666666667 0.03981481481481482
0 0.4015625 0.38287037037037036 0.020833333333333332 0.03796296296296296
0 0.31692708333333336 0.7152777777777778 0.0203125 0.03981481481481482
0 0.29635416666666664 0.725 0.021875 0.040740740740740744
0 0.4473958333333333 0.5319444444444444 0.020833333333333332 0.03981481481481482
0 0.69453125 0.4962962962962963 0.0234375 0.040740740740740744
0 0.5690104166666666 0.41203703703703703 0.024479166666666666 0.040740740740740744
0 0.28932291666666665 0.35185185185185186 0.021354166666666667 0.03888888888888889
0 0.3536458333333333 0.6069444444444444 0.021875 0.03981481481481482
0 0.6625 0.4689814814814815 0.022916666666666665 0.03981481481481482
0 0.6125 0.26481481481481484 0.021875 0.040740740740740744
0 0.3145833333333333 0.32731481481481484 0.021875 0.03796296296296296
0 0.49609375 0.21296296296296297 0.021354166666666667 0.03888888888888889
0 0.46510416666666665 0.1675925925925926 0.020833333333333332 0.040740740740740744
0 0.4127604166666667 0.1763888888888889 0.021354166666666667 0.03796296296296296
0 0.38385416666666666 0.5888888888888889 0.020833333333333332 0.03888888888888889
0 0.49244791666666665 0.5050925925925925 0.021354166666666667 0.03796296296296296
0 0.37447916666666664 0.1912037037037037 0.020833333333333332 0.03796296296296296
0 0.49973958333333335 0.39537037037037037 0.021354166666666667 0.03888888888888889
0 0.40338541666666666 0.5745370370370371 0.021354166666666667 0.03981481481481482
0 0.4244791666666667 0.3768518518518518 0.021875 0.03888888888888889
0 0.33255208333333336 0.36944444444444446 0.021354166666666667 0.03888888888888889
0 0.3645833333333333 0.4074074074074074 0.021875 0.03888888888888889
0 0.15807291666666667 0.49953703703703706 0.0234375 0.03981481481481482
0 0.5252604166666667 0.19907407407407407 0.021354166666666667 0.03888888888888889
0 0.4158854166666667 0.22962962962962963 0.021354166666666667 0.03888888888888889
0 0.48880208333333336 0.175 0.0203125 0.03888888888888889
0 0.24270833333333333 0.44722222222222224 0.022916666666666665 0.03888888888888889
0 0.3453125 0.20185185185185187 0.020833333333333332 0.037037037037037035
0 0.26223958333333336 0.2101851851851852 0.021354166666666667 0.03888888888888889
0 0.34791666666666665 0.24212962962962964 0.020833333333333332 0.03796296296296296
0 0.40625 0.49537037037037035 0.021875 0.03888888888888889
0 0.43020833333333336 0.4217592592592593 0.021875 0.03796296296296296
0 0.5520833333333334 0.30462962962962964 0.021875 0.03888888888888889
0 0.38177083333333334 0.4930555555555556 0.021875 0.03796296296296296
0 0.5984375 0.10833333333333334 0.020833333333333332 0.03888888888888889
0 0.3924479166666667 0.5421296296296296 0.021354166666666667 0.03981481481481482
0 0.3763020833333333 0.4486111111111111 0.021354166666666667 0.03796296296296296
0 0.50546875 0.475462962962963 0.021354166666666667 0.03796296296296296
0 0.6057291666666667 0.1550925925925926 0.021875 0.03981481481481482
0 0.24505208333333334 0.28703703703703703 0.021354166666666667 0.03888888888888889
0 0.6955729166666667 0.4148148148148148 0.0234375 0.040740740740740744
0 0.6020833333333333 0.22175925925925927 0.021875 0.03981481481481482
0 0.4640625 0.46805555555555556 0.021875 0.03796296296296296
0 0.18125 0.34814814814814815 0.022916666666666665 0.03888888888888889
0 0.26276041666666666 0.26990740740740743 0.0203125 0.03796296296296296
0 0.2981770833333333 0.22361111111111112 0.021354166666666667 0.03796296296296296
0 0.2828125 0.2657407407407407 0.020833333333333332 0.03888888888888889
0 0.61875 0.1962962962962963 0.020833333333333332 0.03888888888888889
0 0.27838541666666666 0.2324074074074074 0.0203125 0.037037037037037035
0 0.6276041666666666 0.1625 0.021875 0.03981481481481482
0 0.36666666666666664 0.22546296296296298 0.020833333333333332 0.03796296296296296
0 0.303125 0.262037037037037 0.021875 0.03888888888888889
0 0.6317708333333333 0.2324074074074074 0.021875 0.040740740740740744