0 0.15677083333333333 0.4981481481481482 0.025 0.04259259259259259
0 0.18098958333333334 0.3486111111111111 0.025520833333333333 0.04351851851851852
0 0.70234375 0.4097222222222222 0.025520833333333333 0.04351851851851852
0 0.41041666666666665 0.1712962962962963 0.021875 0.03888888888888889
0 0.3502604166666667 0.6768518518518518 0.021354166666666667 0.040740740740740744
0 0.3809895833333333 0.19074074074074074 0.021354166666666667 0.040740740740740744
0 0.39791666666666664 0.21574074074074073 0.020833333333333332 0.03888888888888889
0 0.37005208333333334 0.6615740740740741 0.021354166666666667 0.041666666666666664
0 0.3263020833333333 0.674074074074074 0.022395833333333334 0.040740740740740744
0 0.2760416666666667 0.2152777777777778 0.020833333333333332 0.03796296296296296
0 0.49557291666666664 0.38472222222222224 0.021354166666666667 0.03981481481481482
0 0.43255208333333334 0.2023148148148148 0.021354166666666667 0.03981481481481482
0 0.2916666666666667 0.2412037037037037 0.019791666666666666 0.03796296296296296
0 0.69609375 0.49907407407407406 0.0234375 0.040740740740740744
0 0.38203125 0.5935185185185186 0.022395833333333334 0.040740740740740744
0 0.24947916666666667 0.27685185185185185 0.021875 0.03888888888888889
0 0.6708333333333333 0.47685185185185186 0.025 0.044444444444444446
0 0.44427083333333334 0.17175925925925925 0.020833333333333332 0.03796296296296296
0 0.5875 0.17037037037037037 0.021875 0.03888888888888889
0 0.44583333333333336 0.4685185185185185 0.020833333333333332 0.03888888888888889
0 0.2747395833333333 0.28055555555555556 0.021354166666666667 0.03888888888888889
0 0.31354166666666666 0.5787037037037037 0.022916666666666665 0.040740740740740744
0 0.39114583333333336 0.6476851851851851 0.021875 0.041666666666666664
0 0.36328125 0.48842592592592593 0.021354166666666667 0.03981481481481482
0 0.4049479166666667 0.5875 0.021354166666666667 0.03981481481481482
0 0.4713541666666667 0.28888888888888886 0.020833333333333332 0.03888888888888889
0 0.48072916666666665 0.475462962962963 0.021875 0.03981481481481482
0 0.36822916666666666 0.5583333333333333 0.020833333333333332 0.03888888888888889
0 0.4734375 0.5226851851851851 0.021875 0.03981481481481482
0 0.478125 0.35138888888888886 0.021875 0.03796296296296296
0 0.3770833333333333 0.25462962962962965 0.020833333333333332 0.03888888888888889
0 0.44609375 0.25 0.021354166666666667 0.03888888888888889
0 0.44427083333333334 0.29953703703703705 0.021875 0.03796296296296296
0 0.42135416666666664 0.2740740740740741 0.020833333333333332 0.03888888888888889
0 0.39140625 0.49722222222222223 0.021354166666666667 0.03888888888888889
0 0.34739583333333335 0.5504629629629629 0.020833333333333332 0.03981481481481482
0 0.3848958333333333 0.41759259259259257 0.020833333333333332 0.03888888888888889
0 0.32473958333333336 0.2513888888888889 0.0203125 0.03611111111111111
0 0.32760416666666664 0.5337962962962963 0.021875 0.03981481481481482
0 0.46171875 0.4912037037037037 0.0203125 0.03796296296296296
0 0.36041666666666666 0.3712962962962963 0.021875 0.03888888888888889
0 0.6041666666666666 0.14444444444444443 0.021875 0.03888888888888889
0 0.5583333333333333 0.15046296296296297 0.021875 0.03981481481481482
0 0.3067708333333333 0.28194444444444444 0.019791666666666666 0.03796296296296296
0 0.34375 0.34675925925925927 0.020833333333333332 0.03796296296296296
0 0.3419270833333333 0.26851851851851855 0.0203125 0.03888888888888889
0 0.384375 0.31203703703703706 0.020833333333333332 0.03888888888888889
0 0.3854166666666667 0.5342592592592592 0.020833333333333332 0.03888888888888889
0 0.40546875 0.44583333333333336 0.021354166666666667 0.03981481481481482
0 0.42083333333333334 0.5263888888888889 0.019791666666666666 0.03796296296296296
0 0.42291666666666666 0.5671296296296297 0.021875 0.03981481481481482
0 0.37890625 0.35509259259259257 0.0203125 0.03796296296296296
0 0.4122395833333333 0.30694444444444446 0.021354166666666667 0.03796296296296296
0 0.3997395833333333 0.3537037037037037 0.0203125 0.037037037037037035
0 0.4036458333333333 0.5513888888888889 0.020833333333333332 0.03796296296296296
0 0.4005208333333333 0.3902777777777778 0.020833333333333332 0.03796296296296296
0 0.35989583333333336 0.28425925925925927 0.020833333333333332 0.03888888888888889
0 0.44244791666666666 0.5333333333333333 0.021354166666666667 0.03888888888888889
0 0.41875 0.3402777777777778 0.020833333333333332 0.03796296296296296
0 0.34296875 0.3060185185185185 0.0203125 0.03796296296296296
0 0.32369791666666664 0.29953703703703705 0.0203125 0.03796296296296296
0 0.36484375 0.3194444444444444 0.0203125 0.03888888888888889