0 0.2752604166666667 0.8458333333333333 0.025520833333333333 0.04351851851851852
0 0.15390625 0.5726851851851852 0.0234375 0.03981481481481482
0 0.11848958333333333 0.5949074074074074 0.024479166666666666 0.03981481481481482
0 0.3611979166666667 0.5962962962962963 0.022395833333333334 0.03888888888888889
0 0.14114583333333333 0.5421296296296296 0.022916666666666665 0.03796296296296296
0 0.43411458333333336 0.6069444444444444 0.022395833333333334 0.03981481481481482
0 0.3104166666666667 0.34305555555555556 0.021875 0.03796296296296296
0 0.2752604166666667 0.3282407407407407 0.021354166666666667 0.03796296296296296
0 0.17317708333333334 0.30833333333333335 0.0265625 0.044444444444444446
0 0.5666666666666667 0.6388888888888888 0.022916666666666665 0.040740740740740744
0 0.6731770833333334 0.4777777777777778 0.022395833333333334 0.040740740740740744
0 0.34427083333333336 0.2 0.021875 0.03888888888888889
0 0.6979166666666666 0.22083333333333333 0.021875 0.03981481481481482
0 0.3145833333333333 0.5648148148148148 0.022916666666666665 0.03888888888888889
0 0.5963541666666666 0.4152777777777778 0.021875 0.03981481481481482
0 0.5466145833333333 0.3453703703703704 0.021354166666666667 0.03888888888888889
0 0.31979166666666664 0.1912037037037037 0.020833333333333332 0.03796296296296296
0 0.5658854166666667 0.5814814814814815 0.022395833333333334 0.040740740740740744
0 0.6236979166666666 0.475 0.022395833333333334 0.03888888888888889
0 0.45364583333333336 0.20555555555555555 0.021875 0.03888888888888889
0 0.2947916666666667 0.20324074074074075 0.020833333333333332 0.03981481481481482
0 0.5432291666666667 0.5800925925925926 0.021875 0.03981481481481482
0 0.69609375 0.45740740740740743 0.022395833333333334 0.040740740740740744
0 0.4622395833333333 0.27175925925925926 0.021354166666666667 0.03981481481481482
0 0.4036458333333333 0.24305555555555555 0.020833333333333332 0.03796296296296296
0 0.12604166666666666 0.5189814814814815 0.022916666666666665 0.03981481481481482
0 0.4869791666666667 0.3347222222222222 0.020833333333333332 0.03796296296296296
0 0.259375 0.287962962962963 0.021875 0.03888888888888889
0 0.42578125 0.2375 0.021354166666666667 0.03796296296296296
0 0.37395833333333334 0.34120370370370373 0.020833333333333332 0.03796296296296296
0 0.296875 0.31527777777777777 0.020833333333333332 0.03796296296296296
0 0.36302083333333335 0.23333333333333334 0.020833333333333332 0.03888888888888889
0 0.39505208333333336 0.28888888888888886 0.021354166666666667 0.03888888888888889
0 0.42135416666666664 0.5782407407407407 0.021875 0.03981481481481482
0 0.5528645833333333 0.44351851851851853 0.021354166666666667 0.03888888888888889
0 0.3515625 0.3087962962962963 0.021875 0.03796296296296296
0 0.4552083333333333 0.31712962962962965 0.020833333333333332 0.03796296296296296
0 0.7135416666666666 0.19027777777777777 0.021875 0.03981481481481482
0 0.31744791666666666 0.22685185185185186 0.021354166666666667 0.037037037037037035
0 0.22682291666666668 0.2310185185185185 0.022395833333333334 0.03796296296296296
0 0.45625 0.549074074074074 0.020833333333333332 0.03888888888888889
0 0.37213541666666666 0.5319444444444444 0.022395833333333334 0.03796296296296296
0 0.428125 0.31805555555555554 0.020833333333333332 0.03796296296296296
0 0.7130208333333333 0.3976851851851852 0.022916666666666665 0.03981481481481482
0 0.4783854166666667 0.549537037037037 0.022395833333333334 0.03981481481481482
0 0.35520833333333335 0.27361111111111114 0.021875 0.03796296296296296
0 0.4552083333333333 0.49953703703703706 0.020833333333333332 0.03796296296296296
0 0.5458333333333333 0.5421296296296296 0.021875 0.03796296296296296
0 0.4192708333333333 0.27685185185185185 0.020833333333333332 0.037037037037037035
0 0.4830729166666667 0.3814814814814815 0.021354166666666667 0.03888888888888889
0 0.4627604166666667 0.37083333333333335 0.0203125 0.03796296296296296
0 0.42604166666666665 0.38287037037037036 0.020833333333333332 0.03796296296296296
0 0.5645833333333333 0.5231481481481481 0.022916666666666665 0.040740740740740744
0 0.43307291666666664 0.5388888888888889 0.021354166666666667 0.03888888888888889
0 0.6510416666666666 0.09490740740740741 0.021875 0.03981481481481482
0 0.4739583333333333 0.4810185185185185 0.020833333333333332 0.03796296296296296
0 0.6989583333333333 0.14166666666666666 0.021875 0.040740740740740744
0 0.48984375 0.44583333333333336 0.021354166666666667 0.03796296296296296
0 0.4388020833333333 0.4759259259259259 0.021354166666666667 0.03888888888888889
0 0.45651041666666664 0.40879629629629627 0.0203125 0.03796296296296296
0 0.45807291666666666 0.44675925925925924 0.021354166666666667 0.03796296296296296
0 0.47708333333333336 0.41712962962962963 0.020833333333333332 0.03796296296296296