0 0.27317708333333335 0.8518518518518519 0.024479166666666666 0.044444444444444446
0 0.653125 0.09907407407407408 0.025 0.044444444444444446
0 0.31640625 0.663425925925926 0.021354166666666667 0.03796296296296296
0 0.35598958333333336 0.6578703703703703 0.022395833333333334 0.03981481481481482
0 0.71640625 0.18009259259259258 0.025520833333333333 0.04351851851851852
0 0.221875 0.3537037037037037 0.021875 0.03888888888888889
0 0.2955729166666667 0.6592592592592592 0.021354166666666667 0.03888888888888889
0 0.44505208333333335 0.6134259259259259 0.022395833333333334 0.03981481481481482
0 0.20182291666666666 0.5592592592592592 0.021354166666666667 0.03888888888888889
0 0.15234375 0.5435185185185185 0.0234375 0.03888888888888889
0 0.5044270833333333 0.524074074074074 0.021354166666666667 0.03888888888888889
0 0.33697916666666666 0.6430555555555556 0.020833333333333332 0.03796296296296296
0 0.6947916666666667 0.48703703703703705 0.022916666666666665 0.040740740740740744
0 0.24348958333333334 0.6092592592592593 0.022395833333333334 0.03888888888888889
0 0.53671875 0.5180555555555556 0.021354166666666667 0.03981481481481482
0 0.6708333333333333 0.5041666666666667 0.022916666666666665 0.041666666666666664
0 0.2716145833333333 0.7921296296296296 0.0234375 0.041666666666666664
0 0.18854166666666666 0.32037037037037036 0.022916666666666665 0.03888888888888889
0 0.67109375 0.20833333333333334 0.022395833333333334 0.040740740740740744
0 0.42265625 0.5902777777777778 0.022395833333333334 0.03981481481481482
0 0.47317708333333336 0.41944444444444445 0.021354166666666667 0.03888888888888889
0 0.28958333333333336 0.6240740740740741 0.021875 0.03888888888888889
0 0.2421875 0.3333333333333333 0.021875 0.03888888888888889
0 0.5515625 0.3990740740740741 0.021875 0.03888888888888889
0 0.628125 0.31527777777777777 0.021875 0.03981481481481482
0 0.4278645833333333 0.3921296296296296 0.021354166666666667 0.03796296296296296
0 0.4466145833333333 0.41805555555555557 0.0203125 0.03796296296296296
0 0.45546875 0.19768518518518519 0.021354166666666667 0.03796296296296296
0 0.5356770833333333 0.23333333333333334 0.021354166666666667 0.03888888888888889
0 0.17109375 0.30092592592592593 0.022395833333333334 0.03888888888888889
0 0.4315104166666667 0.2657407407407407 0.021354166666666667 0.03888888888888889
0 0.4315104166666667 0.17222222222222222 0.0203125 0.03888888888888889
0 0.41432291666666665 0.4199074074074074 0.021354166666666667 0.03796296296296296
0 0.15572916666666667 0.38287037037037036 0.022916666666666665 0.03796296296296296
0 0.6265625 0.2662037037037037 0.021875 0.03981481481481482
0 0.453125 0.5462962962962963 0.021875 0.03888888888888889
0 0.14453125 0.49722222222222223 0.0234375 0.03888888888888889
0 0.2640625 0.5662037037037037 0.021875 0.03796296296296296
0 0.3424479166666667 0.1935185185185185 0.0203125 0.037037037037037035
0 0.45703125 0.25 0.021354166666666667 0.03888888888888889
0 0.38697916666666665 0.4476851851851852 0.021875 0.03796296296296296
0 0.18125 0.512962962962963 0.022916666666666665 0.03888888888888889
0 0.3263020833333333 0.6083333333333333 0.022395833333333334 0.03888888888888889
0 0.53671875 0.3638888888888889 0.021354166666666667 0.03888888888888889
0 0.6877604166666667 0.4166666666666667 0.0234375 0.03888888888888889
0 0.26458333333333334 0.2967592592592593 0.021875 0.03796296296296296
0 0.3697916666666667 0.18009259259259258 0.021875 0.03796296296296296
0 0.42473958333333334 0.21481481481481482 0.021354166666666667 0.03888888888888889
0 0.5611979166666666 0.25277777777777777 0.021354166666666667 0.03888888888888889
0 0.42552083333333335 0.5513888888888889 0.021875 0.03796296296296296
0 0.4895833333333333 0.15925925925925927 0.020833333333333332 0.03888888888888889
0 0.6533854166666667 0.26851851851851855 0.021354166666666667 0.03888888888888889
0 0.2796875 0.5912037037037037 0.021875 0.03796296296296296
0 0.378125 0.2125 0.021875 0.03796296296296296
0 0.22395833333333334 0.5546296296296296 0.021875 0.03888888888888889
0 0.50859375 0.462037037037037 0.021354166666666667 0.03888888888888889
0 0.4328125 0.5074074074074074 0.020833333333333332 0.03888888888888889
0 0.4513020833333333 0.4666666666666667 0.021354166666666667 0.03888888888888889
0 0.5526041666666667 0.4888888888888889 0.021875 0.03888888888888889
0 0.48333333333333334 0.5125 0.020833333333333332 0.03796296296296296
0 0.3221354166666667 0.19953703703703704 0.0203125 0.03796296296296296
0 0.22447916666666667 0.22361111111111112 0.021875 0.03796296296296296