0 0.275 0.8162037037037037 0.027083333333333334 0.04722222222222222
0 0.1203125 0.5939814814814814 0.025 0.041666666666666664
0 0.34296875 0.21296296296296297 0.021354166666666667 0.03888888888888889
0 0.31796875 0.20046296296296295 0.0203125 0.03796296296296296
0 0.29375 0.21203703703703702 0.020833333333333332 0.040740740740740744
0 0.36041666666666666 0.19305555555555556 0.020833333333333332 0.03981481481481482
0 0.14375 0.5611111111111111 0.023958333333333335 0.040740740740740744
0 0.26614583333333336 0.35462962962962963 0.021875 0.040740740740740744
0 0.37135416666666665 0.700925925925926 0.022916666666666665 0.04259259259259259
0 0.49661458333333336 0.19166666666666668 0.021354166666666667 0.03888888888888889
0 0.31588541666666664 0.2361111111111111 0.021354166666666667 0.03888888888888889
0 0.16927083333333334 0.5523148148148148 0.023958333333333335 0.041666666666666664
0 0.24479166666666666 0.33796296296296297 0.021875 0.040740740740740744
0 0.22604166666666667 0.2351851851851852 0.021875 0.03888888888888889
0 0.2716145833333333 0.2662037037037037 0.021354166666666667 0.03981481481481482
0 0.5361979166666667 0.17083333333333334 0.022395833333333334 0.03981481481481482
0 0.528125 0.2675925925925926 0.020833333333333332 0.03888888888888889
0 0.6403645833333333 0.5513888888888889 0.0234375 0.04351851851851852
0 0.6700520833333333 0.7708333333333334 0.0234375 0.04351851851851852
0 0.2578125 0.29305555555555557 0.021875 0.03981481481481482
0 0.3533854166666667 0.2601851851851852 0.021354166666666667 0.03888888888888889
0 0.46119791666666665 0.6546296296296297 0.022395833333333334 0.04259259259259259
0 0.39166666666666666 0.675 0.022916666666666665 0.04259259259259259
0 0.33984375 0.6787037037037037 0.021354166666666667 0.04259259259259259
0 0.31145833333333334 0.5731481481481482 0.021875 0.04259259259259259
0 0.3885416666666667 0.2898148148148148 0.020833333333333332 0.03888888888888889
0 0.38619791666666664 0.32916666666666666 0.021354166666666667 0.03981481481481482
0 0.5432291666666667 0.3111111111111111 0.021875 0.040740740740740744
0 0.4979166666666667 0.23703703703703705 0.021875 0.03888888888888889
0 0.4515625 0.22407407407407406 0.021875 0.03888888888888889
0 0.6302083333333334 0.6273148148148148 0.023958333333333335 0.04351851851851852
0 0.5708333333333333 0.15 0.021875 0.03888888888888889
0 0.55390625 0.26805555555555555 0.021354166666666667 0.03981481481481482
0 0.6447916666666667 0.7435185185185185 0.023958333333333335 0.04259259259259259
0 0.13046875 0.5254629629629629 0.0234375 0.041666666666666664
0 0.665625 0.5231481481481481 0.022916666666666665 0.04259259259259259
0 0.6666666666666666 0.2916666666666667 0.022916666666666665 0.040740740740740744
0 0.44635416666666666 0.3282407407407407 0.020833333333333332 0.03796296296296296
0 0.4557291666666667 0.40046296296296297 0.021875 0.03981481481481482
0 0.34088541666666666 0.44722222222222224 0.022395833333333334 0.040740740740740744
0 0.6880208333333333 0.25462962962962965 0.022916666666666665 0.040740740740740744
0 0.55390625 0.5662037037037037 0.022395833333333334 0.041666666666666664
0 0.41510416666666666 0.6467592592592593 0.021875 0.041666666666666664
0 0.6901041666666666 0.5208333333333334 0.023958333333333335 0.04351851851851852
0 0.61484375 0.5148148148148148 0.0234375 0.04259259259259259
0 0.65703125 0.2310185185185185 0.0234375 0.041666666666666664
0 0.4236979166666667 0.3685185185185185 0.021354166666666667 0.040740740740740744
0 0.37057291666666664 0.44583333333333336 0.021354166666666667 0.03981481481481482
0 0.7002604166666667 0.21666666666666667 0.0234375 0.040740740740740744
0 0.32109375 0.6615740740740741 0.021354166666666667 0.041666666666666664
0 0.6177083333333333 0.3912037037037037 0.022916666666666665 0.041666666666666664
0 0.36432291666666666 0.32175925925925924 0.0203125 0.03796296296296296
0 0.6203125 0.4300925925925926 0.022916666666666665 0.03981481481481482
0 0.17317708333333334 0.30972222222222223 0.0234375 0.03981481481481482
0 0.61015625 0.1449074074074074 0.022395833333333334 0.03981481481481482
0 0.6432291666666666 0.44166666666666665 0.022916666666666665 0.040740740740740744
0 0.48125 0.4652777777777778 0.021875 0.03981481481481482
0 0.4361979166666667 0.6106481481481482 0.022395833333333334 0.041666666666666664
0 0.6424479166666667 0.5009259259259259 0.022395833333333334 0.040740740740740744
0 0.69296875 0.1574074074074074 0.0234375 0.040740740740740744
0 0.6169270833333333 0.08194444444444444 0.022395833333333334 0.03981481481481482
0 0.47942708333333334 0.5717592592592593 0.022395833333333334 0.03981481481481482
0 0.5158854166666667 0.48009259259259257 0.021354166666666667 0.03981481481481482
0 0.3333333333333333 0.5555555555555556 0.021875 0.04259259259259259
0 0.36432291666666666 0.6055555555555555 0.021354166666666667 0.04259259259259259
0 0.39557291666666666 0.5037037037037037 0.021354166666666667 0.040740740740740744
0 0.3958333333333333 0.4638888888888889 0.021875 0.040740740740740744
0 0.375 0.4824074074074074 0.021875 0.040740740740740744
0 0.35078125 0.2949074074074074 0.0203125 0.03796296296296296
0 0.3416666666666667 0.637962962962963 0.021875 0.04259259259259259
0 0.5041666666666667 0.5518518518518518 0.021875 0.040740740740740744
0 0.37786458333333334 0.6472222222222223 0.021354166666666667 0.040740740740740744
0 0.36041666666666666 0.6708333333333333 0.020833333333333332 0.03981481481481482
0 0.41171875 0.6097222222222223 0.021354166666666667 0.041666666666666664
0 0.390625 0.6152777777777778 0.020833333333333332 0.041666666666666664
0 0.67109375 0.052314814814814814 0.0234375 0.041666666666666664
0 0.45677083333333335 0.4861111111111111 0.020833333333333332 0.03888888888888889
0 0.42161458333333335 0.5138888888888888 0.021354166666666667 0.040740740740740744
0 0.65703125 0.4726851851851852 0.022395833333333334 0.03981481481481482
0 0.5505208333333333 0.5287037037037037 0.021875 0.03888888888888889
0 0.44583333333333336 0.36574074074074076 0.019791666666666666 0.037037037037037035
0 0.4973958333333333 0.5032407407407408 0.020833333333333332 0.03981481481481482
0 0.4466145833333333 0.5773148148148148 0.021354166666666667 0.041666666666666664
0 0.5315104166666667 0.5097222222222222 0.021354166666666667 0.03981481481481482
0 0.4856770833333333 0.5342592592592592 0.021354166666666667 0.037037037037037035
0 0.43463541666666666 0.5481481481481482 0.021354166666666667 0.03888888888888889
0 0.47552083333333334 0.5023148148148148 0.020833333333333332 0.03981481481481482
0 0.46197916666666666 0.5504629629629629 0.020833333333333332 0.03981481481481482
0 0.5252604166666667 0.5439814814814815 0.021354166666666667 0.03981481481481482
0 0.44947916666666665 0.5222222222222223 0.020833333333333332 0.03888888888888889