0 0.33489583333333334 0.7273148148148149 0.022916666666666665 0.041666666666666664
0 0.2635416666666667 0.7949074074074074 0.022916666666666665 0.041666666666666664
0 0.27734375 0.8263888888888888 0.0234375 0.041666666666666664
0 0.5635416666666667 0.6662037037037037 0.021875 0.03981481481481482
0 0.6223958333333334 0.7513888888888889 0.022916666666666665 0.041666666666666664
0 0.5825520833333333 0.35462962962962963 0.021354166666666667 0.03888888888888889
0 0.6497395833333334 0.12453703703703704 0.021354166666666667 0.03981481481481482
0 0.63046875 0.5638888888888889 0.022395833333333334 0.040740740740740744
0 0.6515625 0.7851851851851852 0.022916666666666665 0.04259259259259259
0 0.5856770833333333 0.6574074074074074 0.022395833333333334 0.040740740740740744
0 0.6872395833333333 0.5625 0.0234375 0.041666666666666664
0 0.44375 0.18888888888888888 0.020833333333333332 0.03888888888888889
0 0.6356770833333333 0.09768518518518518 0.021354166666666667 0.03981481481481482
0 0.6307291666666667 0.6203703703703703 0.022916666666666665 0.040740740740740744
0 0.5950520833333334 0.11805555555555555 0.021354166666666667 0.03981481481481482
0 0.47890625 0.2300925925925926 0.021354166666666667 0.03981481481481482
0 0.559375 0.5986111111111111 0.021875 0.03981481481481482
0 0.4361979166666667 0.5958333333333333 0.022395833333333334 0.03981481481481482
0 0.29375 0.7097222222222223 0.021875 0.03981481481481482
0 0.29765625 0.7472222222222222 0.022395833333333334 0.040740740740740744
0 0.17395833333333333 0.5611111111111111 0.023958333333333335 0.03888888888888889
0 0.125 0.5949074074074074 0.023958333333333335 0.03981481481481482
0 0.6893229166666667 0.5046296296296297 0.0234375 0.040740740740740744
0 0.60859375 0.5148148148148148 0.022395833333333334 0.040740740740740744
0 0.27734375 0.763425925925926 0.021354166666666667 0.03981481481481482
0 0.65390625 0.562037037037037 0.021354166666666667 0.040740740740740744
0 0.7140625 0.5226851851851851 0.022916666666666665 0.03981481481481482
0 0.37265625 0.4791666666666667 0.022395833333333334 0.03796296296296296
0 0.40963541666666664 0.22546296296296298 0.021354166666666667 0.03796296296296296
0 0.6604166666666667 0.17222222222222222 0.021875 0.040740740740740744
0 0.37421875 0.18055555555555555 0.021354166666666667 0.03888888888888889
0 0.6817708333333333 0.22777777777777777 0.021875 0.040740740740740744
0 0.4830729166666667 0.36712962962962964 0.021354166666666667 0.03796296296296296
0 0.31328125 0.7194444444444444 0.021354166666666667 0.03888888888888889
0 0.5291666666666667 0.1439814814814815 0.020833333333333332 0.03981481481481482
0 0.5856770833333333 0.16527777777777777 0.021354166666666667 0.03981481481481482
0 0.55703125 0.4199074074074074 0.021354166666666667 0.03796296296296296
0 0.6151041666666667 0.39490740740740743 0.021875 0.03981481481481482
0 0.7028645833333333 0.24166666666666667 0.022395833333333334 0.040740740740740744
0 0.5020833333333333 0.5736111111111111 0.021875 0.03981481481481482
0 0.48515625 0.3055555555555556 0.021354166666666667 0.03888888888888889
0 0.7111979166666667 0.48194444444444445 0.022395833333333334 0.03981481481481482
0 0.22734375 0.24074074074074073 0.022395833333333334 0.03888888888888889
0 0.6744791666666666 0.3541666666666667 0.022916666666666665 0.03981481481481482
0 0.14479166666666668 0.5601851851851852 0.023958333333333335 0.03888888888888889
0 0.5432291666666667 0.5092592592592593 0.021875 0.03888888888888889
0 0.35989583333333336 0.6916666666666667 0.022916666666666665 0.040740740740740744
0 0.60390625 0.33611111111111114 0.021354166666666667 0.03888888888888889
0 0.5588541666666667 0.5601851851851852 0.021875 0.03888888888888889
0 0.47265625 0.4125 0.021354166666666667 0.03796296296296296
0 0.23255208333333333 0.38287037037037036 0.022395833333333334 0.03981481481481482
0 0.32369791666666664 0.39351851851851855 0.021354166666666667 0.03888888888888889
0 0.17447916666666666 0.31203703703703706 0.022916666666666665 0.03888888888888889
0 0.2546875 0.2800925925925926 0.021875 0.03981481481481482
0 0.6661458333333333 0.075 0.021875 0.040740740740740744
0 0.3854166666666667 0.29398148148148145 0.020833333333333332 0.03796296296296296
0 0.55546875 0.4675925925925926 0.021354166666666667 0.03888888888888889
0 0.45755208333333336 0.5694444444444444 0.021354166666666667 0.03888888888888889
0 0.353125 0.21296296296296297 0.020833333333333332 0.03888888888888889
0 0.40859375 0.4305555555555556 0.021354166666666667 0.03888888888888889
0 0.1359375 0.525 0.023958333333333335 0.040740740740740744
0 0.37057291666666664 0.3685185185185185 0.021354166666666667 0.037037037037037035
0 0.36484375 0.24074074074074073 0.021354166666666667 0.03888888888888889
0 0.684375 0.18055555555555555 0.021875 0.040740740740740744
0 0.38125 0.4425925925925926 0.020833333333333332 0.037037037037037035
0 0.26145833333333335 0.23564814814814813 0.020833333333333332 0.03796296296296296
0 0.33489583333333334 0.3175925925925926 0.021875 0.03888888888888889
0 0.3416666666666667 0.2611111111111111 0.020833333333333332 0.03888888888888889
0 0.31223958333333335 0.3453703703703704 0.021354166666666667 0.03888888888888889
0 0.5138020833333333 0.5055555555555555 0.0203125 0.03888888888888889
0 0.44583333333333336 0.537962962962963 0.020833333333333332 0.037037037037037035
0 0.35494791666666664 0.3925925925925926 0.021354166666666667 0.037037037037037035
0 0.3625 0.42916666666666664 0.020833333333333332 0.03796296296296296
0 0.40859375 0.3597222222222222 0.021354166666666667 0.03796296296296296
0 0.28411458333333334 0.21898148148148147 0.0203125 0.03796296296296296
0 0.3645833333333333 0.29074074074074074 0.019791666666666666 0.03888888888888889
0 0.4231770833333333 0.38796296296296295 0.021354166666666667 0.03888888888888889
0 0.484375 0.5560185185185185 0.020833333333333332 0.03796296296296296
0 0.4796875 0.4527777777777778 0.020833333333333332 0.037037037037037035
0 0.32369791666666664 0.24768518518518517 0.0203125 0.03796296296296296
0 0.47369791666666666 0.5009259259259259 0.021354166666666667 0.03888888888888889
0 0.27838541666666666 0.25601851851851853 0.0203125 0.03796296296296296
0 0.30026041666666664 0.31666666666666665 0.0203125 0.03888888888888889
0 0.29791666666666666 0.2449074074074074 0.020833333333333332 0.03796296296296296
0 0.4671875 0.5351851851851852 0.020833333333333332 0.03888888888888889
0 0.28541666666666665 0.28888888888888886 0.019791666666666666 0.03888888888888889
0 0.4934895833333333 0.4842592592592593 0.021354166666666667 0.03888888888888889
0 0.39947916666666666 0.3962962962962963 0.020833333333333332 0.037037037037037035
0 0.30442708333333335 0.2773148148148148 0.021354166666666667 0.03796296296296296
0 0.4921875 0.5208333333333334 0.020833333333333332 0.03796296296296296