0 0.4557291666666667 0.7703703703703704 0.026041666666666668 0.046296296296296294
0 0.37734375 0.6837962962962963 0.024479166666666666 0.04351851851851852
0 0.15130208333333334 0.5708333333333333 0.0234375 0.03981481481481482
0 0.6247395833333333 0.8087962962962963 0.025520833333333333 0.04537037037037037
0 0.25807291666666665 0.7944444444444444 0.0234375 0.040740740740740744
0 0.39895833333333336 0.19537037037037036 0.020833333333333332 0.03888888888888889
0 0.44296875 0.5986111111111111 0.022395833333333334 0.03981481481481482
0 0.27786458333333336 0.7703703703703704 0.022395833333333334 0.040740740740740744
0 0.22864583333333333 0.4162037037037037 0.022916666666666665 0.03981481481481482
0 0.12916666666666668 0.5546296296296296 0.022916666666666665 0.040740740740740744
0 0.37161458333333336 0.2412037037037037 0.021354166666666667 0.03796296296296296
0 0.5651041666666666 0.6824074074074075 0.022916666666666665 0.040740740740740744
0 0.2078125 0.3814814814814815 0.021875 0.03888888888888889
0 0.4200520833333333 0.18981481481481483 0.021354166666666667 0.040740740740740744
0 0.28880208333333335 0.7324074074074074 0.0234375 0.040740740740740744
0 0.6799479166666667 0.5319444444444444 0.0234375 0.041666666666666664
0 0.18541666666666667 0.28194444444444444 0.021875 0.03796296296296296
0 0.33307291666666666 0.2222222222222222 0.021354166666666667 0.03888888888888889
0 0.46927083333333336 0.5800925925925926 0.021875 0.03981481481481482
0 0.653125 0.5731481481481482 0.022916666666666665 0.040740740740740744
0 0.18828125 0.4685185185185185 0.0234375 0.03888888888888889
0 0.234375 0.324537037037037 0.021875 0.03796296296296296
0 0.29791666666666666 0.3314814814814815 0.021875 0.03888888888888889
0 0.27734375 0.3907407407407407 0.021354166666666667 0.03888888888888889
0 0.17005208333333333 0.3611111111111111 0.022395833333333334 0.03888888888888889
0 0.39427083333333335 0.29074074074074074 0.021875 0.040740740740740744
0 0.6661458333333333 0.4976851851851852 0.022916666666666665 0.03981481481481482
0 0.26015625 0.2324074074074074 0.022395833333333334 0.03888888888888889
0 0.3328125 0.48333333333333334 0.021875 0.03888888888888889
0 0.55234375 0.2912037037037037 0.021354166666666667 0.03981481481481482
0 0.1453125 0.3388888888888889 0.021875 0.03888888888888889
0 0.5638020833333334 0.6421296296296296 0.022395833333333334 0.03796296296296296
0 0.43046875 0.5569444444444445 0.0203125 0.03796296296296296
0 0.51875 0.25972222222222224 0.020833333333333332 0.03981481481481482
0 0.30625 0.39444444444444443 0.020833333333333332 0.037037037037037035
0 0.16458333333333333 0.3236111111111111 0.021875 0.03796296296296296
0 0.46770833333333334 0.3648148148148148 0.021875 0.03888888888888889
0 0.46770833333333334 0.3226851851851852 0.021875 0.03796296296296296
0 0.34036458333333336 0.3365740740740741 0.021354166666666667 0.03796296296296296
0 0.37421875 0.42824074074074076 0.0203125 0.03796296296296296
0 0.5518229166666667 0.21342592592592594 0.021354166666666667 0.03981481481481482
0 0.6591145833333333 0.44212962962962965 0.0234375 0.041666666666666664
0 0.40078125 0.49166666666666664 0.0203125 0.037037037037037035
0 0.39427083333333335 0.41944444444444445 0.020833333333333332 0.037037037037037035
0 0.65078125 0.3 0.022395833333333334 0.040740740740740744
0 0.5567708333333333 0.5254629629629629 0.021875 0.03981481481481482
0 0.440625 0.513425925925926 0.020833333333333332 0.03796296296296296
0 0.365625 0.46296296296296297 0.020833333333333332 0.03888888888888889
0 0.37005208333333334 0.3888888888888889 0.0203125 0.037037037037037035
0 0.5231770833333333 0.47314814814814815 0.021354166666666667 0.03888888888888889
0 0.6380208333333334 0.10092592592592593 0.020833333333333332 0.037037037037037035
0 0.3458333333333333 0.4532407407407407 0.020833333333333332 0.03796296296296296
0 0.3893229166666667 0.4550925925925926 0.0203125 0.03796296296296296
0 0.35182291666666665 0.4162037037037037 0.021354166666666667 0.03796296296296296
0 0.5377604166666666 0.5481481481481482 0.021354166666666667 0.040740740740740744
0 0.6682291666666667 0.3648148148148148 0.022916666666666665 0.040740740740740744
0 0.39609375 0.3768518518518518 0.021354166666666667 0.03888888888888889
0 0.56484375 0.6037037037037037 0.022395833333333334 0.03888888888888889
0 0.6911458333333333 0.4930555555555556 0.022916666666666665 0.03981481481481482
0 0.2296875 0.36064814814814816 0.022916666666666665 0.03981481481481482
0 0.42942708333333335 0.47175925925925927 0.021354166666666667 0.03796296296296296
0 0.41067708333333336 0.5435185185185185 0.021354166666666667 0.03888888888888889
0 0.40963541666666664 0.4476851851851852 0.0203125 0.03796296296296296
0 0.5994791666666667 0.13657407407407407 0.021875 0.041666666666666664
0 0.3572916666666667 0.3592592592592593 0.020833333333333332 0.037037037037037035
0 0.5817708333333333 0.12083333333333333 0.020833333333333332 0.03981481481481482
0 0.4203125 0.5046296296296297 0.020833333333333332 0.03888888888888889
0 0.6877604166666667 0.2773148148148148 0.022395833333333334 0.041666666666666664
0 0.4856770833333333 0.5152777777777777 0.021354166666666667 0.03796296296296296
0 0.6447916666666667 0.4824074074074074 0.022916666666666665 0.04259259259259259
0 0.4510416666666667 0.5611111111111111 0.020833333333333332 0.03888888888888889
0 0.6052083333333333 0.07824074074074074 0.020833333333333332 0.03981481481481482
0 0.46822916666666664 0.5393518518518519 0.020833333333333332 0.03796296296296296
0 0.6302083333333334 0.26851851851851855 0.021875 0.040740740740740744
0 0.32786458333333335 0.38101851851851853 0.021354166666666667 0.03796296296296296
0 0.6283854166666667 0.13657407407407407 0.021354166666666667 0.03981481481481482
0 0.6520833333333333 0.13842592592592592 0.021875 0.03981481481481482
0 0.6158854166666666 0.10833333333333334 0.021354166666666667 0.03888888888888889
0 0.6598958333333333 0.1 0.021875 0.03888888888888889
0 0.42630208333333336 0.4236111111111111 0.021354166666666667 0.03796296296296296
0 0.4901041666666667 0.5518518518518518 0.021875 0.040740740740740744
0 0.5604166666666667 0.5648148148148148 0.021875 0.03888888888888889
0 0.3770833333333333 0.4930555555555556 0.020833333333333332 0.03796296296296296
0 0.6713541666666667 0.25277777777777777 0.021875 0.040740740740740744
0 0.6513020833333333 0.19953703703703704 0.021354166666666667 0.03981481481481482
0 0.6760416666666667 0.19768518518518519 0.022916666666666665 0.041666666666666664
0 0.64921875 0.24861111111111112 0.021354166666666667 0.03981481481481482
0 0.6296875 0.17592592592592593 0.021875 0.040740740740740744
0 0.6135416666666667 0.2013888888888889 0.020833333333333332 0.03981481481481482
0 0.6309895833333333 0.22361111111111112 0.022395833333333334 0.03981481481481482