0 0.5671875 0.6685185185185185 0.022916666666666665 0.040740740740740744
0 0.2635416666666667 0.7939814814814815 0.022916666666666665 0.041666666666666664
0 0.27760416666666665 0.825462962962963 0.022916666666666665 0.041666666666666664
0 0.6223958333333334 0.749537037037037 0.022916666666666665 0.041666666666666664
0 0.3338541666666667 0.7236111111111111 0.021875 0.041666666666666664
0 0.5875 0.6527777777777778 0.022916666666666665 0.04259259259259259
0 0.6515625 0.7851851851851852 0.022916666666666665 0.04259259259259259
0 0.3263020833333333 0.6847222222222222 0.021354166666666667 0.03981481481481482
0 0.28802083333333334 0.22870370370370371 0.020833333333333332 0.03888888888888889
0 0.125 0.5921296296296297 0.023958333333333335 0.03981481481481482
0 0.26927083333333335 0.2611111111111111 0.021875 0.03888888888888889
0 0.628125 0.6125 0.022916666666666665 0.041666666666666664
0 0.3143229166666667 0.2337962962962963 0.0203125 0.03796296296296296
0 0.3580729166666667 0.711574074074074 0.0234375 0.041666666666666664
0 0.27786458333333336 0.7643518518518518 0.021354166666666667 0.03981481481481482
0 0.575 0.125 0.020833333333333332 0.03888888888888889
0 0.17421875 0.5597222222222222 0.024479166666666666 0.03981481481481482
0 0.29739583333333336 0.7472222222222222 0.021875 0.040740740740740744
0 0.34869791666666666 0.6777777777777778 0.022395833333333334 0.03888888888888889
0 0.6791666666666667 0.5657407407407408 0.023958333333333335 0.040740740740740744
0 0.2942708333333333 0.7092592592592593 0.021875 0.040740740740740744
0 0.715625 0.5226851851851851 0.023958333333333335 0.041666666666666664
0 0.22786458333333334 0.23981481481481481 0.022395833333333334 0.03888888888888889
0 0.596875 0.1175925925925926 0.020833333333333332 0.03888888888888889
0 0.68046875 0.5125 0.0234375 0.041666666666666664
0 0.4861979166666667 0.524074074074074 0.021354166666666667 0.03888888888888889
0 0.6296875 0.5583333333333333 0.022916666666666665 0.040740740740740744
0 0.45208333333333334 0.5851851851851851 0.022916666666666665 0.040740740740740744
0 0.5640625 0.6050925925925926 0.022916666666666665 0.03981481481481482
0 0.46510416666666665 0.5180555555555556 0.020833333333333332 0.03796296296296296
0 0.4434895833333333 0.4986111111111111 0.021354166666666667 0.03796296296296296
0 0.6520833333333333 0.12037037037037036 0.020833333333333332 0.03888888888888889
0 0.41458333333333336 0.4217592592592593 0.020833333333333332 0.03796296296296296
0 0.44192708333333336 0.3175925925925926 0.021354166666666667 0.03888888888888889
0 0.5231770833333333 0.42685185185185187 0.022395833333333334 0.03888888888888889
0 0.33645833333333336 0.2273148148148148 0.020833333333333332 0.03796296296296296
0 0.5080729166666667 0.4 0.021354166666666667 0.03888888888888889
0 0.4875 0.3662037037037037 0.020833333333333332 0.03981481481481482
0 0.6135416666666667 0.4023148148148148 0.021875 0.041666666666666664
0 0.39140625 0.45925925925925926 0.021354166666666667 0.040740740740740744
0 0.31302083333333336 0.7203703703703703 0.020833333333333332 0.03888888888888889
0 0.37005208333333334 0.41574074074074074 0.021354166666666667 0.03888888888888889
0 0.14505208333333333 0.5583333333333333 0.0234375 0.03888888888888889
0 0.5940104166666667 0.2967592592592593 0.021354166666666667 0.03981481481481482
0 0.4315104166666667 0.28703703703703703 0.0203125 0.037037037037037035
0 0.6359375 0.0962962962962963 0.021875 0.03888888888888889
0 0.61484375 0.3175925925925926 0.021354166666666667 0.03888888888888889
0 0.4630208333333333 0.45231481481481484 0.020833333333333332 0.03796296296296296
0 0.2328125 0.3814814814814815 0.022916666666666665 0.03888888888888889
0 0.6388020833333333 0.3837962962962963 0.021354166666666667 0.03981481481481482
0 0.40677083333333336 0.2791666666666667 0.020833333333333332 0.03796296296296296
0 0.4080729166666667 0.18888888888888888 0.021354166666666667 0.03888888888888889
0 0.3859375 0.15694444444444444 0.020833333333333332 0.03796296296296296
0 0.6825520833333333 0.43472222222222223 0.022395833333333334 0.03981481481481482
0 0.5255208333333333 0.13518518518518519 0.020833333333333332 0.03888888888888889
0 0.6059895833333333 0.4708333333333333 0.022395833333333334 0.03981481481481482
0 0.6677083333333333 0.07222222222222222 0.021875 0.03888888888888889
0 0.6653645833333334 0.37222222222222223 0.021354166666666667 0.03888888888888889
0 0.3703125 0.2611111111111111 0.020833333333333332 0.03888888888888889
0 0.628125 0.2712962962962963 0.021875 0.040740740740740744
0 0.559375 0.20277777777777778 0.020833333333333332 0.03888888888888889
0 0.48984375 0.3055555555555556 0.021354166666666667 0.03888888888888889
0 0.5794270833333334 0.19768518518518519 0.021354166666666667 0.03981481481481482
0 0.37135416666666665 0.21666666666666667 0.020833333333333332 0.03888888888888889
0 0.41432291666666665 0.4648148148148148 0.0203125 0.03888888888888889
0 0.5455729166666666 0.12824074074074074 0.021354166666666667 0.03981481481481482
0 0.175 0.3111111111111111 0.022916666666666665 0.03888888888888889
0 0.48385416666666664 0.18796296296296297 0.020833333333333332 0.03888888888888889
0 0.6348958333333333 0.3453703703703704 0.021875 0.03888888888888889
0 0.60078125 0.1550925925925926 0.021354166666666667 0.03981481481481482
0 0.37057291666666664 0.18055555555555555 0.021354166666666667 0.037037037037037035
0 0.6651041666666667 0.1597222222222222 0.021875 0.03981481481481482
0 0.5236979166666667 0.18055555555555555 0.0203125 0.03888888888888889
0 0.66640625 0.21481481481481482 0.021354166666666667 0.040740740740740744
0 0.6916666666666667 0.3013888888888889 0.022916666666666665 0.03981481481481482
0 0.7096354166666666 0.2361111111111111 0.022395833333333334 0.040740740740740744
0 0.6932291666666667 0.3509259259259259 0.022916666666666665 0.040740740740740744
0 0.3927083333333333 0.25601851851851853 0.020833333333333332 0.03796296296296296
0 0.4356770833333333 0.462037037037037 0.021354166666666667 0.03888888888888889
0 0.54453125 0.1787037037037037 0.0203125 0.03888888888888889
0 0.7127604166666667 0.44537037037037036 0.0234375 0.03888888888888889
0 0.4752604166666667 0.4861111111111111 0.021354166666666667 0.03888888888888889
0 0.41640625 0.24351851851851852 0.0203125 0.037037037037037035
0 0.4005208333333333 0.2222222222222222 0.020833333333333332 0.037037037037037035
0 0.13619791666666667 0.5236111111111111 0.0234375 0.03981481481481482
0 0.6932291666666667 0.39861111111111114 0.022916666666666665 0.03981481481481482
0 0.6911458333333333 0.26342592592592595 0.021875 0.03796296296296296
0 0.68828125 0.22685185185185186 0.022395833333333334 0.03888888888888889
0 0.7138020833333333 0.4847222222222222 0.0234375 0.03981481481481482
0 0.6859375 0.18009259259259258 0.021875 0.03981481481481482