0 0.178125 0.5180555555555556 0.029166666666666667 0.04537037037037037
0 0.37838541666666664 0.5087962962962963 0.025520833333333333 0.04351851851851852
0 0.25833333333333336 0.6467592592592593 0.029166666666666667 0.049074074074074076
0 0.49973958333333335 0.31805555555555554 0.024479166666666666 0.041666666666666664
0 0.5299479166666666 0.5324074074074074 0.022395833333333334 0.040740740740740744
0 0.54921875 0.5611111111111111 0.022395833333333334 0.04259259259259259
0 0.60625 0.549537037037037 0.023958333333333335 0.041666666666666664
0 0.5388020833333333 0.49074074074074076 0.022395833333333334 0.03888888888888889
0 0.6046875 0.5041666666666667 0.022916666666666665 0.03981481481481482
0 0.56953125 0.5472222222222223 0.022395833333333334 0.040740740740740744
0 0.5606770833333333 0.48055555555555557 0.022395833333333334 0.04259259259259259
0 0.5197916666666667 0.425462962962963 0.021875 0.03981481481481482
0 0.5513020833333333 0.5226851851851851 0.022395833333333334 0.03981481481481482
0 0.5484375 0.37777777777777777 0.021875 0.03888888888888889
0 0.5583333333333333 0.4444444444444444 0.022916666666666665 0.03888888888888889
0 0.5924479166666666 0.47129629629629627 0.022395833333333334 0.03888888888888889
0 0.5216145833333333 0.3907407407407407 0.022395833333333334 0.03888888888888889
0 0.2640625 0.5740740740740741 0.025 0.04259259259259259
0 0.24791666666666667 0.42824074074074076 0.026041666666666668 0.041666666666666664
0 0.5299479166666666 0.45787037037037037 0.022395833333333334 0.03796296296296296
0 0.25052083333333336 0.7388888888888889 0.028125 0.04814814814814815