0 0.33255208333333336 0.2273148148148148 0.021354166666666667 0.03796296296296296
0 0.15208333333333332 0.5717592592592593 0.022916666666666665 0.03981481481481482
0 0.39895833333333336 0.2037037037037037 0.020833333333333332 0.037037037037037035
0 0.3690104166666667 0.2449074074074074 0.021354166666666667 0.03796296296296296
0 0.33203125 0.6944444444444444 0.022395833333333334 0.03888888888888889
0 0.6247395833333333 0.8083333333333333 0.025520833333333333 0.044444444444444446
0 0.4200520833333333 0.19212962962962962 0.021354166666666667 0.03981481481481482
0 0.66953125 0.5398148148148149 0.0234375 0.040740740740740744
0 0.434375 0.5773148148148148 0.021875 0.03981481481481482
0 0.29401041666666666 0.6388888888888888 0.021354166666666667 0.03888888888888889
0 0.5671875 0.6712962962962963 0.022916666666666665 0.040740740740740744
0 0.38359375 0.5921296296296297 0.021354166666666667 0.03796296296296296
0 0.359375 0.30324074074074076 0.021875 0.03796296296296296
0 0.31875 0.30694444444444446 0.020833333333333332 0.03796296296296296
0 0.25755208333333335 0.7972222222222223 0.022395833333333334 0.040740740740740744
0 0.39817708333333335 0.6782407407407407 0.022395833333333334 0.03981481481481482
0 0.28411458333333334 0.2847222222222222 0.021354166666666667 0.03796296296296296
0 0.5645833333333333 0.6217592592592592 0.022916666666666665 0.03981481481481482
0 0.30859375 0.6671296296296296 0.021354166666666667 0.03796296296296296
0 0.6625 0.49675925925925923 0.022916666666666665 0.03981481481481482
0 0.16927083333333334 0.362962962962963 0.021875 0.03888888888888889
0 0.3619791666666667 0.5939814814814814 0.020833333333333332 0.03796296296296296
0 0.43802083333333336 0.49722222222222223 0.021875 0.037037037037037035
0 0.31015625 0.5018518518518519 0.022395833333333334 0.03888888888888889
0 0.65703125 0.6050925925925926 0.0234375 0.041666666666666664
0 0.5734375 0.11203703703703703 0.020833333333333332 0.03888888888888889
0 0.39765625 0.3824074074074074 0.021354166666666667 0.03888888888888889
0 0.21510416666666668 0.6476851851851851 0.022916666666666665 0.03981481481481482
0 0.2609375 0.23657407407407408 0.021875 0.03796296296296296
0 0.4140625 0.32916666666666666 0.021875 0.03796296296296296
0 0.45989583333333334 0.5638888888888889 0.020833333333333332 0.03888888888888889
0 0.5359375 0.4888888888888889 0.021875 0.03888888888888889
0 0.36432291666666666 0.48009259259259257 0.021354166666666667 0.03796296296296296
0 0.5309895833333333 0.25416666666666665 0.0203125 0.03796296296296296
0 0.35572916666666665 0.5189814814814815 0.021875 0.03796296296296296
0 0.18489583333333334 0.2851851851851852 0.021875 0.03888888888888889
0 0.509375 0.28194444444444444 0.020833333333333332 0.03796296296296296
0 0.33229166666666665 0.36203703703703705 0.020833333333333332 0.03888888888888889
0 0.4953125 0.4324074074074074 0.021875 0.03888888888888889
0 0.23411458333333332 0.32546296296296295 0.021354166666666667 0.03796296296296296
0 0.28880208333333335 0.7046296296296296 0.021354166666666667 0.03888888888888889
0 0.63515625 0.10462962962962963 0.021354166666666667 0.03888888888888889
0 0.13072916666666667 0.5574074074074075 0.021875 0.03888888888888889
0 0.278125 0.7810185185185186 0.020833333333333332 0.03981481481481482
0 0.26145833333333335 0.3925925925925926 0.020833333333333332 0.037037037037037035
0 0.14557291666666666 0.3388888888888889 0.021354166666666667 0.03888888888888889
0 0.25703125 0.44722222222222224 0.021354166666666667 0.037037037037037035
0 0.2078125 0.3837962962962963 0.021875 0.03796296296296296
0 0.2838541666666667 0.4532407407407407 0.020833333333333332 0.03796296296296296
0 0.4075520833333333 0.5671296296296297 0.022395833333333334 0.03981481481481482
0 0.4440104166666667 0.5351851851851852 0.021354166666666667 0.037037037037037035
0 0.18854166666666666 0.4699074074074074 0.022916666666666665 0.03796296296296296
0 0.2838541666666667 0.38472222222222224 0.021875 0.03796296296296296
0 0.38333333333333336 0.4310185185185185 0.021875 0.03796296296296296
0 0.60390625 0.10324074074074074 0.021354166666666667 0.03796296296296296
0 0.6072916666666667 0.30185185185185187 0.021875 0.03888888888888889
0 0.53203125 0.5337962962962963 0.021354166666666667 0.03796296296296296
0 0.2296875 0.41759259259259257 0.021875 0.03888888888888889
0 0.30807291666666664 0.4337962962962963 0.021354166666666667 0.03611111111111111
0 0.16484375 0.32592592592592595 0.021354166666666667 0.037037037037037035
0 0.5877604166666667 0.1449074074074074 0.021354166666666667 0.03981481481481482
0 0.48020833333333335 0.5296296296296297 0.021875 0.03888888888888889
0 0.6520833333333333 0.44212962962962965 0.022916666666666665 0.03796296296296296
0 0.31692708333333336 0.4666666666666667 0.021354166666666667 0.037037037037037035
0 0.5533854166666666 0.5523148148148148 0.021354166666666667 0.03796296296296296
0 0.6861979166666666 0.5013888888888889 0.0234375 0.041666666666666664
0 0.6385416666666667 0.3296296296296296 0.021875 0.03888888888888889
0 0.5544270833333333 0.16018518518518518 0.021354166666666667 0.03888888888888889
0 0.5510416666666667 0.2972222222222222 0.021875 0.03888888888888889
0 0.22994791666666667 0.36157407407407405 0.022395833333333334 0.03796296296296296
0 0.5651041666666666 0.5842592592592593 0.021875 0.03888888888888889
0 0.46380208333333334 0.5064814814814815 0.021354166666666667 0.03888888888888889
0 0.6057291666666667 0.06157407407407407 0.021875 0.03981481481481482
0 0.50859375 0.5101851851851852 0.021354166666666667 0.03888888888888889
0 0.64765625 0.25324074074074077 0.022395833333333334 0.03796296296296296
0 0.6059895833333333 0.37962962962962965 0.022395833333333334 0.03888888888888889
0 0.6432291666666666 0.47638888888888886 0.022916666666666665 0.03981481481481482
0 0.5036458333333333 0.47314814814814815 0.020833333333333332 0.037037037037037035
0 0.5822916666666667 0.22175925925925927 0.020833333333333332 0.03796296296296296
0 0.5510416666666667 0.5148148148148148 0.021875 0.037037037037037035
0 0.28177083333333336 0.7407407407407407 0.021875 0.03888888888888889
0 0.6674479166666667 0.0962962962962963 0.022395833333333334 0.040740740740740744
0 0.65703125 0.29212962962962963 0.022395833333333334 0.03981481481481482
0 0.6598958333333333 0.387037037037037 0.022916666666666665 0.040740740740740744
0 0.6221354166666667 0.22870370370370371 0.021354166666666667 0.03888888888888889
0 0.5947916666666667 0.17731481481481481 0.020833333333333332 0.03796296296296296
0 0.6018229166666667 0.2449074074074074 0.021354166666666667 0.03796296296296296
0 0.27317708333333335 0.42268518518518516 0.021354166666666667 0.03611111111111111
0 0.5645833333333333 0.20462962962962963 0.020833333333333332 0.03888888888888889
0 0.6041666666666666 0.20925925925925926 0.020833333333333332 0.037037037037037035