0 0.5627604166666667 0.6106481481481482 0.0234375 0.041666666666666664
0 0.62265625 0.749537037037037 0.0234375 0.041666666666666664
0 0.27734375 0.825462962962963 0.0234375 0.041666666666666664
0 0.6526041666666667 0.7851851851851852 0.022916666666666665 0.04259259259259259
0 0.2635416666666667 0.7962962962962963 0.022916666666666665 0.040740740740740744
0 0.4244791666666667 0.42314814814814816 0.021875 0.03888888888888889
0 0.1734375 0.5597222222222222 0.023958333333333335 0.03981481481481482
0 0.26875 0.2601851851851852 0.021875 0.03888888888888889
0 0.45859375 0.4300925925925926 0.021354166666666667 0.03796296296296296
0 0.36015625 0.7171296296296297 0.0234375 0.041666666666666664
0 0.5677083333333334 0.6675925925925926 0.023958333333333335 0.040740740740740744
0 0.67890625 0.5666666666666667 0.0234375 0.040740740740740744
0 0.12447916666666667 0.5930555555555556 0.023958333333333335 0.03981481481481482
0 0.6359375 0.1162037037037037 0.021875 0.03796296296296296
0 0.715625 0.5236111111111111 0.023958333333333335 0.041666666666666664
0 0.5541666666666667 0.5314814814814814 0.021875 0.03888888888888889
0 0.28098958333333335 0.4513888888888889 0.021354166666666667 0.03796296296296296
0 0.4075520833333333 0.23657407407407408 0.021354166666666667 0.03981481481481482
0 0.4315104166666667 0.5537037037037037 0.021354166666666667 0.03888888888888889
0 0.5567708333333333 0.3300925925925926 0.021875 0.03981481481481482
0 0.3346354166666667 0.7314814814814815 0.022395833333333334 0.040740740740740744
0 0.6260416666666667 0.33796296296296297 0.021875 0.040740740740740744
0 0.33359375 0.23657407407407408 0.0203125 0.03796296296296296
0 0.68046875 0.513425925925926 0.0234375 0.03981481481481482
0 0.5583333333333333 0.5703703703703704 0.021875 0.03888888888888889
0 0.45416666666666666 0.4671296296296296 0.021875 0.03981481481481482
0 0.28828125 0.22870370370370371 0.021354166666666667 0.03888888888888889
0 0.6270833333333333 0.6129629629629629 0.022916666666666665 0.040740740740740744
0 0.22760416666666666 0.23981481481481481 0.021875 0.03888888888888889
0 0.6817708333333333 0.4273148148148148 0.022916666666666665 0.03981481481481482
0 0.2635416666666667 0.4912037037037037 0.021875 0.03796296296296296
0 0.3848958333333333 0.23935185185185184 0.020833333333333332 0.03796296296296296
0 0.36354166666666665 0.4986111111111111 0.021875 0.03796296296296296
0 0.3067708333333333 0.2875 0.021875 0.03796296296296296
0 0.3072916666666667 0.4537037037037037 0.021875 0.03888888888888889
0 0.32838541666666665 0.6486111111111111 0.022395833333333334 0.03981481481481482
0 0.35234375 0.2513888888888889 0.021354166666666667 0.03796296296296296
0 0.2375 0.475 0.021875 0.03888888888888889
0 0.5401041666666667 0.23333333333333334 0.020833333333333332 0.03888888888888889
0 0.5109375 0.2175925925925926 0.021875 0.03888888888888889
0 0.3770833333333333 0.17037037037037037 0.020833333333333332 0.037037037037037035
0 0.5252604166666667 0.5194444444444445 0.022395833333333334 0.03888888888888889
0 0.27760416666666665 0.7657407407407407 0.020833333333333332 0.03888888888888889
0 0.6260416666666667 0.1537037037037037 0.021875 0.03888888888888889
0 0.53203125 0.1814814814814815 0.0203125 0.03888888888888889
0 0.29791666666666666 0.7486111111111111 0.021875 0.03981481481481482
0 0.2986979166666667 0.5587962962962963 0.022395833333333334 0.03981481481481482
0 0.5338541666666666 0.1425925925925926 0.020833333333333332 0.03888888888888889
0 0.3619791666666667 0.6458333333333334 0.022916666666666665 0.03981481481481482
0 0.3184895833333333 0.6050925925925926 0.022395833333333334 0.03981481481481482
0 0.384375 0.20416666666666666 0.020833333333333332 0.03611111111111111
0 0.37734375 0.5851851851851851 0.022395833333333334 0.03888888888888889
0 0.14479166666666668 0.5583333333333333 0.023958333333333335 0.03888888888888889
0 0.4453125 0.5148148148148148 0.021875 0.03888888888888889
0 0.2328125 0.3814814814814815 0.022916666666666665 0.03888888888888889
0 0.49973958333333335 0.1736111111111111 0.021354166666666667 0.03981481481481482
0 0.39479166666666665 0.5226851851851851 0.021875 0.03796296296296296
0 0.6315104166666666 0.26805555555555555 0.022395833333333334 0.03981481481481482
0 0.6359375 0.19305555555555556 0.021875 0.03981481481481482
0 0.44114583333333335 0.3 0.021875 0.03888888888888889
0 0.36432291666666666 0.2 0.019270833333333334 0.03518518518518519
0 0.28671875 0.5 0.021354166666666667 0.03888888888888889
0 0.7138020833333333 0.48518518518518516 0.0234375 0.03888888888888889
0 0.6677083333333333 0.07083333333333333 0.021875 0.03981481481481482
0 0.3536458333333333 0.6805555555555556 0.022916666666666665 0.03888888888888889
0 0.29583333333333334 0.7106481481481481 0.021875 0.03981481481481482
0 0.7125 0.44583333333333336 0.022916666666666665 0.03796296296296296
0 0.5919270833333333 0.16712962962962963 0.021354166666666667 0.03981481481481482
0 0.13515625 0.524074074074074 0.0234375 0.040740740740740744
0 0.175 0.3111111111111111 0.022916666666666665 0.03888888888888889
0 0.6588541666666666 0.33935185185185185 0.022916666666666665 0.03981481481481482
0 0.6822916666666666 0.3875 0.022916666666666665 0.03981481481481482
0 0.33177083333333335 0.6893518518518519 0.020833333333333332 0.03796296296296296
0 0.3567708333333333 0.575925925925926 0.020833333333333332 0.03888888888888889
0 0.50546875 0.1388888888888889 0.021354166666666667 0.03888888888888889
0 0.6552083333333333 0.2439814814814815 0.021875 0.03981481481481482
0 0.39348958333333334 0.5611111111111111 0.022395833333333334 0.040740740740740744
0 0.33541666666666664 0.5171296296296296 0.020833333333333332 0.03796296296296296
0 0.3359375 0.5648148148148148 0.020833333333333332 0.03888888888888889
0 0.31472916666666667 0.7231481481481481 0.022171875 0.03888888888888889
0 0.6153645833333333 0.09675925925925925 0.021354166666666667 0.03981481481481482
0 0.6622395833333333 0.30092592592592593 0.022395833333333334 0.037037037037037035
0 0.6799479166666667 0.17175925925925925 0.022395833333333334 0.03981481481481482
0 0.31692708333333336 0.5365740740740741 0.021354166666666667 0.03796296296296296
0 0.5544270833333333 0.25833333333333336 0.0203125 0.037037037037037035
0 0.309375 0.49953703703703706 0.021875 0.03796296296296296
0 0.6315104166666666 0.23055555555555557 0.022395833333333334 0.03888888888888889
0 0.3729166666666667 0.5476851851851852 0.019791666666666666 0.03611111111111111
0 0.5544270833333333 0.29259259259259257 0.021354166666666667 0.037037037037037035
0 0.3528645833333333 0.5393518518518519 0.0203125 0.03796296296296296