0 0.21848958333333332 0.5486111111111112 0.0234375 0.03981481481481482
0 0.13255208333333332 0.6217592592592592 0.024479166666666666 0.03981481481481482
0 0.39947916666666666 0.1935185185185185 0.020833333333333332 0.03888888888888889
0 0.4200520833333333 0.18935185185185185 0.021354166666666667 0.03981481481481482
0 0.2833333333333333 0.7361111111111112 0.021875 0.040740740740740744
0 0.15260416666666668 0.5703703703703704 0.023958333333333335 0.040740740740740744
0 0.2786458333333333 0.8384259259259259 0.022916666666666665 0.041666666666666664
0 0.5661458333333333 0.6833333333333333 0.022916666666666665 0.040740740740740744
0 0.2765625 0.8824074074074074 0.023958333333333335 0.04259259259259259
0 0.3815104166666667 0.3523148148148148 0.021354166666666667 0.03796296296296296
0 0.19921875 0.5351851851851852 0.022395833333333334 0.040740740740740744
0 0.29739583333333336 0.7069444444444445 0.021875 0.03981481481481482
0 0.3111979166666667 0.5185185185185185 0.021354166666666667 0.03888888888888889
0 0.40598958333333335 0.3509259259259259 0.021354166666666667 0.03888888888888889
0 0.14505208333333333 0.3402777777777778 0.022395833333333334 0.03981481481481482
0 0.4192708333333333 0.5671296296296297 0.021875 0.03796296296296296
0 0.26848958333333334 0.38842592592592595 0.022395833333333334 0.03796296296296296
0 0.27447916666666666 0.7824074074074074 0.022916666666666665 0.040740740740740744
0 0.26015625 0.8194444444444444 0.0234375 0.04259259259259259
0 0.16432291666666668 0.32546296296296295 0.022395833333333334 0.03981481481481482
0 0.31692708333333336 0.6819444444444445 0.022395833333333334 0.03981481481481482
0 0.18541666666666667 0.2828703703703704 0.021875 0.03796296296296296
0 0.39739583333333334 0.387037037037037 0.021875 0.03888888888888889
0 0.19166666666666668 0.46574074074074073 0.022916666666666665 0.03888888888888889
0 0.15338541666666666 0.46296296296296297 0.022395833333333334 0.03888888888888889
0 0.3984375 0.5587962962962963 0.021875 0.03981481481481482
0 0.6934895833333333 0.2726851851851852 0.0234375 0.041666666666666664
0 0.2552083333333333 0.42314814814814816 0.021875 0.03888888888888889
0 0.3307291666666667 0.5009259259259259 0.020833333333333332 0.03888888888888889
0 0.12630208333333334 0.5541666666666667 0.0234375 0.03981481481481482
0 0.47708333333333336 0.5273148148148148 0.021875 0.03981481481481482
0 0.27890625 0.4199074074074074 0.021354166666666667 0.03796296296296296
0 0.4713541666666667 0.4513888888888889 0.021875 0.03796296296296296
0 0.6846354166666667 0.5319444444444444 0.0234375 0.041666666666666664
0 0.6614583333333334 0.575925925925926 0.023958333333333335 0.040740740740740744
0 0.28229166666666666 0.4689814814814815 0.021875 0.03796296296296296
0 0.56328125 0.6439814814814815 0.022395833333333334 0.03981481481481482
0 0.17239583333333333 0.43842592592592594 0.022916666666666665 0.03981481481481482
0 0.4934895833333333 0.24259259259259258 0.021354166666666667 0.03888888888888889
0 0.4234375 0.4263888888888889 0.021875 0.03981481481481482
0 0.22526041666666666 0.48055555555555557 0.022395833333333334 0.03888888888888889
0 0.50859375 0.29212962962962963 0.021354166666666667 0.03981481481481482
0 0.678125 0.19537037037037036 0.021875 0.040740740740740744
0 0.6380208333333334 0.09953703703703703 0.020833333333333332 0.03796296296296296
0 0.2981770833333333 0.4462962962962963 0.022395833333333334 0.03888888888888889
0 0.20026041666666666 0.4273148148148148 0.0234375 0.03981481481481482
0 0.62421875 0.799074074074074 0.0234375 0.044444444444444446
0 0.3497395833333333 0.48518518518518516 0.021354166666666667 0.03888888888888889
0 0.43385416666666665 0.5324074074074074 0.021875 0.03888888888888889
0 0.67109375 0.500462962962963 0.0234375 0.041666666666666664
0 0.67265625 0.24537037037037038 0.022395833333333334 0.040740740740740744
0 0.6705729166666666 0.36203703703703705 0.022395833333333334 0.040740740740740744
0 0.6528645833333333 0.1925925925925926 0.021354166666666667 0.040740740740740744
0 0.34088541666666666 0.19953703703703704 0.021354166666666667 0.03796296296296296
0 0.39921875 0.5125 0.021354166666666667 0.03796296296296296
0 0.6440104166666667 0.43796296296296294 0.022395833333333334 0.040740740740740744
0 0.6979166666666666 0.49074074074074076 0.023958333333333335 0.04259259259259259
0 0.4440104166666667 0.47638888888888886 0.021354166666666667 0.03796296296296296
0 0.6216145833333333 0.14675925925925926 0.021354166666666667 0.03981481481481482
0 0.584375 0.11666666666666667 0.020833333333333332 0.03888888888888889
0 0.3921875 0.44027777777777777 0.021875 0.03981481481481482
0 0.6622395833333333 0.09537037037037037 0.022395833333333334 0.040740740740740744
0 0.6057291666666667 0.07916666666666666 0.021875 0.03796296296296296
0 0.26015625 0.2324074074074074 0.022395833333333334 0.03888888888888889
0 0.6427083333333333 0.1388888888888889 0.021875 0.040740740740740744
0 0.45598958333333334 0.5138888888888888 0.021354166666666667 0.03888888888888889
0 0.5432291666666667 0.1638888888888889 0.020833333333333332 0.03888888888888889
0 0.5533854166666666 0.39675925925925926 0.022395833333333334 0.03981481481481482
0 0.5028645833333333 0.5092592592592593 0.021354166666666667 0.03888888888888889
0 0.596875 0.14212962962962963 0.020833333333333332 0.03796296296296296
0 0.6153645833333333 0.4351851851851852 0.022395833333333334 0.040740740740740744
0 0.4708333333333333 0.4875 0.020833333333333332 0.03796296296296296
0 0.40390625 0.4740740740740741 0.022395833333333334 0.03888888888888889
0 0.421875 0.4976851851851852 0.020833333333333332 0.03796296296296296
0 0.5682291666666667 0.48148148148148145 0.021875 0.03888888888888889
0 0.5471354166666667 0.47314814814814815 0.021354166666666667 0.037037037037037035
0 0.5677083333333334 0.6060185185185185 0.022916666666666665 0.03796296296296296
0 0.5786458333333333 0.23842592592592593 0.021875 0.03981481481481482
0 0.6138020833333333 0.11342592592592593 0.021354166666666667 0.03796296296296296
0 0.5828125 0.17083333333333334 0.020833333333333332 0.03796296296296296
0 0.571875 0.5699074074074074 0.021875 0.03796296296296296
0 0.59921875 0.2050925925925926 0.021354166666666667 0.03981481481481482
0 0.5533854166666666 0.5509259259259259 0.021354166666666667 0.03888888888888889
0 0.5348958333333333 0.5305555555555556 0.020833333333333332 0.040740740740740744
0 0.5596354166666667 0.225 0.021354166666666667 0.03888888888888889
0 0.5138020833333333 0.47638888888888886 0.021354166666666667 0.03796296296296296
0 0.5627604166666667 0.1824074074074074 0.0203125 0.03888888888888889
0 0.5533854166666666 0.5101851851851852 0.021354166666666667 0.037037037037037035
0 0.5450520833333333 0.19953703703703704 0.021354166666666667 0.03981481481481482
0 0.5716145833333334 0.5296296296296297 0.022395833333333334 0.03888888888888889