0 0.6567708333333333 0.22407407407407406 0.022916666666666665 0.040740740740740744
0 0.5322916666666667 0.4013888888888889 0.020833333333333332 0.03796296296296296
0 0.7083333333333334 0.10787037037037037 0.022916666666666665 0.041666666666666664
0 0.3375 0.42453703703703705 0.021875 0.03981481481481482
0 0.375 0.65 0.021875 0.03888888888888889
0 0.4088541666666667 0.6435185185185185 0.022916666666666665 0.040740740740740744
0 0.39296875 0.6699074074074074 0.022395833333333334 0.03981481481481482
0 0.6872395833333333 0.5560185185185185 0.0234375 0.041666666666666664
0 0.36875 0.4412037037037037 0.021875 0.03981481481481482
0 0.5645833333333333 0.6310185185185185 0.022916666666666665 0.03981481481481482
0 0.5755208333333334 0.10138888888888889 0.021875 0.03981481481481482
0 0.6169270833333333 0.13472222222222222 0.021354166666666667 0.03981481481481482
0 0.22421875 0.5597222222222222 0.0234375 0.03981481481481482
0 0.6802083333333333 0.5125 0.023958333333333335 0.041666666666666664
0 0.6510416666666666 0.4074074074074074 0.022916666666666665 0.03888888888888889
0 0.14713541666666666 0.30416666666666664 0.0234375 0.03796296296296296
0 0.24895833333333334 0.6990740740740741 0.023958333333333335 0.040740740740740744
0 0.5393229166666667 0.3638888888888889 0.021354166666666667 0.037037037037037035
0 0.47630208333333335 0.42777777777777776 0.021354166666666667 0.03888888888888889
0 0.32526041666666666 0.6328703703703704 0.022395833333333334 0.03981481481481482
0 0.56796875 0.5925925925925926 0.022395833333333334 0.03888888888888889
0 0.6286458333333333 0.3921296296296296 0.022916666666666665 0.03981481481481482
0 0.42994791666666665 0.45 0.021354166666666667 0.037037037037037035
0 0.2833333333333333 0.6050925925925926 0.022916666666666665 0.03981481481481482
0 0.2838541666666667 0.6587962962962963 0.022916666666666665 0.03981481481481482
0 0.40130208333333334 0.4439814814814815 0.021354166666666667 0.03796296296296296
0 0.5919270833333333 0.2101851851851852 0.021354166666666667 0.03888888888888889
0 0.30911458333333336 0.7 0.022395833333333334 0.03888888888888889
0 0.5572916666666666 0.5601851851851852 0.021875 0.03888888888888889
0 0.32057291666666665 0.7324074074074074 0.022395833333333334 0.040740740740740744
0 0.5622395833333333 0.26296296296296295 0.021354166666666667 0.03888888888888889
0 0.6559895833333333 0.6074074074074074 0.022395833333333334 0.040740740740740744
0 0.28098958333333335 0.7328703703703704 0.0234375 0.03981481481481482
0 0.28802083333333334 0.6962962962962963 0.021875 0.03888888888888889
0 0.14010416666666667 0.4064814814814815 0.022916666666666665 0.03888888888888889
0 0.20625 0.2847222222222222 0.022916666666666665 0.03981481481481482
0 0.33697916666666666 0.3578703703703704 0.021875 0.03981481481481482
0 0.675 0.11157407407407408 0.021875 0.03981481481481482
0 0.2421875 0.5907407407407408 0.022916666666666665 0.03888888888888889
0 0.48932291666666666 0.15324074074074073 0.021354166666666667 0.03981481481481482
0 0.13463541666666667 0.5597222222222222 0.022395833333333334 0.03981481481481482
0 0.53671875 0.17546296296296296 0.021354166666666667 0.03981481481481482
0 0.3377604166666667 0.5944444444444444 0.022395833333333334 0.03888888888888889
0 0.2796875 0.7708333333333334 0.022916666666666665 0.03981481481481482
0 0.6520833333333333 0.3680555555555556 0.021875 0.03796296296296296
0 0.4630208333333333 0.19675925925925927 0.020833333333333332 0.03981481481481482
0 0.17447916666666666 0.562037037037037 0.023958333333333335 0.03888888888888889
0 0.13020833333333334 0.3675925925925926 0.022916666666666665 0.03888888888888889
0 0.6388020833333333 0.1037037037037037 0.021354166666666667 0.03888888888888889
0 0.43515625 0.18611111111111112 0.0203125 0.03888888888888889
0 0.44427083333333334 0.42407407407407405 0.019791666666666666 0.037037037037037035
0 0.5666666666666667 0.7875 0.023958333333333335 0.04351851851851852
0 0.153125 0.5740740740740741 0.021875 0.03888888888888889
0 0.5393229166666667 0.11990740740740741 0.022395833333333334 0.041666666666666664
0 0.25859375 0.788425925925926 0.022395833333333334 0.03981481481481482
0 0.16380208333333332 0.44583333333333336 0.022395833333333334 0.03796296296296296
0 0.16302083333333334 0.39351851851851855 0.022916666666666665 0.03888888888888889
0 0.6135416666666667 0.8296296296296296 0.023958333333333335 0.044444444444444446
0 0.18776041666666668 0.33611111111111114 0.022395833333333334 0.03888888888888889
0 0.37786458333333334 0.19953703703703704 0.0203125 0.03796296296296296
0 0.396875 0.1824074074074074 0.020833333333333332 0.03888888888888889
0 0.2903645833333333 0.2953703703703704 0.021354166666666667 0.03888888888888889
0 0.45807291666666666 0.29907407407407405 0.021354166666666667 0.03888888888888889
0 0.46119791666666665 0.40324074074074073 0.0203125 0.03796296296296296
0 0.3536458333333333 0.19537037037037036 0.020833333333333332 0.03888888888888889
0 0.7302083333333333 0.48518518518518516 0.023958333333333335 0.040740740740740744
0 0.16744791666666667 0.3560185185185185 0.022395833333333334 0.03796296296296296
0 0.40546875 0.39444444444444443 0.021354166666666667 0.03888888888888889
0 0.28880208333333335 0.20972222222222223 0.021354166666666667 0.03796296296296296
0 0.3880208333333333 0.37592592592592594 0.020833333333333332 0.03888888888888889
0 0.2682291666666667 0.19953703703703704 0.020833333333333332 0.03796296296296296
0 0.6611979166666667 0.07916666666666666 0.021354166666666667 0.03796296296296296
0 0.27630208333333334 0.8106481481481481 0.0234375 0.03981481481481482
0 0.45338541666666665 0.36944444444444446 0.0203125 0.037037037037037035
0 0.6325520833333333 0.06944444444444445 0.021354166666666667 0.03888888888888889
0 0.3263020833333333 0.32222222222222224 0.0203125 0.037037037037037035
0 0.42161458333333335 0.3736111111111111 0.0203125 0.03796296296296296
0 0.3502604166666667 0.1597222222222222 0.0203125 0.03796296296296296
0 0.3307291666666667 0.15046296296296297 0.020833333333333332 0.03796296296296296
0 0.43697916666666664 0.3476851851851852 0.020833333333333332 0.03611111111111111
0 0.29609375 0.2569444444444444 0.021354166666666667 0.03796296296296296
0 0.3145833333333333 0.28935185185185186 0.020833333333333332 0.03796296296296296
0 0.36822916666666666 0.34953703703703703 0.020833333333333332 0.03796296296296296
0 0.3411458333333333 0.26296296296296295 0.020833333333333332 0.037037037037037035
0 0.38723958333333336 0.33611111111111114 0.0203125 0.037037037037037035
0 0.40338541666666666 0.31203703703703706 0.0203125 0.037037037037037035
0 0.3533854166666667 0.3263888888888889 0.0203125 0.03796296296296296
0 0.32057291666666665 0.25555555555555554 0.0203125 0.037037037037037035
0 0.3416666666666667 0.29814814814814816 0.020833333333333332 0.037037037037037035
0 0.40546875 0.35138888888888886 0.0203125 0.03796296296296296