0 0.2830729166666667 0.3819444444444444 0.021354166666666667 0.03796296296296296
0 0.3921875 0.5796296296296296 0.021875 0.03888888888888889
0 0.3765625 0.5527777777777778 0.021875 0.03888888888888889
0 0.6536458333333334 0.20462962962962963 0.021875 0.03888888888888889
0 0.33697916666666666 0.4356481481481482 0.021875 0.03796296296296296
0 0.4231770833333333 0.5361111111111111 0.021354166666666667 0.03888888888888889
0 0.28411458333333334 0.3458333333333333 0.021354166666666667 0.03796296296296296
0 0.5846354166666666 0.14629629629629629 0.021354166666666667 0.03888888888888889
0 0.27395833333333336 0.41435185185185186 0.021875 0.03796296296296296
0 0.47109375 0.5365740740740741 0.0203125 0.03796296296296296
0 0.3625 0.4847222222222222 0.021875 0.03796296296296296
0 0.5958333333333333 0.11018518518518519 0.020833333333333332 0.03888888888888889
0 0.5583333333333333 0.16712962962962963 0.020833333333333332 0.03981481481481482
0 0.55234375 0.5083333333333333 0.021354166666666667 0.03888888888888889
0 0.6375 0.13240740740740742 0.020833333333333332 0.03888888888888889
0 0.2638020833333333 0.3648148148148148 0.021354166666666667 0.037037037037037035
0 0.3302083333333333 0.47129629629629627 0.021875 0.037037037037037035
0 0.5645833333333333 0.537962962962963 0.021875 0.03888888888888889
0 0.490625 0.524074074074074 0.020833333333333332 0.03888888888888889
0 0.5330729166666667 0.525 0.0203125 0.03888888888888889
0 0.5588541666666667 0.1310185185185185 0.020833333333333332 0.03796296296296296
0 0.49947916666666664 0.4708333333333333 0.020833333333333332 0.03796296296296296
0 0.43463541666666666 0.5662037037037037 0.021354166666666667 0.03796296296296296
0 0.41380208333333335 0.49027777777777776 0.021354166666666667 0.03796296296296296
0 0.47682291666666665 0.49675925925925923 0.021354166666666667 0.03796296296296296
0 0.46822916666666664 0.5736111111111111 0.021875 0.03981481481481482
0 0.31015625 0.4009259259259259 0.021354166666666667 0.03888888888888889
0 0.5559895833333334 0.5722222222222222 0.022395833333333334 0.03888888888888889
0 0.6536458333333334 0.4861111111111111 0.021875 0.03888888888888889
0 0.6486979166666667 0.1675925925925926 0.021354166666666667 0.03888888888888889
0 0.5544270833333333 0.4689814814814815 0.021354166666666667 0.03796296296296296
0 0.6138020833333333 0.1337962962962963 0.021354166666666667 0.03981481481481482
0 0.2559895833333333 0.4462962962962963 0.022395833333333334 0.03888888888888889
0 0.6208333333333333 0.09814814814814815 0.020833333333333332 0.037037037037037035
0 0.39453125 0.4708333333333333 0.021354166666666667 0.03796296296296296
0 0.16640625 0.3958333333333333 0.022395833333333334 0.03796296296296296
0 0.5109375 0.5351851851851852 0.020833333333333332 0.03888888888888889
0 0.5638020833333334 0.20324074074074075 0.021354166666666667 0.03981481481481482
0 0.14427083333333332 0.399537037037037 0.021875 0.03796296296296296
0 0.2421875 0.48148148148148145 0.022916666666666665 0.03888888888888889
0 0.5338541666666666 0.4875 0.020833333333333332 0.03981481481481482
0 0.33958333333333335 0.3625 0.021875 0.03981481481481482
0 0.375 0.32592592592592595 0.020833333333333332 0.03888888888888889
0 0.39427083333333335 0.35648148148148145 0.021875 0.03888888888888889
0 0.2578125 0.33055555555555555 0.021875 0.037037037037037035
0 0.6447916666666667 0.09861111111111111 0.021875 0.03796296296296296
0 0.5739583333333333 0.10601851851851851 0.020833333333333332 0.03981481481481482
0 0.6677083333333333 0.2828703703703704 0.021875 0.03981481481481482
0 0.34791666666666665 0.5254629629629629 0.021875 0.03796296296296296
0 0.4828125 0.4337962962962963 0.021875 0.03981481481481482
0 0.6388020833333333 0.45416666666666666 0.022395833333333334 0.03981481481481482
0 0.56328125 0.6129629629629629 0.022395833333333334 0.03888888888888889
0 0.32760416666666664 0.7328703703703704 0.022916666666666665 0.041666666666666664
0 0.66484375 0.2412037037037037 0.022395833333333334 0.03981481481481482
0 0.15390625 0.5740740740740741 0.0234375 0.040740740740740744
0 0.6395833333333333 0.2865740740740741 0.021875 0.03981481481481482
0 0.2552083333333333 0.5175925925925926 0.022916666666666665 0.03888888888888889
0 0.35859375 0.2898148148148148 0.021354166666666667 0.03888888888888889
0 0.54921875 0.24953703703703703 0.021354166666666667 0.03981481481481482
0 0.33697916666666666 0.300462962962963 0.020833333333333332 0.03796296296296296
0 0.12942708333333333 0.3680555555555556 0.022395833333333334 0.03981481481481482
0 0.3138020833333333 0.7050925925925926 0.022395833333333334 0.03981481481481482
0 0.2799479166666667 0.7685185185185185 0.022395833333333334 0.040740740740740744
0 0.6627604166666666 0.12731481481481483 0.022395833333333334 0.041666666666666664
0 0.44973958333333336 0.5912037037037037 0.022395833333333334 0.03981481481481482
0 0.284375 0.7134259259259259 0.022916666666666665 0.03981481481481482
0 0.6065104166666667 0.4449074074074074 0.022395833333333334 0.03981481481481482
0 0.6515625 0.5263888888888889 0.022916666666666665 0.041666666666666664
0 0.27239583333333334 0.25833333333333336 0.021875 0.03888888888888889
0 0.17473958333333334 0.4305555555555556 0.0234375 0.03888888888888889
0 0.30234375 0.2611111111111111 0.021354166666666667 0.03888888888888889
0 0.2591145833333333 0.7888888888888889 0.022395833333333334 0.040740740740740744
0 0.3828125 0.6138888888888889 0.022916666666666665 0.040740740740740744
0 0.5286458333333334 0.23796296296296296 0.020833333333333332 0.03888888888888889
0 0.565625 0.6546296296296297 0.022916666666666665 0.040740740740740744
0 0.27890625 0.8087962962962963 0.0234375 0.041666666666666664
0 0.6765625 0.5032407407407408 0.023958333333333335 0.041666666666666664
0 0.2872395833333333 0.674537037037037 0.0234375 0.03981481481481482
0 0.3416666666666667 0.6837962962962963 0.022916666666666665 0.03981481481481482
0 0.13411458333333334 0.5601851851851852 0.022395833333333334 0.040740740740740744
0 0.6080729166666666 0.3972222222222222 0.021354166666666667 0.03888888888888889
0 0.5270833333333333 0.14305555555555555 0.021875 0.03981481481481482
0 0.634375 0.6074074074074074 0.022916666666666665 0.040740740740740744
0 0.6502604166666667 0.34074074074074073 0.022395833333333334 0.040740740740740744
0 0.4817708333333333 0.37407407407407406 0.021875 0.03888888888888889
0 0.21979166666666666 0.6472222222222223 0.023958333333333335 0.040740740740740744
0 0.6013020833333333 0.07222222222222222 0.021354166666666667 0.040740740740740744
0 0.14635416666666667 0.30416666666666664 0.022916666666666665 0.03796296296296296
0 0.4518229166666667 0.2814814814814815 0.021354166666666667 0.03888888888888889
0 0.62421875 0.8125 0.024479166666666666 0.04351851851851852