0 0.7203125 0.49398148148148147 0.025 0.041666666666666664
0 0.5471354166666667 0.5462962962962963 0.022395833333333334 0.03888888888888889
0 0.6341145833333334 0.425462962962963 0.022395833333333334 0.03981481481481482
0 0.46380208333333334 0.5652777777777778 0.022395833333333334 0.03981481481481482
0 0.6479166666666667 0.49166666666666664 0.022916666666666665 0.040740740740740744
0 0.28072916666666664 0.5208333333333334 0.021875 0.03796296296296296
0 0.35234375 0.5675925925925925 0.022395833333333334 0.03888888888888889
0 0.6716145833333333 0.5092592592592593 0.022395833333333334 0.040740740740740744
0 0.6838541666666667 0.5504629629629629 0.022916666666666665 0.041666666666666664
0 0.43515625 0.5347222222222222 0.021354166666666667 0.03981481481481482
0 0.3807291666666667 0.43287037037037035 0.021875 0.03796296296296296
0 0.35442708333333334 0.7402777777777778 0.024479166666666666 0.041666666666666664
0 0.396875 0.5388888888888889 0.021875 0.03888888888888889
0 0.23098958333333333 0.2222222222222222 0.022395833333333334 0.03888888888888889
0 0.6442708333333333 0.3787037037037037 0.022916666666666665 0.03888888888888889
0 0.44296875 0.6097222222222223 0.022395833333333334 0.03981481481481482
0 0.6916666666666667 0.1162037037037037 0.021875 0.03981481481481482
0 0.60625 0.21666666666666667 0.021875 0.040740740740740744
0 0.5755208333333334 0.10462962962962963 0.021875 0.03888888888888889
0 0.6033854166666667 0.17685185185185184 0.021354166666666667 0.03888888888888889
0 0.6661458333333333 0.12731481481481483 0.021875 0.041666666666666664
0 0.540625 0.5087962962962963 0.021875 0.03796296296296296
0 0.6447916666666667 0.24212962962962964 0.022916666666666665 0.03981481481481482
0 0.6447916666666667 0.6111111111111112 0.022916666666666665 0.040740740740740744
0 0.5036458333333333 0.13657407407407407 0.021875 0.041666666666666664
0 0.3723958333333333 0.5412037037037037 0.020833333333333332 0.03796296296296296
0 0.3265625 0.7587962962962963 0.022916666666666665 0.041666666666666664
0 0.30078125 0.4949074074074074 0.022395833333333334 0.03796296296296296
0 0.33619791666666665 0.7236111111111111 0.021354166666666667 0.03981481481481482
0 0.36666666666666664 0.3902777777777778 0.021875 0.03796296296296296
0 0.35963541666666665 0.7013888888888888 0.022395833333333334 0.03981481481481482
0 0.15104166666666666 0.5777777777777777 0.022916666666666665 0.03888888888888889
0 0.5666666666666667 0.7708333333333334 0.023958333333333335 0.04351851851851852
0 0.271875 0.3921296296296296 0.021875 0.03796296296296296
0 0.25703125 0.7861111111111111 0.022395833333333334 0.040740740740740744
0 0.47734375 0.39351851851851855 0.021354166666666667 0.03888888888888889
0 0.16458333333333333 0.44907407407407407 0.022916666666666665 0.03888888888888889
0 0.29140625 0.8189814814814815 0.022395833333333334 0.03981481481481482
0 0.2765625 0.7069444444444445 0.022916666666666665 0.03981481481481482
0 0.5182291666666666 0.18194444444444444 0.020833333333333332 0.03796296296296296
0 0.3143229166666667 0.7287037037037037 0.021354166666666667 0.03888888888888889
0 0.140625 0.4060185185185185 0.022916666666666665 0.03981481481481482
0 0.27786458333333336 0.7560185185185185 0.021354166666666667 0.03981481481481482
0 0.32395833333333335 0.14814814814814814 0.022916666666666665 0.03888888888888889
0 0.13463541666666667 0.5578703703703703 0.0234375 0.03981481481481482
0 0.2296875 0.7490740740740741 0.025 0.040740740740740744
0 0.30104166666666665 0.7601851851851852 0.021875 0.040740740740740744
0 0.46458333333333335 0.44675925925925924 0.021875 0.03796296296296296
0 0.29244791666666664 0.31666666666666665 0.021354166666666667 0.03888888888888889
0 0.51328125 0.21944444444444444 0.021354166666666667 0.03888888888888889
0 0.27760416666666665 0.7958333333333333 0.021875 0.03981481481481482
0 0.2552083333333333 0.825 0.022916666666666665 0.04259259259259259
0 0.4432291666666667 0.3263888888888889 0.020833333333333332 0.03796296296296296
0 0.13072916666666667 0.3680555555555556 0.022916666666666665 0.03981481481481482
0 0.23255208333333333 0.825462962962963 0.0234375 0.041666666666666664
0 0.1625 0.3990740740740741 0.022916666666666665 0.03888888888888889
0 0.5393229166666667 0.638425925925926 0.022395833333333334 0.041666666666666664
0 0.28489583333333335 0.362962962962963 0.021875 0.03888888888888889
0 0.6341145833333334 0.11712962962962963 0.021354166666666667 0.03981481481481482
0 0.42213541666666665 0.32546296296296295 0.0203125 0.03796296296296296
0 0.61171875 0.14074074074074075 0.021354166666666667 0.03888888888888889
0 0.27057291666666666 0.2601851851851852 0.022395833333333334 0.03888888888888889
0 0.34270833333333334 0.2652777777777778 0.020833333333333332 0.03796296296296296
0 0.18958333333333333 0.3648148148148148 0.022916666666666665 0.03888888888888889
0 0.4747395833333333 0.3560185185185185 0.021354166666666667 0.03796296296296296
0 0.53828125 0.12824074074074074 0.021354166666666667 0.03981481481481482
0 0.45729166666666665 0.29768518518518516 0.020833333333333332 0.03796296296296296
0 0.20182291666666666 0.32731481481481484 0.0234375 0.03981481481481482
0 0.20442708333333334 0.8231481481481482 0.024479166666666666 0.04259259259259259
0 0.2760416666666667 0.8453703703703703 0.023958333333333335 0.040740740740740744
0 0.4044270833333333 0.3050925925925926 0.0203125 0.03796296296296296
0 0.29401041666666666 0.725925925925926 0.021354166666666667 0.03888888888888889
0 0.2640625 0.35555555555555557 0.020833333333333332 0.037037037037037035
0 0.2716145833333333 0.3138888888888889 0.021354166666666667 0.03888888888888889
0 0.14609375 0.6564814814814814 0.025520833333333333 0.040740740740740744
0 0.36822916666666666 0.26157407407407407 0.020833333333333332 0.03796296296296296
0 0.24921875 0.19768518518518519 0.0203125 0.03796296296296296
0 0.14661458333333333 0.30462962962962964 0.022395833333333334 0.03888888888888889
0 0.16614583333333333 0.3287037037037037 0.022916666666666665 0.037037037037037035
0 0.3893229166666667 0.2722222222222222 0.0203125 0.037037037037037035
0 0.4231770833333333 0.28935185185185186 0.0203125 0.03796296296296296
0 0.41041666666666665 0.2574074074074074 0.020833333333333332 0.037037037037037035
0 0.27005208333333336 0.1986111111111111 0.021354166666666667 0.03796296296296296
0 0.65859375 0.08425925925925926 0.021354166666666667 0.037037037037037035
0 0.16458333333333333 0.3638888888888889 0.022916666666666665 0.037037037037037035
0 0.63046875 0.07916666666666666 0.021354166666666667 0.03796296296296296
0 0.6096354166666667 0.837037037037037 0.024479166666666666 0.044444444444444446
0 0.2828125 0.17037037037037037 0.021875 0.03888888888888889
0 0.35520833333333335 0.23564814814814813 0.020833333333333332 0.03796296296296296
0 0.33932291666666664 0.2152777777777778 0.021354166666666667 0.03796296296296296