0 0.7135416666666666 0.4736111111111111 0.023958333333333335 0.041666666666666664
0 0.65 0.5550925925925926 0.022916666666666665 0.041666666666666664
0 0.37838541666666664 0.6560185185185186 0.021354166666666667 0.03981481481481482
0 0.41119791666666666 0.6319444444444444 0.022395833333333334 0.03981481481481482
0 0.5440104166666667 0.5907407407407408 0.022395833333333334 0.040740740740740744
0 0.36770833333333336 0.5509259259259259 0.021875 0.03888888888888889
0 0.14583333333333334 0.30324074074074076 0.022916666666666665 0.03796296296296296
0 0.39947916666666666 0.674537037037037 0.022916666666666665 0.03981481481481482
0 0.6526041666666667 0.600462962962963 0.022916666666666665 0.041666666666666664
0 0.6966145833333334 0.5393518518518519 0.0234375 0.041666666666666664
0 0.45989583333333334 0.5995370370370371 0.021875 0.03981481481481482
0 0.24088541666666666 0.24212962962962964 0.022395833333333334 0.03981481481481482
0 0.5403645833333334 0.5208333333333334 0.021354166666666667 0.03796296296296296
0 0.5611979166666666 0.3597222222222222 0.021354166666666667 0.03981481481481482
0 0.6783854166666666 0.5064814814814815 0.0234375 0.040740740740740744
0 0.5450520833333333 0.33101851851851855 0.0203125 0.03796296296296296
0 0.48203125 0.20555555555555555 0.021354166666666667 0.03888888888888889
0 0.6296875 0.612037037037037 0.022916666666666665 0.04259259259259259
0 0.2825520833333333 0.6046296296296296 0.022395833333333334 0.040740740740740744
0 0.5606770833333333 0.3050925925925926 0.0203125 0.03796296296296296
0 0.24114583333333334 0.5907407407407408 0.022916666666666665 0.03888888888888889
0 0.24140625 0.6935185185185185 0.024479166666666666 0.040740740740740744
0 0.3078125 0.7041666666666667 0.021875 0.03796296296296296
0 0.5549479166666667 0.5578703703703703 0.021354166666666667 0.03796296296296296
0 0.32447916666666665 0.6328703703703704 0.022916666666666665 0.03981481481481482
0 0.2875 0.6962962962962963 0.021875 0.03888888888888889
0 0.31979166666666664 0.7351851851851852 0.022916666666666665 0.040740740740740744
0 0.2825520833333333 0.6601851851851852 0.022395833333333334 0.03888888888888889
0 0.45078125 0.5652777777777778 0.021354166666666667 0.03796296296296296
0 0.22291666666666668 0.5601851851851852 0.022916666666666665 0.03888888888888889
0 0.13411458333333334 0.5597222222222222 0.022395833333333334 0.03981481481481482
0 0.24557291666666667 0.32222222222222224 0.0234375 0.040740740740740744
0 0.16380208333333332 0.4462962962962963 0.0234375 0.03888888888888889
0 0.28046875 0.7328703703703704 0.022395833333333334 0.03981481481481482
0 0.13854166666666667 0.40555555555555556 0.022916666666666665 0.03888888888888889
0 0.47760416666666666 0.5736111111111111 0.020833333333333332 0.03796296296296296
0 0.43671875 0.5333333333333333 0.021354166666666667 0.03888888888888889
0 0.30104166666666665 0.4444444444444444 0.021875 0.03888888888888889
0 0.17421875 0.562962962962963 0.0234375 0.040740740740740744
0 0.5130208333333334 0.5537037037037037 0.020833333333333332 0.03888888888888889
0 0.51640625 0.2847222222222222 0.0203125 0.03796296296296296
0 0.12916666666666668 0.3675925925925926 0.022916666666666665 0.03888888888888889
0 0.4669270833333333 0.26342592592592595 0.0203125 0.03981481481481482
0 0.27890625 0.7717592592592593 0.022395833333333334 0.03981481481481482
0 0.16276041666666666 0.3921296296296296 0.0234375 0.03981481481481482
0 0.43723958333333335 0.2587962962962963 0.0203125 0.03796296296296296
0 0.66328125 0.07453703703703704 0.021354166666666667 0.03981481481481482
0 0.15260416666666668 0.5740740740740741 0.021875 0.03888888888888889
0 0.5026041666666666 0.22361111111111112 0.020833333333333332 0.03981481481481482
0 0.3419270833333333 0.4777777777777778 0.021354166666666667 0.03888888888888889
0 0.25807291666666665 0.7893518518518519 0.022395833333333334 0.03981481481481482
0 0.64296875 0.08472222222222223 0.021354166666666667 0.03981481481481482
0 0.38177083333333334 0.5217592592592593 0.020833333333333332 0.03796296296296296
0 0.5377604166666666 0.2875 0.0203125 0.03796296296296296
0 0.29635416666666664 0.40370370370370373 0.021875 0.03888888888888889
0 0.50703125 0.5162037037037037 0.021354166666666667 0.03796296296296296
0 0.43255208333333334 0.34675925925925927 0.021354166666666667 0.03796296296296296
0 0.46848958333333335 0.4078703703703704 0.022395833333333334 0.03981481481481482
0 0.45234375 0.3763888888888889 0.021354166666666667 0.03796296296296296
0 0.48151041666666666 0.44305555555555554 0.021354166666666667 0.03796296296296296
0 0.6822916666666666 0.09398148148148149 0.021875 0.041666666666666664
0 0.33880208333333334 0.37407407407407406 0.021354166666666667 0.03888888888888889
0 0.4705729166666667 0.5398148148148149 0.0203125 0.037037037037037035
0 0.45651041666666664 0.513425925925926 0.0203125 0.03796296296296296
0 0.5856770833333333 0.14074074074074075 0.021354166666666667 0.040740740740740744
0 0.2713541666666667 0.25833333333333336 0.021875 0.03888888888888889
0 0.31744791666666666 0.38842592592592595 0.021354166666666667 0.03796296296296296
0 0.6255208333333333 0.8148148148148148 0.025 0.044444444444444446
0 0.27291666666666664 0.3523148148148148 0.021875 0.03796296296296296
0 0.49166666666666664 0.5458333333333333 0.020833333333333332 0.03796296296296296
0 0.36171875 0.4925925925925926 0.0203125 0.037037037037037035
0 0.4127604166666667 0.30092592592592593 0.021354166666666667 0.03888888888888889
0 0.425 0.4837962962962963 0.020833333333333332 0.03796296296296296
0 0.62265625 0.06435185185185185 0.021354166666666667 0.03981481481481482
0 0.2755208333333333 0.8111111111111111 0.022916666666666665 0.040740740740740744
0 0.3776041666666667 0.325 0.020833333333333332 0.037037037037037035
0 0.4578125 0.45231481481481484 0.020833333333333332 0.03981481481481482
0 0.384375 0.48194444444444445 0.020833333333333332 0.03796296296296296
0 0.2942708333333333 0.36527777777777776 0.021875 0.03796296296296296
0 0.32005208333333335 0.324537037037037 0.021354166666666667 0.03796296296296296
0 0.3578125 0.3421296296296296 0.020833333333333332 0.03796296296296296
0 0.43697916666666664 0.4527777777777778 0.020833333333333332 0.037037037037037035
0 0.2747395833333333 0.31712962962962965 0.021354166666666667 0.03796296296296296
0 0.39114583333333336 0.29259259259259257 0.020833333333333332 0.03888888888888889
0 0.40390625 0.4930555555555556 0.0203125 0.03796296296296296
0 0.30078125 0.26435185185185184 0.021354166666666667 0.03796296296296296
0 0.33828125 0.30694444444444446 0.0203125 0.03796296296296296
0 0.2984375 0.30092592592592593 0.020833333333333332 0.03888888888888889
0 0.3184895833333333 0.287962962962963 0.0203125 0.037037037037037035
0 0.3614583333333333 0.2949074074074074 0.020833333333333332 0.03796296296296296