0 0.7161458333333334 0.4728796296296296 0.024552083333333332 0.046296296296296294
0 0.6252604166666667 0.4398148148148148 0.0234375 0.04259259259259259
0 0.4158854166666667 0.4013888888888889 0.022395833333333334 0.03981481481481482
0 0.14713541666666666 0.30324074074074076 0.024479166666666666 0.03981481481481482
0 0.24192708333333332 0.2412037037037037 0.022395833333333334 0.03981481481481482
0 0.7067708333333333 0.28425925925925927 0.022916666666666665 0.040740740740740744
0 0.5208333333333334 0.43148148148148147 0.022916666666666665 0.03888888888888889
0 0.5270833333333333 0.15 0.022916666666666665 0.040740740740740744
0 0.6979166666666666 0.5412037037037037 0.025 0.041666666666666664
0 0.30390625 0.2601851851851852 0.021354166666666667 0.03888888888888889
0 0.27239583333333334 0.2574074074074074 0.022916666666666665 0.03888888888888889
0 0.446875 0.3060185185185185 0.021875 0.03981481481481482
0 0.45859375 0.5648148148148148 0.0234375 0.040740740740740744
0 0.5643229166666667 0.5671296296296297 0.0234375 0.03981481481481482
0 0.5208333333333334 0.5657407407407408 0.022916666666666665 0.040740740740740744
0 0.22395833333333334 0.5564814814814815 0.022916666666666665 0.03888888888888889
0 0.3020833333333333 0.44351851851851853 0.022916666666666665 0.03888888888888889
0 0.6921875 0.3300925925925926 0.023958333333333335 0.041666666666666664
0 0.16744791666666667 0.39444444444444443 0.0234375 0.037037037037037035
0 0.6296875 0.5 0.022916666666666665 0.040740740740740744
0 0.22109375 0.6458333333333334 0.024479166666666666 0.041666666666666664
0 0.35104166666666664 0.6458333333333334 0.022916666666666665 0.03981481481481482
0 0.6703125 0.4722222222222222 0.022916666666666665 0.040740740740740744
0 0.2786458333333333 0.8069444444444445 0.023958333333333335 0.041666666666666664
0 0.6559895833333333 0.18703703703703703 0.022395833333333334 0.04259259259259259
0 0.6268229166666667 0.8143518518518519 0.024479166666666666 0.04537037037037037
0 0.13489583333333333 0.5564814814814815 0.022916666666666665 0.037037037037037035
0 0.25390625 0.4412037037037037 0.022395833333333334 0.03796296296296296
0 0.32083333333333336 0.32222222222222224 0.021875 0.03888888888888889
0 0.3690104166666667 0.549537037037037 0.0234375 0.03981481481481482
0 0.2596354166666667 0.7865740740740741 0.022395833333333334 0.041666666666666664
0 0.55390625 0.49722222222222223 0.022395833333333334 0.03888888888888889
0 0.6940104166666666 0.21944444444444444 0.0234375 0.03888888888888889
0 0.30026041666666664 0.2986111111111111 0.022395833333333334 0.03981481481481482
0 0.28489583333333335 0.7125 0.022916666666666665 0.03981481481481482
0 0.3265625 0.725462962962963 0.023958333333333335 0.041666666666666664
0 0.6333333333333333 0.6111111111111112 0.022916666666666665 0.040740740740740744
0 0.6783854166666666 0.17407407407407408 0.022395833333333334 0.040740740740740744
0 0.29661458333333335 0.3958333333333333 0.021354166666666667 0.03796296296296296
0 0.6020833333333333 0.0787037037037037 0.020833333333333332 0.03888888888888889
0 0.6794270833333333 0.1337962962962963 0.021354166666666667 0.03981481481481482
0 0.6885416666666667 0.26064814814814813 0.021875 0.03981481481481482
0 0.40338541666666666 0.44212962962962965 0.021354166666666667 0.03796296296296296
0 0.5333333333333333 0.5171296296296296 0.021875 0.041666666666666664
0 0.3854166666666667 0.5148148148148148 0.021875 0.037037037037037035
0 0.6588541666666666 0.14722222222222223 0.022916666666666665 0.040740740740740744
0 0.6700520833333333 0.07962962962962963 0.021354166666666667 0.03888888888888889
0 0.23932291666666666 0.3314814814814815 0.022395833333333334 0.03888888888888889
0 0.31223958333333335 0.6986111111111111 0.0234375 0.03796296296296296
0 0.2864583333333333 0.6768518518518518 0.022916666666666665 0.040740740740740744
0 0.27421875 0.4162037037037037 0.021354166666666667 0.03796296296296296
0 0.14427083333333332 0.3990740740740741 0.019791666666666666 0.03518518518518519
0 0.13072916666666667 0.3680555555555556 0.020833333333333332 0.03611111111111111
0 0.5578125 0.13425925925925927 0.020833333333333332 0.040740740740740744
0 0.32265625 0.6328703703703704 0.0203125 0.03796296296296296
0 0.15416666666666667 0.5722222222222222 0.020833333333333332 0.03888888888888889
0 0.3489583333333333 0.45416666666666666 0.021875 0.03796296296296296
0 0.5515625 0.5328703703703703 0.022916666666666665 0.03981481481481482
0 0.3796875 0.4375 0.020833333333333332 0.03611111111111111
0 0.30104166666666665 0.6444444444444445 0.020833333333333332 0.037037037037037035
0 0.6807291666666667 0.5069444444444444 0.021875 0.03796296296296296
0 0.64921875 0.08101851851851852 0.019270833333333334 0.03611111111111111
0 0.6526041666666667 0.5023148148148148 0.020833333333333332 0.041666666666666664
0 0.5721354166666667 0.10972222222222222 0.021354166666666667 0.03611111111111111
0 0.6260416666666667 0.09722222222222222 0.020833333333333332 0.040740740740740744
0 0.6549479166666666 0.5546296296296296 0.022395833333333334 0.040740740740740744
0 0.253125 0.35462962962962963 0.020833333333333332 0.03518518518518519
0 0.36276041666666664 0.47962962962962963 0.0203125 0.037037037037037035
0 0.3453125 0.3541666666666667 0.019791666666666666 0.03611111111111111
0 0.3815104166666667 0.47129629629629627 0.0203125 0.03518518518518519
0 0.2786458333333333 0.38055555555555554 0.020833333333333332 0.037037037037037035
0 0.6185625 0.5488333333333334 0.024880208333333334 0.042222222222222223
0 0.34036458333333336 0.6810185185185185 0.0234375 0.03981481481481482
0 0.65546875 0.6 0.022395833333333334 0.04259259259259259
0 0.20182291666666666 0.6046296296296296 0.0234375 0.03888888888888889
0 0.24348958333333334 0.586574074074074 0.0234375 0.03981481481481482
0 0.2838541666666667 0.6032407407407407 0.022916666666666665 0.03981481481481482
0 0.40859375 0.4898148148148148 0.021354166666666667 0.03888888888888889
0 0.6729166666666667 0.2125 0.022916666666666665 0.041666666666666664
0 0.44114583333333335 0.5138888888888888 0.021875 0.03888888888888889
0 0.17526041666666667 0.42916666666666664 0.0234375 0.03981481481481482
0 0.17526041666666667 0.5615740740740741 0.0234375 0.03981481481481482
0 0.24609375 0.38935185185185184 0.022395833333333334 0.03796296296296296
0 0.36614583333333334 0.38981481481481484 0.021875 0.03888888888888889
0 0.63515625 0.14305555555555555 0.022395833333333334 0.041666666666666664
0 0.2796875 0.7648148148148148 0.022916666666666665 0.03888888888888889
0 0.5950520833333334 0.11435185185185186 0.021354166666666667 0.03981481481481482
0 0.6588541666666666 0.1111111111111111 0.021875 0.03888888888888889
0 0.6877604166666667 0.09953703703703703 0.022395833333333334 0.03981481481481482
0 0.6333333333333333 0.05648148148148148 0.021875 0.03888888888888889