0 0.25833333333333336 0.42916666666666664 0.027083333333333334 0.04537037037037037
0 0.44114583333333335 0.44675925925925924 0.026041666666666668 0.04351851851851852
0 0.27265625 0.5648148148148148 0.028645833333333332 0.046296296296296294
0 0.4705729166666667 0.5462962962962963 0.028645833333333332 0.046296296296296294
0 0.24973958333333332 0.7319444444444444 0.030729166666666665 0.05092592592592592
0 0.18255208333333334 0.5148148148148148 0.027604166666666666 0.044444444444444446
0 0.2596354166666667 0.6412037037037037 0.030729166666666665 0.049074074074074076
0 0.5361979166666667 0.5606481481481481 0.0234375 0.041666666666666664
0 0.3575520833333333 0.5342592592592592 0.0234375 0.03888888888888889
0 0.5611979166666666 0.7263888888888889 0.0234375 0.04537037037037037
0 0.5333333333333333 0.5217592592592593 0.022916666666666665 0.03981481481481482
0 0.3768229166666667 0.5074074074074074 0.022395833333333334 0.040740740740740744
0 0.5455729166666666 0.3819444444444444 0.024479166666666666 0.041666666666666664
0 0.5841145833333333 0.7277777777777777 0.024479166666666666 0.046296296296296294
0 0.5700520833333333 0.45555555555555555 0.022395833333333334 0.040740740740740744
0 0.59609375 0.5273148148148148 0.0234375 0.03981481481481482
0 0.55546875 0.4930555555555556 0.022395833333333334 0.03981481481481482
0 0.56796875 0.7680555555555556 0.025520833333333333 0.04537037037037037
0 0.56484375 0.6861111111111111 0.024479166666666666 0.04259259259259259
0 0.5953125 0.48518518518518516 0.022916666666666665 0.03888888888888889
0 0.5651041666666666 0.8152777777777778 0.026041666666666668 0.04722222222222222