0 0.7158854166666667 0.4949074074074074 0.024479166666666666 0.041666666666666664
0 0.6408854166666667 0.38657407407407407 0.0234375 0.041666666666666664
0 0.6252604166666667 0.2662037037037037 0.0234375 0.041666666666666664
0 0.5455729166666666 0.6425925925925926 0.022395833333333334 0.040740740740740744
0 0.3854166666666667 0.6814814814814815 0.022916666666666665 0.040740740740740744
0 0.4005208333333333 0.649074074074074 0.021875 0.03888888888888889
0 0.5578125 0.6069444444444444 0.021875 0.03981481481481482
0 0.35234375 0.5671296296296297 0.022395833333333334 0.03981481481481482
0 0.30234375 0.3861111111111111 0.022395833333333334 0.03888888888888889
0 0.27890625 0.5287037037037037 0.022395833333333334 0.03888888888888889
0 0.41432291666666665 0.6773148148148148 0.022395833333333334 0.03981481481481482
0 0.59296875 0.42824074074074076 0.022395833333333334 0.03981481481481482
0 0.23072916666666668 0.22175925925925927 0.022916666666666665 0.03981481481481482
0 0.32369791666666664 0.14953703703703702 0.022395833333333334 0.03981481481481482
0 0.55625 0.3435185185185185 0.022916666666666665 0.040740740740740744
0 0.5979166666666667 0.21574074074074073 0.021875 0.040740740740740744
0 0.4265625 0.6388888888888888 0.021875 0.03888888888888889
0 0.30390625 0.5282407407407408 0.022395833333333334 0.03796296296296296
0 0.37213541666666666 0.5416666666666666 0.021354166666666667 0.03888888888888889
0 0.2869791666666667 0.7560185185185185 0.021875 0.03981481481481482
0 0.5567708333333333 0.4236111111111111 0.021875 0.03981481481481482
0 0.453125 0.5796296296296296 0.021875 0.03888888888888889
0 0.6434895833333333 0.6097222222222223 0.0234375 0.041666666666666664
0 0.23098958333333333 0.7509259259259259 0.024479166666666666 0.04259259259259259
0 0.16197916666666667 0.6300925925925925 0.023958333333333335 0.03981481481481482
0 0.41119791666666666 0.42824074074074076 0.021354166666666667 0.03796296296296296
0 0.6645833333333333 0.1300925925925926 0.021875 0.03981481481481482
0 0.5588541666666667 0.20879629629629629 0.020833333333333332 0.03981481481481482
0 0.36354166666666665 0.37962962962962965 0.020833333333333332 0.03888888888888889
0 0.5997395833333333 0.17685185185185184 0.021354166666666667 0.03888888888888889
0 0.6768229166666667 0.5537037037037037 0.024479166666666666 0.04259259259259259
0 0.5411458333333333 0.19166666666666668 0.020833333333333332 0.03888888888888889
0 0.6890625 0.11481481481481481 0.022916666666666665 0.040740740740740744
0 0.27708333333333335 0.7069444444444445 0.023958333333333335 0.041666666666666664
0 0.4231770833333333 0.5648148148148148 0.021354166666666667 0.03888888888888889
0 0.4518229166666667 0.49444444444444446 0.022395833333333334 0.03888888888888889
0 0.253125 0.7842592592592592 0.021875 0.040740740740740744
0 0.4466145833333333 0.6157407407407407 0.021354166666666667 0.03888888888888889
0 0.35625 0.20601851851851852 0.020833333333333332 0.03796296296296296
0 0.43411458333333336 0.462037037037037 0.021354166666666667 0.03888888888888889
0 0.265625 0.7518518518518519 0.021875 0.040740740740740744
0 0.23229166666666667 0.8217592592592593 0.022916666666666665 0.041666666666666664
0 0.16458333333333333 0.475 0.022916666666666665 0.03888888888888889
0 0.40572916666666664 0.5472222222222223 0.021875 0.03888888888888889
0 0.4596354166666667 0.45231481481481484 0.022395833333333334 0.03981481481481482
0 0.48046875 0.3296296296296296 0.021354166666666667 0.03888888888888889
0 0.51875 0.13287037037037036 0.020833333333333332 0.03981481481481482
0 0.20677083333333332 0.8226851851851852 0.023958333333333335 0.041666666666666664
0 0.140625 0.41759259259259257 0.022916666666666665 0.03888888888888889
0 0.29010416666666666 0.812962962962963 0.022916666666666665 0.040740740740740744
0 0.3932291666666667 0.4064814814814815 0.020833333333333332 0.03888888888888889
0 0.6309895833333333 0.12037037037037036 0.021354166666666667 0.03888888888888889
0 0.5716145833333334 0.7282407407407407 0.0234375 0.041666666666666664
0 0.5494791666666666 0.15694444444444444 0.020833333333333332 0.03796296296296296
0 0.13541666666666666 0.5564814814814815 0.025 0.040740740740740744
0 0.375 0.31203703703703706 0.020833333333333332 0.03888888888888889
0 0.15677083333333333 0.4412037037037037 0.022916666666666665 0.03796296296296296
0 0.14114583333333333 0.6606481481481481 0.023958333333333335 0.03981481481481482
0 0.6075520833333333 0.1439814814814815 0.021354166666666667 0.03796296296296296
0 0.575 0.10555555555555556 0.021875 0.03888888888888889
0 0.12421875 0.3907407407407407 0.022395833333333334 0.03888888888888889
0 0.15520833333333334 0.38333333333333336 0.022916666666666665 0.03888888888888889
0 0.14661458333333333 0.3037037037037037 0.0234375 0.037037037037037035
0 0.4348958333333333 0.2884259259259259 0.020833333333333332 0.03981481481481482
0 0.27291666666666664 0.7949074074074074 0.021875 0.03981481481481482
0 0.4328125 0.5314814814814814 0.020833333333333332 0.03888888888888889
0 0.30833333333333335 0.3435185185185185 0.020833333333333332 0.03888888888888889
0 0.2565104166666667 0.8226851851851852 0.022395833333333334 0.041666666666666664
0 0.5533854166666666 0.11666666666666667 0.021354166666666667 0.03888888888888889
0 0.40338541666666666 0.26666666666666666 0.0203125 0.03888888888888889
0 0.29453125 0.30092592592592593 0.022395833333333334 0.03888888888888889
0 0.24869791666666666 0.19768518518518519 0.0203125 0.03796296296296296
0 0.2760416666666667 0.8421296296296297 0.022916666666666665 0.041666666666666664
0 0.3807291666666667 0.18796296296296297 0.020833333333333332 0.03888888888888889
0 0.46197916666666666 0.31342592592592594 0.020833333333333332 0.03981481481481482
0 0.14557291666666666 0.3472222222222222 0.0234375 0.03888888888888889
0 0.33125 0.30416666666666664 0.021875 0.03796296296296296
0 0.39036458333333335 0.24074074074074073 0.0203125 0.03888888888888889
0 0.6153645833333333 0.8384259259259259 0.024479166666666666 0.04537037037037037
0 0.26979166666666665 0.19768518518518519 0.021875 0.03796296296296296
0 0.34921875 0.35555555555555557 0.0203125 0.03888888888888889
0 0.2828125 0.1699074074074074 0.021875 0.03981481481481482
0 0.6296875 0.08472222222222223 0.020833333333333332 0.03796296296296296
0 0.45703125 0.2773148148148148 0.0203125 0.03796296296296296
0 0.3299479166666667 0.3421296296296296 0.0203125 0.03796296296296296
0 0.42291666666666666 0.1986111111111111 0.020833333333333332 0.03796296296296296
0 0.421875 0.25046296296296294 0.019791666666666666 0.03796296296296296
0 0.6580729166666667 0.08425925925925926 0.021354166666666667 0.037037037037037035
0 0.409375 0.225 0.020833333333333332 0.03888888888888889
0 0.4453125 0.25 0.019791666666666666 0.037037037037037035