0 0.6901041666666666 0.39351851851851855 0.022916666666666665 0.040740740740740744
0 0.5645833333333333 0.2967592592592593 0.021875 0.03981481481481482
0 0.46979166666666666 0.26435185185185184 0.021875 0.03981481481481482
0 0.4515625 0.5111111111111111 0.021875 0.040740740740740744
0 0.5169270833333334 0.48518518518518516 0.022395833333333334 0.040740740740740744
0 0.6265625 0.6134259259259259 0.022916666666666665 0.041666666666666664
0 0.5059895833333333 0.5203703703703704 0.022395833333333334 0.040740740740740744
0 0.48489583333333336 0.49537037037037035 0.020833333333333332 0.03888888888888889
0 0.4903645833333333 0.44907407407407407 0.021354166666666667 0.03888888888888889
0 0.6510416666666666 0.45185185185185184 0.021875 0.040740740740740744
0 0.47239583333333335 0.3398148148148148 0.020833333333333332 0.03888888888888889
0 0.5950520833333334 0.3648148148148148 0.0203125 0.03888888888888889
0 0.5533854166666666 0.3902777777777778 0.019270833333333334 0.03796296296296296
0 0.53203125 0.39444444444444443 0.0203125 0.037037037037037035
0 0.50625 0.3787037037037037 0.020833333333333332 0.03888888888888889
0 0.6427083333333333 0.4152777777777778 0.021875 0.03981481481481482
0 0.6184895833333334 0.4074074074074074 0.021354166666666667 0.03888888888888889
0 0.575 0.35462962962962963 0.020833333333333332 0.03888888888888889
0 0.57890625 0.3907407407407407 0.021354166666666667 0.03888888888888889