0 0.6721354166666667 0.4736111111111111 0.024479166666666666 0.041666666666666664
0 0.26510416666666664 0.5148148148148148 0.025 0.04259259259259259
0 0.6453125 0.41759259259259257 0.023958333333333335 0.040740740740740744
0 0.37916666666666665 0.5412037037037037 0.022916666666666665 0.03981481481481482
0 0.4265625 0.5328703703703703 0.022916666666666665 0.03981481481481482
0 0.6125 0.3472222222222222 0.022916666666666665 0.040740740740740744
0 0.47682291666666665 0.5236111111111111 0.022395833333333334 0.03981481481481482
0 0.5588541666666667 0.663425925925926 0.025 0.04351851851851852
0 0.4114583333333333 0.425 0.023958333333333335 0.040740740740740744
0 0.48385416666666664 0.5597222222222222 0.022916666666666665 0.03981481481481482
0 0.309375 0.5435185185185185 0.025 0.040740740740740744
0 0.5333333333333333 0.5643518518518519 0.023958333333333335 0.041666666666666664
0 0.40234375 0.5125 0.022395833333333334 0.03981481481481482
0 0.40234375 0.55 0.022395833333333334 0.03888888888888889
0 0.42265625 0.49398148148148147 0.022395833333333334 0.03796296296296296
0 0.396875 0.46064814814814814 0.022916666666666665 0.041666666666666664
0 0.43645833333333334 0.5717592592592593 0.022916666666666665 0.03981481481481482
0 0.42291666666666666 0.45601851851851855 0.022916666666666665 0.03981481481481482
0 0.41432291666666665 0.5805555555555556 0.022395833333333334 0.03888888888888889
0 0.47369791666666666 0.48148148148148145 0.0234375 0.040740740740740744
0 0.65546875 0.7402777777777778 0.0265625 0.04722222222222222