0 0.4283854166666667 0.42592592592592593 0.0203125 0.03888888888888889
0 0.4479166666666667 0.4152777777777778 0.020833333333333332 0.03796296296296296
0 0.40625 0.4041666666666667 0.020833333333333332 0.03796296296296296
0 0.43984375 0.46435185185185185 0.021354166666666667 0.03796296296296296
0 0.39036458333333335 0.37546296296296294 0.0203125 0.03796296296296296
0 0.50703125 0.33287037037037037 0.021354166666666667 0.03796296296296296
0 0.4244791666666667 0.3490740740740741 0.020833333333333332 0.03888888888888889
0 0.47109375 0.44907407407407407 0.0203125 0.03888888888888889
0 0.553125 0.2763888888888889 0.020833333333333332 0.03796296296296296
0 0.5403645833333334 0.39490740740740743 0.021354166666666667 0.03796296296296296
0 0.41875 0.5925925925925926 0.020833333333333332 0.03888888888888889
0 0.35598958333333336 0.6453703703703704 0.021354166666666667 0.03888888888888889
0 0.33098958333333334 0.6453703703703704 0.021354166666666667 0.03888888888888889
0 0.43802083333333336 0.6032407407407407 0.021875 0.03981481481481482
0 0.41796875 0.537962962962963 0.021354166666666667 0.03888888888888889
0 0.6192708333333333 0.6152777777777778 0.022916666666666665 0.041666666666666664
0 0.26328125 0.6597222222222222 0.022395833333333334 0.03981481481481482
0 0.32786458333333335 0.30833333333333335 0.0203125 0.037037037037037035
0 0.5734375 0.10601851851851851 0.020833333333333332 0.03981481481481482