0 0.5388020833333333 0.5435185185185185 0.022395833333333334 0.03888888888888889
0 0.5583333333333333 0.5296296296296297 0.021875 0.03888888888888889
0 0.5427083333333333 0.5074074074074074 0.020833333333333332 0.037037037037037035
0 0.32760416666666664 0.49907407407407406 0.021875 0.03888888888888889
0 0.4973958333333333 0.5009259259259259 0.021875 0.03888888888888889
0 0.4861979166666667 0.4685185185185185 0.021354166666666667 0.03888888888888889
0 0.5450520833333333 0.4699074074074074 0.021354166666666667 0.03981481481481482
0 0.5651041666666666 0.4597222222222222 0.020833333333333332 0.03981481481481482
0 0.5216145833333333 0.512962962962963 0.021354166666666667 0.03888888888888889
0 0.5567708333333333 0.5675925925925925 0.021875 0.03888888888888889
0 0.39895833333333336 0.35694444444444445 0.021875 0.03981481481481482
0 0.3307291666666667 0.562962962962963 0.021875 0.040740740740740744
0 0.396875 0.4976851851851852 0.021875 0.03981481481481482
0 0.3609375 0.4935185185185185 0.020833333333333332 0.03888888888888889
0 0.5453125 0.3925925925925926 0.021875 0.03888888888888889
0 0.22864583333333333 0.48055555555555557 0.022916666666666665 0.040740740740740744
0 0.4596354166666667 0.39351851851851855 0.022395833333333334 0.03888888888888889
0 0.2734375 0.4546296296296296 0.021875 0.03888888888888889
0 0.47708333333333336 0.2587962962962963 0.021875 0.03796296296296296