0 0.4817708333333333 0.28194444444444444 0.020833333333333332 0.03796296296296296
0 0.4708333333333333 0.44537037037037036 0.020833333333333332 0.037037037037037035
0 0.53984375 0.3902777777777778 0.021354166666666667 0.03796296296296296
0 0.6075520833333333 0.45092592592592595 0.022395833333333334 0.03888888888888889
0 0.3692708333333333 0.39490740740740743 0.020833333333333332 0.03796296296296296
0 0.33229166666666665 0.3314814814814815 0.020833333333333332 0.037037037037037035
0 0.31354166666666666 0.34953703703703703 0.020833333333333332 0.03796296296296296
0 0.3296875 0.3824074074074074 0.020833333333333332 0.037037037037037035
0 0.39765625 0.41435185185185186 0.0203125 0.03796296296296296
0 0.5098958333333333 0.4824074074074074 0.021875 0.040740740740740744
0 0.4119791666666667 0.27824074074074073 0.020833333333333332 0.03796296296296296
0 0.53046875 0.35694444444444445 0.021354166666666667 0.03796296296296296
0 0.5979166666666667 0.41064814814814815 0.021875 0.03796296296296296
0 0.4622395833333333 0.2708333333333333 0.0203125 0.03796296296296296
0 0.4671875 0.4837962962962963 0.021875 0.03796296296296296
0 0.42552083333333335 0.43472222222222223 0.020833333333333332 0.03796296296296296
0 0.5611979166666666 0.2625 0.021354166666666667 0.03796296296296296
0 0.6296875 0.5921296296296297 0.023958333333333335 0.041666666666666664
0 0.3372395833333333 0.5023148148148148 0.021354166666666667 0.03796296296296296