0 0.5125 0.45 0.020833333333333332 0.03888888888888889
0 0.49166666666666664 0.4337962962962963 0.020833333333333332 0.03796296296296296
0 0.5486979166666667 0.4587962962962963 0.021354166666666667 0.03796296296296296
0 0.3885416666666667 0.41435185185185186 0.020833333333333332 0.03796296296296296
0 0.546875 0.37546296296296294 0.020833333333333332 0.03796296296296296
0 0.5494791666666666 0.33240740740740743 0.020833333333333332 0.03888888888888889
0 0.5296875 0.512962962962963 0.020833333333333332 0.03888888888888889
0 0.3416666666666667 0.5083333333333333 0.021875 0.03888888888888889
0 0.40703125 0.5435185185185185 0.021354166666666667 0.03888888888888889
0 0.5466145833333333 0.5319444444444444 0.0203125 0.03796296296296296
0 0.3578125 0.3023148148148148 0.021875 0.03796296296296296
0 0.509375 0.5009259259259259 0.020833333333333332 0.03888888888888889
0 0.2786458333333333 0.4597222222222222 0.021875 0.03796296296296296
0 0.39817708333333335 0.5055555555555555 0.021354166666666667 0.037037037037037035
0 0.5221354166666666 0.3625 0.0203125 0.03796296296296296
0 0.37395833333333334 0.5032407407407408 0.020833333333333332 0.03796296296296296
0 0.3841145833333333 0.3476851851851852 0.021354166666666667 0.03796296296296296
0 0.43802083333333336 0.36018518518518516 0.020833333333333332 0.037037037037037035
0 0.25703125 0.47824074074074074 0.022395833333333334 0.03981481481481482