0 0.50859375 0.21805555555555556 0.0203125 0.03796296296296296
0 0.4979166666666667 0.18425925925925926 0.019791666666666666 0.037037037037037035
0 0.40911458333333334 0.34629629629629627 0.0203125 0.037037037037037035
0 0.5549479166666667 0.5527777777777778 0.021354166666666667 0.037037037037037035
0 0.5510416666666667 0.5157407407407407 0.020833333333333332 0.037037037037037035
0 0.4 0.5814814814814815 0.020833333333333332 0.03888888888888889
0 0.4421875 0.3675925925925926 0.020833333333333332 0.037037037037037035
0 0.3385416666666667 0.2550925925925926 0.020833333333333332 0.03796296296296296
0 0.5544270833333333 0.47962962962962963 0.021354166666666667 0.03888888888888889
0 0.5057291666666667 0.5328703703703703 0.020833333333333332 0.03796296296296296
0 0.3671875 0.2935185185185185 0.019791666666666666 0.037037037037037035
0 0.3106770833333333 0.7282407407407407 0.022395833333333334 0.041666666666666664
0 0.2825520833333333 0.7 0.022395833333333334 0.040740740740740744
0 0.3846354166666667 0.324537037037037 0.0203125 0.03796296296296296
0 0.64375 0.41203703703703703 0.021875 0.03888888888888889
0 0.6736979166666667 0.4046296296296296 0.022395833333333334 0.03888888888888889
0 0.5270833333333333 0.1685185185185185 0.019791666666666666 0.037037037037037035
0 0.5330729166666667 0.5375 0.021354166666666667 0.03796296296296296
0 0.46796875 0.5791666666666667 0.0203125 0.03796296296296296
0 0.340625 0.2916666666666667 0.019791666666666666 0.037037037037037035
0 0.6963541666666667 0.1625 0.022916666666666665 0.03981481481481482
0 0.2890625 0.7361111111111112 0.021875 0.040740740740740744
0 0.42135416666666664 0.5828703703703704 0.020833333333333332 0.03796296296296296
0 0.5083333333333333 0.15416666666666667 0.019791666666666666 0.03796296296296296
0 0.42109375 0.30462962962962964 0.0203125 0.037037037037037035
0 0.45859375 0.5439814814814815 0.0203125 0.03796296296296296
0 0.31927083333333334 0.2657407407407407 0.019791666666666666 0.037037037037037035
0 0.5510416666666667 0.40879629629629627 0.020833333333333332 0.03796296296296296
0 0.54921875 0.2657407407407407 0.021354166666666667 0.03888888888888889
0 0.4783854166666667 0.5208333333333334 0.021354166666666667 0.03796296296296296
0 0.4466145833333333 0.5768518518518518 0.0203125 0.03888888888888889
0 0.27578125 0.7787037037037037 0.022395833333333334 0.040740740740740744
0 0.2911458333333333 0.22037037037037038 0.020833333333333332 0.037037037037037035
0 0.49296875 0.4203703703703704 0.0203125 0.037037037037037035
0 0.47109375 0.21666666666666667 0.0203125 0.037037037037037035
0 0.3143229166666667 0.21712962962962962 0.0203125 0.03796296296296296
0 0.37916666666666665 0.5930555555555556 0.020833333333333332 0.03981481481481482
0 0.52578125 0.13287037037037036 0.0203125 0.03611111111111111
0 0.43072916666666666 0.6143518518518518 0.020833333333333332 0.03796296296296296