0 0.47213541666666664 0.46111111111111114 0.0203125 0.037037037037037035
0 0.6236979166666666 0.41435185185185186 0.021354166666666667 0.03796296296296296
0 0.46875 0.42314814814814816 0.019791666666666666 0.037037037037037035
0 0.5916666666666667 0.4564814814814815 0.021875 0.03888888888888889
0 0.33255208333333336 0.4759259259259259 0.0203125 0.037037037037037035
0 0.6471354166666666 0.45555555555555555 0.022395833333333334 0.03888888888888889
0 0.35 0.49583333333333335 0.020833333333333332 0.03796296296296296
0 0.6231770833333333 0.4810185185185185 0.021354166666666667 0.03796296296296296
0 0.6140625 0.4476851851851852 0.021875 0.03796296296296296
0 0.5966145833333333 0.41898148148148145 0.021354166666666667 0.03796296296296296
0 0.48984375 0.47824074074074074 0.0203125 0.03796296296296296
0 0.5041666666666667 0.5064814814814815 0.020833333333333332 0.037037037037037035
0 0.44921875 0.4375 0.0203125 0.03796296296296296
0 0.45625 0.48564814814814816 0.020833333333333332 0.03796296296296296
0 0.4231770833333333 0.33101851851851855 0.0203125 0.03611111111111111
0 0.4109375 0.29953703703703705 0.021875 0.03796296296296296
0 0.40729166666666666 0.4652777777777778 0.020833333333333332 0.03611111111111111
0 0.2721354166666667 0.48657407407407405 0.022395833333333334 0.03981481481481482
0 0.5372395833333333 0.2337962962962963 0.021354166666666667 0.03796296296296296