0 0.3458333333333333 0.4111111111111111 0.020833333333333332 0.037037037037037035
0 0.5979166666666667 0.19953703703703704 0.020833333333333332 0.03796296296296296
0 0.33359375 0.47453703703703703 0.021354166666666667 0.03796296296296296
0 0.5541666666666667 0.49675925925925923 0.020833333333333332 0.03796296296296296
0 0.5518229166666667 0.5337962962962963 0.021354166666666667 0.03796296296296296
0 0.28203125 0.49212962962962964 0.0203125 0.03796296296296296
0 0.5328125 0.5046296296296297 0.020833333333333332 0.03888888888888889
0 0.36484375 0.6638888888888889 0.021354166666666667 0.03888888888888889
0 0.5119791666666667 0.5027777777777778 0.020833333333333332 0.03888888888888889
0 0.43333333333333335 0.18981481481481483 0.019791666666666666 0.037037037037037035
0 0.28567708333333336 0.7027777777777777 0.022395833333333334 0.040740740740740744
0 0.5997395833333333 0.44537037037037036 0.021354166666666667 0.037037037037037035
0 0.32109375 0.7162037037037037 0.021354166666666667 0.03981481481481482
0 0.38385416666666666 0.20925925925925926 0.020833333333333332 0.037037037037037035
0 0.3255208333333333 0.6263888888888889 0.021875 0.03981481481481482
0 0.5299479166666666 0.5407407407407407 0.021354166666666667 0.03888888888888889
0 0.3072916666666667 0.6527777777777778 0.020833333333333332 0.03888888888888889
0 0.30416666666666664 0.4912037037037037 0.020833333333333332 0.03796296296296296
0 0.4395833333333333 0.5819444444444445 0.020833333333333332 0.03796296296296296
0 0.37942708333333336 0.6296296296296297 0.021354166666666667 0.03888888888888889
0 0.29401041666666666 0.7375 0.021354166666666667 0.03981481481481482
0 0.34348958333333335 0.662962962962963 0.0203125 0.03888888888888889
0 0.4901041666666667 0.3333333333333333 0.021875 0.03888888888888889
0 0.6130208333333333 0.11064814814814815 0.021875 0.03981481481481482
0 0.6408854166666667 0.19490740740740742 0.021354166666666667 0.03796296296296296
0 0.31614583333333335 0.4041666666666667 0.020833333333333332 0.03796296296296296
0 0.3690104166666667 0.5398148148148149 0.021354166666666667 0.03888888888888889
0 0.29453125 0.6138888888888889 0.021354166666666667 0.03888888888888889
0 0.2921875 0.4532407407407407 0.020833333333333332 0.03796296296296296
0 0.31588541666666664 0.2152777777777778 0.0203125 0.03796296296296296
0 0.6119791666666666 0.4115740740740741 0.021875 0.03796296296296296
0 0.29244791666666664 0.22083333333333333 0.0203125 0.03796296296296296
0 0.42291666666666666 0.6194444444444445 0.020833333333333332 0.03888888888888889
0 0.7057291666666666 0.15601851851851853 0.022916666666666665 0.03981481481481482
0 0.34322916666666664 0.3712962962962963 0.020833333333333332 0.037037037037037035
0 0.2760416666666667 0.7842592592592592 0.022916666666666665 0.040740740740740744
0 0.5677083333333334 0.11712962962962963 0.021875 0.03796296296296296
0 0.684375 0.28703703703703703 0.022916666666666665 0.040740740740740744
0 0.27057291666666666 0.44583333333333336 0.021354166666666667 0.03796296296296296