0 0.5140625 0.2601851851851852 0.020833333333333332 0.03888888888888889
0 0.5354166666666667 0.24861111111111112 0.020833333333333332 0.03796296296296296
0 0.3333333333333333 0.4652777777777778 0.020833333333333332 0.03796296296296296
0 0.3572916666666667 0.45555555555555555 0.020833333333333332 0.037037037037037035
0 0.346875 0.4074074074074074 0.020833333333333332 0.037037037037037035
0 0.5244791666666667 0.5064814814814815 0.020833333333333332 0.03888888888888889
0 0.5182291666666666 0.4708333333333333 0.020833333333333332 0.03796296296296296
0 0.36744791666666665 0.48657407407407405 0.021354166666666667 0.03796296296296296
0 0.3372395833333333 0.22175925925925927 0.0203125 0.03796296296296296
0 0.309375 0.4273148148148148 0.020833333333333332 0.03796296296296296
0 0.4002604166666667 0.6087962962962963 0.021354166666666667 0.03981481481481482
0 0.49921875 0.5236111111111111 0.0203125 0.03796296296296296
0 0.44505208333333335 0.5921296296296297 0.021354166666666667 0.03796296296296296
0 0.6666666666666666 0.41203703703703703 0.022916666666666665 0.03888888888888889
0 0.54453125 0.2814814814814815 0.0203125 0.037037037037037035
0 0.43697916666666664 0.5587962962962963 0.020833333333333332 0.03796296296296296
0 0.2484375 0.8467592592592592 0.022916666666666665 0.041666666666666664
0 0.4861979166666667 0.5541666666666667 0.0203125 0.03796296296296296
0 0.47734375 0.5203703703703704 0.0203125 0.03888888888888889
0 0.6942708333333333 0.16666666666666666 0.022916666666666665 0.03888888888888889
0 0.5565104166666667 0.10833333333333334 0.021354166666666667 0.03888888888888889
0 0.3455729166666667 0.4935185185185185 0.0203125 0.037037037037037035
0 0.36640625 0.23564814814814813 0.0203125 0.03796296296296296
0 0.321875 0.5018518518518519 0.020833333333333332 0.03888888888888889
0 0.2265625 0.4564814814814815 0.021875 0.037037037037037035
0 0.3260416666666667 0.6194444444444445 0.022916666666666665 0.040740740740740744
0 0.28046875 0.736574074074074 0.022395833333333334 0.041666666666666664
0 0.40208333333333335 0.5694444444444444 0.020833333333333332 0.037037037037037035
0 0.3890625 0.27037037037037037 0.020833333333333332 0.03888888888888889
0 0.42135416666666664 0.5356481481481481 0.020833333333333332 0.03796296296296296
0 0.45651041666666664 0.5171296296296296 0.0203125 0.03796296296296296
0 0.30703125 0.30694444444444446 0.021354166666666667 0.03796296296296296
0 0.19375 0.3648148148148148 0.020833333333333332 0.037037037037037035
0 0.57109375 0.17546296296296296 0.0203125 0.03796296296296296
0 0.4947916666666667 0.2199074074074074 0.020833333333333332 0.03796296296296296
0 0.43307291666666664 0.4875 0.0203125 0.03796296296296296
0 0.3770833333333333 0.6106481481481482 0.020833333333333332 0.03981481481481482
0 0.2786458333333333 0.7962962962962963 0.021875 0.04259259259259259
0 0.5494791666666666 0.17407407407407408 0.019791666666666666 0.037037037037037035