0 0.4903645833333333 0.33101851851851855 0.0203125 0.03611111111111111
0 0.5528645833333333 0.32083333333333336 0.0203125 0.03796296296296296
0 0.4739583333333333 0.30833333333333335 0.019791666666666666 0.037037037037037035
0 0.5203125 0.28564814814814815 0.020833333333333332 0.03796296296296296
0 0.28567708333333336 0.7185185185185186 0.022395833333333334 0.040740740740740744
0 0.3372395833333333 0.22037037037037038 0.0203125 0.037037037037037035
0 0.5497395833333333 0.4444444444444444 0.021354166666666667 0.03888888888888889
0 0.5065104166666666 0.462037037037037 0.021354166666666667 0.040740740740740744
0 0.5236979166666667 0.4773148148148148 0.0203125 0.03796296296296296
0 0.30859375 0.7199074074074074 0.021354166666666667 0.03981481481481482
0 0.26197916666666665 0.75 0.022916666666666665 0.040740740740740744
0 0.465625 0.26064814814814813 0.020833333333333332 0.03796296296296296
0 0.540625 0.2916666666666667 0.019791666666666666 0.037037037037037035
0 0.490625 0.2865740740740741 0.019791666666666666 0.03796296296296296
0 0.2942708333333333 0.7523148148148148 0.021875 0.03981481481481482
0 0.4942708333333333 0.37222222222222223 0.020833333333333332 0.037037037037037035
0 0.5427083333333333 0.39675925925925926 0.020833333333333332 0.03796296296296296
0 0.4875 0.4847222222222222 0.019791666666666666 0.03796296296296296
0 0.6677083333333333 0.4111111111111111 0.022916666666666665 0.03888888888888889
0 0.26458333333333334 0.711574074074074 0.022916666666666665 0.03981481481481482
0 0.5783854166666667 0.3162037037037037 0.021354166666666667 0.03796296296296296
0 0.5263020833333333 0.5152777777777777 0.021354166666666667 0.03796296296296296
0 0.6942708333333333 0.16620370370370371 0.022916666666666665 0.03981481481481482
0 0.46901041666666665 0.5041666666666667 0.0203125 0.03796296296296296
0 0.5484375 0.24722222222222223 0.020833333333333332 0.03888888888888889
0 0.55703125 0.10740740740740741 0.021354166666666667 0.040740740740740744
0 0.50703125 0.5328703703703703 0.021354166666666667 0.03796296296296296
0 0.19401041666666666 0.3638888888888889 0.021354166666666667 0.037037037037037035
0 0.38619791666666664 0.21574074074074073 0.0203125 0.037037037037037035
0 0.30625 0.30648148148148147 0.020833333333333332 0.037037037037037035
0 0.27682291666666664 0.7768518518518519 0.021354166666666667 0.03888888888888889
0 0.22630208333333332 0.45555555555555555 0.021354166666666667 0.037037037037037035
0 0.5721354166666667 0.1699074074074074 0.0203125 0.03796296296296296
0 0.48776041666666664 0.5236111111111111 0.0203125 0.03796296296296296
0 0.328125 0.4685185185185185 0.021875 0.03888888888888889
0 0.5515625 0.16805555555555557 0.019791666666666666 0.03796296296296296
0 0.52890625 0.5504629629629629 0.021354166666666667 0.03796296296296296
0 0.4479166666666667 0.4925925925925926 0.020833333333333332 0.03888888888888889
0 0.34401041666666665 0.49027777777777776 0.021354166666666667 0.03796296296296296