0 0.32317708333333334 0.4888888888888889 0.024479166666666666 0.04259259259259259
0 0.5026041666666666 0.33240740740740743 0.022916666666666665 0.040740740740740744
0 0.5091145833333334 0.2212962962962963 0.022395833333333334 0.037037037037037035
0 0.54453125 0.324537037037037 0.022395833333333334 0.03981481481481482
0 0.378125 0.3712962962962963 0.023958333333333335 0.040740740740740744
0 0.6661458333333333 0.5231481481481481 0.025 0.040740740740740744
0 0.42864583333333334 0.5523148148148148 0.023958333333333335 0.03796296296296296
0 0.38984375 0.549537037037037 0.0234375 0.03981481481481482
0 0.28463541666666664 0.5981481481481481 0.025520833333333333 0.040740740740740744
0 0.4348958333333333 0.5879629629629629 0.025 0.040740740740740744
0 0.55390625 0.6421296296296296 0.025520833333333333 0.04351851851851852
0 0.5270833333333333 0.34814814814814815 0.021875 0.040740740740740744
0 0.33229166666666665 0.6046296296296296 0.023958333333333335 0.040740740740740744
0 0.5510416666666667 0.25416666666666665 0.021875 0.03796296296296296
0 0.30572916666666666 0.5773148148148148 0.022916666666666665 0.03796296296296296
0 0.62421875 0.6393518518518518 0.025520833333333333 0.04351851851851852
0 0.35104166666666664 0.5476851851851852 0.023958333333333335 0.03981481481481482
0 0.32838541666666665 0.5712962962962963 0.0234375 0.037037037037037035
0 0.4080729166666667 0.5708333333333333 0.022395833333333334 0.03796296296296296
0 0.353125 0.5842592592592593 0.023958333333333335 0.03888888888888889
0 0.37890625 0.5833333333333334 0.0234375 0.03888888888888889