0 0.4696770833333333 0.47212037037037036 0.022598958333333332 0.03975
0 0.45871354166666667 0.5035092592592593 0.021265625 0.03976851851851852
0 0.4457760416666667 0.4744351851851852 0.021661458333333335 0.040462962962962964
0 0.4971197916666667 0.47953703703703704 0.02178125 0.03955555555555555
0 0.5315677083333333 0.39589814814814817 0.020927083333333332 0.040601851851851854
0 0.5104166666666666 0.45112962962962966 0.022354166666666668 0.04014814814814815
0 0.536140625 0.3549907407407407 0.02090104166666667 0.039009259259259264
0 0.5427083333333333 0.5029907407407408 0.022609374999999998 0.04100925925925926
0 0.503390625 0.5529907407407407 0.022078125 0.04162037037037037
0 0.5214427083333333 0.5368425925925926 0.02136979166666667 0.04036111111111111
0 0.36961979166666664 0.2167777777777778 0.021666666666666667 0.038935185185185184
0 0.3818020833333333 0.24286111111111114 0.022427083333333334 0.039657407407407405
0 0.5134583333333333 0.32716666666666666 0.021619791666666666 0.03976851851851852
0 0.45234895833333333 0.5597314814814814 0.021854166666666668 0.04070370370370371
0 0.467625 0.5339629629629629 0.02138020833333333 0.03811111111111111
0 0.49250520833333333 0.25730555555555557 0.022197916666666664 0.04142592592592593
0 0.4614322916666667 0.39769444444444446 0.021020833333333332 0.037981481481481484
0 0.40850520833333337 0.44496296296296295 0.022828124999999998 0.04140740740740741
0 0.5129375 0.2551481481481481 0.020781249999999998 0.03827777777777778
0 0.5888333333333333 0.23699074074074072 0.021411458333333334 0.04064814814814815
0 0.57303125 0.27274074074074073 0.0230625 0.04016666666666667
0 0.4125 0.3055555555555556 0.020833333333333332 0.037037037037037035
0 0.7994791666666666 0.6263888888888889 0.025 0.04351851851851852
0 0.60821875 0.18019444444444446 0.021645833333333333 0.04002777777777777
0 0.4427083333333333 0.5273240740740741 0.021328125 0.04028703703703704
0 0.7546875 0.49398148148148147 0.023958333333333335 0.041666666666666664
0 0.397453125 0.2625 0.021994791666666666 0.03611111111111111
0 0.47317708333333336 0.36666666666666664 0.019270833333333334 0.03518518518518519
0 0.37552083333333336 0.18194444444444444 0.019791666666666666 0.03796296296296296
0 0.4354166666666667 0.6361111111111111 0.020833333333333332 0.03888888888888889
0 0.7770833333333333 0.5509259259259259 0.023958333333333335 0.040740740740740744
0 0.5514479166666667 0.387712962962963 0.022260416666666668 0.041935185185185186
0 0.40182291666666664 0.6328703703703704 0.021354166666666667 0.03796296296296296
0 0.6955729166666667 0.5412037037037037 0.022395833333333334 0.03981481481481482
0 0.4368020833333333 0.22269444444444444 0.022239583333333333 0.03922222222222222
0 0.42783333333333334 0.2820462962962963 0.02225 0.03841666666666667
0 0.4640052083333333 0.5875185185185186 0.02236979166666667 0.04069444444444445
0 0.36796875 0.15 0.0203125 0.037037037037037035
0 0.315625 0.7189814814814814 0.021875 0.03981481481481482
0 0.7635416666666667 0.8032407407407407 0.025 0.04351851851851852
0 0.49666145833333336 0.30762962962962964 0.023104166666666665 0.039324074074074074
0 0.3453125 0.6106481481481482 0.020833333333333332 0.03796296296296296
0 0.78828125 0.5162037037037037 0.0234375 0.041666666666666664
0 0.40651041666666665 0.4861111111111111 0.021354166666666667 0.03888888888888889
0 0.49618229166666666 0.42592592592592593 0.021531250000000002 0.037037037037037035
0 0.41328125 0.16157407407407406 0.0203125 0.03796296296296296
0 0.19453125 0.3597222222222222 0.021354166666666667 0.03796296296296296
0 0.759375 0.5912037037037037 0.023958333333333335 0.041666666666666664
0 0.44641145833333334 0.30098148148148146 0.020953125 0.03611111111111111
0 0.26484375 0.8226851851851852 0.022395833333333334 0.03981481481481482
0 0.5153645833333333 0.362962962962963 0.0203125 0.037037037037037035
0 0.77265625 0.7106481481481481 0.024479166666666666 0.04351851851851852
0 0.3260416666666667 0.6587962962962963 0.021875 0.03981481481481482
0 0.45677083333333335 0.4425925925925926 0.020833333333333332 0.03888888888888889
0 0.47734375 0.4382685185185185 0.021354166666666667 0.040740740740740744
0 0.10338541666666666 0.8162037037037037 0.0234375 0.041666666666666664
0 0.5505208333333333 0.5745370370370371 0.021875 0.03981481481481482
0 0.48828125 0.5277777777777778 0.0203125 0.037037037037037035
0 0.47942708333333334 0.5611111111111111 0.0203125 0.037037037037037035
0 0.4825052083333333 0.4001481481481482 0.021484375 0.03861111111111112
0 0.5427916666666667 0.539712962962963 0.020661458333333334 0.03725
0 0.27630208333333334 0.7856481481481481 0.021354166666666667 0.03981481481481482
0 0.30416666666666664 0.6796296296296296 0.020833333333333332 0.03888888888888889
0 0.4791666666666667 0.4986111111111111 0.020833333333333332 0.03796296296296296
0 0.35576041666666663 0.18981481481481483 0.020890625 0.037037037037037035
0 0.5629635416666667 0.5283425925925926 0.022807291666666667 0.04187962962962963
0 0.22864583333333333 0.4537037037037037 0.022916666666666665 0.03888888888888889
0 0.5059895833333333 0.5097222222222222 0.022395833333333334 0.03981481481481482
0 0.550203125 0.2652777777777778 0.02228645833333333 0.03796296296296296
0 0.31875 0.6240740740740741 0.021875 0.03888888888888889
0 0.27838541666666666 0.7453703703703703 0.022395833333333334 0.040740740740740744
0 0.53203125 0.23564814814814813 0.0203125 0.03796296296296296
0 0.534375 0.44027777777777777 0.020833333333333332 0.03981481481481482
0 0.33645833333333336 0.17824074074074073 0.019791666666666666 0.03796296296296296
0 0.2942708333333333 0.7199074074074074 0.020833333333333332 0.03981481481481482
0 0.5419270833333333 0.20416666666666666 0.0203125 0.03796296296296296
0 0.520578125 0.29300925925925925 0.022406250000000003 0.041574074074074076
0 0.42882291666666666 0.5023148148148148 0.02118229166666667 0.03796296296296296
0 0.45989583333333334 0.25324074074074077 0.019791666666666666 0.03796296296296296
0 0.2984375 0.6435185185185185 0.021875 0.040740740740740744
0 0.2947916666666667 0.5976851851851852 0.021875 0.03981481481481482
0 0.4786458333333333 0.2175925925925926 0.019791666666666666 0.037037037037037035
0 0.47708333333333336 0.28564814814814815 0.019791666666666666 0.03796296296296296
0 0.5213541666666667 0.48333333333333334 0.020833333333333332 0.03888888888888889
0 0.42604166666666665 0.4625 0.019791666666666666 0.03796296296296296
0 0.443546875 0.4162037037037037 0.02147395833333333 0.03796296296296296
0 0.45630729166666667 0.20833333333333334 0.020953125 0.037037037037037035
0 0.4296302083333333 0.18868518518518518 0.020723958333333334 0.03662962962962963
0 0.4473958333333333 0.37083333333333335 0.020833333333333332 0.03796296296296296
0 0.4381979166666667 0.33935185185185185 0.02118229166666667 0.03796296296296296