0 0.44222395833333333 0.5093240740740741 0.021828124999999997 0.04172222222222222
0 0.5136197916666666 0.4971574074074074 0.022197916666666664 0.04198148148148149
0 0.47506770833333334 0.5246759259259259 0.022197916666666664 0.038268518518518514
0 0.35052083333333334 0.6268518518518519 0.017708333333333333 0.03333333333333333
0 0.42108333333333337 0.5246018518518519 0.023161458333333333 0.04210185185185185
0 0.551265625 0.43419444444444444 0.02159895833333333 0.04064814814814815
0 0.386984375 0.3270555555555556 0.021901041666666666 0.040388888888888884
0 0.4005208333333333 0.5414074074074074 0.022197916666666664 0.04052777777777778
0 0.6017760416666668 0.355287037037037 0.021307291666666665 0.04026851851851852
0 0.6338906249999999 0.2904814814814815 0.023911458333333333 0.03998148148148148
0 0.49300520833333333 0.5044351851851852 0.022364583333333334 0.04148148148148148
0 0.4560677083333333 0.5810833333333334 0.021677083333333333 0.039462962962962964
0 0.7614583333333333 0.31296296296296294 0.022916666666666665 0.03888888888888889
0 0.7567708333333333 0.4930555555555556 0.023958333333333335 0.041666666666666664
0 0.41182812500000004 0.6141574074074073 0.020552083333333335 0.040240740740740744
0 0.6197916666666666 0.14675925925925926 0.020833333333333332 0.03796296296296296
0 0.3814375 0.5551574074074075 0.0224375 0.04081481481481481
0 0.32872395833333334 0.6363796296296296 0.022958333333333334 0.04240740740740741
0 0.3926354166666667 0.6378425925925926 0.022958333333333334 0.04212962962962963
0 0.6125 0.3246759259259259 0.022963541666666667 0.04174074074074074
0 0.7515625 0.42916666666666664 0.023958333333333335 0.041666666666666664
0 0.347171875 0.6856481481481481 0.022046875 0.04012037037037037
0 0.6434531250000001 0.360787037037037 0.02475 0.0412037037037037
0 0.33783854166666666 0.3079351851851852 0.021505208333333335 0.03810185185185185
0 0.3623125 0.33162037037037034 0.021208333333333333 0.039157407407407405
0 0.336046875 0.21912037037037038 0.021364583333333336 0.039296296296296294
0 0.6349739583333334 0.32811111111111113 0.022932291666666667 0.03958333333333333
0 0.613390625 0.3867685185185185 0.022187500000000002 0.03917592592592593
0 0.696875 0.5444444444444444 0.022916666666666665 0.03888888888888889
0 0.34791666666666665 0.5412037037037037 0.020833333333333332 0.03796296296296296
0 0.6038697916666667 0.2718981481481481 0.023104166666666665 0.040657407407407406
0 0.3261927083333333 0.6834814814814815 0.021453125 0.04292592592592592
0 0.5533854166666666 0.4759259259259259 0.0203125 0.037037037037037035
0 0.42358854166666665 0.47685185185185186 0.022786458333333332 0.03998148148148148
0 0.41849479166666664 0.5685185185185185 0.022130208333333335 0.040796296296296296
0 0.31607291666666665 0.19576851851851854 0.021729166666666667 0.03969444444444444
0 0.8020833333333334 0.6240740740740741 0.025 0.04259259259259259
0 0.5853802083333334 0.4160740740740741 0.021953125 0.038768518518518515
0 0.3662239583333333 0.6498055555555555 0.022223958333333335 0.04148148148148148
0 0.19479166666666667 0.3597222222222222 0.021875 0.03796296296296296
0 0.5526041666666667 0.3973611111111111 0.021583333333333333 0.03810185185185185
0 0.5326302083333333 0.3871111111111111 0.022291666666666664 0.04200925925925926
0 0.71640625 0.13240740740740742 0.022395833333333334 0.03888888888888889
0 0.36001041666666667 0.21197222222222223 0.022260416666666668 0.038768518518518515
0 0.3833697916666667 0.24643518518518517 0.021078125 0.03812962962962963
0 0.2669270833333333 0.4287037037037037 0.022395833333333334 0.03888888888888889
0 0.3640625 0.29212962962962963 0.021875 0.03796296296296296
0 0.38642187499999997 0.20562037037037037 0.022119791666666666 0.04012037037037037
0 0.56171875 0.34444444444444444 0.018229166666666668 0.03333333333333333
0 0.7796875 0.5509259259259259 0.023958333333333335 0.040740740740740744
0 0.7658854166666667 0.8023148148148148 0.024479166666666666 0.04351851851851852
0 0.41901041666666666 0.6550925925925926 0.021354166666666667 0.03796296296296296
0 0.7989583333333333 0.2351851851851852 0.023958333333333335 0.040740740740740744
0 0.371875 0.6851851851851852 0.021875 0.03888888888888889
0 0.6182291666666667 0.45601851851851855 0.021875 0.03796296296296296
0 0.43872916666666667 0.5517222222222222 0.021208333333333333 0.03862962962962963
0 0.7911458333333333 0.5152777777777777 0.025 0.041666666666666664
0 0.5588541666666667 0.16296296296296298 0.020833333333333332 0.037037037037037035
0 0.62578125 0.42083333333333334 0.021354166666666667 0.03796296296296296
0 0.7763020833333333 0.7083333333333334 0.024479166666666666 0.04259259259259259
0 0.7604166666666666 0.5930555555555556 0.023958333333333335 0.041666666666666664
0 0.47265625 0.2657407407407407 0.0203125 0.037037037037037035
0 0.4744791666666667 0.5611111111111111 0.021875 0.03888888888888889
0 0.5489583333333333 0.575 0.021875 0.03888888888888889
0 0.6744791666666666 0.4824074074074074 0.022916666666666665 0.03888888888888889
0 0.5473958333333333 0.2652777777777778 0.020833333333333332 0.03796296296296296
0 0.2625 0.8263888888888888 0.022916666666666665 0.041666666666666664
0 0.34765625 0.2763888888888889 0.0203125 0.03611111111111111
0 0.4981041666666667 0.31977777777777777 0.021208333333333333 0.037703703703703705
0 0.44427083333333334 0.399537037037037 0.020833333333333332 0.03796296296296296
0 0.228125 0.4532407407407407 0.021875 0.03796296296296296
0 0.30442708333333335 0.22407407407407406 0.0203125 0.037037037037037035
0 0.39445833333333336 0.440212962962963 0.02225 0.03810185185185185
0 0.27708333333333335 0.7865740740740741 0.021875 0.03981481481481482
0 0.41067708333333336 0.3814814814814815 0.0203125 0.037037037037037035
0 0.5559895833333334 0.12824074074074074 0.0203125 0.03611111111111111
0 0.5458333333333333 0.5361111111111111 0.020833333333333332 0.03888888888888889
0 0.424515625 0.4097222222222222 0.020911458333333334 0.03796296296296296
0 0.4309895833333333 0.6240740740740741 0.021354166666666667 0.03888888888888889
0 0.278125 0.7449074074074075 0.022916666666666665 0.041666666666666664
0 0.4427083333333333 0.21203703703703702 0.020833333333333332 0.037037037037037035
0 0.3046875 0.674074074074074 0.021875 0.040740740740740744
0 0.39921875 0.35324074074074074 0.0203125 0.03611111111111111
0 0.48463541666666665 0.46574074074074073 0.0203125 0.037037037037037035
0 0.5041666666666667 0.5347222222222222 0.020833333333333332 0.03796296296296296
0 0.5257864583333334 0.5275185185185185 0.022114583333333333 0.04022222222222222
0 0.30703125 0.6333333333333333 0.021354166666666667 0.03888888888888889
0 0.6057291666666667 0.11944444444444445 0.020833333333333332 0.03888888888888889
0 0.2947916666666667 0.5981481481481481 0.021875 0.03888888888888889
0 0.29401041666666666 0.7199074074074074 0.022395833333333334 0.03981481481481482