0 0.5269010416666666 0.512 0.022734374999999998 0.03864814814814815
0 0.39671875 0.5252222222222223 0.023093750000000003 0.039009259259259264
0 0.37258854166666666 0.5467407407407407 0.023072916666666665 0.03775925925925926
0 0.5334895833333333 0.3809814814814815 0.021374999999999998 0.04012962962962963
0 0.4150677083333333 0.6113888888888889 0.022348958333333332 0.038564814814814816
0 0.5485260416666667 0.505175925925926 0.022687500000000003 0.03916666666666666
0 0.504859375 0.5206481481481481 0.021807291666666666 0.03880555555555555
0 0.48106770833333334 0.538324074074074 0.023093750000000003 0.04017592592592593
0 0.3575989583333333 0.5794722222222223 0.02334375 0.04186111111111111
0 0.45409895833333336 0.5387685185185185 0.0235 0.04242592592592593
0 0.38619791666666664 0.23472222222222222 0.0203125 0.03611111111111111
0 0.5123177083333333 0.4851666666666667 0.022687500000000003 0.04158333333333333
0 0.6815104166666667 0.21712962962962962 0.022395833333333334 0.03981481481481482
0 0.499265625 0.5559537037037037 0.021442708333333334 0.03784259259259259
0 0.5283854166666667 0.1824074074074074 0.0203125 0.037037037037037035
0 0.4203125 0.2462962962962963 0.019791666666666666 0.037037037037037035
0 0.5503645833333334 0.4002777777777778 0.022640625 0.039685185185185184
0 0.4518229166666667 0.3939814814814815 0.0203125 0.03611111111111111
0 0.5771614583333334 0.22715740740740742 0.022166666666666668 0.04037037037037037
0 0.37821354166666665 0.5103425925925925 0.02322916666666667 0.03952777777777777
0 0.79921875 0.625462962962963 0.024479166666666666 0.041666666666666664
0 0.5880208333333333 0.19675925925925927 0.020833333333333332 0.03796296296296296
0 0.41814062500000004 0.5149537037037036 0.022145833333333333 0.041824074074074076
0 0.7546875 0.49398148148148147 0.023958333333333335 0.041666666666666664
0 0.4353125 0.3490740740740741 0.021671875 0.037037037037037035
0 0.5755208333333334 0.3814814814814815 0.020833333333333332 0.037037037037037035
0 0.394203125 0.16841666666666666 0.020968749999999998 0.0402962962962963
0 0.39453125 0.6023148148148149 0.0203125 0.03796296296296296
0 0.48515625 0.2708333333333333 0.0203125 0.03796296296296296
0 0.5578020833333334 0.5728611111111112 0.022619791666666667 0.04234259259259259
0 0.6950520833333333 0.5407407407407407 0.0234375 0.03888888888888889
0 0.36916666666666664 0.21937962962962965 0.021942708333333335 0.038768518518518515
0 0.40082812500000004 0.6382592592592593 0.022348958333333332 0.04005555555555555
0 0.34765625 0.49907407407407406 0.021354166666666667 0.03888888888888889
0 0.37628125 0.18472222222222223 0.022348958333333332 0.03796296296296296
0 0.5274479166666667 0.3446296296296296 0.022322916666666668 0.03997222222222222
0 0.43507812500000004 0.5819444444444445 0.023505208333333336 0.037314814814814815
0 0.5645833333333333 0.6199074074074075 0.021875 0.03981481481481482
0 0.4557291666666667 0.6175925925925926 0.020833333333333332 0.03888888888888889
0 0.3195520833333333 0.625 0.022572916666666668 0.04113888888888889
0 0.36770833333333336 0.15185185185185185 0.019791666666666666 0.037037037037037035
0 0.31614583333333335 0.7189814814814814 0.021875 0.03981481481481482
0 0.519453125 0.5473240740740741 0.022145833333333333 0.0415
0 0.53984375 0.22870370370370371 0.0203125 0.03888888888888889
0 0.46171875 0.5805555555555556 0.0203125 0.037037037037037035
0 0.7770833333333333 0.5513888888888889 0.023958333333333335 0.03981481481481482
0 0.596875 0.4462962962962963 0.021875 0.03888888888888889
0 0.76328125 0.8037037037037037 0.024479166666666666 0.044444444444444446
0 0.435484375 0.6187407407407407 0.021734374999999997 0.03964814814814815
0 0.69609375 0.14444444444444443 0.021354166666666667 0.03888888888888889
0 0.1953125 0.36018518518518516 0.020833333333333332 0.037037037037037035
0 0.35520833333333335 0.1935185185185185 0.019791666666666666 0.037037037037037035
0 0.4466927083333333 0.26435185185185184 0.020468749999999997 0.03796296296296296
0 0.7731770833333333 0.711574074074074 0.024479166666666666 0.04351851851851852
0 0.759375 0.5907407407407408 0.023958333333333335 0.04259259259259259
0 0.5979166666666667 0.2324074074074074 0.020833333333333332 0.03888888888888889
0 0.26510416666666664 0.8231481481481482 0.022916666666666665 0.040740740740740744
0 0.48621875 0.5029166666666667 0.021625000000000002 0.0402962962962963
0 0.42916666666666664 0.6564814814814814 0.020833333333333332 0.03888888888888889
0 0.4513020833333333 0.32805555555555554 0.022302083333333333 0.040574074074074075
0 0.7880208333333333 0.5166666666666667 0.023958333333333335 0.040740740740740744
0 0.409375 0.412962962962963 0.020833333333333332 0.037037037037037035
0 0.54375 0.6129629629629629 0.020833333333333332 0.03888888888888889
0 0.5125 0.3736111111111111 0.019791666666666666 0.03796296296296296
0 0.5578125 0.12268518518518519 0.020833333333333332 0.03796296296296296
0 0.4942708333333333 0.2162037037037037 0.020833333333333332 0.03796296296296296
0 0.47734375 0.3537037037037037 0.0203125 0.037037037037037035
0 0.10390625 0.8171296296296297 0.0234375 0.041666666666666664
0 0.22916666666666666 0.4537037037037037 0.021875 0.037037037037037035
0 0.3265625 0.6601851851851852 0.021875 0.040740740740740744
0 0.5576302083333334 0.17868518518518517 0.020468749999999997 0.03885185185185185
0 0.27682291666666664 0.7856481481481481 0.022395833333333334 0.03981481481481482
0 0.30494791666666665 0.6810185185185185 0.021354166666666667 0.03981481481481482
0 0.57734375 0.16712962962962963 0.0203125 0.03611111111111111
0 0.5609375 0.5337962962962963 0.020833333333333332 0.03796296296296296
0 0.29453125 0.7199074074074074 0.019270833333333334 0.03611111111111111
0 0.2786458333333333 0.7458333333333333 0.021875 0.03981481481481482
0 0.43723958333333335 0.1763888888888889 0.0203125 0.03796296296296296
0 0.46380208333333334 0.17453703703703705 0.0203125 0.03796296296296296
0 0.5233333333333333 0.14907407407407408 0.021671875 0.037037037037037035
0 0.4088541666666667 0.36203703703703705 0.020833333333333332 0.03888888888888889
0 0.53984375 0.5393518518518519 0.0203125 0.03796296296296296
0 0.39895833333333336 0.5657407407407408 0.020833333333333332 0.03888888888888889
0 0.2994791666666667 0.6444444444444445 0.021875 0.040740740740740744
0 0.37915625000000003 0.5810185185185185 0.021854166666666668 0.03796296296296296
0 0.33255208333333336 0.18611111111111112 0.0203125 0.037037037037037035
0 0.2955729166666667 0.5981481481481481 0.022395833333333334 0.03888888888888889
0 0.4991145833333333 0.17111111111111113 0.021151041666666665 0.03852777777777778
0 0.4171875 0.17222222222222222 0.01875 0.037037037037037035
0 0.3458333333333333 0.6115555555555555 0.022322916666666668 0.04242592592592593