0 0.7643229166666666 0.6416666666666667 0.024479166666666666 0.04259259259259259
0 0.76328125 0.7240740740740741 0.024479166666666666 0.04259259259259259
0 0.7072916666666667 0.5449074074074074 0.022916666666666665 0.03981481481481482
0 0.6848958333333334 0.5634259259259259 0.022916666666666665 0.03981481481481482
0 0.27630208333333334 0.5217592592592593 0.022395833333333334 0.03796296296296296
0 0.6247395833333333 0.43333333333333335 0.021354166666666667 0.037037037037037035
0 0.23697916666666666 0.47453703703703703 0.020833333333333332 0.03796296296296296
0 0.5533854166666666 0.5458333333333333 0.021354166666666667 0.03796296296296296
0 0.7575520833333333 0.8087962962962963 0.0234375 0.04351851851851852
0 0.6739583333333333 0.3912037037037037 0.021875 0.03796296296296296
0 0.21302083333333333 0.4439814814814815 0.021875 0.03796296296296296
0 0.7513020833333334 0.5916666666666667 0.0234375 0.040740740740740744
0 0.6307291666666667 0.3194444444444444 0.020833333333333332 0.037037037037037035
0 0.6513020833333333 0.3990740740740741 0.021354166666666667 0.03888888888888889
0 0.76875 0.5560185185185185 0.023958333333333335 0.041666666666666664
0 0.32135416666666666 0.45925925925925926 0.020833333333333332 0.037037037037037035
0 0.28567708333333336 0.46574074074074073 0.021354166666666667 0.037037037037037035
0 0.3848958333333333 0.30462962962962964 0.020833333333333332 0.037037037037037035
0 0.6072916666666667 0.4078703703703704 0.021875 0.03796296296296296
0 0.6768229166666667 0.6287037037037037 0.0234375 0.040740740740740744
0 0.32916666666666666 0.6157407407407407 0.021875 0.03888888888888889
0 0.5002604166666667 0.49166666666666664 0.0203125 0.037037037037037035
0 0.5359375 0.1550925925925926 0.021875 0.03796296296296296
0 0.5354166666666667 0.25416666666666665 0.020833333333333332 0.03796296296296296
0 0.41510416666666666 0.6268518518518519 0.019791666666666666 0.037037037037037035
0 0.26796875 0.3416666666666667 0.021354166666666667 0.037037037037037035
0 0.54921875 0.5078703703703704 0.021354166666666667 0.03796296296296296
0 0.6057291666666667 0.16018518518518518 0.020833333333333332 0.037037037037037035
0 0.68515625 0.16435185185185186 0.021354166666666667 0.03796296296296296
0 0.4557291666666667 0.4486111111111111 0.020833333333333332 0.03796296296296296
0 0.3067708333333333 0.7587962962962963 0.021875 0.03796296296296296
0 0.26614583333333336 0.7578703703703704 0.021875 0.03981481481481482
0 0.5432291666666667 0.4537037037037037 0.020833333333333332 0.037037037037037035
0 0.59296875 0.3638888888888889 0.021354166666666667 0.037037037037037035
0 0.30494791666666665 0.7212962962962963 0.021354166666666667 0.03888888888888889
0 0.28046875 0.6981481481481482 0.022395833333333334 0.03888888888888889
0 0.37786458333333334 0.21203703703703702 0.0203125 0.037037037037037035
0 0.2799479166666667 0.7861111111111111 0.021354166666666667 0.03888888888888889
0 0.4119791666666667 0.45231481481481484 0.020833333333333332 0.03796296296296296
0 0.28880208333333335 0.6407407407407407 0.021354166666666667 0.03888888888888889
0 0.28359375 0.7342592592592593 0.022395833333333334 0.03888888888888889
0 0.45286458333333335 0.5773148148148148 0.021354166666666667 0.03796296296296296
0 0.73125 0.26666666666666666 0.022916666666666665 0.03888888888888889
0 0.31614583333333335 0.2986111111111111 0.021875 0.03611111111111111
0 0.40078125 0.5324074074074074 0.0203125 0.037037037037037035
0 0.4427083333333333 0.19074074074074074 0.019791666666666666 0.037037037037037035
0 0.26875 0.8212962962962963 0.022916666666666665 0.040740740740740744
0 0.3341145833333333 0.575925925925926 0.021354166666666667 0.037037037037037035
0 0.7770833333333333 0.5189814814814815 0.025 0.041666666666666664
0 0.27239583333333334 0.6643518518518519 0.022916666666666665 0.03981481481481482
0 0.3854166666666667 0.5064814814814815 0.020833333333333332 0.037037037037037035
0 0.19583333333333333 0.362962962962963 0.020833333333333332 0.037037037037037035
0 0.44192708333333336 0.399537037037037 0.0203125 0.03611111111111111
0 0.47369791666666666 0.5726851851851852 0.0203125 0.03796296296296296
0 0.4309895833333333 0.5310185185185186 0.0203125 0.03796296296296296
0 0.37213541666666666 0.6027777777777777 0.0203125 0.037037037037037035
0 0.35182291666666665 0.6125 0.0203125 0.03796296296296296
0 0.55625 0.42592592592592593 0.020833333333333332 0.03888888888888889
0 0.25833333333333336 0.4046296296296296 0.020833333333333332 0.037037037037037035
0 0.2453125 0.3365740740740741 0.020833333333333332 0.03796296296296296
0 0.41510416666666666 0.23981481481481481 0.019791666666666666 0.037037037037037035
0 0.4078125 0.5930555555555556 0.020833333333333332 0.03796296296296296
0 0.39166666666666666 0.412962962962963 0.020833333333333332 0.037037037037037035
0 0.2591145833333333 0.4444444444444444 0.021354166666666667 0.037037037037037035
0 0.39036458333333335 0.6208333333333333 0.021354166666666667 0.03796296296296296
0 0.23411458333333332 0.399537037037037 0.021354166666666667 0.03796296296296296
0 0.10859375 0.8185185185185185 0.024479166666666666 0.04259259259259259
0 0.37135416666666665 0.6398148148148148 0.021875 0.037037037037037035
0 0.5447916666666667 0.32685185185185184 0.020833333333333332 0.037037037037037035
0 0.4947916666666667 0.1486111111111111 0.020833333333333332 0.03796296296296296
0 0.51875 0.39675925925925926 0.020833333333333332 0.03796296296296296
0 0.4864583333333333 0.2449074074074074 0.020833333333333332 0.03796296296296296
0 0.44609375 0.23981481481481481 0.0203125 0.037037037037037035
0 0.4630208333333333 0.2884259259259259 0.019791666666666666 0.03611111111111111
0 0.42135416666666664 0.29259259259259257 0.019791666666666666 0.037037037037037035
0 0.6130208333333333 0.125 0.020833333333333332 0.037037037037037035
0 0.47213541666666664 0.5361111111111111 0.021354166666666667 0.037037037037037035
0 0.44192708333333336 0.287962962962963 0.019270833333333334 0.037037037037037035
0 0.40989583333333335 0.38564814814814813 0.020833333333333332 0.03796296296296296
0 0.37552083333333336 0.3875 0.019791666666666666 0.03611111111111111
0 0.48880208333333336 0.20879629629629629 0.0203125 0.03425925925925926
0 0.54453125 0.37083333333333335 0.021354166666666667 0.03796296296296296
0 0.49244791666666665 0.3537037037037037 0.0203125 0.037037037037037035
0 0.47265625 0.3486111111111111 0.0203125 0.03611111111111111
0 0.5388020833333333 0.4060185185185185 0.021354166666666667 0.03796296296296296
0 0.4666666666666667 0.25277777777777777 0.019791666666666666 0.037037037037037035
0 0.278125 0.42824074074074076 0.021875 0.03796296296296296
0 0.5223958333333333 0.36157407407407405 0.020833333333333332 0.03796296296296296
0 0.35 0.27685185185185185 0.020833333333333332 0.037037037037037035
0 0.47890625 0.3824074074074074 0.0203125 0.03518518518518519