0 0.7408854166666666 0.5597222222222222 0.024479166666666666 0.041666666666666664
0 0.721875 0.6125 0.023958333333333335 0.041666666666666664
0 0.6369791666666667 0.5837962962962963 0.022916666666666665 0.03981481481481482
0 0.6705729166666666 0.5476851851851852 0.022395833333333334 0.03981481481481482
0 0.7302083333333333 0.7324074074074074 0.023958333333333335 0.04259259259259259
0 0.6234375 0.5356481481481481 0.022916666666666665 0.03981481481481482
0 0.6895833333333333 0.5296296296296297 0.022916666666666665 0.040740740740740744
0 0.5471354166666667 0.5282407407407408 0.021354166666666667 0.03796296296296296
0 0.20494791666666667 0.40879629629629627 0.021354166666666667 0.03796296296296296
0 0.7635416666666667 0.524537037037037 0.025 0.041666666666666664
0 0.6432291666666666 0.5189814814814815 0.022916666666666665 0.03981481481481482
0 0.6028645833333334 0.1648148148148148 0.021354166666666667 0.03888888888888889
0 0.7463541666666667 0.8087962962962963 0.026041666666666668 0.04537037037037037
0 0.5640625 0.663425925925926 0.022916666666666665 0.03981481481481482
0 0.6682291666666667 0.46064814814814814 0.022916666666666665 0.03981481481481482
0 0.471875 0.28425925925925927 0.020833333333333332 0.037037037037037035
0 0.37421875 0.275 0.0203125 0.037037037037037035
0 0.67890625 0.17685185185185184 0.021354166666666667 0.03888888888888889
0 0.5700520833333333 0.625462962962963 0.021354166666666667 0.03981481481481482
0 0.42578125 0.4300925925925926 0.021354166666666667 0.03796296296296296
0 0.2830729166666667 0.6 0.021354166666666667 0.03888888888888889
0 0.6838541666666667 0.23842592592592593 0.021875 0.03981481481481482
0 0.6486979166666667 0.0837962962962963 0.021354166666666667 0.03796296296296296
0 0.265625 0.41759259259259257 0.020833333333333332 0.037037037037037035
0 0.47161458333333334 0.5444444444444444 0.0203125 0.037037037037037035
0 0.5013020833333334 0.5194444444444445 0.0203125 0.037037037037037035
0 0.24036458333333333 0.5546296296296296 0.022395833333333334 0.03888888888888889
0 0.2669270833333333 0.25555555555555554 0.021354166666666667 0.037037037037037035
0 0.65390625 0.1486111111111111 0.021354166666666667 0.03981481481481482
0 0.5841145833333333 0.09490740740740741 0.0203125 0.03796296296296296
0 0.70625 0.2351851851851852 0.021875 0.040740740740740744
0 0.63125 0.11898148148148148 0.021875 0.03981481481481482
0 0.3450520833333333 0.45 0.0203125 0.037037037037037035
0 0.45026041666666666 0.600925925925926 0.021354166666666667 0.03888888888888889
0 0.3145833333333333 0.42453703703703705 0.020833333333333332 0.03796296296296296
0 0.6408854166666667 0.4759259259259259 0.022395833333333334 0.03888888888888889
0 0.3966145833333333 0.4861111111111111 0.021354166666666667 0.03888888888888889
0 0.35911458333333335 0.24814814814814815 0.0203125 0.037037037037037035
0 0.3299479166666667 0.649074074074074 0.021354166666666667 0.03888888888888889
0 0.36692708333333335 0.4444444444444444 0.0203125 0.037037037037037035
0 0.5583333333333333 0.5944444444444444 0.021875 0.03888888888888889
0 0.4171875 0.6462962962962963 0.020833333333333332 0.03888888888888889
0 0.28177083333333336 0.3902777777777778 0.020833333333333332 0.03796296296296296
0 0.5755208333333334 0.8851851851851852 0.023958333333333335 0.044444444444444446
0 0.4544270833333333 0.22453703703703703 0.0203125 0.03796296296296296
0 0.7083333333333334 0.2759259259259259 0.022916666666666665 0.03888888888888889
0 0.42864583333333334 0.5041666666666667 0.020833333333333332 0.03796296296296296
0 0.5489583333333333 0.4009259259259259 0.021875 0.040740740740740744
0 0.4630208333333333 0.1912037037037037 0.020833333333333332 0.03796296296296296
0 0.22994791666666667 0.33796296296296297 0.021354166666666667 0.037037037037037035
0 0.33151041666666664 0.5685185185185185 0.021354166666666667 0.03888888888888889
0 0.5098958333333333 0.44027777777777777 0.020833333333333332 0.03796296296296296
0 0.196875 0.362962962962963 0.020833333333333332 0.037037037037037035
0 0.3065104166666667 0.6074074074074074 0.0203125 0.03888888888888889
0 0.6046875 0.05694444444444444 0.020833333333333332 0.03796296296296296
0 0.4671875 0.34814814814814815 0.020833333333333332 0.037037037037037035
0 0.54375 0.4847222222222222 0.021875 0.03796296296296296
0 0.27630208333333334 0.9106481481481481 0.022395833333333334 0.041666666666666664
0 0.6393229166666666 0.4388888888888889 0.022395833333333334 0.03888888888888889
0 0.39375 0.18935185185185185 0.020833333333333332 0.03796296296296296
0 0.2677083333333333 0.2199074074074074 0.020833333333333332 0.03611111111111111
0 0.22265625 0.3837962962962963 0.0203125 0.03611111111111111
0 0.596875 0.41759259259259257 0.020833333333333332 0.037037037037037035
0 0.26015625 0.7958333333333333 0.0234375 0.041666666666666664
0 0.6575520833333334 0.04953703703703704 0.021354166666666667 0.03981481481481482
0 0.5119791666666667 0.3425925925925926 0.019791666666666666 0.037037037037037035
0 0.24270833333333333 0.3768518518518518 0.020833333333333332 0.037037037037037035
0 0.4283854166666667 0.5509259259259259 0.021354166666666667 0.03888888888888889
0 0.36875 0.5796296296296296 0.021875 0.03888888888888889
0 0.6203125 0.3638888888888889 0.020833333333333332 0.03888888888888889
0 0.6416666666666667 0.40185185185185185 0.021875 0.037037037037037035
0 0.40963541666666664 0.39351851851851855 0.021354166666666667 0.037037037037037035
0 0.34401041666666665 0.2074074074074074 0.0203125 0.037037037037037035
0 0.6072916666666667 0.32222222222222224 0.021875 0.03888888888888889
0 0.3307291666666667 0.6101851851851852 0.021875 0.03888888888888889
0 0.38828125 0.4101851851851852 0.0203125 0.037037037037037035
0 0.3807291666666667 0.3384259259259259 0.020833333333333332 0.03796296296296296
0 0.3690104166666667 0.6171296296296296 0.021354166666666667 0.03796296296296296
0 0.35 0.6351851851851852 0.021875 0.03888888888888889
0 0.38958333333333334 0.6046296296296296 0.020833333333333332 0.03888888888888889
0 0.4640625 0.15601851851851853 0.020833333333333332 0.03796296296296296
0 0.4265625 0.17083333333333334 0.020833333333333332 0.03796296296296296
0 0.5322916666666667 0.4462962962962963 0.020833333333333332 0.03888888888888889
0 0.5364583333333334 0.36435185185185187 0.020833333333333332 0.03796296296296296
0 0.4122395833333333 0.5851851851851851 0.021354166666666667 0.03888888888888889
0 0.115625 0.8157407407407408 0.019791666666666666 0.037037037037037035
0 0.5533854166666666 0.4527777777777778 0.021354166666666667 0.03888888888888889
0 0.4283854166666667 0.6111111111111112 0.021354166666666667 0.03888888888888889
0 0.37552083333333336 0.3814814814814815 0.020833333333333332 0.037037037037037035
0 0.44088541666666664 0.19490740740740742 0.0203125 0.03796296296296296