0 0.69296875 0.5476851851851852 0.0203125 0.03796296296296296
0 0.4583333333333333 0.5541666666666667 0.021875 0.03796296296296296
0 0.5497395833333333 0.5208333333333334 0.021354166666666667 0.03796296296296296
0 0.70546875 0.49675925925925923 0.021354166666666667 0.03796296296296296
0 0.7307291666666667 0.47824074074074074 0.021875 0.03425925925925926
0 0.67265625 0.549537037037037 0.022395833333333334 0.03796296296296296
0 0.5299479166666666 0.5513888888888889 0.019270833333333334 0.03611111111111111
0 0.6427083333333333 0.34629629629629627 0.019791666666666666 0.03518518518518519
0 0.6028645833333334 0.3277777777777778 0.021354166666666667 0.03518518518518519
0 0.6463541666666667 0.4013888888888889 0.020833333333333332 0.03611111111111111
0 0.4635416666666667 0.47129629629629627 0.020833333333333332 0.037037037037037035
0 0.5138020833333333 0.4152777777777778 0.021354166666666667 0.03796296296296296
0 0.72578125 0.513425925925926 0.021354166666666667 0.03611111111111111
0 0.48046875 0.37546296296296294 0.0203125 0.03611111111111111
0 0.6940104166666666 0.4166666666666667 0.021354166666666667 0.03518518518518519
0 0.503125 0.5361111111111111 0.019791666666666666 0.037037037037037035
0 0.37916666666666665 0.6013888888888889 0.022916666666666665 0.03796296296296296
0 0.6072916666666667 0.4162037037037037 0.019791666666666666 0.03425925925925926
0 0.7473958333333334 0.24953703703703703 0.021875 0.03611111111111111
0 0.6494791666666667 0.2537037037037037 0.020833333333333332 0.037037037037037035
0 0.5984375 0.6560185185185186 0.021875 0.03981481481481482
0 0.5109375 0.47962962962962963 0.020833333333333332 0.03333333333333333
0 0.5705729166666667 0.6768518518518518 0.021354166666666667 0.03888888888888889
0 0.7403645833333333 0.2912037037037037 0.022395833333333334 0.03611111111111111
0 0.4296875 0.2884259259259259 0.020833333333333332 0.03611111111111111
0 0.56953125 0.6407407407407407 0.021354166666666667 0.03888888888888889
0 0.740625 0.3314814814814815 0.021875 0.037037037037037035
0 0.6614583333333334 0.32407407407407407 0.020833333333333332 0.03333333333333333
0 0.5505208333333333 0.29907407407407405 0.020833333333333332 0.03518518518518519
0 0.6984375 0.3824074074074074 0.019791666666666666 0.03148148148148148
0 0.5216197916666666 0.5232407407407408 0.020625 0.03666666666666667
0 0.6151041666666667 0.38564814814814813 0.019791666666666666 0.03611111111111111
0 0.6598958333333333 0.28935185185185186 0.019791666666666666 0.03611111111111111
0 0.7322916666666667 0.2101851851851852 0.020833333333333332 0.037037037037037035