0 0.6078125 0.41898148148148145 0.026041666666666668 0.04722222222222222
0 0.3924479166666667 0.33101851851851855 0.025520833333333333 0.04722222222222222
0 0.57578125 0.10648148148148148 0.025520833333333333 0.046296296296296294
0 0.4127604166666667 0.5689814814814815 0.025520833333333333 0.04722222222222222
0 0.6044270833333333 0.1111111111111111 0.025520833333333333 0.046296296296296294
0 0.41692708333333334 0.27824074074074073 0.025520833333333333 0.04722222222222222
0 0.4778645833333333 0.29259259259259257 0.024479166666666666 0.046296296296296294
0 0.5182291666666666 0.3736111111111111 0.026041666666666668 0.04722222222222222
0 0.5731770833333333 0.36574074074074076 0.025520833333333333 0.046296296296296294
0 0.4283854166666667 0.6106481481481482 0.025520833333333333 0.04722222222222222
0 0.5325520833333334 0.1300925925925926 0.025520833333333333 0.04537037037037037
0 0.4421875 0.20555555555555555 0.025 0.046296296296296294
0 0.4466145833333333 0.5796296296296296 0.024479166666666666 0.046296296296296294
0 0.6325520833333333 0.13333333333333333 0.0265625 0.04814814814814815
0 0.57734375 0.5115740740740741 0.025520833333333333 0.04537037037037037
0 0.434375 0.3638888888888889 0.025 0.044444444444444446
0 0.5002604166666667 0.3143518518518518 0.024479166666666666 0.04722222222222222
0 0.45390625 0.6194444444444445 0.024479166666666666 0.04814814814814815