0 0.240625 0.5560185185185185 0.022916666666666665 0.041666666666666664
0 0.5619791666666667 0.5953703703703703 0.021875 0.03888888888888889
0 0.7135416666666666 0.6129629629629629 0.023958333333333335 0.040740740740740744
0 0.628125 0.2587962962962963 0.021875 0.03796296296296296
0 0.6330729166666667 0.612037037037037 0.0234375 0.040740740740740744
0 0.7190104166666667 0.7425925925925926 0.024479166666666666 0.04259259259259259
0 0.7408854166666666 0.7986111111111112 0.025520833333333333 0.04351851851851852
0 0.678125 0.2518518518518518 0.021875 0.03888888888888889
0 0.596875 0.16805555555555557 0.020833333333333332 0.03796296296296296
0 0.20442708333333334 0.4101851851851852 0.021354166666666667 0.037037037037037035
0 0.5822916666666667 0.850925925925926 0.022916666666666665 0.04259259259259259
0 0.24921875 0.45740740740740743 0.021354166666666667 0.037037037037037035
0 0.7158854166666667 0.5643518518518519 0.0234375 0.03981481481481482
0 0.26640625 0.2569444444444444 0.021354166666666667 0.03611111111111111
0 0.6768229166666667 0.18194444444444444 0.021354166666666667 0.03981481481481482
0 0.34010416666666665 0.47638888888888886 0.020833333333333332 0.03796296296296296
0 0.6520833333333333 0.15231481481481482 0.020833333333333332 0.03981481481481482
0 0.70234375 0.28055555555555556 0.022395833333333334 0.03888888888888889
0 0.7604166666666666 0.5259259259259259 0.025 0.04259259259259259
0 0.58125 0.1111111111111111 0.020833333333333332 0.03888888888888889
0 0.6286458333333333 0.1310185185185185 0.020833333333333332 0.03796296296296296
0 0.24244791666666668 0.3787037037037037 0.021354166666666667 0.037037037037037035
0 0.3723958333333333 0.2712962962962963 0.020833333333333332 0.037037037037037035
0 0.2625 0.7967592592592593 0.022916666666666665 0.041666666666666664
0 0.30807291666666664 0.4888888888888889 0.0203125 0.037037037037037035
0 0.4778645833333333 0.27314814814814814 0.0203125 0.037037037037037035
0 0.2830729166666667 0.600462962962963 0.021354166666666667 0.03981481481481482
0 0.39010416666666664 0.3476851851851852 0.020833333333333332 0.03796296296296296
0 0.6466145833333333 0.09444444444444444 0.021354166666666667 0.03888888888888889
0 0.5549479166666667 0.412962962962963 0.0203125 0.037037037037037035
0 0.7026041666666667 0.23935185185185184 0.021875 0.03981481481481482
0 0.5395833333333333 0.5023148148148148 0.020833333333333332 0.03796296296296296
0 0.35598958333333336 0.2518518518518518 0.0203125 0.037037037037037035
0 0.415625 0.2351851851851852 0.019791666666666666 0.037037037037037035
0 0.5177083333333333 0.5703703703703704 0.021875 0.037037037037037035
0 0.27682291666666664 0.8976851851851851 0.022395833333333334 0.041666666666666664
0 0.5432291666666667 0.3287037037037037 0.020833333333333332 0.037037037037037035
0 0.2791666666666667 0.4759259259259259 0.020833333333333332 0.037037037037037035
0 0.22994791666666667 0.3388888888888889 0.021354166666666667 0.037037037037037035
0 0.55078125 0.3726851851851852 0.021354166666666667 0.03796296296296296
0 0.3828125 0.6717592592592593 0.020833333333333332 0.03981481481481482
0 0.45390625 0.5953703703703703 0.021354166666666667 0.03888888888888889
0 0.22213541666666667 0.38564814814814813 0.0203125 0.03611111111111111
0 0.2671875 0.22083333333333333 0.020833333333333332 0.03611111111111111
0 0.41510416666666666 0.6125 0.020833333333333332 0.03796296296296296
0 0.5544270833333333 0.4675925925925926 0.0203125 0.037037037037037035
0 0.45755208333333336 0.2412037037037037 0.0203125 0.03611111111111111
0 0.403125 0.6574074074074074 0.021875 0.03888888888888889
0 0.34348958333333335 0.20833333333333334 0.0203125 0.037037037037037035
0 0.19635416666666666 0.3648148148148148 0.020833333333333332 0.037037037037037035
0 0.3203125 0.6699074074074074 0.020833333333333332 0.03796296296296296
0 0.6565104166666667 0.06111111111111111 0.021354166666666667 0.03888888888888889
0 0.46380208333333334 0.1574074074074074 0.021354166666666667 0.03888888888888889
0 0.3854166666666667 0.4824074074074074 0.020833333333333332 0.037037037037037035
0 0.41380208333333335 0.5300925925925926 0.021354166666666667 0.03796296296296296
0 0.6036458333333333 0.062037037037037036 0.020833333333333332 0.03888888888888889
0 0.32890625 0.5972222222222222 0.021354166666666667 0.03888888888888889
0 0.5557291666666667 0.29953703703703705 0.020833333333333332 0.03796296296296296
0 0.30625 0.6083333333333333 0.020833333333333332 0.03888888888888889
0 0.39479166666666665 0.16805555555555557 0.020833333333333332 0.03796296296296296
0 0.11510416666666666 0.8157407407407408 0.022916666666666665 0.040740740740740744
0 0.48541666666666666 0.5842592592592593 0.020833333333333332 0.037037037037037035
0 0.47552083333333334 0.22361111111111112 0.020833333333333332 0.03796296296296296
0 0.38828125 0.6337962962962963 0.0203125 0.03796296296296296
0 0.42682291666666666 0.35 0.021354166666666667 0.037037037037037035
0 0.46119791666666665 0.19768518518518519 0.0203125 0.03796296296296296
0 0.440625 0.19907407407407407 0.019791666666666666 0.037037037037037035
0 0.36302083333333335 0.6342592592592593 0.020833333333333332 0.03888888888888889
0 0.34479166666666666 0.6203703703703703 0.020833333333333332 0.03888888888888889
0 0.4205729166666667 0.1824074074074074 0.0203125 0.03888888888888889
0 0.5036458333333333 0.47824074074074074 0.020833333333333332 0.03796296296296296
0 0.321875 0.6328703703703704 0.020833333333333332 0.03796296296296296
0 0.4671875 0.37453703703703706 0.020833333333333332 0.03611111111111111
0 0.46380208333333334 0.4356481481481482 0.0203125 0.03796296296296296
0 0.42890625 0.49722222222222223 0.021354166666666667 0.03888888888888889
0 0.34036458333333336 0.6564814814814814 0.021354166666666667 0.03888888888888889
0 0.4322916666666667 0.41388888888888886 0.020833333333333332 0.037037037037037035
0 0.44375 0.44907407407407407 0.020833333333333332 0.03888888888888889
0 0.46328125 0.5236111111111111 0.021354166666666667 0.03796296296296296
0 0.45208333333333334 0.40694444444444444 0.020833333333333332 0.03796296296296296
0 0.48203125 0.5504629629629629 0.0203125 0.03796296296296296
0 0.4049479166666667 0.4962962962962963 0.0203125 0.037037037037037035
0 0.49114583333333334 0.5185185185185185 0.020833333333333332 0.03888888888888889
0 0.43671875 0.37962962962962965 0.021354166666666667 0.037037037037037035
0 0.4309895833333333 0.5523148148148148 0.0203125 0.03796296296296296
0 0.46171875 0.5615740740740741 0.021354166666666667 0.03796296296296296
0 0.5119791666666667 0.5115740740740741 0.020833333333333332 0.03796296296296296
0 0.5041666666666667 0.5449074074074074 0.020833333333333332 0.03796296296296296
0 0.46041666666666664 0.4703703703703704 0.020833333333333332 0.03888888888888889
0 0.47552083333333334 0.49398148148148147 0.020833333333333332 0.03796296296296296