0 0.5416666666666666 0.32592592592592595 0.021875 0.044444444444444446
0 0.5768229166666666 0.5523148148148148 0.028645833333333332 0.05092592592592592
0 0.4864583333333333 0.21944444444444444 0.026041666666666668 0.046296296296296294
0 0.4359375 0.35833333333333334 0.027083333333333334 0.04814814814814815
0 0.5828125 0.26805555555555555 0.027083333333333334 0.04722222222222222
0 0.5169270833333334 0.4203703703703704 0.024479166666666666 0.044444444444444446
0 0.5171875 0.3277777777777778 0.023958333333333335 0.046296296296296294
0 0.4934895833333333 0.5527777777777778 0.0265625 0.046296296296296294
0 0.5010416666666667 0.5060185185185185 0.025 0.04537037037037037
0 0.5885416666666666 0.3236111111111111 0.025 0.04537037037037037
0 0.4979166666666667 0.3680555555555556 0.025 0.04537037037037037
0 0.5203229166666666 0.5338240740740741 0.027109374999999998 0.049129629629629634
0 0.5645833333333333 0.3287037037037037 0.023958333333333335 0.044444444444444446
0 0.46820833333333334 0.36666666666666664 0.026057291666666666 0.048157407407407406
0 0.5559947916666667 0.2356388888888889 0.024484375 0.04538888888888889
0 0.5645833333333333 0.41574074074074074 0.026041666666666668 0.044444444444444446
0 0.5768229166666666 0.3638888888888889 0.025520833333333333 0.044444444444444446
0 0.5729166666666666 0.20601851851851852 0.026041666666666668 0.04537037037037037