0 0.4895833333333333 0.3236111111111111 0.025 0.04537037037037037
0 0.5052083333333334 0.21157407407407408 0.025 0.04722222222222222
0 0.5315104166666667 0.14444444444444443 0.024479166666666666 0.046296296296296294
0 0.36276041666666664 0.42407407407407405 0.025520833333333333 0.046296296296296294
0 0.3953125 0.23935185185185184 0.026041666666666668 0.04537037037037037
0 0.32916666666666666 0.41203703703703703 0.026041666666666668 0.046296296296296294
0 0.5270833333333333 0.19444444444444445 0.025 0.044444444444444446
0 0.40625 0.6430555555555556 0.026041666666666668 0.04722222222222222
0 0.5158854166666667 0.5041666666666667 0.025520833333333333 0.04537037037037037
0 0.4315104166666667 0.23657407407407408 0.025520833333333333 0.04537037037037037
0 0.46067708333333335 0.30787037037037035 0.024479166666666666 0.04537037037037037
0 0.3880208333333333 0.6143518518518518 0.026041666666666668 0.04722222222222222
0 0.3796875 0.6722222222222223 0.026041666666666668 0.04814814814814815
0 0.4427083333333333 0.4263888888888889 0.026041666666666668 0.04722222222222222
0 0.49973958333333335 0.38287037037037036 0.0265625 0.049074074074074076
0 0.5544270833333333 0.14351851851851852 0.024479166666666666 0.046296296296296294
0 0.47708333333333336 0.275 0.023958333333333335 0.044444444444444446
0 0.6739583333333333 0.24675925925925926 0.026041666666666668 0.04537037037037037