0 0.5013020833333334 0.30833333333333335 0.025520833333333333 0.046296296296296294
0 0.3625 0.2884259259259259 0.026041666666666668 0.04722222222222222
0 0.67421875 0.24768518518518517 0.0265625 0.04537037037037037
0 0.3703125 0.6439814814814815 0.026041666666666668 0.04537037037037037
0 0.6018229166666667 0.25416666666666665 0.0265625 0.04537037037037037
0 0.6234375 0.29212962962962963 0.026041666666666668 0.04537037037037037
0 0.5169270833333334 0.37916666666666665 0.025520833333333333 0.04537037037037037
0 0.5080729166666667 0.18009259259259258 0.025520833333333333 0.04722222222222222
0 0.403125 0.6462962962962963 0.027083333333333334 0.04814814814814815
0 0.46197916666666666 0.22546296296296298 0.025 0.04537037037037037
0 0.4674479166666667 0.30416666666666664 0.025520833333333333 0.04537037037037037
0 0.6135416666666667 0.12962962962962962 0.026041666666666668 0.046296296296296294
0 0.53203125 0.1439814814814815 0.024479166666666666 0.04351851851851852
0 0.3578125 0.6824074074074075 0.026041666666666668 0.046296296296296294
0 0.5614583333333333 0.11388888888888889 0.026041666666666668 0.046296296296296294
0 0.39609375 0.23935185185185184 0.0265625 0.04722222222222222
0 0.39010416666666664 0.32175925925925924 0.026041666666666668 0.04537037037037037
0 0.5166666666666667 0.49027777777777776 0.026041666666666668 0.04537037037037037