0 0.53203125 0.1412037037037037 0.024479166666666666 0.04722222222222222
0 0.5239583333333333 0.3958333333333333 0.025 0.04537037037037037
0 0.5231770833333333 0.5125 0.025520833333333333 0.04537037037037037
0 0.40729166666666666 0.6435185185185185 0.026041666666666668 0.046296296296296294
0 0.5559895833333334 0.1398148148148148 0.024479166666666666 0.046296296296296294
0 0.4044270833333333 0.43842592592592594 0.025520833333333333 0.04537037037037037
0 0.44088541666666664 0.24074074074074073 0.024479166666666666 0.044444444444444446
0 0.38984375 0.6152777777777778 0.025520833333333333 0.04722222222222222
0 0.6135416666666667 0.3347222222222222 0.026041666666666668 0.04537037037037037
0 0.4432291666666667 0.45694444444444443 0.026041666666666668 0.04537037037037037
0 0.5049479166666667 0.3574074074074074 0.024479166666666666 0.044444444444444446
0 0.3963541666666667 0.25324074074074077 0.026041666666666668 0.04537037037037037
0 0.5138020833333333 0.19953703703703704 0.024479166666666666 0.04537037037037037
0 0.47604166666666664 0.2962962962962963 0.022916666666666665 0.04259259259259259
0 0.38229166666666664 0.675 0.026041666666666668 0.046296296296296294
0 0.3296875 0.41203703703703703 0.025 0.044444444444444446
0 0.4627604166666667 0.26296296296296295 0.0234375 0.04259259259259259
0 0.4869791666666667 0.33240740740740743 0.022916666666666665 0.04259259259259259