0 0.5041666666666667 0.3458333333333333 0.025 0.04537037037037037
0 0.43072916666666666 0.31574074074074077 0.026041666666666668 0.046296296296296294
0 0.45208333333333334 0.26064814814814813 0.026041666666666668 0.04537037037037037
0 0.3958333333333333 0.24351851851851852 0.026041666666666668 0.046296296296296294
0 0.52109375 0.3912037037037037 0.025520833333333333 0.04537037037037037
0 0.6247395833333333 0.2824074074074074 0.0265625 0.046296296296296294
0 0.5739583333333333 0.40879629629629627 0.026041666666666668 0.04537037037037037
0 0.5653645833333333 0.45787037037037037 0.0265625 0.04537037037037037
0 0.371875 0.6435185185185185 0.027083333333333334 0.046296296296296294
0 0.5046875 0.2800925925925926 0.025 0.04537037037037037
0 0.49973958333333335 0.46620370370370373 0.0265625 0.04537037037037037
0 0.48020833333333335 0.1814814814814815 0.026041666666666668 0.046296296296296294
0 0.46770833333333334 0.32731481481481484 0.023958333333333335 0.04537037037037037
0 0.6916666666666667 0.3787037037037037 0.027083333333333334 0.046296296296296294
0 0.44296875 0.649074074074074 0.0265625 0.04814814814814815
0 0.6208333333333333 0.8375 0.028125 0.05092592592592592
0 0.47265625 0.28425925925925927 0.0234375 0.04259259259259259
0 0.4912395833333333 0.3142314814814815 0.02471875 0.04332407407407407