0 0.42239583333333336 0.2712962962962963 0.025 0.046296296296296294
0 0.5567708333333333 0.40185185185185185 0.025 0.044444444444444446
0 0.45260416666666664 0.2814814814814815 0.026041666666666668 0.046296296296296294
0 0.4940104166666667 0.3472222222222222 0.024479166666666666 0.044444444444444446
0 0.59296875 0.37037037037037035 0.0265625 0.044444444444444446
0 0.5091145833333334 0.44583333333333336 0.025520833333333333 0.04537037037037037
0 0.5455729166666666 0.5203703703703704 0.025520833333333333 0.046296296296296294
0 0.5729166666666666 0.4351851851851852 0.025 0.046296296296296294
0 0.5388020833333333 0.3773148148148148 0.025520833333333333 0.04537037037037037
0 0.5734375 0.4837962962962963 0.026041666666666668 0.04722222222222222
0 0.39895833333333336 0.20833333333333334 0.026041666666666668 0.046296296296296294
0 0.51484375 0.31574074074074077 0.024479166666666666 0.044444444444444446
0 0.4856770833333333 0.29953703703703705 0.024479166666666666 0.04537037037037037
0 0.3419270833333333 0.7273148148148149 0.025520833333333333 0.049074074074074076
0 0.3645833333333333 0.737037037037037 0.026041666666666668 0.04814814814814815
0 0.5143229166666666 0.37037037037037035 0.022395833333333334 0.04259259259259259
0 0.6208333333333333 0.836574074074074 0.027083333333333334 0.05092592592592592
0 0.3572916666666667 0.2351851851851852 0.027083333333333334 0.046296296296296294