0 0.5049479166666667 0.4935185185185185 0.025520833333333333 0.046296296296296294
0 0.45234375 0.2611111111111111 0.025520833333333333 0.046296296296296294
0 0.39557291666666666 0.24305555555555555 0.025520833333333333 0.04537037037037037
0 0.47604166666666664 0.39351851851851855 0.025 0.046296296296296294
0 0.52265625 0.4337962962962963 0.025520833333333333 0.04722222222222222
0 0.47994791666666664 0.1814814814814815 0.025520833333333333 0.046296296296296294
0 0.3703125 0.6421296296296296 0.026041666666666668 0.04722222222222222
0 0.43020833333333336 0.3148148148148148 0.026041666666666668 0.04814814814814815
0 0.4783854166666667 0.48009259259259257 0.025520833333333333 0.04722222222222222
0 0.45677083333333335 0.3476851851851852 0.025 0.04537037037037037
0 0.43854166666666666 0.4546296296296296 0.027083333333333334 0.04814814814814815
0 0.47421875 0.2972222222222222 0.024479166666666666 0.046296296296296294
0 0.48932291666666666 0.3263888888888889 0.024479166666666666 0.04537037037037037
0 0.63203125 0.40370370370370373 0.0265625 0.046296296296296294
0 0.49765625 0.3648148148148148 0.024479166666666666 0.044444444444444446
0 0.6203125 0.837037037037037 0.028125 0.05185185185185185
0 0.39296875 0.6217592592592592 0.025520833333333333 0.04722222222222222
0 0.5042708333333333 0.4097222222222222 0.027244791666666667 0.047462962962962964