0 0.44947916666666665 0.24814814814814815 0.023958333333333335 0.046296296296296294
0 0.38307291666666665 0.22175925925925927 0.025520833333333333 0.04537037037037037
0 0.22994791666666667 0.6138888888888889 0.027604166666666666 0.046296296296296294
0 0.5572916666666666 0.23194444444444445 0.025 0.04722222222222222
0 0.48463541666666665 0.2199074074074074 0.024479166666666666 0.04537037037037037
0 0.7541666666666667 0.7236111111111111 0.029166666666666667 0.05092592592592592
0 0.4869791666666667 0.1675925925925926 0.025 0.046296296296296294
0 0.5885416666666666 0.7652777777777777 0.028125 0.05092592592592592
0 0.5778645833333333 0.5685185185185185 0.0265625 0.046296296296296294
0 0.6677083333333333 0.37546296296296294 0.027083333333333334 0.04722222222222222
0 0.34817708333333336 0.7384259259259259 0.027604166666666666 0.049074074074074076
0 0.6513020833333333 0.5412037037037037 0.027604166666666666 0.04722222222222222
0 0.36171875 0.6601851851851852 0.027604166666666666 0.04814814814814815
0 0.6692708333333334 0.44537037037037036 0.027083333333333334 0.04814814814814815
0 0.4244791666666667 0.25324074074074077 0.025 0.04537037037037037
0 0.5075520833333333 0.20787037037037037 0.024479166666666666 0.04537037037037037
0 0.64765625 0.4726851851851852 0.0265625 0.04722222222222222
0 0.42161458333333335 0.31342592592592594 0.025520833333333333 0.04722222222222222
0 0.38177083333333334 0.5537037037037037 0.028125 0.04814814814814815
0 0.45 0.6013888888888889 0.026041666666666668 0.04722222222222222
0 0.5825520833333333 0.6217592592592592 0.028645833333333332 0.05092592592592592
0 0.4200520833333333 0.6240740740740741 0.0265625 0.046296296296296294
0 0.5455729166666666 0.5486111111111112 0.0265625 0.04722222222222222
0 0.57109375 0.32314814814814813 0.025520833333333333 0.04814814814814815
0 0.5270833333333333 0.3435185185185185 0.026041666666666668 0.04814814814814815
0 0.5526041666666667 0.3814814814814815 0.026041666666666668 0.04814814814814815
0 0.5098958333333333 0.5398148148148149 0.025 0.044444444444444446
0 0.56953125 0.4564814814814815 0.024479166666666666 0.044444444444444446
0 0.4703125 0.49722222222222223 0.023958333333333335 0.044444444444444446
0 0.4739583333333333 0.6032407407407407 0.023958333333333335 0.04537037037037037
0 0.5700520833333333 0.412962962962963 0.024479166666666666 0.044444444444444446
0 0.4875 0.5254629629629629 0.023958333333333335 0.04351851851851852
0 0.5174479166666667 0.4824074074074074 0.0234375 0.044444444444444446
0 0.44453125 0.4981481481481482 0.024479166666666666 0.044444444444444446
0 0.5309895833333333 0.5152777777777777 0.022395833333333334 0.03981481481481482
0 0.4328125 0.5638888888888889 0.026041666666666668 0.046296296296296294
0 0.5565104166666667 0.5111111111111111 0.024479166666666666 0.044444444444444446
0 0.4578125 0.5314814814814814 0.025 0.046296296296296294
0 0.54453125 0.4736111111111111 0.024479166666666666 0.04351851851851852
0 0.47421875 0.5601851851851852 0.0234375 0.04259259259259259
0 0.5270833333333333 0.44074074074074077 0.023958333333333335 0.037037037037037035
0 0.49284374999999997 0.48620370370370375 0.025416666666666664 0.04518518518518518
0 0.6197916666666666 0.4842592592592593 0.026041666666666668 0.046296296296296294
0 0.58046875 0.21898148148148147 0.024479166666666666 0.04537037037037037