0 0.7807291666666667 0.6462962962962963 0.026041666666666668 0.04259259259259259
0 0.30572916666666666 0.6597222222222222 0.025 0.04351851851851852
0 0.27682291666666664 0.26157407407407407 0.022395833333333334 0.03796296296296296
0 0.17760416666666667 0.5449074074074074 0.026041666666666668 0.041666666666666664
0 0.17578125 0.4875 0.025520833333333333 0.03981481481481482
0 0.5098958333333333 0.2564814814814815 0.021875 0.03518518518518519
0 0.33541666666666664 0.4300925925925926 0.023958333333333335 0.03981481481481482
0 0.5377604166666666 0.22361111111111112 0.021354166666666667 0.03796296296296296
0 0.33489583333333334 0.2712962962962963 0.022916666666666665 0.03888888888888889
0 0.2520833333333333 0.6425925925925926 0.026041666666666668 0.044444444444444446
0 0.20104166666666667 0.4148148148148148 0.025 0.040740740740740744
0 0.15260416666666668 0.44212962962962965 0.025 0.03981481481481482
0 0.2869791666666667 0.6935185185185185 0.025 0.044444444444444446
0 0.24166666666666667 0.28425925925925927 0.023958333333333335 0.03888888888888889
0 0.46380208333333334 0.6027777777777777 0.024479166666666666 0.04259259259259259
0 0.7005208333333334 0.28055555555555556 0.022916666666666665 0.037037037037037035
0 0.4747395833333333 0.32592592592592595 0.022395833333333334 0.040740740740740744
0 0.7653645833333333 0.5810185185185185 0.025520833333333333 0.041666666666666664
0 0.5875 0.6375 0.025 0.041666666666666664
0 0.6223958333333334 0.8708333333333333 0.026041666666666668 0.04722222222222222
0 0.66640625 0.6856481481481481 0.025520833333333333 0.04351851851851852
0 0.8135416666666667 0.763425925925926 0.027083333333333334 0.04537037037037037
0 0.7588541666666667 0.8736111111111111 0.028125 0.049074074074074076
0 0.6403645833333333 0.275 0.0203125 0.03518518518518519
0 0.6736979166666667 0.9222222222222223 0.027604166666666666 0.04814814814814815
0 0.6622760416666666 0.5867777777777778 0.026630208333333336 0.047629629629629626
0 0.5364583333333334 0.2625 0.019791666666666666 0.032407407407407406
0 0.6046875 0.2902777777777778 0.020833333333333332 0.03611111111111111
0 0.490625 0.5226851851851851 0.021875 0.03981481481481482
0 0.58359375 0.29212962962962963 0.019270833333333334 0.03611111111111111
0 0.6828125 0.3148148148148148 0.020833333333333332 0.037037037037037035
0 0.6677083333333333 0.3449074074074074 0.021875 0.03796296296296296
0 0.58671875 0.5717592592592593 0.022395833333333334 0.03981481481481482
0 0.17369791666666667 0.45092592592592595 0.022395833333333334 0.03518518518518519
0 0.49296875 0.40185185185185185 0.022395833333333334 0.037037037037037035
0 0.53046875 0.5703703703703704 0.021354166666666667 0.03888888888888889
0 0.54609375 0.5962962962962963 0.021354166666666667 0.037037037037037035
0 0.48515625 0.5916666666666667 0.021354166666666667 0.037037037037037035
0 0.653125 0.4300925925925926 0.020833333333333332 0.03796296296296296
0 0.5442708333333334 0.38333333333333336 0.020833333333333332 0.037037037037037035
0 0.5348958333333333 0.5175925925925926 0.021875 0.03888888888888889
0 0.5693072916666666 0.5958333333333333 0.021661458333333335 0.042509259259259254
0 0.6299479166666667 0.4203703703703704 0.021354166666666667 0.03888888888888889
0 0.51484375 0.47314814814814815 0.021354166666666667 0.037037037037037035
0 0.5627604166666667 0.2851851851851852 0.0203125 0.037037037037037035
0 0.5130208333333334 0.5101851851851852 0.020833333333333332 0.03888888888888889
0 0.66328125 0.637962962962963 0.024479166666666666 0.04259259259259259
0 0.58125 0.39814814814814814 0.020833333333333332 0.03518518518518519
0 0.553125 0.5592592592592592 0.021875 0.03888888888888889
0 0.6080729166666666 0.4152777777777778 0.021354166666666667 0.03796296296296296
0 0.6033854166666667 0.4513888888888889 0.021354166666666667 0.03796296296296296
0 0.5526041666666667 0.4388888888888889 0.020833333333333332 0.037037037037037035
0 0.6466145833333333 0.3175925925925926 0.022395833333333334 0.03888888888888889
0 0.5119791666666667 0.55 0.020833333333333332 0.03888888888888889
0 0.5338541666666666 0.4546296296296296 0.020833333333333332 0.03888888888888889
0 0.4947916666666667 0.48518518518518516 0.021875 0.03888888888888889
0 0.6586458333333333 0.25925925925925924 0.02354166666666667 0.03888888888888889
0 0.5755208333333334 0.43333333333333335 0.020833333333333332 0.037037037037037035
0 0.5317708333333333 0.41388888888888886 0.021875 0.03888888888888889
0 0.5768229166666666 0.47129629629629627 0.022395833333333334 0.03888888888888889
0 0.47708333333333336 0.4351851851851852 0.021875 0.037037037037037035
0 0.5606770833333333 0.4074074074074074 0.021354166666666667 0.037037037037037035
0 0.4588541666666667 0.46296296296296297 0.021875 0.03888888888888889
0 0.5008854166666666 0.4363240740740741 0.022604166666666665 0.03747222222222222
0 0.634375 0.4740740740740741 0.022916666666666665 0.03888888888888889