0 0.39895833333333336 0.5837962962962963 0.026041666666666668 0.04537037037037037
0 0.5833333333333334 0.575925925925926 0.027083333333333334 0.046296296296296294
0 0.3299479166666667 0.6194444444444445 0.025520833333333333 0.046296296296296294
0 0.3546875 0.6180555555555556 0.026041666666666668 0.04722222222222222
0 0.59140625 0.6893518518518519 0.027604166666666666 0.04722222222222222
0 0.46901041666666665 0.5648148148148148 0.025520833333333333 0.046296296296296294
0 0.44375 0.34675925925925927 0.026041666666666668 0.04537037037037037
0 0.3567708333333333 0.24259259259259258 0.026041666666666668 0.046296296296296294
0 0.41119791666666666 0.22453703703703703 0.025520833333333333 0.04722222222222222
0 0.5880208333333333 0.637962962962963 0.028125 0.04814814814814815
0 0.3924479166666667 0.3453703703703704 0.0265625 0.046296296296296294
0 0.33177083333333335 0.7175925925925926 0.027083333333333334 0.04814814814814815
0 0.34869791666666666 0.47175925925925927 0.027604166666666666 0.04722222222222222
0 0.5424479166666667 0.4777777777777778 0.0265625 0.046296296296296294
0 0.5755208333333334 0.5319444444444444 0.028125 0.049074074074074076
0 0.44505208333333335 0.5560185185185185 0.0234375 0.04537037037037037
0 0.6203125 0.8282407407407407 0.029166666666666667 0.05462962962962963
0 0.41953125 0.5606481481481481 0.0234375 0.04537037037037037