0 0.42630208333333336 0.2449074074074074 0.024479166666666666 0.04537037037037037
0 0.4549479166666667 0.49398148148148147 0.025520833333333333 0.04537037037037037
0 0.490625 0.1736111111111111 0.025 0.04722222222222222
0 0.5104166666666666 0.1439814814814815 0.023958333333333335 0.04537037037037037
0 0.5778645833333333 0.5694444444444444 0.0265625 0.046296296296296294
0 0.4505208333333333 0.2412037037037037 0.023958333333333335 0.04537037037037037
0 0.48776041666666664 0.13240740740740742 0.0234375 0.044444444444444446
0 0.38359375 0.21435185185185185 0.025520833333333333 0.04537037037037037
0 0.5729166666666666 0.45787037037037037 0.026041666666666668 0.04537037037037037
0 0.4791666666666667 0.5268518518518519 0.026041666666666668 0.04814814814814815
0 0.6161458333333333 0.15555555555555556 0.026041666666666668 0.046296296296296294
0 0.5505208333333333 0.4115740740740741 0.026041666666666668 0.04537037037037037
0 0.48802083333333335 0.5717592592592593 0.026041666666666668 0.04537037037037037
0 0.4778645833333333 0.6212962962962963 0.0265625 0.04814814814814815
0 0.4783854166666667 0.4847222222222222 0.025520833333333333 0.04351851851851852
0 0.4466145833333333 0.6236111111111111 0.025520833333333333 0.04722222222222222
0 0.4231770833333333 0.3111111111111111 0.025520833333333333 0.044444444444444446
0 0.4471354166666667 0.4527777777777778 0.0265625 0.046296296296296294