0 0.37916666666666665 0.37037037037037035 0.025 0.044444444444444446
0 0.66875 0.4527777777777778 0.027083333333333334 0.046296296296296294
0 0.3380208333333333 0.31712962962962965 0.026041666666666668 0.04722222222222222
0 0.4005208333333333 0.32083333333333336 0.025 0.04351851851851852
0 0.5479166666666667 0.1814814814814815 0.026041666666666668 0.046296296296296294
0 0.5872395833333334 0.6601851851851852 0.027604166666666666 0.04814814814814815
0 0.5614583333333333 0.5467592592592593 0.026041666666666668 0.04537037037037037
0 0.40390625 0.5342592592592592 0.025520833333333333 0.046296296296296294
0 0.5765625 0.6157407407407407 0.027083333333333334 0.046296296296296294
0 0.5408854166666667 0.4013888888888889 0.025520833333333333 0.04537037037037037
0 0.4390625 0.2949074074074074 0.025 0.04351851851851852
0 0.3736979166666667 0.6731481481481482 0.024479166666666666 0.044444444444444446
0 0.34270833333333334 0.2689814814814815 0.025 0.04537037037037037
0 0.6346354166666667 0.29074074074074074 0.027604166666666666 0.046296296296296294
0 0.5861979166666667 0.7615740740740741 0.028645833333333332 0.05092592592592592
0 0.746875 0.7398148148148148 0.029166666666666667 0.05
0 0.5046875 0.5125 0.025 0.04537037037037037
0 0.5765625 0.5125 0.025 0.04351851851851852
0 0.6013020833333333 0.37962962962962965 0.0265625 0.046296296296296294
0 0.3796875 0.5162037037037037 0.026041666666666668 0.04722222222222222
0 0.5729166666666666 0.4652777777777778 0.023958333333333335 0.04537037037037037
0 0.46953125 0.6324074074074074 0.027604166666666666 0.046296296296296294
0 0.43854166666666666 0.25092592592592594 0.025 0.044444444444444446
0 0.47682291666666665 0.549537037037037 0.024479166666666666 0.04351851851851852
0 0.3424479166666667 0.7430555555555556 0.0265625 0.04722222222222222
0 0.51640625 0.1388888888888889 0.025520833333333333 0.046296296296296294
0 0.34453125 0.6736111111111112 0.025520833333333333 0.04537037037037037
0 0.396875 0.6791666666666667 0.025 0.04537037037037037
0 0.5052083333333334 0.5550925925925926 0.025 0.04537037037037037
0 0.4622395833333333 0.5907407407407408 0.025520833333333333 0.044444444444444446
0 0.4270833333333333 0.5087962962962963 0.025 0.04351851851851852
0 0.5661458333333333 0.4060185185185185 0.023958333333333335 0.04537037037037037
0 0.35598958333333336 0.3597222222222222 0.0234375 0.04351851851851852
0 0.4109375 0.27870370370370373 0.023958333333333335 0.04259259259259259
0 0.4921875 0.33935185185185185 0.022916666666666665 0.04351851851851852
0 0.41822916666666665 0.649074074074074 0.025 0.044444444444444446
0 0.54765625 0.46064814814814814 0.025520833333333333 0.04537037037037037
0 0.35833333333333334 0.7092592592592593 0.025 0.044444444444444446
0 0.36640625 0.26944444444444443 0.0234375 0.044444444444444446
0 0.47604166666666664 0.30833333333333335 0.022916666666666665 0.044444444444444446
0 0.38723958333333336 0.287962962962963 0.0234375 0.04259259259259259
0 0.5125 0.36203703703703705 0.022916666666666665 0.044444444444444446
0 0.32135416666666666 0.7273148148148149 0.025 0.04537037037037037
0 0.23177083333333334 0.6138888888888889 0.028125 0.04814814814814815