0 0.5565104166666667 0.5078703703703704 0.024479166666666666 0.04351851851851852
0 0.5328125 0.49212962962962964 0.025 0.04537037037037037
0 0.48151041666666666 0.5282407407407408 0.024479166666666666 0.04351851851851852
0 0.49375 0.43287037037037035 0.025 0.04537037037037037
0 0.3734375 0.674537037037037 0.025 0.04537037037037037
0 0.5622395833333333 0.40324074074074073 0.024479166666666666 0.04351851851851852
0 0.484375 0.39444444444444443 0.023958333333333335 0.04259259259259259
0 0.46145833333333336 0.425 0.023958333333333335 0.04259259259259259
0 0.4700520833333333 0.36203703703703705 0.024479166666666666 0.044444444444444446
0 0.4388020833333333 0.38425925925925924 0.024479166666666666 0.044444444444444446
0 0.5036458333333333 0.5444444444444444 0.023958333333333335 0.044444444444444446
0 0.58671875 0.3990740740740741 0.024479166666666666 0.044444444444444446
0 0.47369791666666666 0.47129629629629627 0.024479166666666666 0.044444444444444446
0 0.5364583333333334 0.5347222222222222 0.025 0.04537037037037037
0 0.5716145833333334 0.5421296296296296 0.024479166666666666 0.04537037037037037
0 0.47734375 0.5708333333333333 0.024479166666666666 0.04351851851851852
0 0.34453125 0.6736111111111112 0.025520833333333333 0.04537037037037037
0 0.56484375 0.4462962962962963 0.025520833333333333 0.044444444444444446
0 0.44088541666666664 0.4888888888888889 0.024479166666666666 0.044444444444444446
0 0.396875 0.6824074074074075 0.025 0.046296296296296294
0 0.3580729166666667 0.7092592592592593 0.025520833333333333 0.046296296296296294
0 0.3919270833333333 0.37592592592592594 0.024479166666666666 0.044444444444444446
0 0.39427083333333335 0.32037037037037036 0.023958333333333335 0.044444444444444446
0 0.37942708333333336 0.2898148148148148 0.024479166666666666 0.044444444444444446
0 0.3625 0.36064814814814816 0.025 0.04537037037037037
0 0.584375 0.35694444444444445 0.025 0.04351851851851852
0 0.4078125 0.524537037037037 0.025 0.04537037037037037
0 0.41770833333333335 0.3162037037037037 0.023958333333333335 0.04537037037037037
0 0.4192708333333333 0.6541666666666667 0.025 0.04537037037037037
0 0.378125 0.5143518518518518 0.025 0.04537037037037037
0 0.5822916666666667 0.6226851851851852 0.025 0.04722222222222222
0 0.5572916666666666 0.6208333333333333 0.026041666666666668 0.04722222222222222
0 0.47109375 0.6175925925925926 0.025520833333333333 0.044444444444444446
0 0.5416666666666666 0.3060185185185185 0.023958333333333335 0.04537037037037037
0 0.3372395833333333 0.31666666666666665 0.0265625 0.046296296296296294
0 0.32135416666666666 0.7282407407407407 0.025 0.04722222222222222
0 0.5177083333333333 0.29768518518518516 0.023958333333333335 0.04537037037037037
0 0.5859375 0.762962962962963 0.027083333333333334 0.05
0 0.6643229166666667 0.45046296296296295 0.0265625 0.04722222222222222
0 0.7513020833333334 0.7314814814814815 0.0296875 0.05
0 0.34375 0.2652777777777778 0.026041666666666668 0.04722222222222222
0 0.6455729166666667 0.5402777777777777 0.0265625 0.04537037037037037
0 0.34296875 0.7439814814814815 0.025520833333333333 0.04722222222222222
0 0.23020833333333332 0.6148148148148148 0.027083333333333334 0.046296296296296294