0 0.5791666666666667 0.35648148148148145 0.025 0.044444444444444446
0 0.4453125 0.40879629629629627 0.023958333333333335 0.04537037037037037
0 0.4622395833333333 0.562962962962963 0.024479166666666666 0.044444444444444446
0 0.50546875 0.5189814814814815 0.024479166666666666 0.04537037037037037
0 0.3846354166666667 0.6944444444444444 0.025520833333333333 0.046296296296296294
0 0.3651041666666667 0.3416666666666667 0.023958333333333335 0.044444444444444446
0 0.6325520833333333 0.4648148148148148 0.0265625 0.044444444444444446
0 0.465625 0.5212962962962963 0.023958333333333335 0.04259259259259259
0 0.5145833333333333 0.4726851851851852 0.025 0.04537037037037037
0 0.43984375 0.5453703703703704 0.0234375 0.04259259259259259
0 0.42265625 0.38425925925925924 0.024479166666666666 0.044444444444444446
0 0.36015625 0.7 0.0234375 0.044444444444444446
0 0.31484375 0.7199074074074074 0.024479166666666666 0.04537037037037037
0 0.34739583333333335 0.7407407407407407 0.025 0.044444444444444446
0 0.575 0.31342592592592594 0.023958333333333335 0.04351851851851852
0 0.34036458333333336 0.3337962962962963 0.0234375 0.04351851851851852
0 0.6911458333333333 0.45694444444444443 0.027083333333333334 0.04537037037037037
0 0.6005208333333333 0.18101851851851852 0.025 0.04537037037037037
0 0.60859375 0.7712962962962963 0.028645833333333332 0.05185185185185185
0 0.4203125 0.524537037037037 0.023958333333333335 0.04351851851851852
0 0.66328125 0.20555555555555555 0.0265625 0.046296296296296294
0 0.7197916666666667 0.762962962962963 0.03125 0.053703703703703705
0 0.33645833333333336 0.700925925925926 0.023958333333333335 0.044444444444444446
0 0.3307291666666667 0.6597222222222222 0.026041666666666668 0.04537037037037037
0 0.5622395833333333 0.26481481481481484 0.0234375 0.044444444444444446
0 0.2911458333333333 0.31527777777777777 0.025 0.04351851851851852
0 0.32395833333333335 0.7587962962962963 0.026041666666666668 0.04722222222222222
0 0.23567708333333334 0.6157407407407407 0.030729166666666665 0.05185185185185185
0 0.6856770833333333 0.7050925925925926 0.027604166666666666 0.04722222222222222
0 0.40208333333333335 0.35555555555555557 0.025 0.044444444444444446
0 0.490625 0.4861111111111111 0.023958333333333335 0.044444444444444446
0 0.4744791666666667 0.4546296296296296 0.023958333333333335 0.044444444444444446
0 0.6309895833333333 0.14629629629629629 0.025520833333333333 0.044444444444444446
0 0.32057291666666665 0.31574074074074077 0.0234375 0.044444444444444446
0 0.30963541666666666 0.26435185185185184 0.024479166666666666 0.04537037037037037
0 0.5700520833333333 0.17407407407407408 0.0234375 0.044444444444444446
0 0.5377604166666666 0.25925925925925924 0.0234375 0.044444444444444446
0 0.4921875 0.24583333333333332 0.023958333333333335 0.04351851851851852
0 0.5138020833333333 0.2601851851851852 0.022395833333333334 0.04259259259259259
0 0.47369791666666666 0.21898148148148147 0.024479166666666666 0.04537037037037037
0 0.28671875 0.26990740740740743 0.024479166666666666 0.04351851851851852
0 0.5138020833333333 0.20925925925925926 0.024479166666666666 0.044444444444444446
0 0.59609375 0.1361111111111111 0.024479166666666666 0.04259259259259259
0 0.5708333333333333 0.12638888888888888 0.023958333333333335 0.04351851851851852