0 0.5859375 0.37037037037037035 0.025 0.044444444444444446
0 0.6716145833333333 0.30694444444444446 0.0265625 0.04537037037037037
0 0.365625 0.287962962962963 0.025 0.044444444444444446
0 0.6486979166666667 0.2513888888888889 0.025520833333333333 0.04537037037037037
0 0.4328125 0.3851851851851852 0.023958333333333335 0.044444444444444446
0 0.30182291666666666 0.49722222222222223 0.0265625 0.044444444444444446
0 0.40546875 0.47962962962962963 0.024479166666666666 0.044444444444444446
0 0.44453125 0.5717592592592593 0.025520833333333333 0.04537037037037037
0 0.55546875 0.4875 0.024479166666666666 0.04351851851851852
0 0.5109375 0.2796296296296296 0.025 0.044444444444444446
0 0.43984375 0.5074074074074074 0.025520833333333333 0.044444444444444446
0 0.6385416666666667 0.16296296296296298 0.025 0.044444444444444446
0 0.39453125 0.25416666666666665 0.024479166666666666 0.04351851851851852
0 0.5682291666666667 0.33796296296296297 0.025 0.044444444444444446
0 0.6815104166666667 0.7152777777777778 0.027604166666666666 0.049074074074074076
0 0.5028645833333333 0.3814814814814815 0.024479166666666666 0.044444444444444446
0 0.6067708333333334 0.16203703703703703 0.025 0.044444444444444446
0 0.48723958333333334 0.5671296296296297 0.024479166666666666 0.04351851851851852
0 0.71171875 0.7777777777777778 0.03177083333333333 0.05555555555555555
0 0.5138020833333333 0.5449074074074074 0.024479166666666666 0.04351851851851852
0 0.52578125 0.5069444444444444 0.024479166666666666 0.04351851851851852
0 0.2703125 0.425 0.026041666666666668 0.044444444444444446
0 0.7018229166666666 0.6842592592592592 0.027604166666666666 0.04814814814814815
0 0.6671875 0.2212962962962963 0.025 0.044444444444444446
0 0.3416666666666667 0.7138888888888889 0.026041666666666668 0.046296296296296294
0 0.57578125 0.12361111111111112 0.024479166666666666 0.04537037037037037
0 0.4114583333333333 0.35185185185185186 0.025 0.04259259259259259
0 0.23463541666666668 0.6185185185185185 0.028645833333333332 0.04814814814814815
0 0.4583333333333333 0.5337962962962963 0.023958333333333335 0.041666666666666664
0 0.33958333333333335 0.2587962962962963 0.025 0.04351851851851852
0 0.46927083333333336 0.1884259259259259 0.025 0.04537037037037037
0 0.2869791666666667 0.25092592592592594 0.026041666666666668 0.044444444444444446
0 0.3421875 0.7592592592592593 0.026041666666666668 0.046296296296296294
0 0.4822916666666667 0.4152777777777778 0.023958333333333335 0.04351851851851852
0 0.46171875 0.44212962962962965 0.024479166666666666 0.04537037037037037
0 0.6958333333333333 0.20416666666666666 0.026041666666666668 0.04722222222222222
0 0.5315104166666667 0.46620370370370373 0.0234375 0.04351851851851852
0 0.49244791666666665 0.5254629629629629 0.024479166666666666 0.04351851851851852
0 0.50703125 0.4615740740740741 0.0234375 0.04351851851851852
0 0.4739583333333333 0.5013888888888889 0.023958333333333335 0.041666666666666664
0 0.6231770833333333 0.1310185185185185 0.024479166666666666 0.041666666666666664
0 0.4830729166666667 0.462037037037037 0.0234375 0.04259259259259259
0 0.33932291666666664 0.21342592592592594 0.025520833333333333 0.04537037037037037
0 0.6130208333333333 0.09444444444444444 0.025 0.044444444444444446