0 0.2716145833333333 0.39490740740740743 0.024479166666666666 0.03981481481481482
0 0.7033854166666667 0.37222222222222223 0.024479166666666666 0.040740740740740744
0 0.30026041666666664 0.45 0.0234375 0.03888888888888889
0 0.7046875 0.275 0.022916666666666665 0.03888888888888889
0 0.54765625 0.2212962962962963 0.022395833333333334 0.03888888888888889
0 0.61796875 0.3421296296296296 0.0234375 0.03981481481481482
0 0.6393229166666666 0.23657407407407408 0.022395833333333334 0.03796296296296296
0 0.6125 0.7759259259259259 0.025 0.044444444444444446
0 0.4049479166666667 0.26342592592592595 0.022395833333333334 0.03981481481481482
0 0.6609375 0.5648148148148148 0.025 0.04259259259259259
0 0.41015625 0.6356481481481482 0.025520833333333333 0.041666666666666664
0 0.3260416666666667 0.4930555555555556 0.023958333333333335 0.03981481481481482
0 0.721875 0.43148148148148147 0.022916666666666665 0.040740740740740744
0 0.6651041666666667 0.8652777777777778 0.027083333333333334 0.04722222222222222
0 0.17057291666666666 0.44583333333333336 0.025520833333333333 0.03981481481481482
0 0.6296875 0.8208333333333333 0.026041666666666668 0.04722222222222222
0 0.428125 0.4388888888888889 0.023958333333333335 0.040740740740740744
0 0.26588541666666665 0.27175925925925926 0.024479166666666666 0.03981481481481482
0 0.4825520833333333 0.42453703703703705 0.022395833333333334 0.03796296296296296
0 0.5252604166666667 0.4935185185185185 0.022395833333333334 0.03888888888888889
0 0.74140625 0.8722222222222222 0.027604166666666666 0.04814814814814815
0 0.5579375 0.2781944444444444 0.022119791666666666 0.03972222222222222
0 0.6046875 0.7143518518518519 0.022916666666666665 0.03981481481481482
0 0.4708333333333333 0.5722222222222222 0.022916666666666665 0.040740740740740744
0 0.4453125 0.5953703703703703 0.022916666666666665 0.040740740740740744
0 0.5075364583333334 0.6516666666666666 0.024447916666666666 0.04037037037037037
0 0.5119791666666667 0.6143518518518518 0.021875 0.03796296296296296
0 0.4466145833333333 0.500462962962963 0.022395833333333334 0.03981481481481482
0 0.6736979166666667 0.49398148148148147 0.022395833333333334 0.03981481481481482
0 0.49583333333333335 0.3458333333333333 0.021875 0.03796296296296296
0 0.49505208333333334 0.5324074074074074 0.022395833333333334 0.040740740740740744
0 0.6291666666666667 0.6518518518518519 0.023958333333333335 0.04259259259259259
0 0.48617187500000003 0.3189814814814815 0.02234375 0.03796296296296296
0 0.5161458333333333 0.35833333333333334 0.020833333333333332 0.03888888888888889
0 0.5893229166666667 0.6222222222222222 0.022395833333333334 0.03888888888888889
0 0.534828125 0.6188611111111111 0.023682291666666667 0.03796296296296296
0 0.634828125 0.48097222222222225 0.02382291666666667 0.03972222222222222
0 0.5768229166666666 0.38842592592592595 0.022395833333333334 0.03981481481481482
0 0.5888020833333333 0.6620370370370371 0.022395833333333334 0.03888888888888889
0 0.45598958333333334 0.38472222222222224 0.022395833333333334 0.03981481481481482
0 0.5677083333333334 0.6453703703703704 0.021875 0.03888888888888889
0 0.5651041666666666 0.6060185185185185 0.021875 0.03981481481481482
0 0.5231770833333333 0.31805555555555554 0.0203125 0.03611111111111111
0 0.4983020833333333 0.28284259259259265 0.02159895833333333 0.03975925925925926
0 0.5427760416666667 0.6861111111111111 0.024447916666666666 0.04186111111111111
0 0.61015625 0.674537037037037 0.022395833333333334 0.03796296296296296
0 0.6276041666666666 0.7069444444444445 0.023958333333333335 0.041666666666666664
0 0.54609375 0.6486111111111111 0.022395833333333334 0.03796296296296296
0 0.48098958333333336 0.6092592592592593 0.022395833333333334 0.03888888888888889
0 0.5185416666666667 0.6832592592592592 0.02458854166666667 0.04089814814814815
0 0.54609375 0.5805555555555556 0.022395833333333334 0.040740740740740744
0 0.6514947916666666 0.5043518518518519 0.02278125 0.041296296296296296
0 0.5125 0.46296296296296297 0.020833333333333332 0.037037037037037035
0 0.517640625 0.27409259259259255 0.020697916666666667 0.038925925925925926
0 0.5911458333333334 0.5074074074074074 0.021875 0.040740740740740744
0 0.5240833333333333 0.5839351851851852 0.024203125 0.04009259259259259
0 0.5651041666666666 0.5032407407407408 0.021875 0.03981481481481482
0 0.5143229166666666 0.4222222222222222 0.021354166666666667 0.037037037037037035
0 0.55390625 0.4351851851851852 0.0203125 0.037037037037037035
0 0.5015625 0.5800925925925926 0.021875 0.03981481481481482
0 0.53803125 0.2918888888888889 0.021895833333333333 0.03747222222222222
0 0.5664583333333333 0.4665462962962963 0.023546875000000002 0.03864814814814815
0 0.6100208333333333 0.4810925925925926 0.023473958333333333 0.04318518518518519
0 0.53203125 0.4486111111111111 0.021354166666666667 0.03796296296296296
0 0.5895572916666667 0.4683981481481482 0.022864583333333334 0.0405