0 0.41484375 0.3402777777777778 0.024479166666666666 0.04351851851851852
0 0.29140625 0.31527777777777777 0.025520833333333333 0.04351851851851852
0 0.55390625 0.32175925925925924 0.024479166666666666 0.04351851851851852
0 0.39036458333333335 0.3050925925925926 0.0234375 0.04351851851851852
0 0.33567708333333335 0.48842592592592593 0.025520833333333333 0.04537037037037037
0 0.3606770833333333 0.275 0.024479166666666666 0.04259259259259259
0 0.3059895833333333 0.5064814814814815 0.025520833333333333 0.044444444444444446
0 0.5611979166666666 0.412962962962963 0.024479166666666666 0.044444444444444446
0 0.6111979166666667 0.3814814814814815 0.025520833333333333 0.044444444444444446
0 0.43776041666666665 0.30694444444444446 0.024479166666666666 0.04351851851851852
0 0.54296875 0.3851851851851852 0.024479166666666666 0.044444444444444446
0 0.4158854166666667 0.5578703703703703 0.024479166666666666 0.04537037037037037
0 0.48333333333333334 0.5189814814814815 0.025 0.04351851851851852
0 0.5265625 0.43333333333333335 0.023958333333333335 0.044444444444444446
0 0.3888020833333333 0.5625 0.025520833333333333 0.04537037037037037
0 0.46822916666666664 0.3425925925925926 0.025 0.044444444444444446
0 0.6377604166666667 0.16111111111111112 0.025520833333333333 0.046296296296296294
0 0.5075520833333333 0.48564814814814816 0.024479166666666666 0.04351851851851852
0 0.29661458333333335 0.45787037037037037 0.025520833333333333 0.04537037037037037
0 0.7057291666666666 0.6800925925925926 0.030208333333333334 0.05277777777777778
0 0.4546875 0.5291666666666667 0.023958333333333335 0.04537037037037037
0 0.6 0.15833333333333333 0.025 0.044444444444444446
0 0.59453125 0.3458333333333333 0.025520833333333333 0.04537037037037037
0 0.4828125 0.41388888888888886 0.023958333333333335 0.044444444444444446
0 0.4661458333333333 0.38425925925925924 0.025 0.044444444444444446
0 0.6653645833333334 0.2013888888888889 0.0265625 0.04722222222222222
0 0.41171875 0.49537037037037035 0.025520833333333333 0.044444444444444446
0 0.3098958333333333 0.26481481481481484 0.023958333333333335 0.044444444444444446
0 0.56171875 0.2759259259259259 0.024479166666666666 0.044444444444444446
0 0.43125 0.5203703703703704 0.023958333333333335 0.044444444444444446
0 0.7140625 0.7722222222222223 0.030208333333333334 0.053703703703703705
0 0.48723958333333334 0.25416666666666665 0.024479166666666666 0.04351851851851852
0 0.4830729166666667 0.46296296296296297 0.024479166666666666 0.044444444444444446
0 0.43828125 0.4759259259259259 0.024479166666666666 0.044444444444444446
0 0.3375 0.25833333333333336 0.023958333333333335 0.044444444444444446
0 0.4635416666666667 0.4861111111111111 0.023958333333333335 0.044444444444444446
0 0.503125 0.44166666666666665 0.023958333333333335 0.044444444444444446
0 0.2864583333333333 0.26944444444444443 0.023958333333333335 0.044444444444444446
0 0.4200520833333333 0.2810185185185185 0.024479166666666666 0.04351851851851852
0 0.39296875 0.262037037037037 0.024479166666666666 0.044444444444444446
0 0.23541666666666666 0.6166666666666667 0.030208333333333334 0.05
0 0.6838541666666667 0.7092592592592593 0.027083333333333334 0.04814814814814815
0 0.6200520833333333 0.13564814814814816 0.024479166666666666 0.04537037037037037
0 0.5989583333333334 0.11666666666666667 0.023958333333333335 0.044444444444444446