0 0.35234375 0.3111111111111111 0.025520833333333333 0.044444444444444446
0 0.48828125 0.3337962962962963 0.024479166666666666 0.04351851851851852
0 0.3734375 0.2675925925925926 0.025 0.044444444444444446
0 0.5341145833333333 0.32546296296296295 0.025520833333333333 0.04537037037037037
0 0.6494791666666667 0.25046296296296294 0.026041666666666668 0.04537037037037037
0 0.6388020833333333 0.16157407407407406 0.025520833333333333 0.04537037037037037
0 0.5130208333333334 0.21666666666666667 0.025 0.044444444444444446
0 0.37604166666666666 0.44074074074074077 0.025 0.044444444444444446
0 0.34296875 0.2564814814814815 0.024479166666666666 0.044444444444444446
0 0.49947916666666664 0.2847222222222222 0.023958333333333335 0.04351851851851852
0 0.6065104166666667 0.16111111111111112 0.025520833333333333 0.046296296296296294
0 0.40286458333333336 0.21712962962962962 0.025520833333333333 0.04537037037037037
0 0.67265625 0.30462962962962964 0.0265625 0.046296296296296294
0 0.5114583333333333 0.512962962962963 0.023958333333333335 0.044444444444444446
0 0.46927083333333336 0.1875 0.025 0.04537037037037037
0 0.28671875 0.25 0.025520833333333333 0.044444444444444446
0 0.47552083333333334 0.300462962962963 0.023958333333333335 0.04351851851851852
0 0.69609375 0.20324074074074075 0.0265625 0.04722222222222222
0 0.3497395833333333 0.4337962962962963 0.025520833333333333 0.04537037037037037
0 0.5760416666666667 0.12268518518518519 0.025 0.04537037037037037
0 0.34270833333333334 0.7606481481481482 0.027083333333333334 0.04722222222222222
0 0.3416666666666667 0.7143518518518519 0.026041666666666668 0.04537037037037037
0 0.4671875 0.5138888888888888 0.023958333333333335 0.044444444444444446
0 0.6682291666666667 0.22083333333333333 0.025 0.04537037037037037
0 0.39739583333333334 0.48333333333333334 0.025 0.046296296296296294
0 0.48932291666666666 0.5305555555555556 0.024479166666666666 0.044444444444444446
0 0.42109375 0.49675925925925923 0.024479166666666666 0.04537037037037037
0 0.3390625 0.2125 0.025 0.04537037037037037
0 0.44635416666666666 0.4949074074074074 0.023958333333333335 0.04351851851851852
0 0.49505208333333334 0.44583333333333336 0.024479166666666666 0.04351851851851852
0 0.6236979166666666 0.1300925925925926 0.024479166666666666 0.04351851851851852
0 0.70234375 0.6837962962962963 0.0296875 0.05277777777777778
0 0.71171875 0.7777777777777778 0.030729166666666665 0.053703703703703705
0 0.4083333333333333 0.40879629629629627 0.025 0.04537037037037037
0 0.45625 0.4013888888888889 0.023958333333333335 0.04351851851851852
0 0.68203125 0.7148148148148148 0.027604166666666666 0.05
0 0.4153645833333333 0.45 0.024479166666666666 0.044444444444444446
0 0.47291666666666665 0.4287037037037037 0.023958333333333335 0.044444444444444446
0 0.4393229166666667 0.44166666666666665 0.024479166666666666 0.044444444444444446
0 0.4895833333333333 0.48703703703703705 0.023958333333333335 0.044444444444444446
0 0.46770833333333334 0.47129629629629627 0.023958333333333335 0.044444444444444446
0 0.4315104166666667 0.4009259259259259 0.0234375 0.044444444444444446
0 0.23359375 0.6166666666666667 0.0265625 0.044444444444444446
0 0.6130208333333333 0.09490740740740741 0.025 0.04537037037037037