0 0.5802083333333333 0.5828703703703704 0.026041666666666668 0.04537037037037037
0 0.34739583333333335 0.5828703703703704 0.023958333333333335 0.04351851851851852
0 0.29635416666666664 0.5282407407407408 0.026041666666666668 0.04537037037037037
0 0.41640625 0.6194444444444445 0.025520833333333333 0.046296296296296294
0 0.24401041666666667 0.5148148148148148 0.0265625 0.046296296296296294
0 0.24036458333333333 0.6462962962962963 0.028645833333333332 0.05
0 0.30078125 0.3773148148148148 0.025520833333333333 0.04351851851851852
0 0.3731770833333333 0.6097222222222223 0.024479166666666666 0.04351851851851852
0 0.66484375 0.5296296296296297 0.0265625 0.046296296296296294
0 0.39505208333333336 0.5907407407407408 0.024479166666666666 0.044444444444444446
0 0.37734375 0.4550925925925926 0.024479166666666666 0.04351851851851852
0 0.2518229166666667 0.37222222222222223 0.025520833333333333 0.044444444444444446
0 0.2989583333333333 0.32731481481481484 0.025 0.04351851851851852
0 0.32760416666666664 0.6986111111111111 0.025 0.04537037037037037
0 0.7158854166666667 0.4824074074074074 0.0265625 0.046296296296296294
0 0.3645833333333333 0.3814814814814815 0.025 0.044444444444444446
0 0.47291666666666665 0.47175925925925927 0.023958333333333335 0.04351851851851852
0 0.6927083333333334 0.5009259259259259 0.026041666666666668 0.044444444444444446
0 0.6653645833333334 0.7916666666666666 0.025520833333333333 0.04814814814814815
0 0.21015625 0.46944444444444444 0.025520833333333333 0.044444444444444446
0 0.7088541666666667 0.7837962962962963 0.027083333333333334 0.04722222222222222
0 0.3815104166666667 0.29444444444444445 0.024479166666666666 0.044444444444444446
0 0.64140625 0.7726851851851851 0.0265625 0.049074074074074076
0 0.7598958333333333 0.32083333333333336 0.027083333333333334 0.04722222222222222
0 0.44973958333333336 0.43194444444444446 0.024479166666666666 0.04351851851851852
0 0.3145833333333333 0.4847222222222222 0.023958333333333335 0.04351851851851852
0 0.3380208333333333 0.4699074074074074 0.025 0.04351851851851852
0 0.7140625 0.8347222222222223 0.028125 0.049074074074074076
0 0.6885416666666667 0.812962962962963 0.026041666666666668 0.04814814814814815
0 0.6578125 0.48055555555555557 0.026041666666666668 0.046296296296296294
0 0.6911458333333333 0.7467592592592592 0.027083333333333334 0.049074074074074076
0 0.7796875 0.6481481481481481 0.028125 0.04814814814814815
0 0.5510416666666667 0.5546296296296296 0.025 0.044444444444444446
0 0.5299479166666666 0.5337962962962963 0.024479166666666666 0.04351851851851852
0 0.28541666666666665 0.2824074074074074 0.025 0.044444444444444446
0 0.33046875 0.7425925925925926 0.025520833333333333 0.046296296296296294
0 0.5377604166666666 0.32546296296296295 0.024479166666666666 0.04351851851851852
0 0.3575520833333333 0.29444444444444445 0.0234375 0.04259259259259259
0 0.3260416666666667 0.43333333333333335 0.025 0.04259259259259259
0 0.6072916666666667 0.3861111111111111 0.025 0.044444444444444446
0 0.23854166666666668 0.2847222222222222 0.025 0.04351851851851852
0 0.4895833333333333 0.24583333333333332 0.023958333333333335 0.04351851851851852
0 0.4666666666666667 0.20416666666666666 0.023958333333333335 0.04351851851851852
0 0.5588541666666667 0.5143518518518518 0.025 0.04351851851851852
0 0.6520833333333333 0.37453703703703706 0.025 0.04537037037037037
0 0.6888020833333334 0.8611111111111112 0.027604166666666666 0.04814814814814815
0 0.68125 0.45601851851851855 0.025 0.04351851851851852
0 0.7330729166666666 0.28703703703703703 0.025520833333333333 0.046296296296296294
0 0.43255208333333334 0.3907407407407407 0.0234375 0.04259259259259259
0 0.51875 0.2833333333333333 0.023958333333333335 0.044444444444444446
0 0.41354166666666664 0.36666666666666664 0.023958333333333335 0.04259259259259259
0 0.5763020833333333 0.31527777777777777 0.024479166666666666 0.04351851851851852
0 0.5677083333333334 0.35555555555555557 0.025 0.044444444444444446
0 0.26510416666666664 0.24675925925925926 0.023958333333333335 0.04537037037037037
0 0.4901041666666667 0.16157407407407406 0.023958333333333335 0.04351851851851852
0 0.5885416666666666 0.17592592592592593 0.023958333333333335 0.044444444444444446
0 0.4901041666666667 0.2037037037037037 0.023958333333333335 0.04259259259259259
0 0.7088541666666667 0.38564814814814813 0.026041666666666668 0.04537037037037037
0 0.6916666666666667 0.3416666666666667 0.025 0.044444444444444446
0 0.6916666666666667 0.41712962962962963 0.025 0.04537037037037037
0 0.4817708333333333 0.3962962962962963 0.023958333333333335 0.04259259259259259
0 0.5247395833333334 0.49212962962962964 0.0234375 0.04351851851851852
0 0.56796875 0.43287037037037035 0.024479166666666666 0.04351851851851852
0 0.5354166666666667 0.4537037037037037 0.023958333333333335 0.04259259259259259
0 0.5416666666666666 0.40879629629629627 0.023958333333333335 0.04351851851851852
0 0.7135416666666666 0.3194444444444444 0.025 0.046296296296296294
0 0.5505208333333333 0.1162037037037037 0.023958333333333335 0.04537037037037037
0 0.5578125 0.47129629629629627 0.023958333333333335 0.04259259259259259
0 0.58046875 0.39351851851851855 0.024479166666666666 0.04259259259259259
0 0.5098958333333333 0.4050925925925926 0.023958333333333335 0.04351851851851852
0 0.49166666666666664 0.4356481481481482 0.023958333333333335 0.04351851851851852
0 0.5114583333333333 0.45787037037037037 0.022916666666666665 0.041666666666666664
0 0.6497395833333334 0.2490740740740741 0.024479166666666666 0.044444444444444446
0 0.66484375 0.4222222222222222 0.025520833333333333 0.044444444444444446
0 0.5408854166666667 0.26481481481481484 0.0234375 0.04259259259259259
0 0.55546875 0.2972222222222222 0.0234375 0.04259259259259259
0 0.5690104166666666 0.14351851851851852 0.022395833333333334 0.040740740740740744
0 0.6690104166666667 0.31851851851851853 0.025520833333333333 0.046296296296296294
0 0.6364583333333333 0.21435185185185185 0.023958333333333335 0.04537037037037037
0 0.71015625 0.26805555555555555 0.024479166666666666 0.04351851851851852
0 0.6169270833333333 0.19074074074074074 0.024479166666666666 0.044444444444444446
0 0.6744791666666666 0.21481481481481482 0.023958333333333335 0.044444444444444446
0 0.6903645833333333 0.2972222222222222 0.024479166666666666 0.04259259259259259
0 0.6494791666666667 0.09675925925925925 0.025 0.04351851851851852
0 0.5940104166666667 0.1259259259259259 0.024479166666666666 0.044444444444444446
0 0.6671875 0.2763888888888889 0.023958333333333335 0.04351851851851852
0 0.6588541666666666 0.14444444444444443 0.025 0.04259259259259259
0 0.6565104166666667 0.1865740740740741 0.024479166666666666 0.04351851851851852
0 0.6359375 0.1625 0.023958333333333335 0.04351851851851852
0 0.6877604166666667 0.24953703703703703 0.024479166666666666 0.04351851851851852
0 0.6122395833333333 0.09861111111111111 0.0234375 0.04351851851851852
0 0.6111979166666667 0.14953703703703702 0.022395833333333334 0.041666666666666664
0 0.6307291666666667 0.12222222222222222 0.023958333333333335 0.04259259259259259