0 0.23411458333333332 0.6199074074074075 0.030729166666666665 0.05092592592592592
0 0.7083333333333334 0.7805555555555556 0.03125 0.053703703703703705
0 0.65390625 0.3925925925925926 0.025520833333333333 0.044444444444444446
0 0.51484375 0.5472222222222223 0.024479166666666666 0.044444444444444446
0 0.6458333333333334 0.549074074074074 0.027083333333333334 0.046296296296296294
0 0.4588541666666667 0.5148148148148148 0.025 0.044444444444444446
0 0.4278645833333333 0.5875 0.025520833333333333 0.04537037037037037
0 0.36822916666666666 0.2791666666666667 0.023958333333333335 0.04351851851851852
0 0.4153645833333333 0.2675925925925926 0.024479166666666666 0.044444444444444446
0 0.4934895833333333 0.6175925925925926 0.025520833333333333 0.046296296296296294
0 0.6848958333333334 0.49583333333333335 0.030208333333333334 0.05092592592592592
0 0.30052083333333335 0.49907407407407406 0.026041666666666668 0.044444444444444446
0 0.575 0.24166666666666667 0.025 0.044444444444444446
0 0.6565104166666667 0.25833333333333336 0.025520833333333333 0.044444444444444446
0 0.6268229166666667 0.3861111111111111 0.025520833333333333 0.044444444444444446
0 0.5057291666666667 0.41712962962962963 0.025 0.04537037037037037
0 0.5294270833333333 0.5138888888888888 0.025520833333333333 0.044444444444444446
0 0.44817708333333334 0.6074074074074074 0.024479166666666666 0.046296296296296294
0 0.5247395833333334 0.2273148148148148 0.025520833333333333 0.04537037037037037
0 0.55234375 0.4925925925925926 0.024479166666666666 0.044444444444444446
0 0.6807291666666667 0.7199074074074074 0.027083333333333334 0.04722222222222222
0 0.2713541666666667 0.42777777777777776 0.026041666666666668 0.044444444444444446
0 0.6205729166666667 0.22870370370370371 0.025520833333333333 0.044444444444444446
0 0.6971354166666667 0.6847222222222222 0.027604166666666666 0.049074074074074076
0 0.33880208333333334 0.7111111111111111 0.025520833333333333 0.046296296296296294
0 0.47213541666666664 0.5995370370370371 0.0234375 0.04351851851851852
0 0.475 0.22777777777777777 0.023958333333333335 0.044444444444444446
0 0.6447916666666667 0.3453703703703704 0.026041666666666668 0.044444444444444446
0 0.5690104166666666 0.4064814814814815 0.025520833333333333 0.044444444444444446
0 0.33828125 0.26064814814814813 0.025520833333333333 0.04537037037037037
0 0.5325520833333334 0.3861111111111111 0.024479166666666666 0.044444444444444446
0 0.28567708333333336 0.2523148148148148 0.025520833333333333 0.04537037037037037
0 0.3375 0.7560185185185185 0.026041666666666668 0.04537037037037037
0 0.5544270833333333 0.44074074074074077 0.024479166666666666 0.04259259259259259
0 0.5325520833333334 0.4699074074074074 0.024479166666666666 0.04351851851851852
0 0.48072916666666665 0.2898148148148148 0.025 0.044444444444444446
0 0.50078125 0.31712962962962965 0.0234375 0.04351851851851852
0 0.5130208333333334 0.36064814814814816 0.023958333333333335 0.04351851851851852
0 0.5283854166666667 0.42777777777777776 0.0234375 0.04259259259259259
0 0.3924479166666667 0.2564814814814815 0.0234375 0.044444444444444446
0 0.653125 0.21481481481481482 0.026041666666666668 0.044444444444444446
0 0.3380208333333333 0.21666666666666667 0.025 0.044444444444444446
0 0.5140625 0.1837962962962963 0.023958333333333335 0.04351851851851852
0 0.4890625 0.18194444444444444 0.023958333333333335 0.04351851851851852