0 0.60859375 0.5837962962962963 0.0265625 0.04722222222222222
0 0.34765625 0.5814814814814815 0.024479166666666666 0.044444444444444446
0 0.4309895833333333 0.5509259259259259 0.024479166666666666 0.044444444444444446
0 0.3802083333333333 0.5597222222222222 0.025 0.04537037037037037
0 0.24322916666666666 0.5138888888888888 0.026041666666666668 0.046296296296296294
0 0.29661458333333335 0.5282407407407408 0.025520833333333333 0.04537037037037037
0 0.41432291666666665 0.513425925925926 0.024479166666666666 0.04351851851851852
0 0.6658854166666667 0.5296296296296297 0.0265625 0.046296296296296294
0 0.46432291666666664 0.44722222222222224 0.024479166666666666 0.044444444444444446
0 0.39010416666666664 0.4486111111111111 0.023958333333333335 0.04351851851851852
0 0.2518229166666667 0.37175925925925923 0.025520833333333333 0.04537037037037037
0 0.30078125 0.3763888888888889 0.025520833333333333 0.04537037037037037
0 0.5778645833333333 0.5564814814814815 0.025520833333333333 0.044444444444444446
0 0.7171875 0.4828703703703704 0.027083333333333334 0.04722222222222222
0 0.38359375 0.2916666666666667 0.024479166666666666 0.044444444444444446
0 0.46536458333333336 0.26342592592592595 0.024479166666666666 0.04351851851851852
0 0.32760416666666664 0.6986111111111111 0.025 0.04537037037037037
0 0.23958333333333334 0.6467592592592593 0.026041666666666668 0.04537037037037037
0 0.7088541666666667 0.7847222222222222 0.027083333333333334 0.049074074074074076
0 0.42864583333333334 0.3912037037037037 0.023958333333333335 0.04351851851851852
0 0.6651041666666667 0.7925925925925926 0.026041666666666668 0.04814814814814815
0 0.75390625 0.30416666666666664 0.0265625 0.04722222222222222
0 0.3143229166666667 0.48333333333333334 0.024479166666666666 0.044444444444444446
0 0.3575520833333333 0.29398148148148145 0.024479166666666666 0.04351851851851852
0 0.21015625 0.4689814814814815 0.025520833333333333 0.04537037037037037
0 0.365625 0.425 0.023958333333333335 0.044444444444444446
0 0.33046875 0.7425925925925926 0.025520833333333333 0.046296296296296294
0 0.7135416666666666 0.8347222222222223 0.028125 0.049074074074074076
0 0.49244791666666665 0.48055555555555557 0.025520833333333333 0.044444444444444446
0 0.29921875 0.3263888888888889 0.024479166666666666 0.04351851851851852
0 0.3377604166666667 0.46944444444444444 0.024479166666666666 0.044444444444444446
0 0.6932291666666667 0.5009259259259259 0.026041666666666668 0.044444444444444446
0 0.6885416666666667 0.812962962962963 0.026041666666666668 0.04814814814814815
0 0.64140625 0.7731481481481481 0.0265625 0.05
0 0.3255208333333333 0.4324074074074074 0.025 0.044444444444444446
0 0.47994791666666664 0.2212962962962963 0.024479166666666666 0.044444444444444446
0 0.7278645833333334 0.3055555555555556 0.0265625 0.04814814814814815
0 0.65859375 0.4810185185185185 0.0265625 0.04537037037037037
0 0.6911458333333333 0.7467592592592592 0.027083333333333334 0.049074074074074076
0 0.5817708333333333 0.5125 0.023958333333333335 0.04351851851851852
0 0.50078125 0.31805555555555554 0.0234375 0.04351851851851852
0 0.5393229166666667 0.4949074074074074 0.024479166666666666 0.04351851851851852
0 0.78203125 0.6467592592592593 0.0296875 0.05092592592592592
0 0.5583333333333333 0.524074074074074 0.023958333333333335 0.044444444444444446
0 0.5088541666666667 0.19953703703703704 0.023958333333333335 0.04351851851851852
0 0.6114583333333333 0.30462962962962964 0.023958333333333335 0.044444444444444446
0 0.40598958333333335 0.36944444444444446 0.024479166666666666 0.044444444444444446
0 0.5924479166666666 0.3907407407407407 0.024479166666666666 0.044444444444444446
0 0.6888020833333334 0.8611111111111112 0.027604166666666666 0.04814814814814815
0 0.23854166666666668 0.28425925925925927 0.025 0.044444444444444446
0 0.6520833333333333 0.1648148148148148 0.025 0.046296296296296294
0 0.61640625 0.38287037037037036 0.024479166666666666 0.04537037037037037
0 0.4825520833333333 0.39861111111111114 0.024479166666666666 0.04351851851851852
0 0.28541666666666665 0.2814814814814815 0.025 0.044444444444444446
0 0.6794270833333333 0.4537037037037037 0.025520833333333333 0.044444444444444446
0 0.65078125 0.4337962962962963 0.025520833333333333 0.04537037037037037
0 0.45 0.22962962962962963 0.023958333333333335 0.044444444444444446
0 0.49635416666666665 0.43796296296296294 0.023958333333333335 0.044444444444444446
0 0.51796875 0.4583333333333333 0.024479166666666666 0.044444444444444446
0 0.6940104166666666 0.37453703703703706 0.025520833333333333 0.04351851851851852
0 0.5661458333333333 0.48194444444444445 0.023958333333333335 0.04351851851851852
0 0.6291666666666667 0.13194444444444445 0.025 0.04537037037037037
0 0.6927083333333334 0.4166666666666667 0.026041666666666668 0.044444444444444446
0 0.6838541666666667 0.2777777777777778 0.025 0.046296296296296294
0 0.5682291666666667 0.43287037037037035 0.023958333333333335 0.04351851851851852
0 0.6466145833333333 0.21666666666666667 0.025520833333333333 0.046296296296296294
0 0.5192708333333333 0.28379629629629627 0.023958333333333335 0.04537037037037037
0 0.5442708333333334 0.4513888888888889 0.023958333333333335 0.04351851851851852
0 0.5119791666666667 0.4046296296296296 0.023958333333333335 0.04259259259259259
0 0.6046875 0.17407407407407408 0.025 0.044444444444444446
0 0.6486979166666667 0.3921296296296296 0.025520833333333333 0.04537037037037037
0 0.64375 0.35 0.025 0.044444444444444446
0 0.6833333333333333 0.32731481481481484 0.025 0.04537037037037037
0 0.5494791666666666 0.40555555555555556 0.023958333333333335 0.04259259259259259
0 0.26484375 0.24583333333333332 0.024479166666666666 0.04537037037037037
0 0.6690104166666667 0.36435185185185187 0.025520833333333333 0.04537037037037037
0 0.5322916666666667 0.3768518518518518 0.023958333333333335 0.04259259259259259
0 0.6419270833333334 0.28379629629629627 0.024479166666666666 0.04722222222222222
0 0.59453125 0.2638888888888889 0.024479166666666666 0.044444444444444446
0 0.66328125 0.30324074074074076 0.024479166666666666 0.04537037037037037
0 0.55859375 0.3662037037037037 0.0234375 0.04351851851851852
0 0.571875 0.28055555555555556 0.023958333333333335 0.044444444444444446
0 0.5684895833333333 0.16064814814814815 0.0234375 0.04351851851851852
0 0.5653645833333333 0.20462962962962963 0.0234375 0.04259259259259259
0 0.6088541666666667 0.21851851851851853 0.023958333333333335 0.044444444444444446
0 0.5536458333333333 0.2462962962962963 0.023958333333333335 0.044444444444444446
0 0.5833333333333334 0.2273148148148148 0.022916666666666665 0.04351851851851852
0 0.540625 0.337037037037037 0.023958333333333335 0.04259259259259259
0 0.5416666666666666 0.2101851851851852 0.023958333333333335 0.044444444444444446
0 0.6677083333333333 0.2462962962962963 0.023958333333333335 0.044444444444444446
0 0.5622395833333333 0.31712962962962965 0.024479166666666666 0.04351851851851852
0 0.5447916666666667 0.16805555555555557 0.023958333333333335 0.04351851851851852
0 0.5416666666666666 0.2962962962962963 0.022916666666666665 0.04259259259259259