0 0.684375 0.1675925925925926 0.026041666666666668 0.046296296296296294
0 0.51875 0.4930555555555556 0.025 0.04537037037037037
0 0.6919270833333333 0.5189814814814815 0.0265625 0.04537037037037037
0 0.31276041666666665 0.5398148148148149 0.025520833333333333 0.044444444444444446
0 0.24453125 0.5162037037037037 0.0265625 0.04537037037037037
0 0.5645833333333333 0.2967592592592593 0.025 0.04537037037037037
0 0.4828125 0.6657407407407407 0.025 0.044444444444444446
0 0.58046875 0.6532407407407408 0.0265625 0.04722222222222222
0 0.7127604166666667 0.4847222222222222 0.0265625 0.04722222222222222
0 0.5669270833333333 0.2050925925925926 0.024479166666666666 0.04537037037037037
0 0.48385416666666664 0.2050925925925926 0.023958333333333335 0.04351851851851852
0 0.43411458333333336 0.6949074074074074 0.024479166666666666 0.04722222222222222
0 0.41848958333333336 0.4810185185185185 0.0234375 0.04351851851851852
0 0.4036458333333333 0.2662037037037037 0.022916666666666665 0.04351851851851852
0 0.41302083333333334 0.5800925925925926 0.025 0.04537037037037037
0 0.5330729166666667 0.20324074074074075 0.024479166666666666 0.04537037037037037
0 0.24322916666666666 0.649074074074074 0.027083333333333334 0.046296296296296294
0 0.5135416666666667 0.3731481481481482 0.023958333333333335 0.044444444444444446
0 0.6783854166666666 0.10740740740740741 0.025520833333333333 0.046296296296296294
0 0.659375 0.46111111111111114 0.027083333333333334 0.04814814814814815
0 0.29453125 0.48518518518518516 0.025520833333333333 0.044444444444444446
0 0.3809895833333333 0.2222222222222222 0.0234375 0.044444444444444446
0 0.68515625 0.4699074074074074 0.025520833333333333 0.04537037037037037
0 0.4778645833333333 0.38472222222222224 0.024479166666666666 0.04537037037037037
0 0.7125 0.8356481481481481 0.028125 0.049074074074074076
0 0.64140625 0.7717592592592593 0.0265625 0.049074074074074076
0 0.21223958333333334 0.475 0.025520833333333333 0.044444444444444446
0 0.66484375 0.7921296296296296 0.0265625 0.049074074074074076
0 0.3768229166666667 0.26805555555555555 0.022395833333333334 0.04351851851851852
0 0.3919270833333333 0.7787037037037037 0.025520833333333333 0.04814814814814815
0 0.46067708333333335 0.6476851851851851 0.024479166666666666 0.04537037037037037
0 0.70859375 0.7828703703703703 0.027604166666666666 0.049074074074074076
0 0.7174479166666666 0.4185185185185185 0.0265625 0.046296296296296294
0 0.73359375 0.3592592592592593 0.0265625 0.04814814814814815
0 0.4083333333333333 0.7226851851851852 0.025 0.04722222222222222
0 0.48098958333333336 0.5324074074074074 0.024479166666666666 0.046296296296296294
0 0.3768229166666667 0.5203703703703704 0.024479166666666666 0.044444444444444446
0 0.6911458333333333 0.42592592592592593 0.026041666666666668 0.046296296296296294
0 0.6885416666666667 0.812037037037037 0.027083333333333334 0.04814814814814815
0 0.35234375 0.8009259259259259 0.0265625 0.04814814814814815
0 0.2760416666666667 0.35138888888888886 0.023958333333333335 0.04351851851851852
0 0.2520833333333333 0.35324074074074074 0.023958333333333335 0.04351851851851852
0 0.7096354166666666 0.3768518518518518 0.025520833333333333 0.044444444444444446
0 0.42526041666666664 0.39861111111111114 0.024479166666666666 0.04351851851851852
0 0.3216145833333333 0.3476851851851852 0.024479166666666666 0.04351851851851852
0 0.6861979166666666 0.8592592592592593 0.027604166666666666 0.04814814814814815
0 0.7671875 0.6564814814814814 0.028125 0.04814814814814815
0 0.6901041666666666 0.7476851851851852 0.027083333333333334 0.05092592592592592
0 0.6794270833333333 0.3819444444444444 0.0265625 0.04722222222222222
0 0.31328125 0.8111111111111111 0.025520833333333333 0.04814814814814815
0 0.6651041666666667 0.41759259259259257 0.026041666666666668 0.046296296296296294
0 0.6408854166666667 0.0962962962962963 0.025520833333333333 0.046296296296296294
0 0.36875 0.48009259259259257 0.025 0.04351851851851852
0 0.51328125 0.1486111111111111 0.024479166666666666 0.04537037037037037
0 0.3015625 0.7731481481481481 0.025 0.046296296296296294
0 0.28854166666666664 0.6898148148148148 0.026041666666666668 0.046296296296296294
0 0.3125 0.6800925925925926 0.026041666666666668 0.04537037037037037
0 0.4752604166666667 0.1449074074074074 0.024479166666666666 0.04537037037037037
0 0.3846354166666667 0.736574074074074 0.024479166666666666 0.04537037037037037
0 0.2921875 0.7324074074074074 0.025 0.046296296296296294
0 0.2390625 0.2865740740740741 0.025 0.04351851851851852
0 0.41796875 0.5370370370370371 0.0234375 0.04259259259259259
0 0.35 0.7199074074074074 0.025 0.04537037037037037
0 0.47239583333333335 0.44814814814814813 0.021875 0.03888888888888889
0 0.3640625 0.7592592592592593 0.026041666666666668 0.046296296296296294
0 0.2984375 0.6449074074074074 0.026041666666666668 0.04537037037037037
0 0.3625 0.19490740740740742 0.022916666666666665 0.04351851851851852
0 0.6979166666666666 0.3388888888888889 0.026041666666666668 0.04814814814814815
0 0.49635416666666665 0.4527777777777778 0.023958333333333335 0.044444444444444446
0 0.3171875 0.7300925925925926 0.025 0.04537037037037037
0 0.41067708333333336 0.3074074074074074 0.024479166666666666 0.044444444444444446
0 0.43776041666666665 0.35694444444444445 0.024479166666666666 0.04537037037037037
0 0.6625 0.06620370370370371 0.025 0.04537037037037037
0 0.34270833333333334 0.324537037037037 0.025 0.04351851851851852
0 0.2877604166666667 0.2708333333333333 0.024479166666666666 0.04351851851851852
0 0.4192708333333333 0.2361111111111111 0.023958333333333335 0.044444444444444446
0 0.46119791666666665 0.5078703703703704 0.021354166666666667 0.041666666666666664
0 0.2986979166666667 0.3282407407407407 0.0234375 0.04351851851851852
0 0.3890625 0.4513888888888889 0.023958333333333335 0.04351851851851852
0 0.4140625 0.35509259259259257 0.023958333333333335 0.04351851851851852
0 0.4010416666666667 0.5101851851851852 0.023958333333333335 0.04259259259259259
0 0.44973958333333336 0.4615740740740741 0.024479166666666666 0.04351851851851852
0 0.4375 0.5111111111111111 0.023958333333333335 0.04259259259259259
0 0.26510416666666664 0.2513888888888889 0.023958333333333335 0.04351851851851852
0 0.4830729166666667 0.4888888888888889 0.024479166666666666 0.044444444444444446
0 0.3268229166666667 0.2439814814814815 0.024479166666666666 0.04537037037037037
0 0.33489583333333334 0.7560185185185185 0.025 0.04537037037037037
0 0.4296875 0.44212962962962965 0.023958333333333335 0.04351851851851852
0 0.3229166666666667 0.3037037037037037 0.023958333333333335 0.04259259259259259
0 0.31588541666666664 0.20833333333333334 0.024479166666666666 0.044444444444444446
0 0.34140625 0.18472222222222223 0.0234375 0.04537037037037037
0 0.38619791666666664 0.18287037037037038 0.024479166666666666 0.04351851851851852
0 0.35911458333333335 0.23935185185185184 0.0234375 0.04351851851851852