0 0.47239583333333335 0.5287037037037037 0.023958333333333335 0.04259259259259259
0 0.41692708333333334 0.49583333333333335 0.024479166666666666 0.04351851851851852
0 0.6013020833333333 0.15 0.0234375 0.04259259259259259
0 0.4588541666666667 0.6111111111111112 0.023958333333333335 0.044444444444444446
0 0.3338541666666667 0.2212962962962963 0.022916666666666665 0.040740740740740744
0 0.43411458333333336 0.524074074074074 0.0234375 0.040740740740740744
0 0.37890625 0.5518518518518518 0.024479166666666666 0.044444444444444446
0 0.415625 0.7263888888888889 0.026041666666666668 0.04722222222222222
0 0.37864583333333335 0.611574074074074 0.025 0.04351851851851852
0 0.6697916666666667 0.5319444444444444 0.026041666666666668 0.04537037037037037
0 0.44036458333333334 0.6856481481481481 0.025520833333333333 0.04722222222222222
0 0.62578125 0.2902777777777778 0.025520833333333333 0.04351851851851852
0 0.6536458333333334 0.6787037037037037 0.026041666666666668 0.046296296296296294
0 0.32083333333333336 0.5972222222222222 0.023958333333333335 0.04259259259259259
0 0.484375 0.42777777777777776 0.02500520833333333 0.04259259259259259
0 0.5002604166666667 0.5157407407407407 0.0234375 0.04259259259259259
0 0.23880208333333333 0.28194444444444444 0.024479166666666666 0.04351851851851852
0 0.7552083333333334 0.6643518518518519 0.028125 0.04722222222222222
0 0.58671875 0.6592592592592592 0.0265625 0.046296296296296294
0 0.7052083333333333 0.4842592592592593 0.027083333333333334 0.046296296296296294
0 0.3966145833333333 0.3458333333333333 0.0234375 0.04351851851851852
0 0.41067708333333336 0.6101851851851852 0.0234375 0.04259259259259259
0 0.6658854166666667 0.7916666666666666 0.0265625 0.04814814814814815
0 0.403125 0.8115740740740741 0.025 0.04722222222222222
0 0.6190104166666667 0.33287037037037037 0.025520833333333333 0.04351851851851852
0 0.4591145833333333 0.31296296296296294 0.024479166666666666 0.044444444444444446
0 0.31927083333333334 0.2523148148148148 0.021875 0.04351851851851852
0 0.71015625 0.7819444444444444 0.0265625 0.049074074074074076
0 0.42239583333333336 0.3527777777777778 0.023958333333333335 0.044444444444444446
0 0.39895833333333336 0.3902777777777778 0.023958333333333335 0.04537037037037037
0 0.7140625 0.8356481481481481 0.028125 0.049074074074074076
0 0.68671875 0.7523148148148148 0.027604166666666666 0.049074074074074076
0 0.37890625 0.816212962962963 0.025536458333333335 0.04723148148148148
0 0.2830729166666667 0.6606481481481481 0.025520833333333333 0.04537037037037037
0 0.356515625 0.833787037037037 0.026567708333333332 0.04908333333333333
0 0.6903645833333333 0.8106481481481481 0.0265625 0.04722222222222222
0 0.2984375 0.8356481481481481 0.025 0.04722222222222222
0 0.3221354166666667 0.8425925925925926 0.024479166666666666 0.046296296296296294
0 0.3377604166666667 0.8027777777777778 0.025520833333333333 0.04814814814814815
0 0.37552083333333336 0.8648148148148148 0.026041666666666668 0.04814814814814815
0 0.35494791666666664 0.6217592592592592 0.024479166666666666 0.04537037037037037
0 0.6817708333333333 0.8555555555555555 0.027083333333333334 0.05
0 0.4432291666666667 0.5657407407407408 0.021875 0.044444444444444446
0 0.21223958333333334 0.4740740740740741 0.0265625 0.046296296296296294
0 0.25104166666666666 0.35462962962962963 0.025 0.044444444444444446
0 0.43492187499999996 0.6060092592592593 0.025 0.04537037037037037
0 0.5671875 0.1259259259259259 0.025 0.044444444444444446
0 0.5143229166666666 0.3458333333333333 0.0234375 0.04351851851851852
0 0.30026041666666664 0.6273148148148148 0.024479166666666666 0.04351851851851852
0 0.3125 0.5504629629629629 0.025 0.04537037037037037
0 0.3736979166666667 0.35509259259259257 0.0234375 0.04351851851851852
0 0.61328125 0.24259259259259258 0.024479166666666666 0.044444444444444446
0 0.5375 0.33240740740740743 0.023958333333333335 0.044444444444444446
0 0.5927083333333333 0.1962962962962963 0.023958333333333335 0.044444444444444446
0 0.2981770833333333 0.29768518518518516 0.024479166666666666 0.04351851851851852
0 0.2625 0.3194444444444444 0.025 0.04259259259259259
0 0.46979166666666666 0.5726851851851852 0.025 0.04351851851851852
0 0.3578125 0.32407407407407407 0.023958333333333335 0.044444444444444446
0 0.5239583333333333 0.28425925925925927 0.023958333333333335 0.044444444444444446
0 0.22994791666666667 0.3212962962962963 0.025520833333333333 0.044444444444444446
0 0.5546875 0.2726851851851852 0.023958333333333335 0.04351851851851852
0 0.5638020833333334 0.17222222222222222 0.024479166666666666 0.044444444444444446
0 0.4427083333333333 0.2759259259259259 0.023958333333333335 0.044444444444444446
0 0.2955729166666667 0.5837962962962963 0.024479166666666666 0.04351851851851852
0 0.41796875 0.5587962962962963 0.024484375 0.043527777777777776
0 0.35598958333333336 0.5768518518518518 0.024479166666666666 0.04259259259259259
0 0.6359375 0.08657407407407407 0.021875 0.03796296296296296
0 0.6643229166666667 0.09537037037037037 0.024479166666666666 0.044444444444444446
0 0.46953645833333335 0.4634259259259259 0.025526041666666666 0.04351851851851852
0 0.4041666666666667 0.2375 0.023958333333333335 0.04351851851851852
0 0.3893229166666667 0.48009259259259257 0.024479166666666666 0.04537037037037037
0 0.50703125 0.4393518518518518 0.024479166666666666 0.04351851851851852
0 0.26015625 0.25277777777777777 0.024479166666666666 0.044444444444444446
0 0.49166666666666664 0.475462962962963 0.025 0.04351851851851852
0 0.3958333333333333 0.19768518518518519 0.025 0.04351851851851852
0 0.3958333333333333 0.5787037037037037 0.023958333333333335 0.04259259259259259
0 0.3450520833333333 0.5347222222222222 0.024479166666666666 0.04351851851851852
0 0.5846354166666666 0.09444444444444444 0.0234375 0.044444444444444446
0 0.35572916666666665 0.1884259259259259 0.025 0.04537037037037037
0 0.36640625 0.513425925925926 0.021354166666666667 0.041666666666666664
0 0.3848958333333333 0.30787037037037035 0.023958333333333335 0.04351851851851852
0 0.6229166666666667 0.1300925925925926 0.023958333333333335 0.04351851851851852
0 0.33125 0.2898148148148148 0.023958333333333335 0.04259259259259259
0 0.29348958333333336 0.2574074074074074 0.0234375 0.04259259259259259
0 0.40182291666666664 0.5310185185185186 0.024479166666666666 0.04351851851851852
0 0.371875 0.2351851851851852 0.023958333333333335 0.044444444444444446
0 0.6552083333333333 0.05694444444444444 0.023958333333333335 0.041666666666666664
0 0.32265625 0.18564814814814815 0.024479166666666666 0.04537037037037037
0 0.29921875 0.1824074074074074 0.0234375 0.044444444444444446
0 0.2833333333333333 0.22037037037037038 0.023958333333333335 0.044444444444444446
0 0.3658854166666667 0.2824074074074074 0.024479166666666666 0.04259259259259259
0 0.309375 0.21805555555555556 0.023958333333333335 0.04351851851851852
0 0.34791666666666665 0.2569444444444444 0.022916666666666665 0.041666666666666664