0 0.52890625 0.38796296296296295 0.0234375 0.04259259259259259
0 0.3966145833333333 0.4476851851851852 0.0234375 0.041666666666666664
0 0.34817708333333336 0.47453703703703703 0.0234375 0.04351851851851852
0 0.26536458333333335 0.4111111111111111 0.024479166666666666 0.044444444444444446
0 0.43307291666666664 0.30416666666666664 0.0234375 0.04351851851851852
0 0.2604166666666667 0.37037037037037035 0.025 0.04259259259259259
0 0.29414583333333333 0.7648981481481482 0.026833333333333334 0.04830555555555556
0 0.25 0.48009259259259257 0.026041666666666668 0.04537037037037037
0 0.6705729166666666 0.5328703703703703 0.0265625 0.04537037037037037
0 0.3815104166666667 0.8157407407407408 0.024479166666666666 0.046296296296296294
0 0.5734375 0.275 0.022916666666666665 0.044444444444444446
0 0.371875 0.49212962962962964 0.023958333333333335 0.04351851851851852
0 0.57734375 0.7347222222222223 0.0265625 0.04722222222222222
0 0.46380208333333334 0.5828703703703704 0.025520833333333333 0.04537037037037037
0 0.44765625 0.45601851851851855 0.022395833333333334 0.041666666666666664
0 0.21197916666666666 0.4759259259259259 0.026041666666666668 0.044444444444444446
0 0.63984375 0.7921296296296296 0.0265625 0.049074074074074076
0 0.33515625 0.5268518518518519 0.024479166666666666 0.044444444444444446
0 0.3776041666666667 0.7703703703703704 0.022916666666666665 0.044444444444444446
0 0.7057291666666666 0.4842592592592593 0.027083333333333334 0.046296296296296294
0 0.3140625 0.7847222222222222 0.023958333333333335 0.04351851851851852
0 0.5604166666666667 0.48009259259259257 0.025 0.04351851851851852
0 0.42578125 0.7134259259259259 0.025520833333333333 0.04537037037037037
0 0.75625 0.6643518518518519 0.028125 0.04722222222222222
0 0.4479166666666667 0.774074074074074 0.026041666666666668 0.04814814814814815
0 0.40234375 0.7657407407407407 0.0234375 0.04259259259259259
0 0.3776041666666667 0.22685185185185186 0.022916666666666665 0.04259259259259259
0 0.484375 0.5032407407407408 0.023958333333333335 0.04351851851851852
0 0.32265625 0.4708333333333333 0.024479166666666666 0.04537037037037037
0 0.71015625 0.7828703703703703 0.027604166666666666 0.049074074074074076
0 0.7140625 0.8375 0.028125 0.049074074074074076
0 0.2671875 0.725925925925926 0.026041666666666668 0.046296296296296294
0 0.6658854166666667 0.7916666666666666 0.025520833333333333 0.04814814814814815
0 0.34869791666666666 0.24861111111111112 0.0234375 0.04351851851851852
0 0.42473958333333334 0.7800925925925926 0.021354166666666667 0.041666666666666664
0 0.6872395833333333 0.7523148148148148 0.027604166666666666 0.049074074074074076
0 0.48828125 0.32916666666666666 0.022395833333333334 0.04351851851851852
0 0.6229166666666667 0.3189814814814815 0.025 0.04537037037037037
0 0.6348958333333333 0.10324074074074074 0.025 0.04537037037037037
0 0.37604166666666666 0.8657407407407407 0.026041666666666668 0.04814814814814815
0 0.5192708333333333 0.274537037037037 0.023958333333333335 0.04537037037037037
0 0.35859375 0.8296296296296296 0.024479166666666666 0.046296296296296294
0 0.2989583333333333 0.8328703703703704 0.025 0.04722222222222222
0 0.6825520833333333 0.8569444444444444 0.027604166666666666 0.049074074074074076
0 0.6901041666666666 0.812037037037037 0.026041666666666668 0.046296296296296294
0 0.34453125 0.7236111111111111 0.0265625 0.04537037037037037
0 0.35104166666666664 0.39166666666666666 0.025 0.044444444444444446
0 0.3234375 0.8421296296296297 0.025 0.04722222222222222
0 0.39921875 0.5032407407407408 0.024479166666666666 0.04351851851851852
0 0.40651041666666665 0.8106481481481481 0.025520833333333333 0.04722222222222222
0 0.29791666666666666 0.6611111111111111 0.026041666666666668 0.046296296296296294
0 0.66171875 0.09444444444444444 0.025520833333333333 0.044444444444444446
0 0.5052083333333334 0.48009259259259257 0.023958333333333335 0.04351851851851852
0 0.40111979166666667 0.2195277777777778 0.023802083333333335 0.04275
0 0.2640625 0.25277777777777777 0.025 0.04259259259259259
0 0.5393229166666667 0.42777777777777776 0.025520833333333333 0.044444444444444446
0 0.3065104166666667 0.2550925925925926 0.024479166666666666 0.04351851851851852
0 0.42890625 0.4837962962962963 0.024479166666666666 0.04351851851851852
0 0.55390625 0.15092592592592594 0.0234375 0.040740740740740744
0 0.39869791666666665 0.17916666666666667 0.024479166666666666 0.04351851851851852
0 0.3145833333333333 0.7328703703703704 0.025 0.04537037037037037
0 0.60625 0.27824074074074073 0.025 0.04537037037037037
0 0.28958333333333336 0.4 0.021875 0.040740740740740744
0 0.5046875 0.16342592592592592 0.023958333333333335 0.04537037037037037
0 0.29401041666666666 0.20694444444444443 0.024479166666666666 0.04351851851851852
0 0.4549479166666667 0.35324074074074074 0.024479166666666666 0.04351851851851852
0 0.34036458333333336 0.8013888888888889 0.024479166666666666 0.04722222222222222
0 0.5950520833333334 0.1597222222222222 0.024479166666666666 0.04537037037037037
0 0.3125 0.4078703703703704 0.025 0.04351851851851852
0 0.35442708333333334 0.7625 0.024479166666666666 0.04537037037037037
0 0.23880208333333333 0.2861111111111111 0.025520833333333333 0.044444444444444446
0 0.32864583333333336 0.2300925925925926 0.022916666666666665 0.04351851851851852
0 0.3265625 0.3592592592592593 0.025 0.04259259259259259
0 0.2752604166666667 0.3296296296296296 0.025520833333333333 0.044444444444444446
0 0.29296875 0.7106481481481481 0.024479166666666666 0.04537037037037037
0 0.409375 0.3351851851851852 0.025 0.044444444444444446
0 0.24348958333333334 0.34444444444444444 0.025520833333333333 0.044444444444444446
0 0.6549479166666666 0.055092592592592596 0.024479166666666666 0.04351851851851852
0 0.40520833333333334 0.28703703703703703 0.021875 0.04259259259259259
0 0.4 0.4074074074074074 0.021875 0.040740740740740744
0 0.50859375 0.36157407407407405 0.0234375 0.04351851851851852
0 0.3015625 0.3648148148148148 0.023958333333333335 0.04259259259259259
0 0.4171875 0.43472222222222223 0.020833333333333332 0.03981481481481482
0 0.5497395833333333 0.36898148148148147 0.024479166666666666 0.04351851851851852
0 0.53203125 0.13657407407407407 0.024479166666666666 0.04537037037037037
0 0.534375 0.33611111111111114 0.025 0.044444444444444446
0 0.5528645833333333 0.24351851851851852 0.024479166666666666 0.044444444444444446
0 0.41770833333333335 0.2490740740740741 0.023958333333333335 0.044444444444444446
0 0.3859375 0.26481481481481484 0.023958333333333335 0.044444444444444446
0 0.5768229166666666 0.23425925925925925 0.024479166666666666 0.04259259259259259
0 0.4661458333333333 0.3087962962962963 0.023958333333333335 0.04351851851851852
0 0.5472239583333334 0.20324074074074075 0.024661458333333334 0.04351851851851852
0 0.5684895833333333 0.18472222222222223 0.0234375 0.04351851851851852