0 0.2734375 0.3476851851851852 0.026041666666666668 0.04537037037037037
0 0.37135416666666665 0.4888888888888889 0.026041666666666668 0.046296296296296294
0 0.33489583333333334 0.48009259259259257 0.025 0.04537037037037037
0 0.32890625 0.8328703703703704 0.027604166666666666 0.05092592592592592
0 0.35703125 0.7550925925925925 0.0265625 0.049074074074074076
0 0.5307291666666667 0.7800925925925926 0.027083333333333334 0.049074074074074076
0 0.575 0.8212962962962963 0.027083333333333334 0.05
0 0.17526041666666667 0.475462962962963 0.0265625 0.04537037037037037
0 0.3341145833333333 0.2810185185185185 0.024479166666666666 0.04351851851851852
0 0.22864583333333333 0.4009259259259259 0.026041666666666668 0.044444444444444446
0 0.19661458333333334 0.43657407407407406 0.025520833333333333 0.04537037037037037
0 0.45260416666666664 0.6240740740740741 0.026041666666666668 0.046296296296296294
0 0.2838541666666667 0.5828703703703704 0.026041666666666668 0.04722222222222222
0 0.43515625 0.3712962962962963 0.024479166666666666 0.044444444444444446
0 0.5661458333333333 0.6949074074074074 0.027083333333333334 0.04722222222222222
0 0.23098958333333333 0.3148148148148148 0.025520833333333333 0.044444444444444446
0 0.30859375 0.8773148148148148 0.025520833333333333 0.049074074074074076
0 0.2708333333333333 0.2962962962962963 0.025 0.044444444444444446
0 0.36484375 0.6504629629629629 0.025520833333333333 0.04537037037037037
0 0.6544270833333333 0.4615740740740741 0.025520833333333333 0.04537037037037037
0 0.37786458333333334 0.25462962962962965 0.024479166666666666 0.044444444444444446
0 0.4036458333333333 0.6652777777777777 0.025 0.04537037037037037
0 0.4484375 0.5208333333333334 0.025 0.04537037037037037
0 0.303125 0.5481481481481482 0.026041666666666668 0.044444444444444446
0 0.38567708333333334 0.30972222222222223 0.024479166666666666 0.04537037037037037
0 0.6486979166666667 0.2777777777777778 0.025520833333333333 0.046296296296296294
0 0.5432291666666667 0.1763888888888889 0.023958333333333335 0.04351851851851852
0 0.43359375 0.3263888888888889 0.0234375 0.04351851851851852
0 0.6932291666666667 0.4777777777777778 0.027083333333333334 0.046296296296296294
0 0.7252604166666666 0.40370370370370373 0.0265625 0.046296296296296294
0 0.40989583333333335 0.3277777777777778 0.023958333333333335 0.044444444444444446
0 0.3140625 0.5995370370370371 0.025 0.04537037037037037
0 0.4765625 0.5773148148148148 0.025 0.04537037037037037
0 0.33932291666666664 0.6106481481481482 0.025520833333333333 0.04537037037037037
0 0.3182291666666667 0.44907407407407407 0.025 0.044444444444444446
0 0.5442708333333334 0.40879629629629627 0.023958333333333335 0.04351851851851852
0 0.28125 0.825 0.026041666666666668 0.04814814814814815
0 0.6291666666666667 0.46944444444444444 0.026041666666666668 0.046296296296296294
0 0.4234375 0.6416666666666667 0.025 0.044444444444444446
0 0.29192708333333334 0.43472222222222223 0.024479166666666666 0.04537037037037037
0 0.34348958333333335 0.2351851851851852 0.024479166666666666 0.044444444444444446
0 0.5466145833333333 0.5449074074074074 0.024479166666666666 0.04351851851851852
0 0.5661458333333333 0.649537037037037 0.026041666666666668 0.04351851851851852
0 0.5125 0.575925925925926 0.025 0.044444444444444446
0 0.47604166666666664 0.25092592592592594 0.023958333333333335 0.04259259259259259
0 0.51640625 0.43657407407407406 0.024479166666666666 0.04537037037037037
0 0.4513020833333333 0.26064814814814813 0.024479166666666666 0.04537037037037037
0 0.5984375 0.4097222222222222 0.025 0.04351851851851852
0 0.26328125 0.8888888888888888 0.027604166666666666 0.04814814814814815
0 0.6731770833333334 0.26666666666666666 0.025520833333333333 0.046296296296296294
0 0.65546875 0.6861111111111111 0.0265625 0.05
0 0.43046875 0.48009259259259257 0.025520833333333333 0.04537037037037037
0 0.64296875 0.1837962962962963 0.025520833333333333 0.04537037037037037
0 0.3958333333333333 0.2101851851851852 0.025 0.044444444444444446
0 0.7067708333333333 0.7111111111111111 0.028125 0.05
0 0.30963541666666666 0.24583333333333332 0.024479166666666666 0.04351851851851852
0 0.5666666666666667 0.5203703703703704 0.025 0.04259259259259259
0 0.4875 0.2898148148148148 0.023958333333333335 0.044444444444444446
0 0.28619791666666666 0.8694444444444445 0.0234375 0.046296296296296294
0 0.6158854166666666 0.38101851851851853 0.025520833333333333 0.04537037037037037
0 0.7049479166666667 0.7699074074074074 0.027604166666666666 0.049074074074074076
0 0.6671875 0.5231481481481481 0.026041666666666668 0.046296296296296294
0 0.37057291666666664 0.5638888888888889 0.025520833333333333 0.044444444444444446
0 0.6408854166666667 0.5101851851851852 0.0265625 0.046296296296296294
0 0.36484375 0.6074074074074074 0.024479166666666666 0.044444444444444446
0 0.3328125 0.5694444444444444 0.025 0.044444444444444446
0 0.6408854166666667 0.6263888888888889 0.027604166666666666 0.049074074074074076
0 0.390625 0.6310185185185185 0.023958333333333335 0.04351851851851852
0 0.2833333333333333 0.9175925925925926 0.027083333333333334 0.05
0 0.6286458333333333 0.6875 0.027083333333333334 0.049074074074074076
0 0.6299479166666667 0.762962962962963 0.027604166666666666 0.05
0 0.6893229166666667 0.19074074074074074 0.025520833333333333 0.046296296296296294
0 0.7067708333333333 0.5662037037037037 0.027083333333333334 0.04722222222222222
0 0.6911458333333333 0.8444444444444444 0.027083333333333334 0.05
0 0.39036458333333335 0.5875 0.024479166666666666 0.04537037037037037
0 0.5651041666666666 0.6060185185185185 0.025 0.04351851851851852
0 0.2674479166666667 0.225 0.0234375 0.04259259259259259
0 0.6697916666666667 0.2222222222222222 0.025 0.044444444444444446
0 0.425 0.5981481481481481 0.025 0.044444444444444446
0 0.68046875 0.6814814814814815 0.0265625 0.04814814814814815
0 0.34453125 0.19398148148148148 0.025520833333333333 0.04537037037037037
0 0.6432291666666666 0.8555555555555555 0.027083333333333334 0.05
0 0.6989583333333333 0.1398148148148148 0.026041666666666668 0.046296296296296294
0 0.684375 0.7328703703703704 0.027083333333333334 0.049074074074074076
0 0.46822916666666664 0.4925925925925926 0.023958333333333335 0.044444444444444446
0 0.63828125 0.8078703703703703 0.0265625 0.04722222222222222
0 0.6434895833333333 0.3587962962962963 0.025520833333333333 0.04537037037037037
0 0.44895833333333335 0.43657407407407406 0.025 0.04537037037037037
0 0.6893229166666667 0.6069444444444444 0.0265625 0.04722222222222222
0 0.42083333333333334 0.5555555555555556 0.025 0.044444444444444446
0 0.5716145833333334 0.21435185185185185 0.0234375 0.04351851851851852
0 0.6510416666666666 0.7333333333333333 0.027083333333333334 0.05
0 0.684375 0.7962962962962963 0.027083333333333334 0.04814814814814815
0 0.52578125 0.3458333333333333 0.024479166666666666 0.041666666666666664
0 0.6315104166666666 0.5819444444444445 0.0265625 0.04722222222222222
0 0.5901041666666667 0.2638888888888889 0.025 0.046296296296296294
0 0.68515625 0.43472222222222223 0.0265625 0.04537037037037037
0 0.41822916666666665 0.18425925925925926 0.023958333333333335 0.044444444444444446
0 0.28359375 0.2564814814814815 0.024479166666666666 0.044444444444444446
0 0.6729166666666667 0.15185185185185185 0.025 0.044444444444444446
0 0.6690104166666667 0.6342592592592593 0.0265625 0.04814814814814815
0 0.6572916666666667 0.5791666666666667 0.026041666666666668 0.04722222222222222
0 0.6760416666666667 0.39444444444444443 0.026041666666666668 0.046296296296296294
0 0.25729166666666664 0.26342592592592595 0.023958333333333335 0.04351851851851852
0 0.48385416666666664 0.17592592592592593 0.025 0.044444444444444446
0 0.47213541666666664 0.4513888888888889 0.024479166666666666 0.04351851851851852
0 0.66484375 0.8296296296296296 0.0265625 0.04814814814814815
0 0.6213541666666667 0.14814814814814814 0.025 0.044444444444444446
0 0.57734375 0.17407407407407408 0.024479166666666666 0.04259259259259259
0 0.6466145833333333 0.1375 0.025520833333333333 0.04537037037037037
0 0.6588541666666666 0.7796296296296297 0.027083333333333334 0.04814814814814815
0 0.6408854166666667 0.4236111111111111 0.025520833333333333 0.04537037037037037
0 0.4450052083333333 0.2125 0.02353125 0.041666666666666664
0 0.4473958333333333 0.5657407407407408 0.025 0.044444444444444446
0 0.234375 0.26944444444444443 0.023958333333333335 0.04259259259259259
0 0.49140625 0.49074074074074076 0.024479166666666666 0.044444444444444446
0 0.46796875 0.21481481481481482 0.0234375 0.04259259259259259
0 0.49557291666666664 0.5324074074074074 0.0234375 0.044444444444444446
0 0.5361979166666667 0.1375 0.024479166666666666 0.04351851851851852
0 0.22005208333333334 0.2375 0.024479166666666666 0.04351851851851852
0 0.28984375 0.21898148148148147 0.024479166666666666 0.04351851851851852
0 0.5489583333333333 0.21666666666666667 0.025 0.044444444444444446
0 0.56796875 0.562962962962963 0.024479166666666666 0.04259259259259259
0 0.5192708333333333 0.5347222222222222 0.025 0.04351851851851852
0 0.5739583333333333 0.29444444444444445 0.025 0.044444444444444446
0 0.6203125 0.3365740740740741 0.025 0.04537037037037037
0 0.6755208333333333 0.10555555555555556 0.025 0.044444444444444446
0 0.6208333333333333 0.09953703703703703 0.025 0.04537037037037037
0 0.503125 0.33287037037037037 0.023958333333333335 0.04537037037037037
0 0.5677083333333334 0.38287037037037036 0.023958333333333335 0.04351851851851852
0 0.6815104166666667 0.5634259259259259 0.0265625 0.04722222222222222
0 0.5361979166666667 0.29398148148148145 0.025520833333333333 0.04537037037037037
0 0.6447916666666667 0.08657407407407407 0.025 0.04537037037037037
0 0.5236979166666667 0.387037037037037 0.024479166666666666 0.044444444444444446
0 0.53828125 0.4550925925925926 0.024479166666666666 0.04351851851851852
0 0.5606770833333333 0.43842592592592594 0.024479166666666666 0.04537037037037037
0 0.47161458333333334 0.5365740740740741 0.0234375 0.04351851851851852
0 0.26510416666666664 0.18703703703703703 0.023958333333333335 0.044444444444444446
0 0.5359375 0.5046296296296297 0.023958333333333335 0.04259259259259259
0 0.24088541666666666 0.2199074074074074 0.024479166666666666 0.04351851851851852
0 0.459375 0.17685185185185184 0.023958333333333335 0.04259259259259259
0 0.55390625 0.3189814814814815 0.024479166666666666 0.04351851851851852
0 0.5924479166666666 0.3680555555555556 0.024479166666666666 0.04351851851851852
0 0.5645833333333333 0.2574074074074074 0.025 0.044444444444444446
0 0.24244791666666668 0.17962962962962964 0.0234375 0.044444444444444446
0 0.21979166666666666 0.1962962962962963 0.023958333333333335 0.044444444444444446
0 0.55625 0.4824074074074074 0.023958333333333335 0.04259259259259259
0 0.5450520833333333 0.36574074074074076 0.024479166666666666 0.04259259259259259
0 0.5739583333333333 0.3416666666666667 0.023958333333333335 0.044444444444444446