0 0.33567708333333335 0.4305555555555556 0.0234375 0.04259259259259259
0 0.3111979166666667 0.39814814814814814 0.024479166666666666 0.040740740740740744
0 0.46536458333333336 0.29907407407407405 0.024479166666666666 0.04259259259259259
0 0.47317708333333336 0.41898148148148145 0.0234375 0.04351851851851852
0 0.6682291666666667 0.3194444444444444 0.025 0.044444444444444446
0 0.3625 0.5796296296296296 0.023958333333333335 0.044444444444444446
0 0.6622395833333333 0.5356481481481481 0.025520833333333333 0.04537037037037037
0 0.28828125 0.3939814814814815 0.024479166666666666 0.04351851851851852
0 0.4440104166666667 0.4912037037037037 0.0234375 0.041666666666666664
0 0.6997395833333333 0.48842592592592593 0.0265625 0.04537037037037037
0 0.39453125 0.48935185185185187 0.0234375 0.04351851851851852
0 0.64921875 0.22361111111111112 0.024479166666666666 0.04351851851851852
0 0.5705729166666667 0.6597222222222222 0.0265625 0.04537037037037037
0 0.4122395833333333 0.7333333333333333 0.025520833333333333 0.046296296296296294
0 0.39166666666666666 0.5731481481481482 0.025 0.044444444444444446
0 0.57578125 0.5722222222222222 0.025520833333333333 0.044444444444444446
0 0.36041666666666666 0.4351851851851852 0.022916666666666665 0.04259259259259259
0 0.32838541666666665 0.6162037037037037 0.024479166666666666 0.04351851851851852
0 0.30416666666666664 0.44351851851851853 0.025 0.044444444444444446
0 0.34479166666666666 0.3574074074074074 0.022916666666666665 0.04259259259259259
0 0.7442708333333333 0.6833333333333333 0.028125 0.04814814814814815
0 0.29765625 0.6111111111111112 0.025520833333333333 0.044444444444444446
0 0.64921875 0.39814814814814814 0.025520833333333333 0.044444444444444446
0 0.22864583333333333 0.5601851851851852 0.027083333333333334 0.046296296296296294
0 0.18802083333333333 0.4759259259259259 0.026041666666666668 0.044444444444444446
0 0.7104166666666667 0.7837962962962963 0.027083333333333334 0.049074074074074076
0 0.37213541666666666 0.8569444444444444 0.025520833333333333 0.04722222222222222
0 0.28828125 0.8106481481481481 0.025520833333333333 0.04537037037037037
0 0.5018229166666667 0.45555555555555555 0.024479166666666666 0.044444444444444446
0 0.6611979166666667 0.8013888888888889 0.0265625 0.049074074074074076
0 0.34739583333333335 0.8560185185185185 0.025 0.04722222222222222
0 0.31484375 0.8555555555555555 0.024479166666666666 0.046296296296296294
0 0.6833333333333333 0.7620370370370371 0.027083333333333334 0.04814814814814815
0 0.7109375 0.8375 0.027083333333333334 0.049074074074074076
0 0.3338541666666667 0.3138888888888889 0.022916666666666665 0.04259259259259259
0 0.27421875 0.775 0.025520833333333333 0.046296296296296294
0 0.6427083333333333 0.5018518518518519 0.025 0.044444444444444446
0 0.29348958333333336 0.5152777777777777 0.025520833333333333 0.04537037037037037
0 0.5484375 0.36574074074074076 0.025 0.044444444444444446
0 0.34010416666666665 0.5652777777777778 0.022916666666666665 0.04351851851851852
0 0.24296875 0.7490740740740741 0.0265625 0.046296296296296294
0 0.2916666666666667 0.8625 0.025 0.04722222222222222
0 0.6888020833333334 0.8097222222222222 0.0265625 0.04722222222222222
0 0.2109375 0.43287037037037035 0.025 0.04351851851851852
0 0.6716145833333333 0.8467592592592592 0.027604166666666666 0.049074074074074076
0 0.25390625 0.8037037037037037 0.0265625 0.046296296296296294
0 0.6393229166666666 0.3574074074074074 0.024479166666666666 0.044444444444444446
0 0.4192708333333333 0.48564814814814816 0.021875 0.04351851851851852
0 0.23020833333333332 0.22962962962962963 0.025 0.044444444444444446
0 0.31354166666666666 0.5657407407407408 0.025 0.044444444444444446
0 0.7244791666666667 0.10231481481481482 0.025 0.04537037037037037
0 0.35208333333333336 0.48055555555555557 0.025 0.044444444444444446
0 0.30130208333333336 0.2962962962962963 0.024479166666666666 0.044444444444444446
0 0.5135416666666667 0.32175925925925924 0.020833333333333332 0.03981481481481482
0 0.27630208333333334 0.34074074074074073 0.025520833333333333 0.044444444444444446
0 0.25338541666666664 0.2023148148148148 0.0234375 0.04351851851851852
0 0.38958333333333334 0.3458333333333333 0.025 0.04351851851851852
0 0.6119791666666666 0.18981481481481483 0.025 0.046296296296296294
0 0.27630208333333334 0.19212962962962962 0.024479166666666666 0.04351851851851852
0 0.6638020833333333 0.3625 0.024479166666666666 0.04351851851851852
0 0.6575520833333334 0.262037037037037 0.0234375 0.046296296296296294
0 0.49166666666666664 0.33935185185185185 0.022916666666666665 0.041666666666666664
0 0.27447916666666666 0.43472222222222223 0.025 0.04351851851851852
0 0.30364583333333334 0.25 0.025 0.044444444444444446
0 0.6072916666666667 0.26435185185185184 0.025 0.04537037037037037
0 0.7015625 0.06342592592592593 0.025 0.04537037037037037
0 0.7036458333333333 0.12638888888888888 0.025 0.04537037037037037
0 0.63203125 0.262037037037037 0.024479166666666666 0.044444444444444446
0 0.2296875 0.18194444444444444 0.023958333333333335 0.04351851851851852
0 0.38645833333333335 0.2898148148148148 0.025 0.044444444444444446
0 0.6622395833333333 0.06481481481481481 0.024479166666666666 0.044444444444444446
0 0.40729166666666666 0.42962962962962964 0.023958333333333335 0.044444444444444446
0 0.42994791666666665 0.2462962962962963 0.024479166666666666 0.044444444444444446
0 0.45625 0.45416666666666666 0.023958333333333335 0.04351851851851852
0 0.5106770833333333 0.36157407407407405 0.024479166666666666 0.04351851851851852
0 0.6794270833333333 0.28194444444444444 0.025520833333333333 0.04351851851851852
0 0.6744791666666666 0.11435185185185186 0.025 0.04537037037037037
0 0.4630208333333333 0.3476851851851852 0.023958333333333335 0.04351851851851852
0 0.4348958333333333 0.4300925925925926 0.023958333333333335 0.04351851851851852
0 0.3580729166666667 0.31527777777777777 0.024479166666666666 0.04351851851851852
0 0.4783854166666667 0.37777777777777777 0.024479166666666666 0.04259259259259259
0 0.6911458333333333 0.2462962962962963 0.025 0.044444444444444446
0 0.6580729166666667 0.18287037037037038 0.027604166666666666 0.04351851851851852
0 0.4578125 0.26157407407407407 0.023958333333333335 0.04351851851851852
0 0.3807291666666667 0.45601851851851855 0.023958333333333335 0.04351851851851852
0 0.25026041666666665 0.16157407407407406 0.024479166666666666 0.04351851851851852
0 0.6239583333333333 0.2222222222222222 0.023958333333333335 0.04259259259259259
0 0.6794270833333333 0.16203703703703703 0.024479166666666666 0.044444444444444446
0 0.6393229166666666 0.15648148148148147 0.0234375 0.044444444444444446
0 0.6734375 0.21898148148148147 0.025 0.04537037037037037
0 0.35390625 0.39537037037037037 0.0234375 0.04259259259259259
0 0.615625 0.15185185185185185 0.025 0.044444444444444446
0 0.49322916666666666 0.29907407407407405 0.023958333333333335 0.04259259259259259