0 0.41302083333333334 0.47129629629629627 0.023958333333333335 0.04259259259259259
0 0.44583333333333336 0.44027777777777777 0.023958333333333335 0.04351851851851852
0 0.4859375 0.5078703703703704 0.021875 0.041666666666666664
0 0.5083333333333333 0.5180555555555556 0.023958333333333335 0.04351851851851852
0 0.64375 0.12453703703703704 0.025 0.04351851851851852
0 0.23880208333333333 0.2824074074074074 0.024479166666666666 0.04259259259259259
0 0.6697916666666667 0.5328703703703703 0.026041666666666668 0.04537037037037037
0 0.39427083333333335 0.6212962962962963 0.025 0.044444444444444446
0 0.37786458333333334 0.20416666666666666 0.0234375 0.041666666666666664
0 0.596875 0.6546296296296297 0.027083333333333334 0.046296296296296294
0 0.29375 0.5888888888888889 0.025 0.044444444444444446
0 0.4515625 0.6231481481481481 0.026041666666666668 0.044444444444444446
0 0.35494791666666664 0.6472222222222223 0.025520833333333333 0.044444444444444446
0 0.6578125 0.6773148148148148 0.027083333333333334 0.04722222222222222
0 0.4125 0.649537037037037 0.021875 0.03796296296296296
0 0.3229166666666667 0.6754629629629629 0.025 0.04537037037037037
0 0.40677083333333336 0.725 0.026041666666666668 0.046296296296296294
0 0.6411458333333333 0.3439814814814815 0.025 0.04537037037037037
0 0.7046875 0.4842592592592593 0.027083333333333334 0.046296296296296294
0 0.7541666666666667 0.6657407407407407 0.028125 0.04814814814814815
0 0.46197916666666666 0.49398148148148147 0.022916666666666665 0.041666666666666664
0 0.3765625 0.49212962962962964 0.025 0.04351851851851852
0 0.40234375 0.8087962962962963 0.025520833333333333 0.04722222222222222
0 0.47630208333333335 0.45694444444444443 0.0234375 0.03796296296296296
0 0.33515625 0.5657407407407408 0.025520833333333333 0.044444444444444446
0 0.4244791666666667 0.6907407407407408 0.025 0.046296296296296294
0 0.6591145833333333 0.375 0.025520833333333333 0.044444444444444446
0 0.4661458333333333 0.5356481481481481 0.022916666666666665 0.04351851851851852
0 0.6692708333333334 0.3333333333333333 0.025 0.044444444444444446
0 0.6653645833333334 0.7925925925925926 0.0265625 0.04814814814814815
0 0.5666666666666667 0.3773148148148148 0.025 0.04351851851851852
0 0.2513020833333333 0.35462962962962963 0.025520833333333333 0.044444444444444446
0 0.44375 0.5254629629629629 0.022916666666666665 0.04537037037037037
0 0.29765625 0.6398148148148148 0.025520833333333333 0.044444444444444446
0 0.31588541666666664 0.6069444444444444 0.024479166666666666 0.04351851851851852
0 0.29921875 0.6856481481481481 0.025520833333333333 0.04537037037037037
0 0.35494791666666664 0.8342592592592593 0.024479166666666666 0.046296296296296294
0 0.3015625 0.5481481481481482 0.026041666666666668 0.044444444444444446
0 0.48984375 0.5481481481481482 0.022395833333333334 0.04259259259259259
0 0.71015625 0.7814814814814814 0.0265625 0.04814814814814815
0 0.2125 0.4740740740740741 0.026041666666666668 0.044444444444444446
0 0.37786458333333334 0.812962962962963 0.0234375 0.046296296296296294
0 0.7135416666666666 0.8351851851851851 0.028125 0.04814814814814815
0 0.51875 0.2967592592592593 0.023958333333333335 0.04537037037037037
0 0.3377604166666667 0.8023148148148148 0.025520833333333333 0.04722222222222222
0 0.59296875 0.19768518518518519 0.024479166666666666 0.04537037037037037
0 0.2984375 0.8356481481481481 0.025 0.04722222222222222
0 0.68671875 0.7532407407407408 0.027604166666666666 0.049074074074074076
0 0.2981770833333333 0.29768518518518516 0.024479166666666666 0.04351851851851852
0 0.48828125 0.24351851851851852 0.021354166666666667 0.040740740740740744
0 0.6809895833333334 0.8541666666666666 0.027604166666666666 0.049074074074074076
0 0.6231770833333333 0.16666666666666666 0.024479166666666666 0.044444444444444446
0 0.4153645833333333 0.3055555555555556 0.024479166666666666 0.044444444444444446
0 0.40208333333333335 0.3435185185185185 0.023958333333333335 0.04259259259259259
0 0.6903645833333333 0.8101851851851852 0.0265625 0.04814814814814815
0 0.32109375 0.8425925925925926 0.024479166666666666 0.046296296296296294
0 0.3734375 0.862037037037037 0.025 0.046296296296296294
0 0.31979166666666664 0.2513888888888889 0.021875 0.041666666666666664
0 0.2630208333333333 0.3194444444444444 0.025 0.04259259259259259
0 0.6588541666666666 0.2884259259259259 0.026041666666666668 0.04351851851851852
0 0.4356770833333333 0.21203703703703702 0.024479166666666666 0.044444444444444446
0 0.33307291666666666 0.28888888888888886 0.024479166666666666 0.040740740740740744
0 0.66484375 0.20555555555555555 0.025520833333333333 0.044444444444444446
0 0.3690104166666667 0.44537037037037036 0.024479166666666666 0.044444444444444446
0 0.38307291666666665 0.3194444444444444 0.0234375 0.04259259259259259
0 0.64921875 0.2449074074074074 0.024479166666666666 0.04351851851851852
0 0.22994791666666667 0.32222222222222224 0.025520833333333333 0.044444444444444446
0 0.32265625 0.18425925925925926 0.022395833333333334 0.044444444444444446
0 0.40182291666666664 0.2023148148148148 0.024479166666666666 0.04351851851851852
0 0.5104166666666666 0.4356481481481482 0.025 0.04351851851851852
0 0.36875 0.28194444444444444 0.023958333333333335 0.04351851851851852
0 0.4940104166666667 0.2861111111111111 0.0234375 0.044444444444444446
0 0.26015625 0.25324074074074077 0.024479166666666666 0.04351851851851852
0 0.5921875 0.14629629629629629 0.023958333333333335 0.044444444444444446
0 0.5666666666666667 0.12731481481481483 0.023958333333333335 0.04537037037037037
0 0.4984375 0.46944444444444444 0.020833333333333332 0.037037037037037035
0 0.3921875 0.4527777777777778 0.023958333333333335 0.044444444444444446
0 0.4713541666666667 0.26805555555555555 0.022916666666666665 0.04351851851851852
0 0.66328125 0.09722222222222222 0.024479166666666666 0.044444444444444446
0 0.42083333333333334 0.5106481481481482 0.023958333333333335 0.04351851851851852
0 0.471875 0.21157407407407408 0.023958333333333335 0.04537037037037037
0 0.6333333333333333 0.08518518518518518 0.025 0.044444444444444446
0 0.34609375 0.25416666666666665 0.0234375 0.041666666666666664
0 0.4401041666666667 0.48148148148148145 0.023958333333333335 0.04259259259259259
0 0.5854166666666667 0.09814814814814815 0.023958333333333335 0.044444444444444446
0 0.65703125 0.05694444444444444 0.024479166666666666 0.04351851851851852
0 0.2994791666666667 0.1837962962962963 0.023958333333333335 0.04537037037037037
0 0.3541666666666667 0.19305555555555556 0.023958333333333335 0.04537037037037037
0 0.33255208333333336 0.22175925925925927 0.022395833333333334 0.041666666666666664
0 0.29348958333333336 0.2574074074074074 0.0234375 0.04259259259259259
0 0.2833333333333333 0.22037037037037038 0.023958333333333335 0.044444444444444446
0 0.36822916666666666 0.2412037037037037 0.023958333333333335 0.04351851851851852
0 0.309375 0.21898148148148147 0.023958333333333335 0.04351851851851852