0 0.5588541666666667 0.3560185185185185 0.023958333333333335 0.04351851851851852
0 0.6270833333333333 0.3055555555555556 0.025 0.046296296296296294
0 0.31927083333333334 0.2884259259259259 0.023958333333333335 0.04351851851851852
0 0.43020833333333336 0.7050925925925926 0.025 0.04537037037037037
0 0.6888020833333334 0.24583333333333332 0.025520833333333333 0.04537037037037037
0 0.60078125 0.25046296296296294 0.024479166666666666 0.04537037037037037
0 0.3299479166666667 0.6657407407407407 0.025520833333333333 0.046296296296296294
0 0.3658854166666667 0.700462962962963 0.025520833333333333 0.04722222222222222
0 0.40208333333333335 0.25555555555555554 0.023958333333333335 0.044444444444444446
0 0.478125 0.5699074074074074 0.025 0.04537037037037037
0 0.48098958333333336 0.6481481481481481 0.025520833333333333 0.046296296296296294
0 0.4703125 0.4962962962962963 0.022916666666666665 0.04259259259259259
0 0.33645833333333336 0.38101851851851853 0.023958333333333335 0.04351851851851852
0 0.4859375 0.5277777777777778 0.023958333333333335 0.044444444444444446
0 0.3953125 0.7481481481481481 0.026041666666666668 0.046296296296296294
0 0.5322916666666667 0.33425925925925926 0.023958333333333335 0.044444444444444446
0 0.6369791666666667 0.21574074074074073 0.025 0.046296296296296294
0 0.22864583333333333 0.5638888888888889 0.027083333333333334 0.046296296296296294
0 0.29973958333333334 0.6421296296296296 0.0265625 0.04537037037037037
0 0.5755208333333334 0.2361111111111111 0.025 0.046296296296296294
0 0.36692708333333335 0.3699074074074074 0.024479166666666666 0.04537037037037037
0 0.18802083333333333 0.4773148148148148 0.026041666666666668 0.04537037037037037
0 0.26875 0.5810185185185185 0.026041666666666668 0.04537037037037037
0 0.30546875 0.5995370370370371 0.025520833333333333 0.04351851851851852
0 0.5455729166666666 0.1597222222222222 0.024479166666666666 0.04537037037037037
0 0.4 0.7027777777777777 0.025 0.044444444444444446
0 0.5015625 0.2726851851851852 0.023958333333333335 0.04537037037037037
0 0.37135416666666665 0.8518518518518519 0.026041666666666668 0.04814814814814815
0 0.6692708333333334 0.21851851851851853 0.025 0.046296296296296294
0 0.30364583333333334 0.37824074074074077 0.023958333333333335 0.04351851851851852
0 0.7106770833333333 0.8356481481481481 0.027604166666666666 0.049074074074074076
0 0.40677083333333336 0.4476851851851852 0.023958333333333335 0.04537037037037037
0 0.42552083333333335 0.18518518518518517 0.025 0.046296296296296294
0 0.70859375 0.7837962962962963 0.027604166666666666 0.049074074074074076
0 0.4473958333333333 0.538425925925926 0.025 0.04537037037037037
0 0.34609375 0.850925925925926 0.025520833333333333 0.04814814814814815
0 0.2921875 0.8101851851851852 0.026041666666666668 0.044444444444444446
0 0.38203125 0.45416666666666666 0.024479166666666666 0.04537037037037037
0 0.3932291666666667 0.6236111111111111 0.025 0.04351851851851852
0 0.27630208333333334 0.7782407407407408 0.0265625 0.04722222222222222
0 0.45625 0.6467592592592593 0.023958333333333335 0.04537037037037037
0 0.4088541666666667 0.6537037037037037 0.025 0.044444444444444446
0 0.50859375 0.5439814814814815 0.024479166666666666 0.04351851851851852
0 0.659375 0.8004629629629629 0.027083333333333334 0.05092592592592592
0 0.68671875 0.8101851851851852 0.027604166666666666 0.04814814814814815
0 0.31536458333333334 0.8537037037037037 0.024479166666666666 0.046296296296296294
0 0.3416666666666667 0.5282407407407408 0.025 0.04537037037037037
0 0.5125 0.31296296296296294 0.023958333333333335 0.044444444444444446
0 0.4005208333333333 0.5814814814814815 0.025 0.044444444444444446
0 0.2565104166666667 0.8106481481481481 0.0265625 0.04722222222222222
0 0.5796875 0.17083333333333334 0.025 0.04537037037037037
0 0.24270833333333333 0.774074074074074 0.027083333333333334 0.04814814814814815
0 0.3927083333333333 0.5393518518518519 0.025 0.04537037037037037
0 0.6828125 0.762962962962963 0.027083333333333334 0.04814814814814815
0 0.6697916666666667 0.8444444444444444 0.027083333333333334 0.04814814814814815
0 0.36796875 0.5430555555555555 0.024479166666666666 0.04351851851851852
0 0.74140625 0.687962962962963 0.027604166666666666 0.04814814814814815
0 0.7015625 0.12824074074074074 0.025 0.04537037037037037
0 0.60859375 0.16342592592592592 0.024479166666666666 0.04537037037037037
0 0.29244791666666664 0.8625 0.025520833333333333 0.04722222222222222
0 0.4778645833333333 0.15462962962962962 0.024479166666666666 0.044444444444444446
0 0.37864583333333335 0.21898148148148147 0.025 0.04537037037037037
0 0.29296875 0.5550925925925926 0.025520833333333333 0.04537037037037037
0 0.22994791666666667 0.23148148148148148 0.025520833333333333 0.044444444444444446
0 0.5106770833333333 0.5009259259259259 0.024479166666666666 0.044444444444444446
0 0.6578125 0.17407407407407408 0.025 0.044444444444444446
0 0.63359375 0.15694444444444444 0.024479166666666666 0.04537037037037037
0 0.43307291666666664 0.6402777777777777 0.024479166666666666 0.04537037037037037
0 0.21067708333333332 0.43472222222222223 0.025520833333333333 0.04351851851851852
0 0.6833333333333333 0.16666666666666666 0.025 0.046296296296296294
0 0.5265625 0.2657407407407407 0.023958333333333335 0.044444444444444446
0 0.3424479166666667 0.29444444444444445 0.024479166666666666 0.044444444444444446
0 0.671875 0.12453703703703704 0.025 0.04537037037037037
0 0.7229166666666667 0.1050925925925926 0.025 0.04537037037037037
0 0.6604166666666667 0.06944444444444445 0.025 0.046296296296296294
0 0.6997395833333333 0.06712962962962964 0.025520833333333333 0.04537037037037037
0 0.38958333333333334 0.18101851851851852 0.023958333333333335 0.04351851851851852
0 0.446875 0.4888888888888889 0.023958333333333335 0.044444444444444446
0 0.2755208333333333 0.19444444444444445 0.025 0.044444444444444446
0 0.2864583333333333 0.35185185185185186 0.025 0.044444444444444446
0 0.253125 0.20555555555555555 0.023958333333333335 0.044444444444444446
0 0.3997395833333333 0.4074074074074074 0.024479166666666666 0.044444444444444446
0 0.42890625 0.4638888888888889 0.0234375 0.044444444444444446
0 0.31640625 0.3365740740740741 0.024479166666666666 0.04351851851851852
0 0.42552083333333335 0.4078703703703704 0.023958333333333335 0.04537037037037037
0 0.30520833333333336 0.24675925925925926 0.025 0.04351851851851852
0 0.22916666666666666 0.1875 0.023958333333333335 0.04351851851851852
0 0.44973958333333336 0.4444444444444444 0.024479166666666666 0.044444444444444446
0 0.2747395833333333 0.31527777777777777 0.024479166666666666 0.04351851851851852
0 0.44921875 0.4 0.024479166666666666 0.044444444444444446
0 0.28880208333333335 0.27824074074074073 0.0234375 0.04351851851851852
0 0.2986979166666667 0.3143518518518518 0.0234375 0.04351851851851852
0 0.24947916666666667 0.1648148148148148 0.025 0.044444444444444446