0 0.5364583333333334 0.24166666666666667 0.019791666666666666 0.03518518518518519
0 0.2830729166666667 0.6981481481481482 0.027604166666666666 0.046296296296296294
0 0.3268229166666667 0.3175925925925926 0.022395833333333334 0.037037037037037035
0 0.3953125 0.4060185185185185 0.021875 0.03981481481481482
0 0.6984375 0.4199074074074074 0.023958333333333335 0.041666666666666664
0 0.5630208333333333 0.5412037037037037 0.020833333333333332 0.03611111111111111
0 0.4979166666666667 0.23981481481481481 0.020833333333333332 0.03518518518518519
0 0.6447916666666667 0.4527777777777778 0.022916666666666665 0.040740740740740744
0 0.5884895833333333 0.5481018518518519 0.025932291666666666 0.042499999999999996
0 0.38671875 0.5967592592592592 0.0234375 0.03981481481481482
0 0.4432291666666667 0.3925925925925926 0.021875 0.03888888888888889
0 0.33880208333333334 0.36574074074074076 0.022395833333333334 0.03888888888888889
0 0.6130208333333333 0.23141666666666666 0.022770833333333334 0.03875925925925926
0 0.33880208333333334 0.625462962962963 0.0234375 0.041666666666666664
0 0.3575520833333333 0.3453703703703704 0.022395833333333334 0.037037037037037035
0 0.36796875 0.6393518518518518 0.0234375 0.03981481481481482
0 0.28463541666666664 0.34675925925925927 0.0234375 0.03796296296296296
0 0.60546875 0.8717592592592592 0.024479166666666666 0.04722222222222222
0 0.32135416666666666 0.2777777777777778 0.020833333333333332 0.03518518518518519
0 0.6453125 0.2212962962962963 0.021875 0.037037037037037035
0 0.7057291666666666 0.7638888888888888 0.026041666666666668 0.046296296296296294
0 0.6895833333333333 0.7083333333333334 0.026041666666666668 0.046296296296296294
0 0.721875 0.6402777777777777 0.025 0.04351851851851852
0 0.68203125 0.8976851851851851 0.024479166666666666 0.04537037037037037
0 0.566109375 0.3888888888888889 0.021802083333333333 0.04048148148148148
0 0.7598958333333333 0.3453703703703704 0.025 0.040740740740740744
0 0.4276041666666667 0.2310185185185185 0.020833333333333332 0.03796296296296296
0 0.5950520833333334 0.6236111111111111 0.024479166666666666 0.04351851851851852
0 0.3890625 0.23981481481481481 0.020833333333333332 0.03888888888888889
0 0.6317708333333333 0.5601851851851852 0.023958333333333335 0.04259259259259259
0 0.5486979166666667 0.4148148148148148 0.022395833333333334 0.03888888888888889
0 0.16666666666666666 0.725925925925926 0.027083333333333334 0.044444444444444446
0 0.4005208333333333 0.5652777777777778 0.022916666666666665 0.03981481481481482
0 0.4046875 0.5166666666666667 0.022916666666666665 0.040740740740740744
0 0.5700520833333333 0.5782407407407407 0.024479166666666666 0.03796296296296296
0 0.35911458333333335 0.30648148148148147 0.022395833333333334 0.037037037037037035
0 0.6 0.412962962962963 0.021875 0.03888888888888889
0 0.26119791666666664 0.7805555555555556 0.027604166666666666 0.046296296296296294
0 0.45416666666666666 0.2152777777777778 0.020833333333333332 0.03796296296296296
0 0.8059895833333334 0.6467592592592593 0.0265625 0.04351851851851852
0 0.7015625 0.8486111111111111 0.026041666666666668 0.04722222222222222
0 0.6627604166666666 0.8314814814814815 0.025520833333333333 0.04814814814814815
0 0.5822916666666667 0.8768518518518519 0.025 0.04814814814814815
0 0.13151041666666666 0.7041666666666667 0.0265625 0.04537037037037037
0 0.5301927083333333 0.20586111111111113 0.022807291666666667 0.039490740740740736
0 0.5866197916666667 0.38419444444444445 0.024317708333333334 0.042333333333333334
0 0.5800104166666666 0.5123888888888889 0.02528645833333333 0.041444444444444443
0 0.72890625 0.6023148148148149 0.025520833333333333 0.041666666666666664
0 0.6151041666666667 0.34305555555555556 0.021875 0.03981481481481482
0 0.6083072916666666 0.5606759259259259 0.02383333333333333 0.043194444444444445
0 0.341390625 0.2909351851851852 0.023869791666666664 0.040546296296296296
0 0.5911458333333334 0.5851851851851851 0.022916666666666665 0.040740740740740744
0 0.621875 0.9083333333333333 0.026041666666666668 0.04814814814814815
0 0.6616822916666667 0.924537037037037 0.02753125 0.04722222222222222
0 0.1421875 0.662962962962963 0.026041666666666668 0.044444444444444446
0 0.6296875 0.9541666666666667 0.026041666666666668 0.049074074074074076
0 0.56171875 0.23564814814814813 0.021354166666666667 0.03796296296296296
0 0.5916666666666667 0.23564814814814813 0.020833333333333332 0.03796296296296296
0 0.5872395833333334 0.3439814814814815 0.022395833333333334 0.03981481481481482
0 0.57759375 0.21466666666666667 0.021713541666666666 0.038537037037037036
0 0.6275677083333334 0.2073425925925926 0.021802083333333333 0.03875925925925926
0 0.4908854166666667 0.20694444444444443 0.0203125 0.03611111111111111
0 0.5471354166666667 0.17407407407407408 0.0203125 0.037037037037037035
0 0.5510416666666667 0.20787037037037037 0.020833333333333332 0.03611111111111111
0 0.5177395833333333 0.2322685185185185 0.02234375 0.03962037037037037