0 0.5830729166666667 0.5398148148148149 0.022395833333333334 0.040740740740740744
0 0.5418645833333334 0.2869537037037037 0.02177604166666667 0.04056481481481482
0 0.5686770833333333 0.2647037037037037 0.02177604166666667 0.03963888888888889
0 0.7145833333333333 0.8185185185185185 0.028125 0.05
0 0.5247395833333334 0.42407407407407405 0.021354166666666667 0.037037037037037035
0 0.5143229166666666 0.5699074074074074 0.022395833333333334 0.03796296296296296
0 0.31445833333333334 0.28117592592592594 0.02321875 0.041101851851851855
0 0.7346354166666667 0.6300925925925925 0.0234375 0.041666666666666664
0 0.54609375 0.19583333333333333 0.0203125 0.03611111111111111
0 0.1671875 0.7189814814814814 0.029166666666666667 0.04722222222222222
0 0.48380729166666664 0.29133333333333333 0.022572916666666668 0.03778703703703704
0 0.31953125 0.3306851851851852 0.023489583333333335 0.04056481481481482
0 0.48802083333333335 0.4148148148148148 0.021875 0.03888888888888889
0 0.3829375 0.5868148148148148 0.023463541666666664 0.04268518518518519
0 0.7770833333333333 0.562962962962963 0.023958333333333335 0.04259259259259259
0 0.5455729166666666 0.16018518518518518 0.0203125 0.03518518518518519
0 0.36504166666666665 0.6121481481481481 0.024380208333333334 0.04290740740740741
0 0.5389270833333334 0.22967592592592595 0.022151041666666666 0.03986111111111111
0 0.7520833333333333 0.5273148148148148 0.022916666666666665 0.041666666666666664
0 0.70078125 0.42824074074074076 0.024479166666666666 0.041666666666666664
0 0.5166666666666667 0.4625 0.021875 0.03981481481481482
0 0.5130208333333334 0.22341666666666665 0.021875 0.03888888888888889
0 0.28489583333333335 0.6856481481481481 0.028125 0.04722222222222222
0 0.66484375 0.6587962962962963 0.025520833333333333 0.04537037037037037
0 0.7061770833333333 0.6438703703703703 0.02465625 0.04426851851851852
0 0.5205729166666667 0.26481481481481484 0.0203125 0.03518518518518519
0 0.502109375 0.3106203703703704 0.021927083333333333 0.038009259259259257
0 0.4940104166666667 0.5231481481481481 0.0234375 0.040740740740740744
0 0.5890625 0.6203703703703703 0.023958333333333335 0.040740740740740744
0 0.7346354166666667 0.5513888888888889 0.024479166666666666 0.041666666666666664
0 0.45078125 0.5875 0.0234375 0.03981481481481482
0 0.384375 0.4273148148148148 0.022916666666666665 0.03981481481481482
0 0.44869791666666664 0.624537037037037 0.0234375 0.03981481481481482
0 0.5799479166666667 0.18796296296296297 0.021354166666666667 0.037037037037037035
0 0.6973958333333333 0.6805555555555556 0.025 0.04259259259259259
0 0.6153645833333333 0.38657407407407407 0.022395833333333334 0.03981481481481482
0 0.67734375 0.324537037037037 0.022395833333333334 0.03796296296296296
0 0.7971354166666667 0.5861111111111111 0.0265625 0.04259259259259259
0 0.2989583333333333 0.38055555555555554 0.022916666666666665 0.03888888888888889
0 0.7541666666666667 0.6569444444444444 0.026041666666666668 0.04351851851851852
0 0.3990104166666667 0.5584629629629629 0.025302083333333333 0.04268518518518519
0 0.4356770833333333 0.4134259259259259 0.022395833333333334 0.03981481481481482
0 0.7033854166666667 0.31296296296296294 0.022395833333333334 0.040740740740740744
0 0.33697916666666666 0.6106481481481482 0.023958333333333335 0.041666666666666664
0 0.13203125 0.6972222222222222 0.0265625 0.044444444444444446
0 0.40338541666666666 0.5111111111111111 0.022395833333333334 0.040740740740740744
0 0.26328125 0.7652777777777777 0.0265625 0.04537037037037037
0 0.3500989583333334 0.28382407407407406 0.022875 0.041805555555555554
0 0.5828125 0.36435185185185187 0.022916666666666665 0.03981481481481482
0 0.6375 0.1884259259259259 0.020833333333333332 0.03796296296296296
0 0.344515625 0.33999074074074076 0.023515625 0.0429537037037037
0 0.14375 0.6518518518518519 0.026041666666666668 0.044444444444444446
0 0.28359375 0.3435185185185185 0.0234375 0.03888888888888889
0 0.44114583333333335 0.26805555555555555 0.021875 0.03796296296296296
0 0.5783854166666667 0.5856481481481481 0.022395833333333334 0.03981481481481482
0 0.5354166666666667 0.5560185185185185 0.021875 0.03981481481481482
0 0.5627604166666667 0.5592592592592592 0.022395833333333334 0.040740740740740744
0 0.3331458333333333 0.2616018518518518 0.022296875 0.04083333333333333
0 0.5333333333333333 0.38564814814814813 0.021875 0.03796296296296296
0 0.35989583333333336 0.3148148148148148 0.020833333333333332 0.037037037037037035
0 0.6013020833333333 0.17777777777777778 0.0203125 0.037037037037037035
0 0.6013020833333333 0.13287037037037036 0.021354166666666667 0.03796296296296296
0 0.47084895833333335 0.2647037037037037 0.022697916666666665 0.04105555555555556
0 0.5122395833333333 0.19166666666666668 0.022395833333333334 0.04259259259259259
0 0.33098958333333334 0.29953703703703705 0.021354166666666667 0.03611111111111111