0 0.7322916666666667 0.38564814814814813 0.029166666666666667 0.049074074074074076
0 0.6346354166666667 0.3314814814814815 0.025520833333333333 0.044444444444444446
0 0.6125 0.3958333333333333 0.027083333333333334 0.04722222222222222
0 0.6979166666666666 0.25462962962962965 0.025 0.044444444444444446
0 0.4315104166666667 0.1787037037037037 0.025520833333333333 0.046296296296296294
0 0.7236979166666667 0.24212962962962964 0.025520833333333333 0.04537037037037037
0 0.6200520833333333 0.47175925925925927 0.025520833333333333 0.04537037037037037
0 0.753125 0.5652777777777778 0.027083333333333334 0.04722222222222222
0 0.6911458333333333 0.20462962962962963 0.025 0.044444444444444446
0 0.7247395833333333 0.5643518518518519 0.0265625 0.04722222222222222
0 0.17630208333333333 0.4787037037037037 0.0296875 0.04814814814814815
0 0.6375 0.18055555555555555 0.025 0.044444444444444446
0 0.37135416666666665 0.8388888888888889 0.027083333333333334 0.04814814814814815
0 0.6328125 0.6800925925925926 0.027083333333333334 0.04722222222222222
0 0.22526041666666666 0.45092592592592595 0.0265625 0.044444444444444446
0 0.7252604166666666 0.7018518518518518 0.027604166666666666 0.04814814814814815
0 0.18541666666666667 0.41435185185185186 0.026041666666666668 0.04537037037037037
0 0.5565104166666667 0.32731481481481484 0.024479166666666666 0.04351851851851852
0 0.5481770833333334 0.28703703703703703 0.024479166666666666 0.04259259259259259
0 0.32708333333333334 0.8453703703703703 0.026041666666666668 0.046296296296296294
0 0.32395833333333335 0.5791666666666667 0.026041666666666668 0.04537037037037037
0 0.3341145833333333 0.7972222222222223 0.0265625 0.046296296296296294
0 0.28125 0.5467592592592593 0.026041666666666668 0.04537037037037037
0 0.7005208333333334 0.5115740740740741 0.026041666666666668 0.04537037037037037
0 0.22916666666666666 0.39351851851851855 0.026041666666666668 0.044444444444444446
0 0.35442708333333334 0.874537037037037 0.0265625 0.049074074074074076
0 0.5177083333333333 0.23148148148148148 0.023958333333333335 0.044444444444444446
0 0.6338541666666667 0.8018518518518518 0.027083333333333334 0.04814814814814815
0 0.20234375 0.30092592592592593 0.025520833333333333 0.044444444444444446
0 0.2794270833333333 0.8296296296296296 0.025520833333333333 0.046296296296296294
0 0.284375 0.7847222222222222 0.026041666666666668 0.04722222222222222
0 0.6520833333333333 0.4685185185185185 0.026041666666666668 0.046296296296296294
0 0.20130208333333333 0.35694444444444445 0.0265625 0.04537037037037037
0 0.47890625 0.1675925925925926 0.024479166666666666 0.044444444444444446
0 0.72109375 0.7754629629629629 0.027604166666666666 0.04722222222222222
0 0.60234375 0.524074074074074 0.025520833333333333 0.044444444444444446
0 0.65546875 0.5986111111111111 0.0265625 0.04722222222222222
0 0.6770833333333334 0.5375 0.026041666666666668 0.04722222222222222
0 0.35104166666666664 0.5444444444444444 0.025 0.044444444444444446
0 0.7072916666666667 0.6185185185185185 0.026041666666666668 0.046296296296296294
0 0.53125 0.18194444444444444 0.023958333333333335 0.04351851851851852
0 0.3015625 0.8143518518518519 0.025 0.04537037037037037
0 0.68671875 0.7907407407407407 0.0265625 0.04814814814814815
0 0.2635416666666667 0.8962962962962963 0.027083333333333334 0.04814814814814815
0 0.41901041666666666 0.5481481481481482 0.024479166666666666 0.044444444444444446
0 0.6578125 0.7560185185185185 0.027083333333333334 0.04722222222222222
0 0.6609375 0.8013888888888889 0.026041666666666668 0.049074074074074076
0 0.69609375 0.1527777777777778 0.025520833333333333 0.044444444444444446
0 0.7111979166666667 0.8189814814814815 0.027604166666666666 0.049074074074074076
0 0.3184895833333333 0.6388888888888888 0.0265625 0.046296296296296294
0 0.665625 0.16574074074074074 0.023958333333333335 0.044444444444444446
0 0.30833333333333335 0.8837962962962963 0.026041666666666668 0.04722222222222222
0 0.6153645833333333 0.8490740740740741 0.0265625 0.05
0 0.6885416666666667 0.649537037037037 0.026041666666666668 0.04722222222222222
0 0.5138020833333333 0.5685185185185185 0.024479166666666666 0.044444444444444446
0 0.58515625 0.5555555555555556 0.024479166666666666 0.044444444444444446
0 0.3138020833333333 0.337037037037037 0.025520833333333333 0.044444444444444446
0 0.5036458333333333 0.324537037037037 0.022916666666666665 0.04351851851851852
0 0.6598958333333333 0.6449074074074074 0.027083333333333334 0.04722222222222222
0 0.5401041666666667 0.1412037037037037 0.023958333333333335 0.04351851851851852
0 0.6768229166666667 0.49212962962962964 0.025520833333333333 0.04537037037037037
0 0.7046875 0.7379629629629629 0.026041666666666668 0.04814814814814815
0 0.31276041666666665 0.5421296296296296 0.025520833333333333 0.04537037037037037
0 0.28541666666666665 0.45185185185185184 0.025 0.044444444444444446
0 0.6080729166666666 0.09583333333333334 0.025520833333333333 0.04537037037037037
0 0.653125 0.7111111111111111 0.026041666666666668 0.046296296296296294
0 0.5171875 0.13055555555555556 0.023958333333333335 0.044444444444444446
0 0.5036458333333333 0.19305555555555556 0.023958333333333335 0.04351851851851852
0 0.6481770833333333 0.13055555555555556 0.025520833333333333 0.044444444444444446
0 0.53828125 0.5606481481481481 0.024479166666666666 0.04537037037037037
0 0.28567708333333336 0.8736111111111111 0.0234375 0.04537037037037037
0 0.2752604166666667 0.33796296296296297 0.025520833333333333 0.044444444444444446
0 0.6815104166666667 0.6064814814814815 0.025520833333333333 0.046296296296296294
0 0.6776041666666667 0.12685185185185185 0.025 0.04259259259259259
0 0.33541666666666664 0.300462962962963 0.025 0.04351851851851852
0 0.38567708333333334 0.22777777777777777 0.024479166666666666 0.04259259259259259
0 0.64140625 0.8490740740740741 0.027604166666666666 0.05
0 0.28828125 0.49907407407407406 0.024479166666666666 0.04259259259259259
0 0.6317708333333333 0.10185185185185185 0.023958333333333335 0.044444444444444446
0 0.6994791666666667 0.05185185185185185 0.025 0.044444444444444446
0 0.42213541666666665 0.27175925925925926 0.024479166666666666 0.04351851851851852
0 0.6940104166666666 0.8523148148148149 0.0265625 0.049074074074074076
0 0.67421875 0.6861111111111111 0.025520833333333333 0.046296296296296294
0 0.41796875 0.31666666666666665 0.0234375 0.044444444444444446
0 0.19869791666666667 0.19722222222222222 0.024479166666666666 0.044444444444444446
0 0.25078125 0.1486111111111111 0.024479166666666666 0.04537037037037037
0 0.6864583333333333 0.08981481481481482 0.025 0.04259259259259259
0 0.6671875 0.8490740740740741 0.026041666666666668 0.04814814814814815
0 0.2640625 0.4898148148148148 0.025 0.04259259259259259
0 0.28463541666666664 0.9199074074074074 0.027604166666666666 0.049074074074074076
0 0.4828125 0.2537037037037037 0.023958333333333335 0.04259259259259259
0 0.5403645833333334 0.475 0.024479166666666666 0.04259259259259259
0 0.29739583333333336 0.17453703703703705 0.025 0.04537037037037037
0 0.6296875 0.06111111111111111 0.025 0.044444444444444446
0 0.25546875 0.29953703703703705 0.0234375 0.04351851851851852
0 0.7005208333333334 0.6916666666666667 0.026041666666666668 0.04814814814814815
0 0.3841145833333333 0.39166666666666666 0.024479166666666666 0.044444444444444446
0 0.440625 0.5282407407407408 0.023958333333333335 0.04351851851851852
0 0.67890625 0.7319444444444444 0.0265625 0.04722222222222222
0 0.35390625 0.2222222222222222 0.024479166666666666 0.04259259259259259
0 0.2833333333333333 0.2064814814814815 0.025 0.04259259259259259
0 0.46197916666666666 0.3523148148148148 0.023958333333333335 0.04351851851851852
0 0.4505208333333333 0.3143518518518518 0.023958333333333335 0.04351851851851852
0 0.4661458333333333 0.538425925925926 0.023958333333333335 0.04351851851851852
0 0.32838541666666665 0.2 0.024479166666666666 0.04259259259259259
0 0.4921875 0.5365740740740741 0.023958333333333335 0.04351851851851852
0 0.3619791666666667 0.5037037037037037 0.025 0.044444444444444446
0 0.6625 0.09722222222222222 0.023958333333333335 0.04259259259259259
0 0.23359375 0.2898148148148148 0.024479166666666666 0.044444444444444446
0 0.49609375 0.2865740740740741 0.0234375 0.041666666666666664
0 0.31953125 0.5009259259259259 0.024479166666666666 0.04259259259259259
0 0.23411458333333332 0.17685185185185184 0.0234375 0.04259259259259259
0 0.3375 0.4388888888888889 0.023958333333333335 0.044444444444444446
0 0.20651041666666667 0.2375 0.024479166666666666 0.04351851851851852
0 0.22734375 0.2523148148148148 0.024479166666666666 0.04351851851851852
0 0.4791666666666667 0.324537037037037 0.022916666666666665 0.041666666666666664
0 0.6533854166666667 0.05925925925925926 0.0234375 0.044444444444444446
0 0.49713541666666666 0.4527777777777778 0.0234375 0.04259259259259259
0 0.3140625 0.46064814814814814 0.025 0.04351851851851852
0 0.30104166666666665 0.29953703703703705 0.023958333333333335 0.04351851851851852
0 0.40390625 0.4981481481481482 0.024479166666666666 0.04259259259259259
0 0.2557291666666667 0.24537037037037038 0.023958333333333335 0.044444444444444446
0 0.3533854166666667 0.2712962962962963 0.024479166666666666 0.044444444444444446
0 0.26614583333333336 0.1824074074074074 0.023958333333333335 0.04259259259259259
0 0.2484375 0.20787037037037037 0.023958333333333335 0.041666666666666664
0 0.28098958333333335 0.2462962962962963 0.024479166666666666 0.04259259259259259
0 0.53984375 0.5180555555555556 0.024479166666666666 0.04351851851851852
0 0.3575520833333333 0.46296296296296297 0.024479166666666666 0.04259259259259259
0 0.31640625 0.2337962962962963 0.024479166666666666 0.041666666666666664
0 0.4427083333333333 0.3837962962962963 0.025 0.04351851851851852
0 0.47265625 0.4546296296296296 0.0234375 0.04259259259259259
0 0.4622395833333333 0.4074074074074074 0.024479166666666666 0.044444444444444446
0 0.46901041666666665 0.49675925925925923 0.0234375 0.04351851851851852
0 0.5153645833333333 0.4842592592592593 0.0234375 0.044444444444444446
0 0.3885416666666667 0.4675925925925926 0.023958333333333335 0.04259259259259259
0 0.5158854166666667 0.5263888888888889 0.024479166666666666 0.04351851851851852
0 0.4075520833333333 0.39444444444444443 0.024479166666666666 0.044444444444444446
0 0.22526041666666666 0.21388888888888888 0.0234375 0.04259259259259259
0 0.40989583333333335 0.4361111111111111 0.023958333333333335 0.04259259259259259
0 0.42291666666666666 0.4675925925925926 0.023958333333333335 0.04259259259259259
0 0.45 0.4449074074074074 0.023958333333333335 0.04351851851851852
0 0.4453125 0.4861111111111111 0.022916666666666665 0.04259259259259259
0 0.31953125 0.2726851851851852 0.022395833333333334 0.041666666666666664
0 0.6950520833333333 0.5699074074074074 0.025520833333333333 0.04537037037037037
0 0.49244791666666665 0.49444444444444446 0.0234375 0.04259259259259259
0 0.2786458333333333 0.2949074074074074 0.022916666666666665 0.041666666666666664
0 0.5619791666666667 0.5703703703703704 0.023958333333333335 0.044444444444444446
0 0.4315104166666667 0.41898148148148145 0.0234375 0.041666666666666664
0 0.39140625 0.2722222222222222 0.024479166666666666 0.04259259259259259