0 0.6979166666666666 0.2550925925925926 0.025 0.04351851851851852
0 0.7526041666666666 0.5648148148148148 0.027083333333333334 0.046296296296296294
0 0.7322916666666667 0.3837962962962963 0.029166666666666667 0.049074074074074076
0 0.7244791666666667 0.5648148148148148 0.026041666666666668 0.046296296296296294
0 0.7231770833333333 0.24166666666666667 0.025520833333333333 0.044444444444444446
0 0.6919270833333333 0.5467592592592593 0.0265625 0.04722222222222222
0 0.6515625 0.5388888888888889 0.026041666666666668 0.046296296296296294
0 0.6911458333333333 0.20416666666666666 0.026041666666666668 0.04351851851851852
0 0.60859375 0.5981481481481481 0.025520833333333333 0.044444444444444446
0 0.17604166666666668 0.4787037037037037 0.029166666666666667 0.046296296296296294
0 0.6375 0.1814814814814815 0.025 0.044444444444444446
0 0.6231770833333333 0.6916666666666667 0.0265625 0.04814814814814815
0 0.225 0.45092592592592595 0.026041666666666668 0.044444444444444446
0 0.6549479166666666 0.587037037037037 0.025520833333333333 0.046296296296296294
0 0.72421875 0.7037037037037037 0.027604166666666666 0.04814814814814815
0 0.37083333333333335 0.837037037037037 0.026041666666666668 0.04814814814814815
0 0.28125 0.5472222222222223 0.026041666666666668 0.044444444444444446
0 0.3338541666666667 0.7972222222222223 0.026041666666666668 0.046296296296296294
0 0.18567708333333333 0.41388888888888886 0.025520833333333333 0.044444444444444446
0 0.32395833333333335 0.5787037037037037 0.026041666666666668 0.044444444444444446
0 0.72109375 0.7763888888888889 0.027604166666666666 0.04722222222222222
0 0.32708333333333334 0.8453703703703703 0.026041666666666668 0.046296296296296294
0 0.5786458333333333 0.5574074074074075 0.025 0.044444444444444446
0 0.68046875 0.5888888888888889 0.025520833333333333 0.044444444444444446
0 0.5541666666666667 0.4078703703703704 0.025 0.04351851851851852
0 0.22916666666666666 0.39305555555555555 0.026041666666666668 0.04351851851851852
0 0.284375 0.7856481481481481 0.026041666666666668 0.049074074074074076
0 0.3723958333333333 0.36898148148148147 0.025 0.04351851851851852
0 0.4390625 0.6212962962962963 0.026041666666666668 0.044444444444444446
0 0.5973958333333333 0.3837962962962963 0.023958333333333335 0.04351851851851852
0 0.5239583333333333 0.23472222222222222 0.023958333333333335 0.04351851851851852
0 0.64609375 0.7148148148148148 0.0265625 0.046296296296296294
0 0.3015625 0.8148148148148148 0.025 0.046296296296296294
0 0.3190104166666667 0.6388888888888888 0.027604166666666666 0.046296296296296294
0 0.3541666666666667 0.874537037037037 0.026041666666666668 0.049074074074074076
0 0.6341145833333334 0.8018518518518518 0.027604166666666666 0.04814814814814815
0 0.2794270833333333 0.8291666666666667 0.025520833333333333 0.04722222222222222
0 0.20130208333333333 0.35648148148148145 0.0265625 0.044444444444444446
0 0.5270833333333333 0.600462962962963 0.026041666666666668 0.04537037037037037
0 0.65703125 0.7569444444444444 0.0265625 0.04722222222222222
0 0.53125 0.18194444444444444 0.023958333333333335 0.04351851851851852
0 0.7049479166666667 0.7379629629629629 0.0265625 0.04814814814814815
0 0.43828125 0.25787037037037036 0.024479166666666666 0.04351851851851852
0 0.4786458333333333 0.16805555555555557 0.025 0.04351851851851852
0 0.6869791666666667 0.7898148148148149 0.027083333333333334 0.04814814814814815
0 0.3138020833333333 0.3365740740740741 0.025520833333333333 0.04351851851851852
0 0.6958333333333333 0.1527777777777778 0.025 0.044444444444444446
0 0.7114583333333333 0.8199074074074074 0.027083333333333334 0.04722222222222222
0 0.6677083333333333 0.6902777777777778 0.026041666666666668 0.04722222222222222
0 0.6075520833333333 0.09675925925925925 0.024479166666666666 0.04537037037037037
0 0.40703125 0.3662037037037037 0.024479166666666666 0.04351851851851852
0 0.6153645833333333 0.8495370370370371 0.0265625 0.049074074074074076
0 0.20208333333333334 0.300462962962963 0.025 0.04351851851851852
0 0.2638020833333333 0.8962962962962963 0.0265625 0.04814814814814815
0 0.43125 0.17916666666666667 0.023958333333333335 0.04351851851851852
0 0.27578125 0.33796296296296297 0.025520833333333333 0.044444444444444446
0 0.6609375 0.8032407407407407 0.027083333333333334 0.04722222222222222
0 0.47708333333333336 0.2222222222222222 0.023958333333333335 0.044444444444444446
0 0.665625 0.16620370370370371 0.023958333333333335 0.04351851851851852
0 0.6932291666666667 0.6921296296296297 0.025 0.04537037037037037
0 0.6783854166666666 0.7347222222222223 0.0265625 0.04722222222222222
0 0.565625 0.25 0.025 0.04259259259259259
0 0.30833333333333335 0.8837962962962963 0.026041666666666668 0.04722222222222222
0 0.53984375 0.14166666666666666 0.0234375 0.04259259259259259
0 0.6479166666666667 0.13055555555555556 0.025 0.044444444444444446
0 0.35104166666666664 0.5449074074074074 0.025 0.04351851851851852
0 0.6408854166666667 0.8495370370370371 0.0265625 0.049074074074074076
0 0.33567708333333335 0.300462962962963 0.024479166666666666 0.04351851851851852
0 0.41848958333333336 0.3175925925925926 0.024479166666666666 0.044444444444444446
0 0.67734375 0.12685185185185185 0.024479166666666666 0.04259259259259259
0 0.5044270833333333 0.19444444444444445 0.0234375 0.04259259259259259
0 0.5856770833333333 0.29212962962962963 0.024479166666666666 0.04351851851851852
0 0.6994791666666667 0.05185185185185185 0.025 0.044444444444444446
0 0.2643229166666667 0.48935185185185187 0.025520833333333333 0.04351851851851852
0 0.31302083333333336 0.5421296296296296 0.025 0.04351851851851852
0 0.6940104166666666 0.8518518518518519 0.0265625 0.04814814814814815
0 0.6296875 0.06111111111111111 0.025 0.044444444444444446
0 0.5317708333333333 0.3296296296296296 0.023958333333333335 0.044444444444444446
0 0.55546875 0.4828703703703704 0.024479166666666666 0.04351851851851852
0 0.28541666666666665 0.45185185185185184 0.025 0.044444444444444446
0 0.6091145833333333 0.3212962962962963 0.024479166666666666 0.04259259259259259
0 0.5177083333333333 0.13055555555555556 0.025 0.044444444444444446
0 0.45260416666666664 0.5824074074074074 0.025 0.04259259259259259
0 0.28828125 0.49907407407407406 0.024479166666666666 0.04259259259259259
0 0.6856770833333333 0.08981481481481482 0.024479166666666666 0.04259259259259259
0 0.28567708333333336 0.8726851851851852 0.0234375 0.04537037037037037
0 0.5817708333333333 0.35185185185185186 0.023958333333333335 0.04259259259259259
0 0.38567708333333334 0.22870370370370371 0.024479166666666666 0.04259259259259259
0 0.63203125 0.10138888888888889 0.024479166666666666 0.04351851851851852
0 0.38984375 0.27361111111111114 0.0234375 0.04351851851851852
0 0.28463541666666664 0.9208333333333333 0.0265625 0.049074074074074076
0 0.5583333333333333 0.29305555555555557 0.023958333333333335 0.04351851851851852
0 0.4127604166666667 0.26157407407407407 0.0234375 0.04351851851851852
0 0.6622395833333333 0.09675925925925925 0.024479166666666666 0.041666666666666664
0 0.6666666666666666 0.850462962962963 0.025 0.04722222222222222
0 0.5046875 0.5717592592592593 0.023958333333333335 0.04351851851851852
0 0.43515625 0.5541666666666667 0.024479166666666666 0.04351851851851852
0 0.3533854166666667 0.2222222222222222 0.024479166666666666 0.04259259259259259
0 0.5544270833333333 0.5518518518518518 0.0234375 0.04259259259259259
0 0.19869791666666667 0.19768518518518519 0.024479166666666666 0.04351851851851852
0 0.29713541666666665 0.1736111111111111 0.024479166666666666 0.04537037037037037
0 0.6533854166666667 0.05925925925925926 0.0234375 0.044444444444444446
0 0.5098958333333333 0.41435185185185186 0.023958333333333335 0.04351851851851852
0 0.5549479166666667 0.33935185185185185 0.022395833333333334 0.041666666666666664
0 0.25546875 0.29907407407407405 0.0234375 0.04259259259259259
0 0.4549479166666667 0.4046296296296296 0.024479166666666666 0.04259259259259259
0 0.3372395833333333 0.4388888888888889 0.024479166666666666 0.044444444444444446
0 0.2513020833333333 0.15046296296296297 0.024479166666666666 0.04537037037037037
0 0.3140625 0.4597222222222222 0.025 0.04351851851851852
0 0.3528645833333333 0.27175925925925926 0.024479166666666666 0.04351851851851852
0 0.46041666666666664 0.3277777777777778 0.023958333333333335 0.04259259259259259
0 0.30104166666666665 0.29907407407407405 0.023958333333333335 0.04259259259259259
0 0.23307291666666666 0.2902777777777778 0.0234375 0.04351851851851852
0 0.5291666666666667 0.5574074074074075 0.023958333333333335 0.04259259259259259
0 0.32005208333333335 0.500462962962963 0.024479166666666666 0.041666666666666664
0 0.32838541666666665 0.2 0.024479166666666666 0.04259259259259259
0 0.234375 0.17685185185185184 0.023958333333333335 0.04259259259259259
0 0.20651041666666667 0.2375 0.024479166666666666 0.04351851851851852
0 0.28072916666666664 0.24537037037037038 0.025 0.04259259259259259
0 0.22708333333333333 0.2518518518518518 0.023958333333333335 0.04259259259259259
0 0.2557291666666667 0.2449074074074074 0.023958333333333335 0.04351851851851852
0 0.2830729166666667 0.2050925925925926 0.025520833333333333 0.04351851851851852
0 0.44453125 0.4550925925925926 0.0234375 0.04351851851851852
0 0.41484375 0.5342592592592592 0.0234375 0.04259259259259259
0 0.31614583333333335 0.2337962962962963 0.023958333333333335 0.041666666666666664
0 0.39296875 0.5143518518518518 0.0234375 0.04351851851851852
0 0.50859375 0.4564814814814815 0.024479166666666666 0.04259259259259259
0 0.490625 0.375 0.023958333333333335 0.04259259259259259
0 0.5393229166666667 0.5180555555555556 0.0234375 0.041666666666666664
0 0.26614583333333336 0.18101851851851852 0.023958333333333335 0.04351851851851852
0 0.4473958333333333 0.5115740740740741 0.023958333333333335 0.04537037037037037
0 0.4661458333333333 0.36712962962962964 0.023958333333333335 0.041666666666666664
0 0.46796875 0.45925925925925926 0.0234375 0.04259259259259259
0 0.48046875 0.4166666666666667 0.0234375 0.04259259259259259
0 0.24791666666666667 0.2074074074074074 0.023958333333333335 0.040740740740740744
0 0.3567708333333333 0.4634259259259259 0.023958333333333335 0.04351851851851852
0 0.3807291666666667 0.4726851851851852 0.022916666666666665 0.041666666666666664
0 0.36171875 0.5032407407407408 0.024479166666666666 0.04351851851851852
0 0.5109375 0.5314814814814814 0.023958333333333335 0.04259259259259259
0 0.22526041666666666 0.21388888888888888 0.0234375 0.04259259259259259
0 0.46432291666666664 0.5398148148148149 0.0234375 0.04259259259259259
0 0.42604166666666665 0.49398148148148147 0.022916666666666665 0.041666666666666664
0 0.5205729166666667 0.49212962962962964 0.0234375 0.041666666666666664
0 0.47317708333333336 0.5009259259259259 0.0234375 0.04259259259259259
0 0.31927083333333334 0.2726851851851852 0.022916666666666665 0.041666666666666664
0 0.48776041666666664 0.5439814814814815 0.022395833333333334 0.041666666666666664
0 0.2786458333333333 0.2949074074074074 0.022916666666666665 0.041666666666666664
0 0.496875 0.49722222222222223 0.022916666666666665 0.040740740740740744
0 0.4046875 0.475462962962963 0.022916666666666665 0.041666666666666664