0 0.72578125 0.41203703703703703 0.028645833333333332 0.04814814814814815
0 0.3828125 0.6351851851851852 0.026041666666666668 0.046296296296296294
0 0.69609375 0.2800925925925926 0.025520833333333333 0.04537037037037037
0 0.740625 0.2324074074074074 0.026041666666666668 0.046296296296296294
0 0.36692708333333335 0.6962962962962963 0.025520833333333333 0.046296296296296294
0 0.7166666666666667 0.24861111111111112 0.025 0.04351851851851852
0 0.6911458333333333 0.43472222222222223 0.026041666666666668 0.04537037037037037
0 0.41510416666666666 0.6162037037037037 0.026041666666666668 0.04537037037037037
0 0.7424479166666667 0.36203703703703705 0.027604166666666666 0.046296296296296294
0 0.18541666666666667 0.41064814814814815 0.026041666666666668 0.04537037037037037
0 0.32864583333333336 0.8523148148148149 0.026041666666666668 0.049074074074074076
0 0.5140625 0.1486111111111111 0.025 0.04537037037037037
0 0.34479166666666666 0.7263888888888889 0.026041666666666668 0.04537037037037037
0 0.3651041666666667 0.8347222222222223 0.027083333333333334 0.049074074074074076
0 0.2515625 0.46944444444444444 0.026041666666666668 0.044444444444444446
0 0.20208333333333334 0.35324074074074074 0.026041666666666668 0.04537037037037037
0 0.17552083333333332 0.4736111111111111 0.028125 0.04537037037037037
0 0.60625 0.4736111111111111 0.026041666666666668 0.04537037037037037
0 0.20234375 0.29768518518518516 0.0265625 0.04537037037037037
0 0.5197916666666667 0.3398148148148148 0.025 0.044444444444444446
0 0.56328125 0.6069444444444444 0.025520833333333333 0.04537037037037037
0 0.29453125 0.6527777777777778 0.0265625 0.046296296296296294
0 0.3020833333333333 0.7675925925925926 0.026041666666666668 0.046296296296296294
0 0.4627604166666667 0.5837962962962963 0.025520833333333333 0.04722222222222222
0 0.5505208333333333 0.1685185185185185 0.025 0.044444444444444446
0 0.6822916666666666 0.22824074074074074 0.025 0.04351851851851852
0 0.2234375 0.42962962962962964 0.026041666666666668 0.044444444444444446
0 0.2872395833333333 0.4759259259259259 0.024479166666666666 0.044444444444444446
0 0.6135416666666667 0.7976851851851852 0.027083333333333334 0.049074074074074076
0 0.7229166666666667 0.6953703703703704 0.027083333333333334 0.04814814814814815
0 0.7067708333333333 0.7699074074074074 0.027083333333333334 0.04722222222222222
0 0.2786458333333333 0.5180555555555556 0.026041666666666668 0.04537037037037037
0 0.4515625 0.31157407407407406 0.025 0.04351851851851852
0 0.6966145833333334 0.487962962962963 0.0265625 0.046296296296296294
0 0.28098958333333335 0.8222222222222222 0.024479166666666666 0.046296296296296294
0 0.7122395833333334 0.5648148148148148 0.0265625 0.04814814814814815
0 0.503125 0.5731481481481482 0.025 0.046296296296296294
0 0.60859375 0.13194444444444445 0.024479166666666666 0.04537037037037037
0 0.5497395833333333 0.1125 0.024479166666666666 0.04537037037037037
0 0.3307291666666667 0.6898148148148148 0.025 0.044444444444444446
0 0.6091145833333333 0.5472222222222223 0.024479166666666666 0.044444444444444446
0 0.38776041666666666 0.36898148148148147 0.024479166666666666 0.04351851851851852
0 0.23203125 0.38657407407407407 0.025520833333333333 0.04351851851851852
0 0.57734375 0.1425925925925926 0.024479166666666666 0.046296296296296294
0 0.6911458333333333 0.8050925925925926 0.027083333333333334 0.049074074074074076
0 0.3033854166666667 0.812962962962963 0.024479166666666666 0.046296296296296294
0 0.70390625 0.7240740740740741 0.027604166666666666 0.04814814814814815
0 0.6588541666666666 0.7546296296296297 0.027083333333333334 0.04814814814814815
0 0.28958333333333336 0.7328703703703704 0.025 0.04722222222222222
0 0.30703125 0.8805555555555555 0.025520833333333333 0.046296296296296294
0 0.615625 0.8462962962962963 0.027083333333333334 0.05
0 0.31796875 0.48657407407407405 0.025520833333333333 0.04351851851851852
0 0.5416666666666666 0.575 0.025 0.044444444444444446
0 0.6526041666666667 0.7083333333333334 0.026041666666666668 0.04814814814814815
0 0.6927083333333334 0.5328703703703703 0.026041666666666668 0.04537037037037037
0 0.2630208333333333 0.8902777777777777 0.027083333333333334 0.04722222222222222
0 0.31875 0.7333333333333333 0.023958333333333335 0.044444444444444446
0 0.45364583333333336 0.19814814814814816 0.025 0.044444444444444446
0 0.6393229166666666 0.8027777777777778 0.0265625 0.04814814814814815
0 0.46380208333333334 0.2740740740740741 0.024479166666666666 0.044444444444444446
0 0.6432291666666666 0.5467592592592593 0.026041666666666668 0.04537037037037037
0 0.24713541666666666 0.2708333333333333 0.025520833333333333 0.04351851851851852
0 0.3770833333333333 0.2564814814814815 0.023958333333333335 0.044444444444444446
0 0.31276041666666665 0.22268518518518518 0.024479166666666666 0.04351851851851852
0 0.3078125 0.26805555555555555 0.025 0.04537037037037037
0 0.7098958333333333 0.20555555555555555 0.025 0.044444444444444446
0 0.4205729166666667 0.1726851851851852 0.024479166666666666 0.04351851851851852
0 0.35234375 0.47638888888888886 0.024479166666666666 0.04351851851851852
0 0.67109375 0.6773148148148148 0.0265625 0.04722222222222222
0 0.6604166666666667 0.6361111111111111 0.027083333333333334 0.04814814814814815
0 0.68671875 0.638425925925926 0.0265625 0.049074074074074076
0 0.6760416666666667 0.18796296296296297 0.026041666666666668 0.044444444444444446
0 0.4244791666666667 0.28194444444444444 0.023958333333333335 0.04351851851851852
0 0.4361979166666667 0.4740740740740741 0.024479166666666666 0.044444444444444446
0 0.2765625 0.26296296296296295 0.023958333333333335 0.04259259259259259
0 0.7130208333333333 0.08333333333333333 0.026041666666666668 0.044444444444444446
0 0.66484375 0.7976851851851852 0.0265625 0.049074074074074076
0 0.6934895833333333 0.8537037037037037 0.0265625 0.05
0 0.5666666666666667 0.5 0.025 0.044444444444444446
0 0.6986979166666667 0.6791666666666667 0.0265625 0.04722222222222222
0 0.5567708333333333 0.4263888888888889 0.025 0.04537037037037037
0 0.28203125 0.6907407407407408 0.025520833333333333 0.046296296296296294
0 0.5755208333333334 0.09537037037037037 0.023958333333333335 0.044444444444444446
0 0.19921875 0.18981481481481483 0.024479166666666666 0.044444444444444446
0 0.2838541666666667 0.9171296296296296 0.027083333333333334 0.049074074074074076
0 0.6776041666666667 0.7212962962962963 0.026041666666666668 0.046296296296296294
0 0.37916666666666665 0.4787037037037037 0.023958333333333335 0.044444444444444446
0 0.6671875 0.8467592592592592 0.026041666666666668 0.049074074074074076
0 0.6419270833333334 0.8513888888888889 0.0265625 0.049074074074074076
0 0.278125 0.43287037037037035 0.025 0.04537037037037037
0 0.30546875 0.6990740740740741 0.0234375 0.04259259259259259
0 0.28541666666666665 0.8666666666666667 0.022916666666666665 0.046296296296296294
0 0.4036458333333333 0.4828703703703704 0.023958333333333335 0.04351851851851852
0 0.30130208333333336 0.4361111111111111 0.024479166666666666 0.04259259259259259
0 0.37161458333333336 0.20416666666666666 0.0234375 0.04351851851851852
0 0.4010416666666667 0.2791666666666667 0.023958333333333335 0.04351851851851852
0 0.5700520833333333 0.5643518518518519 0.0234375 0.04351851851851852
0 0.6096354166666667 0.04953703703703704 0.024479166666666666 0.04537037037037037
0 0.20859375 0.22916666666666666 0.0234375 0.04351851851851852
0 0.72109375 0.1388888888888889 0.025520833333333333 0.044444444444444446
0 0.22916666666666666 0.24675925925925926 0.023958333333333335 0.04351851851851852
0 0.6705729166666666 0.5935185185185186 0.0265625 0.046296296296296294
0 0.25364583333333335 0.14351851851851852 0.025 0.046296296296296294
0 0.5015625 0.40185185185185185 0.023958333333333335 0.044444444444444446
0 0.28984375 0.22870370370370371 0.0234375 0.04259259259259259
0 0.6901041666666666 0.05925925925925926 0.025 0.044444444444444446
0 0.6528645833333333 0.033796296296296297 0.024479166666666666 0.04537037037037037
0 0.35833333333333334 0.1712962962962963 0.023958333333333335 0.044444444444444446
0 0.28828125 0.1884259259259259 0.024479166666666666 0.04351851851851852
0 0.5276041666666667 0.4652777777777778 0.023958333333333335 0.04351851851851852
0 0.7005208333333334 0.16666666666666666 0.025 0.044444444444444446
0 0.53203125 0.5064814814814815 0.024479166666666666 0.044444444444444446
0 0.51640625 0.5365740740740741 0.024479166666666666 0.04351851851851852
0 0.5846354166666666 0.5310185185185186 0.024479166666666666 0.04537037037037037
0 0.36041666666666666 0.412962962962963 0.025 0.044444444444444446
0 0.6682291666666667 0.549074074074074 0.023958333333333335 0.044444444444444446
0 0.23671875 0.17037037037037037 0.0234375 0.04259259259259259
0 0.26015625 0.23703703703703705 0.024479166666666666 0.04259259259259259
0 0.39557291666666666 0.20277777777777778 0.0234375 0.04259259259259259
0 0.55234375 0.46805555555555556 0.024479166666666666 0.04537037037037037
0 0.5520833333333334 0.5351851851851852 0.023958333333333335 0.04259259259259259
0 0.62265625 0.08287037037037037 0.0234375 0.04351851851851852
0 0.33567708333333335 0.44074074074074077 0.024479166666666666 0.04259259259259259
0 0.228125 0.2064814814814815 0.023958333333333335 0.04259259259259259
0 0.33645833333333336 0.19027777777777777 0.023958333333333335 0.04351851851851852
0 0.6559895833333333 0.13333333333333333 0.024479166666666666 0.046296296296296294
0 0.48072916666666665 0.49166666666666664 0.023958333333333335 0.04259259259259259
0 0.43020833333333336 0.2388888888888889 0.022916666666666665 0.04259259259259259
0 0.5036458333333333 0.5009259259259259 0.025 0.04259259259259259
0 0.47369791666666666 0.3814814814814815 0.0234375 0.04259259259259259
0 0.3809895833333333 0.43333333333333335 0.024479166666666666 0.044444444444444446
0 0.6450520833333333 0.09814814814814815 0.024479166666666666 0.044444444444444446
0 0.4635416666666667 0.45555555555555555 0.023958333333333335 0.04259259259259259
0 0.6770833333333334 0.10231481481481482 0.025 0.04537037037037037
0 0.2674479166666667 0.17546296296296296 0.0234375 0.04351851851851852
0 0.6627604166666666 0.07037037037037037 0.024479166666666666 0.044444444444444446
0 0.3104166666666667 0.1763888888888889 0.023958333333333335 0.04351851851851852
0 0.40598958333333335 0.4300925925925926 0.0234375 0.04351851851851852
0 0.496875 0.4615740740740741 0.023958333333333335 0.04351851851851852
0 0.25052083333333336 0.20277777777777778 0.022916666666666665 0.040740740740740744
0 0.4828125 0.4287037037037037 0.023958333333333335 0.04259259259259259
0 0.40703125 0.2388888888888889 0.0234375 0.04259259259259259
0 0.6989583333333333 0.12175925925925926 0.023958333333333335 0.04537037037037037
0 0.69609375 0.5967592592592592 0.0265625 0.04722222222222222
0 0.4546875 0.4111111111111111 0.023958333333333335 0.044444444444444446
0 0.6416666666666667 0.5944444444444444 0.026041666666666668 0.04814814814814815
0 0.43072916666666666 0.425 0.022916666666666665 0.04259259259259259
0 0.48802083333333335 0.5412037037037037 0.025 0.04537037037037037
0 0.67890625 0.14537037037037037 0.025520833333333333 0.044444444444444446