0 0.7439739583333334 0.36283333333333334 0.029645833333333333 0.05041666666666667
0 0.628125 0.29768518518518516 0.026041666666666668 0.04722222222222222
0 0.28932291666666665 0.5037037037037037 0.027604166666666666 0.046296296296296294
0 0.5505208333333333 0.4736111111111111 0.026041666666666668 0.04722222222222222
0 0.1859375 0.40925925925925927 0.028125 0.046296296296296294
0 0.20234375 0.2962962962962963 0.0265625 0.046296296296296294
0 0.63203125 0.3712962962962963 0.0265625 0.046296296296296294
0 0.6966145833333334 0.2796296296296296 0.0265625 0.04814814814814815
0 0.17526041666666667 0.47314814814814815 0.027604166666666666 0.046296296296296294
0 0.6158854166666666 0.8467592592592592 0.028645833333333332 0.05277777777777778
0 0.2635416666666667 0.8902777777777777 0.028125 0.049074074074074076
0 0.30859375 0.875462962962963 0.0265625 0.049074074074074076
0 0.6963541666666667 0.48842592592592593 0.027083333333333334 0.04722222222222222
0 0.72578125 0.4125 0.0265625 0.04722222222222222
0 0.7229166666666667 0.6949074074074074 0.027083333333333334 0.04722222222222222
0 0.5700520833333333 0.15324074074074073 0.0234375 0.04537037037037037
0 0.23307291666666666 0.24444444444444444 0.025520833333333333 0.044444444444444446
0 0.5026041666666666 0.5736111111111111 0.025 0.04351851851851852
0 0.6598958333333333 0.7523148148148148 0.027083333333333334 0.049074074074074076
0 0.43515625 0.6175925925925926 0.025520833333333333 0.044444444444444446
0 0.3541666666666667 0.7171296296296297 0.025 0.04537037037037037
0 0.28567708333333336 0.8666666666666667 0.0234375 0.04814814814814815
0 0.6388020833333333 0.8050925925925926 0.025520833333333333 0.049074074074074076
0 0.7169270833333333 0.24861111111111112 0.025520833333333333 0.04537037037037037
0 0.46067708333333335 0.4837962962962963 0.0234375 0.04351851851851852
0 0.3497395833333333 0.20925925925925926 0.0234375 0.04259259259259259
0 0.3458333333333333 0.7773148148148148 0.025 0.04351851851851852
0 0.67109375 0.6763888888888889 0.0265625 0.04722222222222222
0 0.6598958333333333 0.6263888888888889 0.027083333333333334 0.04722222222222222
0 0.5388020833333333 0.5740740740740741 0.024479166666666666 0.040740740740740744
0 0.6861979166666666 0.5537037037037037 0.025520833333333333 0.04259259259259259
0 0.39036458333333335 0.16018518518518518 0.0203125 0.03888888888888889
0 0.43203125 0.42916666666666664 0.0234375 0.04351851851851852
0 0.6915520833333333 0.43539814814814815 0.028786458333333334 0.05041666666666667
0 0.5526041666666667 0.37546296296296294 0.025 0.04537037037037037
0 0.52109375 0.20092592592592592 0.024479166666666666 0.044444444444444446
0 0.43463541666666666 0.6939814814814815 0.025520833333333333 0.04722222222222222
0 0.7408854166666666 0.2324074074074074 0.0265625 0.046296296296296294
0 0.35104166666666664 0.637962962962963 0.026041666666666668 0.046296296296296294
0 0.6325520833333333 0.6069444444444444 0.0265625 0.04722222222222222
0 0.30130208333333336 0.7134259259259259 0.0265625 0.04722222222222222
0 0.6466145833333333 0.5587962962962963 0.0265625 0.04722222222222222
0 0.5380208333333333 0.6180555555555556 0.026041666666666668 0.04537037037037037
0 0.3296875 0.8291666666666667 0.027083333333333334 0.049074074074074076
0 0.5638020833333334 0.6069444444444444 0.025520833333333333 0.04537037037037037
0 0.7114583333333333 0.5662037037037037 0.027083333333333334 0.04722222222222222
0 0.28151041666666665 0.8222222222222222 0.0265625 0.04814814814814815
0 0.6135416666666667 0.7972222222222223 0.027083333333333334 0.05
0 0.7106770833333333 0.20416666666666666 0.025520833333333333 0.04537037037037037
0 0.5635416666666667 0.5615740740740741 0.025 0.04351851851851852
0 0.6838541666666667 0.2212962962962963 0.026041666666666668 0.046296296296296294
0 0.4356770833333333 0.47824074074074074 0.025520833333333333 0.04537037037037037
0 0.6950520833333333 0.6 0.0265625 0.046296296296296294
0 0.28020833333333334 0.37962962962962965 0.025 0.044444444444444446
0 0.4005208333333333 0.7537037037037037 0.026041666666666668 0.046296296296296294
0 0.70625 0.7694444444444445 0.027083333333333334 0.04814814814814815
0 0.6755208333333333 0.18287037037037038 0.026041666666666668 0.04537037037037037
0 0.7033854166666667 0.7231481481481481 0.0265625 0.04814814814814815
0 0.41015625 0.7097222222222223 0.025520833333333333 0.04722222222222222
0 0.6671875 0.5847222222222223 0.025 0.04537037037037037
0 0.46197916666666666 0.5273148148148148 0.025 0.04351851851851852
0 0.36666666666666664 0.7546296296296297 0.025 0.046296296296296294
0 0.5453125 0.5328703703703703 0.025 0.04351851851851852
0 0.5393229166666667 0.33194444444444443 0.024479166666666666 0.04351851851851852
0 0.48671875 0.16203703703703703 0.0234375 0.044444444444444446
0 0.6908854166666667 0.8050925925925926 0.0265625 0.049074074074074076
0 0.5239583333333333 0.14583333333333334 0.023958333333333335 0.04537037037037037
0 0.45807291666666666 0.5856481481481481 0.025520833333333333 0.04537037037037037
0 0.6458333333333334 0.6652777777777777 0.027083333333333334 0.049074074074074076
0 0.49713541666666666 0.5314814814814814 0.024479166666666666 0.04259259259259259
0 0.26276041666666666 0.3541666666666667 0.025520833333333333 0.04351851851851852
0 0.6486979166666667 0.711574074074074 0.027604166666666666 0.049074074074074076
0 0.33203125 0.6967592592592593 0.025520833333333333 0.04537037037037037
0 0.684375 0.6398148148148148 0.026041666666666668 0.04814814814814815
0 0.4158854166666667 0.6449074074074074 0.025520833333333333 0.04537037037037037
0 0.20963541666666666 0.2273148148148148 0.024479166666666666 0.04351851851851852
0 0.37083333333333335 0.6851851851851852 0.025 0.046296296296296294
0 0.3848958333333333 0.7208333333333333 0.025 0.04537037037037037
0 0.6981770833333333 0.6782407407407407 0.0265625 0.04722222222222222
0 0.6643229166666667 0.799074074074074 0.0265625 0.04814814814814815
0 0.47708333333333336 0.5601851851851852 0.025 0.044444444444444446
0 0.55625 0.10277777777777777 0.023958333333333335 0.044444444444444446
0 0.5466145833333333 0.15416666666666667 0.0234375 0.04537037037037037
0 0.2994791666666667 0.3490740740740741 0.023958333333333335 0.044444444444444446
0 0.2625 0.20925925925925926 0.025 0.044444444444444446
0 0.7130208333333333 0.08287037037037037 0.026041666666666668 0.04537037037037037
0 0.4505208333333333 0.17916666666666667 0.023958333333333335 0.04537037037037037
0 0.33255208333333336 0.7439814814814815 0.025520833333333333 0.04537037037037037
0 0.5213541666666667 0.3648148148148148 0.023958333333333335 0.044444444444444446
0 0.19947916666666668 0.18981481481481483 0.025 0.044444444444444446
0 0.6934895833333333 0.8532407407407407 0.0265625 0.049074074074074076
0 0.29192708333333334 0.18101851851851852 0.024479166666666666 0.04351851851851852
0 0.3921875 0.6657407407407407 0.025 0.046296296296296294
0 0.6768229166666667 0.7217592592592592 0.0265625 0.04722222222222222
0 0.6135416666666667 0.07685185185185185 0.025 0.046296296296296294
0 0.6419270833333334 0.8523148148148149 0.0265625 0.049074074074074076
0 0.7205729166666667 0.13842592592592592 0.025520833333333333 0.04537037037037037
0 0.2546875 0.1398148148148148 0.025 0.044444444444444446
0 0.2833333333333333 0.9171296296296296 0.027083333333333334 0.049074074074074076
0 0.6989583333333333 0.1648148148148148 0.025 0.044444444444444446
0 0.23125 0.20462962962962963 0.023958333333333335 0.04259259259259259
0 0.6677083333333333 0.8462962962962963 0.026041666666666668 0.04814814814814815
0 0.38229166666666664 0.12314814814814815 0.025 0.044444444444444446
0 0.43020833333333336 0.20787037037037037 0.023958333333333335 0.04351851851851852
0 0.48333333333333334 0.49907407407407406 0.025 0.04259259259259259
0 0.6604166666666667 0.06759259259259259 0.025 0.046296296296296294
0 0.32760416666666664 0.36666666666666664 0.025 0.044444444444444446
0 0.47734375 0.4351851851851852 0.024479166666666666 0.044444444444444446
0 0.690625 0.05925925925925926 0.025 0.044444444444444446
0 0.39817708333333335 0.4162037037037037 0.024479166666666666 0.04351851851851852
0 0.34296875 0.17175925925925925 0.0234375 0.04351851851851852
0 0.6776041666666667 0.1388888888888889 0.025 0.044444444444444446
0 0.6372395833333333 0.09305555555555556 0.0234375 0.04351851851851852
0 0.24765625 0.17824074074074073 0.0234375 0.04351851851851852
0 0.4265625 0.16342592592592592 0.023958333333333335 0.04351851851851852
0 0.26979166666666665 0.1712962962962963 0.023958333333333335 0.04259259259259259
0 0.32083333333333336 0.2625 0.023958333333333335 0.04351851851851852
0 0.35963541666666665 0.37592592592592594 0.0234375 0.04259259259259259
0 0.6989583333333333 0.11805555555555555 0.025 0.04537037037037037
0 0.3802083333333333 0.19675925925925927 0.023958333333333335 0.04351851851851852
0 0.6768229166666667 0.09583333333333334 0.024479166666666666 0.04351851851851852
0 0.65546875 0.12037037037037036 0.024479166666666666 0.044444444444444446
0 0.36692708333333335 0.16527777777777777 0.0234375 0.04351851851851852
0 0.42526041666666664 0.3509259259259259 0.0234375 0.04259259259259259
0 0.43854166666666666 0.27314814814814814 0.023958333333333335 0.04259259259259259
0 0.40598958333333335 0.1912037037037037 0.0234375 0.04537037037037037
0 0.49453125 0.3574074074074074 0.0234375 0.04259259259259259
0 0.33932291666666664 0.3300925925925926 0.024479166666666666 0.04351851851851852
0 0.3828125 0.3824074074074074 0.023958333333333335 0.04259259259259259
0 0.4752604166666667 0.2884259259259259 0.0234375 0.04351851851851852
0 0.36640625 0.24166666666666667 0.024479166666666666 0.044444444444444446
0 0.4630208333333333 0.3814814814814815 0.023958333333333335 0.044444444444444446
0 0.3411458333333333 0.2884259259259259 0.023958333333333335 0.04351851851851852
0 0.48515625 0.39490740740740743 0.0234375 0.04351851851851852
0 0.4161458333333333 0.3888888888888889 0.022916666666666665 0.04259259259259259
0 0.4546875 0.41944444444444445 0.022916666666666665 0.04259259259259259
0 0.4140625 0.29074074074074074 0.023958333333333335 0.04259259259259259
0 0.4390625 0.38935185185185184 0.022916666666666665 0.04351851851851852
0 0.37734375 0.3421296296296296 0.0234375 0.04351851851851852
0 0.34322916666666664 0.2490740740740741 0.023958333333333335 0.04259259259259259
0 0.49140625 0.31666666666666665 0.0234375 0.04259259259259259
0 0.40208333333333335 0.35833333333333334 0.022916666666666665 0.04259259259259259
0 0.3815104166666667 0.28935185185185186 0.024479166666666666 0.04351851851851852
0 0.44817708333333334 0.35138888888888886 0.0234375 0.041666666666666664
0 0.45651041666666664 0.31296296296296294 0.0234375 0.040740740740740744
0 0.39609375 0.31805555555555554 0.0234375 0.041666666666666664
0 0.47213541666666664 0.3425925925925926 0.022395833333333334 0.040740740740740744
0 0.3609375 0.3143518518518518 0.022916666666666665 0.041666666666666664
0 0.43255208333333334 0.3125 0.0234375 0.041666666666666664