0 0.4890625 0.4324074074074074 0.023958333333333335 0.04259259259259259
0 0.43307291666666664 0.25416666666666665 0.0234375 0.03796296296296296
0 0.35182291666666665 0.33796296296296297 0.025520833333333333 0.040740740740740744
0 0.6046875 0.37777777777777777 0.022916666666666665 0.040740740740740744
0 0.5549479166666667 0.31296296296296294 0.022395833333333334 0.03888888888888889
0 0.42942708333333335 0.36342592592592593 0.0234375 0.03981481481481482
0 0.4578125 0.2962962962962963 0.021875 0.03888888888888889
0 0.5791666666666667 0.36527777777777776 0.022916666666666665 0.03981481481481482
0 0.20859375 0.39444444444444443 0.025520833333333333 0.040740740740740744
0 0.42942708333333335 0.29305555555555557 0.022395833333333334 0.03981481481481482
0 0.5471354166666667 0.2722222222222222 0.022395833333333334 0.03888888888888889
0 0.45260416666666664 0.3384259259259259 0.022916666666666665 0.03981481481481482
0 0.23229166666666667 0.3578703703703704 0.023958333333333335 0.03981481481481482
0 0.5330729166666667 0.24768518518518517 0.022395833333333334 0.03981481481481482
0 0.29713541666666665 0.48518518518518516 0.025520833333333333 0.04259259259259259
0 0.50703125 0.4828703703703704 0.024479166666666666 0.04351851851851852
0 0.5260416666666666 0.46574074074074073 0.022916666666666665 0.04259259259259259
0 0.24635416666666668 0.49953703703703706 0.025 0.03981481481481482
0 0.6671875 0.5574074074074075 0.026041666666666668 0.04259259259259259
0 0.24296875 0.537962962962963 0.025520833333333333 0.040740740740740744
0 0.5953125 0.7180555555555556 0.027083333333333334 0.04722222222222222