0 0.7322916666666667 0.38472222222222224 0.029166666666666667 0.049074074074074076
0 0.7278645833333334 0.5837962962962963 0.0265625 0.04537037037037037
0 0.5669270833333333 0.35509259259259257 0.024479166666666666 0.04351851851851852
0 0.6830729166666667 0.3162037037037037 0.025520833333333333 0.04537037037037037
0 0.7520833333333333 0.5606481481481481 0.027083333333333334 0.04722222222222222
0 0.5330729166666667 0.4027777777777778 0.024479166666666666 0.044444444444444446
0 0.28125 0.5472222222222223 0.026041666666666668 0.044444444444444446
0 0.17630208333333333 0.4787037037037037 0.028645833333333332 0.04814814814814815
0 0.7234375 0.24212962962962964 0.026041666666666668 0.04537037037037037
0 0.7322916666666667 0.5305555555555556 0.027083333333333334 0.046296296296296294
0 0.67109375 0.6157407407407407 0.0265625 0.046296296296296294
0 0.6971354166666667 0.25462962962962965 0.025520833333333333 0.044444444444444446
0 0.39166666666666666 0.6555555555555556 0.025 0.046296296296296294
0 0.37109375 0.8361111111111111 0.0265625 0.04814814814814815
0 0.6658854166666667 0.5666666666666667 0.0265625 0.046296296296296294
0 0.6369791666666667 0.1814814814814815 0.025 0.044444444444444446
0 0.6911458333333333 0.20462962962962963 0.025 0.044444444444444446
0 0.5330729166666667 0.6046296296296296 0.025520833333333333 0.046296296296296294
0 0.225 0.45092592592592595 0.026041666666666668 0.044444444444444446
0 0.4354166666666667 0.6912037037037037 0.026041666666666668 0.04722222222222222
0 0.7083333333333334 0.5125 0.027083333333333334 0.04722222222222222
0 0.1859375 0.4148148148148148 0.026041666666666668 0.044444444444444446
0 0.68984375 0.5837962962962963 0.025520833333333333 0.04537037037037037
0 0.7302083333333333 0.7078703703703704 0.028125 0.04722222222222222
0 0.28463541666666664 0.7856481481481481 0.025520833333333333 0.04722222222222222
0 0.6296875 0.3050925925925926 0.025 0.04537037037037037
0 0.334375 0.7962962962962963 0.026041666666666668 0.046296296296296294
0 0.20182291666666666 0.35648148148148145 0.0265625 0.044444444444444446
0 0.22916666666666666 0.39351851851851855 0.026041666666666668 0.044444444444444446
0 0.32760416666666664 0.8453703703703703 0.026041666666666668 0.046296296296296294
0 0.3190104166666667 0.638425925925926 0.0265625 0.04537037037037037
0 0.41380208333333335 0.31203703703703706 0.024479166666666666 0.044444444444444446
0 0.475 0.30648148148148147 0.023958333333333335 0.044444444444444446
0 0.32369791666666664 0.5810185185185185 0.025520833333333333 0.04537037037037037
0 0.5606770833333333 0.5884259259259259 0.025520833333333333 0.04537037037037037
0 0.65703125 0.6643518518518519 0.0265625 0.04722222222222222
0 0.35494791666666664 0.874537037037037 0.0265625 0.049074074074074076
0 0.6338541666666667 0.8018518518518518 0.027083333333333334 0.04814814814814815
0 0.7213541666666666 0.7754629629629629 0.028125 0.04722222222222222
0 0.5239583333333333 0.23472222222222222 0.023958333333333335 0.04351851851851852
0 0.5114583333333333 0.3648148148148148 0.023958333333333335 0.044444444444444446
0 0.4869791666666667 0.3592592592592593 0.023958333333333335 0.04259259259259259
0 0.3020833333333333 0.8138888888888889 0.025 0.046296296296296294
0 0.3138020833333333 0.3365740740740741 0.025520833333333333 0.04351851851851852
0 0.2799479166666667 0.8291666666666667 0.025520833333333333 0.04722222222222222
0 0.578125 0.5569444444444445 0.025 0.04351851851851852
0 0.6958333333333333 0.1527777777777778 0.025 0.044444444444444446
0 0.4783854166666667 0.1675925925925926 0.024479166666666666 0.044444444444444446
0 0.43854166666666666 0.25787037037037036 0.025 0.04351851851851852
0 0.6109375 0.3351851851851852 0.023958333333333335 0.04259259259259259
0 0.5901041666666667 0.22870370370370371 0.025 0.04259259259259259
0 0.20208333333333334 0.300462962962963 0.025 0.04351851851851852
0 0.378125 0.44537037037037036 0.025 0.044444444444444446
0 0.71171875 0.8194444444444444 0.027604166666666666 0.04814814814814815
0 0.6578125 0.7143518518518519 0.027083333333333334 0.04722222222222222
0 0.40338541666666666 0.37222222222222223 0.024479166666666666 0.044444444444444446
0 0.45026041666666666 0.6097222222222223 0.025520833333333333 0.04537037037037037
0 0.6580729166666667 0.7606481481481482 0.0265625 0.04722222222222222
0 0.2638020833333333 0.8962962962962963 0.0265625 0.04814814814814815
0 0.4276041666666667 0.5962962962962963 0.023958333333333335 0.044444444444444446
0 0.615625 0.8486111111111111 0.027083333333333334 0.049074074074074076
0 0.31276041666666665 0.5421296296296296 0.025520833333333333 0.04537037037037037
0 0.6828125 0.6680555555555555 0.026041666666666668 0.04722222222222222
0 0.7052083333333333 0.6898148148148148 0.026041666666666668 0.046296296296296294
0 0.5877604166666667 0.3199074074074074 0.024479166666666666 0.04351851851851852
0 0.6872395833333333 0.7902777777777777 0.0265625 0.04722222222222222
0 0.2755208333333333 0.33796296296296297 0.025 0.044444444444444446
0 0.5036458333333333 0.5921296296296297 0.025 0.04537037037037037
0 0.4315104166666667 0.17962962962962964 0.024479166666666666 0.044444444444444446
0 0.6604166666666667 0.8078703703703703 0.026041666666666668 0.04722222222222222
0 0.34765625 0.5712962962962963 0.024479166666666666 0.044444444444444446
0 0.5315104166666667 0.18194444444444444 0.0234375 0.04351851851851852
0 0.665625 0.16620370370370371 0.023958333333333335 0.04351851851851852
0 0.4041666666666667 0.5777777777777777 0.023958333333333335 0.044444444444444446
0 0.53984375 0.14166666666666666 0.0234375 0.04259259259259259
0 0.7057291666666666 0.7356481481481482 0.026041666666666668 0.04722222222222222
0 0.30859375 0.8837962962962963 0.025520833333333333 0.04722222222222222
0 0.6481770833333333 0.13055555555555556 0.025520833333333333 0.044444444444444446
0 0.6075520833333333 0.09675925925925925 0.024479166666666666 0.04537037037037037
0 0.559375 0.4962962962962963 0.025 0.044444444444444446
0 0.33567708333333335 0.300462962962963 0.024479166666666666 0.04351851851851852
0 0.28828125 0.49907407407407406 0.024479166666666666 0.04259259259259259
0 0.55546875 0.21157407407407408 0.0234375 0.04351851851851852
0 0.35494791666666664 0.4828703703703704 0.025520833333333333 0.04537037037037037
0 0.6408854166666667 0.8486111111111111 0.0265625 0.049074074074074076
0 0.3567708333333333 0.5291666666666667 0.025 0.04351851851851852
0 0.28541666666666665 0.45231481481481484 0.025 0.04351851851851852
0 0.6768229166666667 0.12685185185185185 0.024479166666666666 0.04259259259259259
0 0.47604166666666664 0.22314814814814815 0.023958333333333335 0.044444444444444446
0 0.6080729166666666 0.287962962962963 0.024479166666666666 0.04259259259259259
0 0.3875 0.5138888888888888 0.025 0.044444444444444446
0 0.6296875 0.06111111111111111 0.025 0.044444444444444446
0 0.6864583333333333 0.08935185185185185 0.025 0.04351851851851852
0 0.26458333333333334 0.48935185185185187 0.025 0.04351851851851852
0 0.5171875 0.13055555555555556 0.023958333333333335 0.044444444444444446
0 0.6940104166666666 0.8523148148148149 0.027604166666666666 0.049074074074074076
0 0.4309895833333333 0.5078703703703704 0.024479166666666666 0.04351851851851852
0 0.5822916666666667 0.2722222222222222 0.023958333333333335 0.04259259259259259
0 0.38567708333333334 0.22870370370370371 0.024479166666666666 0.04259259259259259
0 0.5046875 0.19444444444444445 0.023958333333333335 0.04259259259259259
0 0.6994791666666667 0.05185185185185185 0.025 0.044444444444444446
0 0.33619791666666665 0.45046296296296295 0.024479166666666666 0.04351851851851852
0 0.28619791666666666 0.8726851851851852 0.0234375 0.04537037037037037
0 0.4510416666666667 0.425 0.025 0.044444444444444446
0 0.46822916666666664 0.5773148148148148 0.025 0.04351851851851852
0 0.28515625 0.9194444444444444 0.0265625 0.04814814814814815
0 0.6799479166666667 0.7398148148148148 0.025520833333333333 0.046296296296296294
0 0.46458333333333335 0.4583333333333333 0.025 0.04259259259259259
0 0.42682291666666666 0.5523148148148148 0.024479166666666666 0.04351851851851852
0 0.48463541666666665 0.4300925925925926 0.024479166666666666 0.04351851851851852
0 0.19869791666666667 0.19722222222222222 0.024479166666666666 0.044444444444444446
0 0.46510416666666665 0.5009259259259259 0.025 0.044444444444444446
0 0.4122395833333333 0.2611111111111111 0.0234375 0.04259259259259259
0 0.38984375 0.27361111111111114 0.0234375 0.04351851851851852
0 0.29739583333333336 0.1736111111111111 0.025 0.04537037037037037
0 0.534375 0.48842592592592593 0.023958333333333335 0.04351851851851852
0 0.6317708333333333 0.10231481481481482 0.023958333333333335 0.04351851851851852
0 0.47760416666666666 0.5351851851851852 0.025 0.044444444444444446
0 0.6677083333333333 0.8537037037037037 0.026041666666666668 0.04814814814814815
0 0.25104166666666666 0.15046296296296297 0.025 0.04537037037037037
0 0.6622395833333333 0.0962962962962963 0.024479166666666666 0.04259259259259259
0 0.25546875 0.29907407407407405 0.0234375 0.04259259259259259
0 0.35390625 0.22314814814814815 0.024479166666666666 0.04259259259259259
0 0.3015625 0.29953703703703705 0.023958333333333335 0.041666666666666664
0 0.3109375 0.4634259259259259 0.025 0.04351851851851852
0 0.32005208333333335 0.5009259259259259 0.024479166666666666 0.04259259259259259
0 0.5046875 0.4652777777777778 0.023958333333333335 0.04351851851851852
0 0.6536458333333334 0.0587962962962963 0.023958333333333335 0.04351851851851852
0 0.234375 0.1763888888888889 0.023958333333333335 0.041666666666666664
0 0.28125 0.24537037037037038 0.023958333333333335 0.04259259259259259
0 0.23359375 0.29074074074074074 0.0234375 0.04259259259259259
0 0.49947916666666664 0.5518518518518518 0.023958333333333335 0.040740740740740744
0 0.3528645833333333 0.27175925925925926 0.024479166666666666 0.04351851851851852
0 0.32864583333333336 0.20046296296296295 0.025 0.04351851851851852
0 0.22760416666666666 0.25277777777777777 0.023958333333333335 0.04259259259259259
0 0.20625 0.23796296296296296 0.023958333333333335 0.04259259259259259
0 0.5559895833333334 0.5407407407407407 0.0234375 0.040740740740740744
0 0.2559895833333333 0.24444444444444444 0.0234375 0.04259259259259259
0 0.2833333333333333 0.20601851851851852 0.025 0.04351851851851852
0 0.53203125 0.5319444444444444 0.024479166666666666 0.04351851851851852
0 0.26614583333333336 0.18194444444444444 0.023958333333333335 0.04351851851851852
0 0.31640625 0.23472222222222222 0.024479166666666666 0.041666666666666664
0 0.24817708333333333 0.20787037037037037 0.0234375 0.041666666666666664
0 0.22526041666666666 0.21481481481481482 0.0234375 0.04259259259259259
0 0.5114583333333333 0.5106481481481482 0.022916666666666665 0.041666666666666664
0 0.4890625 0.49583333333333335 0.023958333333333335 0.041666666666666664
0 0.31953125 0.2726851851851852 0.022395833333333334 0.041666666666666664
0 0.5419270833333333 0.5606481481481481 0.024479166666666666 0.032407407407407406
0 0.27890625 0.2949074074074074 0.022395833333333334 0.041666666666666664