0 0.6822916666666666 0.5208333333333334 0.026041666666666668 0.04351851851851852
0 0.7067708333333333 0.41064814814814815 0.027083333333333334 0.04537037037037037
0 0.76015625 0.3023148148148148 0.025520833333333333 0.041666666666666664
0 0.3932291666666667 0.38055555555555554 0.023958333333333335 0.040740740740740744
0 0.7916666666666666 0.5925925925925926 0.028125 0.044444444444444446
0 0.29791666666666666 0.32731481481481484 0.023958333333333335 0.03981481481481482
0 0.5880208333333333 0.1712962962962963 0.021875 0.037037037037037035
0 0.6510416666666666 0.19583333333333333 0.021875 0.03796296296296296
0 0.15 0.6148148148148148 0.027083333333333334 0.04259259259259259
0 0.61875 0.2949074074074074 0.021875 0.03796296296296296
0 0.6203125 0.18194444444444444 0.020833333333333332 0.03796296296296296
0 0.6583333333333333 0.26851851851851855 0.021875 0.03888888888888889
0 0.49635416666666665 0.4736111111111111 0.022916666666666665 0.03981481481481482
0 0.5911458333333334 0.6722222222222223 0.025 0.044444444444444446
0 0.64921875 0.6837962962962963 0.025520833333333333 0.04351851851851852
0 0.6888020833333334 0.6430555555555556 0.025520833333333333 0.04351851851851852
0 0.7135416666666666 0.5615740740740741 0.025 0.04351851851851852
0 0.409375 0.26666666666666666 0.021875 0.03888888888888889
0 0.3888020833333333 0.2263888888888889 0.021354166666666667 0.03796296296296296
0 0.6036458333333333 0.7731481481481481 0.027083333333333334 0.046296296296296294
0 0.6955729166666667 0.5953703703703703 0.024479166666666666 0.04259259259259259
0 0.6911458333333333 0.687962962962963 0.025 0.044444444444444446
0 0.5955729166666667 0.1388888888888889 0.021354166666666667 0.037037037037037035
0 0.52265625 0.5671296296296297 0.0234375 0.041666666666666664
0 0.33619791666666665 0.5254629629629629 0.0234375 0.03981481481481482
0 0.3216145833333333 0.6226851851851852 0.024479166666666666 0.041666666666666664
0 0.7080729166666667 0.7231481481481481 0.025520833333333333 0.044444444444444446
0 0.5401041666666667 0.4597222222222222 0.021875 0.03796296296296296
0 0.728125 0.6125 0.025 0.041666666666666664
0 0.7169270833333333 0.6462962962962963 0.024479166666666666 0.04259259259259259
0 0.47213541666666664 0.29444444444444445 0.021354166666666667 0.037037037037037035
0 0.12005208333333334 0.6861111111111111 0.027604166666666666 0.046296296296296294
0 0.4158854166666667 0.5435185185185185 0.022395833333333334 0.040740740740740744
0 0.71015625 0.8222222222222222 0.027604166666666666 0.04814814814814815
0 0.5799479166666667 0.42592592592592593 0.022395833333333334 0.03888888888888889
0 0.09427083333333333 0.7078703703703704 0.027083333333333334 0.04537037037037037
0 0.42526041666666664 0.49907407407407406 0.022395833333333334 0.03888888888888889
0 0.4700520833333333 0.38564814814814813 0.021354166666666667 0.03796296296296296
0 0.3729166666666667 0.5745370370370371 0.022916666666666665 0.03981481481481482
0 0.42109375 0.4162037037037037 0.022395833333333334 0.03796296296296296
0 0.3953125 0.6666666666666666 0.023958333333333335 0.040740740740740744
0 0.49140625 0.5601851851851852 0.022395833333333334 0.03888888888888889
0 0.5013020833333334 0.2657407407407407 0.0203125 0.03333333333333333
0 0.346875 0.5717592592592593 0.022916666666666665 0.03981481481481482
0 0.27447916666666666 0.763425925925926 0.027083333333333334 0.04537037037037037
0 0.37109375 0.6157407407407407 0.0234375 0.040740740740740744
0 0.4200520833333333 0.45231481481481484 0.022395833333333334 0.03981481481481482
0 0.3958333333333333 0.6291666666666667 0.022916666666666665 0.03981481481481482
0 0.5583333333333333 0.38796296296296295 0.020833333333333332 0.037037037037037035
0 0.4309895833333333 0.6587962962962963 0.022395833333333334 0.03796296296296296
0 0.5427083333333333 0.41574074074074074 0.020833333333333332 0.037037037037037035
0 0.5104166666666666 0.3138888888888889 0.020833333333333332 0.037037037037037035
0 0.5869791666666667 0.38842592592592595 0.021875 0.03796296296296296
0 0.44505208333333335 0.5935185185185186 0.022395833333333334 0.037037037037037035
0 0.45677083333333335 0.6657407407407407 0.023958333333333335 0.03888888888888889
0 0.5734375 0.3625 0.020833333333333332 0.03611111111111111
0 0.4786458333333333 0.35185185185185186 0.021875 0.037037037037037035
0 0.4700520833333333 0.6111111111111112 0.022395833333333334 0.03888888888888889
0 0.5239583333333333 0.3861111111111111 0.020833333333333332 0.037037037037037035
0 0.49296875 0.37824074074074077 0.0203125 0.03796296296296296
0 0.4473958333333333 0.6287037037037037 0.022916666666666665 0.03888888888888889
0 0.49270833333333336 0.29583333333333334 0.019791666666666666 0.03611111111111111
0 0.5002604166666667 0.5930555555555556 0.022395833333333334 0.03796296296296296
0 0.41822916666666665 0.6268518518518519 0.022916666666666665 0.03888888888888889
0 0.5114583333333333 0.3560185185185185 0.020833333333333332 0.03796296296296296