0 0.721875 0.5847222222222223 0.027083333333333334 0.04722222222222222
0 0.7486979166666666 0.5587962962962963 0.027604166666666666 0.04722222222222222
0 0.24348958333333334 0.5013888888888889 0.0265625 0.04537037037037037
0 0.20364583333333333 0.6050925925925926 0.027083333333333334 0.04537037037037037
0 0.2994791666666667 0.6782407407407407 0.025 0.04537037037037037
0 0.23229166666666667 0.4185185185185185 0.026041666666666668 0.044444444444444446
0 0.3385416666666667 0.6041666666666666 0.025 0.04351851851851852
0 0.3953125 0.7921296296296296 0.026041666666666668 0.04722222222222222
0 0.6057291666666667 0.7671296296296296 0.027083333333333334 0.049074074074074076
0 0.63203125 0.10462962962962963 0.024479166666666666 0.044444444444444446
0 0.19921875 0.48564814814814816 0.0265625 0.04537037037037037
0 0.31197916666666664 0.5523148148148148 0.026041666666666668 0.04537037037037037
0 0.72890625 0.5268518518518519 0.0265625 0.046296296296296294
0 0.22291666666666668 0.6638888888888889 0.027083333333333334 0.046296296296296294
0 0.37994791666666666 0.862037037037037 0.0265625 0.05
0 0.60625 0.10601851851851851 0.025 0.04537037037037037
0 0.7028645833333333 0.5120370370370371 0.0265625 0.046296296296296294
0 0.27005208333333336 0.825462962962963 0.0265625 0.04722222222222222
0 0.23802083333333332 0.7643518518518518 0.028125 0.049074074074074076
0 0.6169270833333333 0.5162037037037037 0.0265625 0.04722222222222222
0 0.26458333333333334 0.7185185185185186 0.025 0.046296296296296294
0 0.3796875 0.5814814814814815 0.025 0.044444444444444446
0 0.6861979166666666 0.587037037037037 0.025520833333333333 0.046296296296296294
0 0.4005208333333333 0.6069444444444444 0.026041666666666668 0.04537037037037037
0 0.72734375 0.7083333333333334 0.027604166666666666 0.04814814814814815
0 0.6666666666666666 0.6194444444444445 0.026041666666666668 0.046296296296296294
0 0.2955729166666667 0.8212962962962963 0.025520833333333333 0.046296296296296294
0 0.32864583333333336 0.9074074074074074 0.026041666666666668 0.04814814814814815
0 0.1671875 0.43425925925925923 0.026041666666666668 0.044444444444444446
0 0.66328125 0.5685185185185185 0.025520833333333333 0.046296296296296294
0 0.30494791666666665 0.4875 0.025520833333333333 0.04351851851851852
0 0.6390625 0.5527777777777778 0.026041666666666668 0.046296296296296294
0 0.5653645833333333 0.637962962962963 0.0265625 0.04814814814814815
0 0.3997395833333333 0.4759259259259259 0.024479166666666666 0.044444444444444446
0 0.33359375 0.7796296296296297 0.025520833333333333 0.046296296296296294
0 0.490625 0.44722222222222224 0.023958333333333335 0.044444444444444446
0 0.721875 0.774074074074074 0.028125 0.046296296296296294
0 0.72109375 0.11898148148148148 0.025520833333333333 0.04537037037037037
0 0.6143229166666667 0.3731481481481482 0.024479166666666666 0.044444444444444446
0 0.6565104166666667 0.7125 0.0265625 0.049074074074074076
0 0.509375 0.49675925925925923 0.025 0.04351851851851852
0 0.6598958333333333 0.8009259259259259 0.027083333333333334 0.04814814814814815
0 0.2911458333333333 0.42268518518518516 0.025 0.04351851851851852
0 0.35494791666666664 0.9180555555555555 0.0265625 0.049074074074074076
0 0.35520833333333335 0.7550925925925925 0.025 0.04537037037037037
0 0.7096354166666666 0.0787037037037037 0.024479166666666666 0.04259259259259259
0 0.6536458333333334 0.6652777777777777 0.026041666666666668 0.04722222222222222
0 0.69609375 0.1175925925925926 0.024479166666666666 0.044444444444444446
0 0.6307291666666667 0.8 0.027083333333333334 0.05
0 0.5611979166666666 0.5939814814814814 0.025520833333333333 0.04351851851851852
0 0.35 0.5657407407407408 0.025 0.044444444444444446
0 0.6861979166666666 0.7888888888888889 0.0265625 0.04814814814814815
0 0.28932291666666665 0.7231481481481481 0.0234375 0.044444444444444446
0 0.6768229166666667 0.08703703703703704 0.024479166666666666 0.044444444444444446
0 0.6361979166666667 0.04490740740740741 0.024479166666666666 0.04537037037037037
0 0.321875 0.44583333333333336 0.025 0.04351851851851852
0 0.5260416666666666 0.5287037037037037 0.023958333333333335 0.04259259259259259
0 0.44375 0.225 0.023958333333333335 0.044444444444444446
0 0.28515625 0.8648148148148148 0.025520833333333333 0.046296296296296294
0 0.17890625 0.21388888888888888 0.025520833333333333 0.044444444444444446
0 0.2635416666666667 0.35509259259259257 0.025 0.04351851851851852
0 0.7028645833333333 0.6888888888888889 0.0265625 0.04814814814814815
0 0.3924479166666667 0.2569444444444444 0.024479166666666666 0.04537037037037037
0 0.5877604166666667 0.38055555555555554 0.024479166666666666 0.044444444444444446
0 0.35 0.6731481481481482 0.023958333333333335 0.04259259259259259
0 0.37395833333333334 0.6606481481481481 0.025 0.04537037037037037
0 0.18177083333333333 0.3685185185185185 0.025 0.044444444444444446
0 0.5651041666666666 0.5513888888888889 0.025 0.04351851851851852
0 0.2669270833333333 0.9004629629629629 0.0265625 0.049074074074074076
0 0.34791666666666665 0.23657407407407408 0.023958333333333335 0.04351851851851852
0 0.7052083333333333 0.7351851851851852 0.026041666666666668 0.04814814814814815
0 0.3645833333333333 0.7129629629629629 0.025 0.046296296296296294
0 0.31302083333333336 0.7291666666666666 0.023958333333333335 0.04537037037037037
0 0.70234375 0.03981481481481482 0.024479166666666666 0.04259259259259259
0 0.22057291666666667 0.2791666666666667 0.025520833333333333 0.04351851851851852
0 0.24270833333333333 0.262037037037037 0.025 0.044444444444444446
0 0.43385416666666665 0.49398148148148147 0.025 0.04351851851851852
0 0.6791666666666667 0.6662037037037037 0.025 0.04722222222222222
0 0.35703125 0.18009259259259258 0.024479166666666666 0.04351851851851852
0 0.46822916666666664 0.09953703703703703 0.023958333333333335 0.04351851851851852
0 0.6786458333333333 0.7393518518518518 0.026041666666666668 0.04722222222222222
0 0.3140625 0.21574074074074073 0.023958333333333335 0.044444444444444446
0 0.60234375 0.337037037037037 0.024479166666666666 0.04259259259259259
0 0.21666666666666667 0.32407407407407407 0.023958333333333335 0.04259259259259259
0 0.5447916666666667 0.42592592592592593 0.023958333333333335 0.04259259259259259
0 0.28984375 0.9125 0.024479166666666666 0.04537037037037037
0 0.6927083333333334 0.8472222222222222 0.027083333333333334 0.05
0 0.23567708333333334 0.34953703703703703 0.024479166666666666 0.04351851851851852
0 0.6140625 0.8384259259259259 0.026041666666666668 0.049074074074074076
0 0.2877604166666667 0.20879629629629629 0.0234375 0.04351851851851852
0 0.7106770833333333 0.8143518518518519 0.0265625 0.04537037037037037
0 0.33958333333333335 0.7194444444444444 0.023958333333333335 0.044444444444444446
0 0.36041666666666666 0.4564814814814815 0.023958333333333335 0.04259259259259259
0 0.5872395833333334 0.2986111111111111 0.024479166666666666 0.04537037037037037
0 0.30885416666666665 0.31712962962962965 0.023958333333333335 0.04351851851851852
0 0.4783854166666667 0.21388888888888888 0.024479166666666666 0.044444444444444446
0 0.6559895833333333 0.06712962962962964 0.024479166666666666 0.04351851851851852
0 0.6776041666666667 0.044444444444444446 0.023958333333333335 0.044444444444444446
0 0.33255208333333336 0.3106481481481482 0.0234375 0.04351851851851852
0 0.33880208333333334 0.15555555555555556 0.0234375 0.044444444444444446
0 0.5208333333333334 0.4148148148148148 0.023958333333333335 0.044444444444444446
0 0.49140625 0.38425925925925924 0.024479166666666666 0.044444444444444446
0 0.5234375 0.4638888888888889 0.023958333333333335 0.044444444444444446
0 0.5661458333333333 0.4 0.023958333333333335 0.04259259259259259
0 0.3690104166666667 0.21481481481481482 0.024479166666666666 0.044444444444444446
0 0.45260416666666664 0.3574074074074074 0.023958333333333335 0.04259259259259259
0 0.31744791666666666 0.175 0.0234375 0.04259259259259259
0 0.21041666666666667 0.1486111111111111 0.025 0.04351851851851852
0 0.42578125 0.16898148148148148 0.0234375 0.04351851851851852
0 0.34375 0.36342592592592593 0.023958333333333335 0.04351851851851852
0 0.43802083333333336 0.40324074074074073 0.025 0.04351851851851852
0 0.5763020833333333 0.25 0.024479166666666666 0.046296296296296294
0 0.20520833333333333 0.18935185185185185 0.025 0.04351851851851852
0 0.5557291666666667 0.4625 0.023958333333333335 0.04351851851851852
0 0.24973958333333332 0.1763888888888889 0.024479166666666666 0.04351851851851852
0 0.6395833333333333 0.8462962962962963 0.025 0.04814814814814815
0 0.20703125 0.3648148148148148 0.024479166666666666 0.04259259259259259
0 0.5533854166666666 0.23935185185185184 0.0234375 0.04351851851851852
0 0.51875 0.11666666666666667 0.023958333333333335 0.044444444444444446
0 0.22890625 0.19675925925925927 0.024479166666666666 0.04351851851851852
0 0.6653645833333334 0.8490740740740741 0.025520833333333333 0.04814814814814815
0 0.5075520833333333 0.19027777777777777 0.0234375 0.04351851851851852
0 0.40390625 0.19722222222222222 0.0234375 0.04259259259259259
0 0.5098958333333333 0.28425925925925927 0.023958333333333335 0.044444444444444446
0 0.5296875 0.2412037037037037 0.023958333333333335 0.04537037037037037
0 0.28854166666666664 0.9597222222222223 0.027083333333333334 0.04722222222222222
0 0.35833333333333334 0.39444444444444443 0.023958333333333335 0.04259259259259259
0 0.3815104166666667 0.37453703703703706 0.0234375 0.041666666666666664
0 0.4315104166666667 0.4513888888888889 0.024479166666666666 0.041666666666666664
0 0.5567708333333333 0.5111111111111111 0.023958333333333335 0.04259259259259259
0 0.45286458333333335 0.14212962962962963 0.0234375 0.04351851851851852
0 0.43463541666666666 0.33055555555555555 0.0234375 0.04259259259259259
0 0.39921875 0.3486111111111111 0.024479166666666666 0.04351851851851852
0 0.5216145833333333 0.1574074074074074 0.0234375 0.044444444444444446
0 0.54375 0.38425925925925924 0.023958333333333335 0.04259259259259259
0 0.5208333333333334 0.37175925925925923 0.023958333333333335 0.041666666666666664
0 0.49505208333333334 0.325 0.0234375 0.04259259259259259
0 0.39348958333333334 0.4074074074074074 0.0234375 0.04259259259259259
0 0.38385416666666666 0.44537037037037036 0.022916666666666665 0.04259259259259259
0 0.4158854166666667 0.4217592592592593 0.0234375 0.041666666666666664
0 0.4630208333333333 0.17685185185185184 0.022916666666666665 0.04259259259259259
0 0.47552083333333334 0.35185185185185186 0.023958333333333335 0.04259259259259259
0 0.4625 0.3175925925925926 0.023958333333333335 0.04259259259259259
0 0.48515625 0.17407407407407408 0.021354166666666667 0.040740740740740744
0 0.26510416666666664 0.2050925925925926 0.022916666666666665 0.04351851851851852
0 0.48489583333333336 0.2875 0.022916666666666665 0.041666666666666664
0 0.4765625 0.13842592592592592 0.022916666666666665 0.041666666666666664
0 0.4630208333333333 0.2763888888888889 0.022916666666666665 0.041666666666666664
0 0.49973958333333335 0.1425925925925926 0.021354166666666667 0.040740740740740744