0 0.5528645833333333 0.4027777777777778 0.025520833333333333 0.044444444444444446
0 0.6213541666666667 0.3282407407407407 0.025 0.04537037037037037
0 0.53046875 0.35462962962962963 0.024479166666666666 0.044444444444444446
0 0.5505208333333333 0.5513888888888889 0.025 0.04537037037037037
0 0.7286458333333333 0.38564814814814813 0.028125 0.049074074074074076
0 0.5231770833333333 0.4393518518518518 0.025520833333333333 0.04351851851851852
0 0.7252604166666666 0.5824074074074074 0.0265625 0.046296296296296294
0 0.60234375 0.5439814814814815 0.025520833333333333 0.04537037037037037
0 0.6765625 0.34814814814814815 0.025 0.044444444444444446
0 0.3484375 0.6800925925925926 0.026041666666666668 0.04537037037037037
0 0.6526041666666667 0.37777777777777777 0.025 0.044444444444444446
0 0.56484375 0.5152777777777777 0.025520833333333333 0.04537037037037037
0 0.7505208333333333 0.5587962962962963 0.027083333333333334 0.04722222222222222
0 0.6388020833333333 0.5532407407407407 0.025520833333333333 0.04722222222222222
0 0.5653645833333333 0.5921296296296297 0.025520833333333333 0.04537037037037037
0 0.37994791666666666 0.6689814814814815 0.0265625 0.04722222222222222
0 0.22526041666666666 0.6995370370370371 0.0265625 0.04537037037037037
0 0.18854166666666666 0.5662037037037037 0.026041666666666668 0.04537037037037037
0 0.6052083333333333 0.7666666666666667 0.027083333333333334 0.04814814814814815
0 0.32473958333333336 0.48518518518518516 0.025520833333333333 0.044444444444444446
0 0.68828125 0.586574074074074 0.025520833333333333 0.04722222222222222
0 0.7302083333333333 0.5282407407407408 0.027083333333333334 0.04722222222222222
0 0.5661458333333333 0.6402777777777777 0.026041666666666668 0.04722222222222222
0 0.54765625 0.32175925925925924 0.024479166666666666 0.04537037037037037
0 0.22083333333333333 0.5541666666666667 0.027083333333333334 0.04537037037037037
0 0.7057291666666666 0.5120370370370371 0.027083333333333334 0.04814814814814815
0 0.653125 0.33425925925925926 0.025 0.044444444444444446
0 0.21666666666666667 0.5115740740740741 0.026041666666666668 0.04537037037037037
0 0.325 0.5685185185185185 0.026041666666666668 0.044444444444444446
0 0.728125 0.7087962962962963 0.028125 0.049074074074074076
0 0.353125 0.7282407407407407 0.026041666666666668 0.04722222222222222
0 0.36171875 0.8305555555555556 0.0265625 0.04814814814814815
0 0.6666666666666666 0.6189814814814815 0.027083333333333334 0.04722222222222222
0 0.18828125 0.48518518518518516 0.025520833333333333 0.044444444444444446
0 0.6432291666666666 0.2875 0.026041666666666668 0.04537037037037037
0 0.71640625 0.2449074074074074 0.0265625 0.04722222222222222
0 0.6638020833333333 0.5694444444444444 0.0265625 0.046296296296296294
0 0.5325520833333334 0.274537037037037 0.0234375 0.04351851851851852
0 0.19739583333333333 0.6074074074074074 0.026041666666666668 0.044444444444444446
0 0.23359375 0.7509259259259259 0.027604166666666666 0.04814814814814815
0 0.33307291666666666 0.9083333333333333 0.0265625 0.05
0 0.2916666666666667 0.41759259259259257 0.025 0.044444444444444446
0 0.509375 0.24861111111111112 0.023958333333333335 0.04351851851851852
0 0.65390625 0.6652777777777777 0.0265625 0.04722222222222222
0 0.25703125 0.736574074074074 0.0265625 0.049074074074074076
0 0.2752604166666667 0.8763888888888889 0.027604166666666666 0.049074074074074076
0 0.42682291666666666 0.5319444444444444 0.024479166666666666 0.04537037037037037
0 0.6302083333333334 0.8018518518518518 0.027083333333333334 0.05
0 0.353125 0.5185185185185185 0.025 0.044444444444444446
0 0.3065104166666667 0.3726851851851852 0.024479166666666666 0.04537037037037037
0 0.55625 0.2662037037037037 0.023958333333333335 0.04537037037037037
0 0.7033854166666667 0.6888888888888889 0.0265625 0.04814814814814815
0 0.7208333333333333 0.774537037037037 0.028125 0.04722222222222222
0 0.4088541666666667 0.28194444444444444 0.023958333333333335 0.04351851851851852
0 0.34921875 0.7837962962962963 0.025520833333333333 0.04722222222222222
0 0.3796875 0.5222222222222223 0.023958333333333335 0.04259259259259259
0 0.47708333333333336 0.3699074074074074 0.025 0.04351851851851852
0 0.6643229166666667 0.25972222222222224 0.025520833333333333 0.04537037037037037
0 0.2557291666666667 0.7805555555555556 0.026041666666666668 0.046296296296296294
0 0.3572916666666667 0.2439814814814815 0.023958333333333335 0.04351851851851852
0 0.6598958333333333 0.8046296296296296 0.027083333333333334 0.05
0 0.6559895833333333 0.711574074074074 0.0265625 0.049074074074074076
0 0.19583333333333333 0.44074074074074077 0.026041666666666668 0.044444444444444446
0 0.34375 0.44074074074074077 0.025 0.044444444444444446
0 0.6893229166666667 0.2662037037037037 0.025520833333333333 0.04537037037037037
0 0.70546875 0.7356481481481482 0.0265625 0.049074074074074076
0 0.37161458333333336 0.20972222222222223 0.024479166666666666 0.04351851851851852
0 0.46458333333333335 0.16157407407407406 0.023958333333333335 0.04351851851851852
0 0.21354166666666666 0.36666666666666664 0.026041666666666668 0.044444444444444446
0 0.7234375 0.11203703703703703 0.026041666666666668 0.046296296296296294
0 0.3072916666666667 0.7203703703703703 0.025 0.044444444444444446
0 0.6119791666666666 0.11574074074074074 0.023958333333333335 0.044444444444444446
0 0.35703125 0.9231481481481482 0.0265625 0.05
0 0.2830729166666667 0.34444444444444444 0.024479166666666666 0.044444444444444446
0 0.38567708333333334 0.30324074074074076 0.024479166666666666 0.04351851851851852
0 0.6231770833333333 0.18009259259259258 0.025520833333333333 0.04537037037037037
0 0.4705729166666667 0.20416666666666666 0.0234375 0.04351851851851852
0 0.68671875 0.7888888888888889 0.027604166666666666 0.04814814814814815
0 0.7111979166666667 0.8185185185185185 0.027604166666666666 0.04814814814814815
0 0.17005208333333333 0.4393518518518518 0.024479166666666666 0.04537037037037037
0 0.325 0.7935185185185185 0.025 0.046296296296296294
0 0.3307291666666667 0.7476851851851852 0.025 0.04351851851851852
0 0.18203125 0.3680555555555556 0.025520833333333333 0.04537037037037037
0 0.6799479166666667 0.6671296296296296 0.0265625 0.04722222222222222
0 0.5973958333333333 0.07916666666666666 0.025 0.04537037037037037
0 0.39791666666666664 0.3388888888888889 0.023958333333333335 0.044444444444444446
0 0.37161458333333336 0.43657407407407406 0.024479166666666666 0.04537037037037037
0 0.3854166666666667 0.2601851851851852 0.023958333333333335 0.04259259259259259
0 0.2903645833333333 0.9092592592592592 0.024479166666666666 0.04814814814814815
0 0.47213541666666664 0.4152777777777778 0.024479166666666666 0.04351851851851852
0 0.6791666666666667 0.7398148148148148 0.027083333333333334 0.04814814814814815
0 0.6135416666666667 0.8384259259259259 0.027083333333333334 0.049074074074074076
0 0.4080729166666667 0.4791666666666667 0.0234375 0.04351851851851852
0 0.28072916666666664 0.8324074074074074 0.027083333333333334 0.04814814814814815
0 0.30885416666666665 0.18518518518518517 0.026041666666666668 0.046296296296296294
0 0.4421875 0.3560185185185185 0.022916666666666665 0.04351851851851852
0 0.35911458333333335 0.4726851851851852 0.024479166666666666 0.04351851851851852
0 0.28020833333333334 0.7870370370370371 0.026041666666666668 0.046296296296296294
0 0.44557291666666665 0.4527777777777778 0.024479166666666666 0.044444444444444446
0 0.2859375 0.7439814814814815 0.025 0.04537037037037037
0 0.2609375 0.3337962962962963 0.023958333333333335 0.04351851851851852
0 0.38203125 0.47962962962962963 0.0234375 0.04259259259259259
0 0.42109375 0.33935185185185185 0.024479166666666666 0.04537037037037037
0 0.6510416666666666 0.08333333333333333 0.025 0.044444444444444446
0 0.6927083333333334 0.85 0.027083333333333334 0.05
0 0.6403645833333333 0.8472222222222222 0.0265625 0.04814814814814815
0 0.64375 0.20787037037037037 0.026041666666666668 0.04537037037037037
0 0.30078125 0.8074074074074075 0.024479166666666666 0.046296296296296294
0 0.5125 0.2013888888888889 0.022916666666666665 0.041666666666666664
0 0.6703125 0.2023148148148148 0.025 0.04537037037037037
0 0.40338541666666666 0.5212962962962963 0.0234375 0.04259259259259259
0 0.49166666666666664 0.22083333333333333 0.023958333333333335 0.04351851851851852
0 0.30833333333333335 0.763425925925926 0.025 0.04537037037037037
0 0.43671875 0.4125 0.024479166666666666 0.04351851851851852
0 0.45546875 0.387037037037037 0.024479166666666666 0.04259259259259259
0 0.6765625 0.15925925925925927 0.025 0.044444444444444446
0 0.28671875 0.9560185185185185 0.027604166666666666 0.04722222222222222
0 0.6653645833333334 0.8523148148148149 0.025520833333333333 0.049074074074074076
0 0.40963541666666664 0.4060185185185185 0.024479166666666666 0.04351851851851852
0 0.6981770833333333 0.13472222222222222 0.025520833333333333 0.04537037037037037
0 0.23567708333333334 0.3175925925925926 0.0234375 0.04259259259259259
0 0.6359375 0.24861111111111112 0.025 0.04537037037037037
0 0.6921875 0.22361111111111112 0.025 0.04351851851851852
0 0.2864583333333333 0.19398148148148148 0.023958333333333335 0.04351851851851852
0 0.18932291666666667 0.3175925925925926 0.024479166666666666 0.044444444444444446
0 0.4315104166666667 0.4888888888888889 0.0234375 0.04259259259259259
0 0.2609375 0.29305555555555557 0.023958333333333335 0.041666666666666664
0 0.49375 0.1787037037037037 0.022916666666666665 0.04259259259259259
0 0.42109375 0.4425925925925926 0.024479166666666666 0.04259259259259259
0 0.24322916666666666 0.21435185185185185 0.023958333333333335 0.04351851851851852
0 0.6731770833333334 0.06712962962962964 0.024479166666666666 0.04537037037037037
0 0.64609375 0.16666666666666666 0.025520833333333333 0.046296296296296294
0 0.6973958333333333 0.05 0.025 0.044444444444444446
0 0.23984375 0.2671296296296296 0.024479166666666666 0.04351851851851852
0 0.19921875 0.19953703703703704 0.024479166666666666 0.04351851851851852
0 0.18697916666666667 0.2361111111111111 0.025 0.044444444444444446
0 0.19036458333333334 0.27546296296296297 0.024479166666666666 0.04351851851851852
0 0.6447916666666667 0.04398148148148148 0.025 0.04537037037037037
0 0.21380208333333334 0.2791666666666667 0.024479166666666666 0.04351851851851852
0 0.21276041666666667 0.32037037037037036 0.024479166666666666 0.04259259259259259
0 0.6979166666666666 0.09305555555555556 0.025 0.04537037037037037
0 0.25078125 0.16898148148148148 0.0234375 0.04351851851851852
0 0.22083333333333333 0.2212962962962963 0.022916666666666665 0.04259259259259259
0 0.6770833333333334 0.11527777777777778 0.023958333333333335 0.04351851851851852
0 0.6966145833333334 0.1824074074074074 0.025520833333333333 0.044444444444444446
0 0.22890625 0.18287037037037038 0.0234375 0.04351851851851852
0 0.3958333333333333 0.44583333333333336 0.023958333333333335 0.04351851851851852
0 0.6526041666666667 0.12685185185185185 0.023958333333333335 0.04259259259259259
0 0.26328125 0.2 0.022395833333333334 0.04259259259259259