0 0.72890625 0.3851851851851852 0.028645833333333332 0.04814814814814815
0 0.5177083333333333 0.36527777777777776 0.026041666666666668 0.04722222222222222
0 0.5276041666666667 0.1175925925925926 0.026041666666666668 0.046296296296296294
0 0.6760416666666667 0.3263888888888889 0.025 0.04537037037037037
0 0.7263020833333333 0.5819444444444445 0.027604166666666666 0.04722222222222222
0 0.4278645833333333 0.6962962962962963 0.0265625 0.046296296296296294
0 0.6057291666666667 0.7662037037037037 0.027083333333333334 0.049074074074074076
0 0.4236979166666667 0.3287037037037037 0.024479166666666666 0.044444444444444446
0 0.7317708333333334 0.5277777777777778 0.027083333333333334 0.046296296296296294
0 0.7510416666666667 0.5597222222222222 0.027083333333333334 0.04722222222222222
0 0.6916666666666667 0.2587962962962963 0.025 0.04351851851851852
0 0.7174479166666666 0.2439814814814815 0.0265625 0.04722222222222222
0 0.37942708333333336 0.8402777777777778 0.0265625 0.04722222222222222
0 0.41067708333333336 0.7935185185185185 0.0265625 0.04814814814814815
0 0.6338541666666667 0.2851851851851852 0.025 0.044444444444444446
0 0.4544270833333333 0.6291666666666667 0.025520833333333333 0.04537037037037037
0 0.23020833333333332 0.47314814814814815 0.026041666666666668 0.044444444444444446
0 0.18854166666666666 0.5703703703703704 0.027083333333333334 0.044444444444444446
0 0.3346354166666667 0.9101851851851852 0.025520833333333333 0.04814814814814815
0 0.565625 0.6652777777777777 0.026041666666666668 0.04722222222222222
0 0.6388020833333333 0.19953703703703704 0.024479166666666666 0.04537037037037037
0 0.5260416666666666 0.2513888888888889 0.023958333333333335 0.04351851851851852
0 0.3411458333333333 0.5601851851851852 0.025 0.044444444444444446
0 0.6690104166666667 0.6162037037037037 0.0265625 0.04722222222222222
0 0.57109375 0.26435185185185184 0.024479166666666666 0.04351851851851852
0 0.6028645833333334 0.5430555555555555 0.025520833333333333 0.04537037037037037
0 0.6513020833333333 0.31574074074074077 0.024479166666666666 0.044444444444444446
0 0.21145833333333333 0.5162037037037037 0.026041666666666668 0.04537037037037037
0 0.3924479166666667 0.30972222222222223 0.024479166666666666 0.04351851851851852
0 0.7067708333333333 0.5115740740740741 0.027083333333333334 0.04722222222222222
0 0.228125 0.6615740740740741 0.027083333333333334 0.04722222222222222
0 0.5661458333333333 0.5921296296296297 0.026041666666666668 0.04722222222222222
0 0.6895833333333333 0.5837962962962963 0.025 0.04537037037037037
0 0.5049479166666667 0.20972222222222223 0.024479166666666666 0.04351851851851852
0 0.2755208333333333 0.8768518518518519 0.028125 0.04814814814814815
0 0.5666666666666667 0.1162037037037037 0.023958333333333335 0.04537037037037037
0 0.68828125 0.21064814814814814 0.025520833333333333 0.04537037037037037
0 0.35859375 0.9259259259259259 0.0265625 0.05
0 0.38515625 0.7712962962962963 0.024479166666666666 0.046296296296296294
0 0.35052083333333334 0.7787037037037037 0.026041666666666668 0.04814814814814815
0 0.196875 0.38472222222222224 0.026041666666666668 0.04537037037037037
0 0.19192708333333333 0.49027777777777776 0.025520833333333333 0.04537037037037037
0 0.7291666666666666 0.7074074074074074 0.028125 0.04814814814814815
0 0.40078125 0.7337962962962963 0.025520833333333333 0.04537037037037037
0 0.3645833333333333 0.7342592592592593 0.025 0.046296296296296294
0 0.3671875 0.586574074074074 0.025 0.04351851851851852
0 0.38515625 0.2652777777777778 0.024479166666666666 0.04351851851851852
0 0.253125 0.362962962962963 0.026041666666666668 0.044444444444444446
0 0.63046875 0.8013888888888889 0.0265625 0.049074074074074076
0 0.6565104166666667 0.7111111111111111 0.0265625 0.04814814814814815
0 0.5739583333333333 0.513425925925926 0.025 0.04722222222222222
0 0.6403645833333333 0.55 0.025520833333333333 0.046296296296296294
0 0.2828125 0.8328703703703704 0.027083333333333334 0.04722222222222222
0 0.7213541666666666 0.774074074074074 0.028125 0.046296296296296294
0 0.4075520833333333 0.2101851851851852 0.024479166666666666 0.044444444444444446
0 0.6609375 0.8055555555555556 0.026041666666666668 0.04814814814814815
0 0.45807291666666666 0.26157407407407407 0.024479166666666666 0.04351851851851852
0 0.2911458333333333 0.9092592592592592 0.023958333333333335 0.046296296296296294
0 0.478125 0.4152777777777778 0.025 0.04351851851851852
0 0.6666666666666666 0.17916666666666667 0.023958333333333335 0.04351851851851852
0 0.17578125 0.44027777777777777 0.024479166666666666 0.04537037037037037
0 0.50234375 0.25277777777777777 0.0234375 0.044444444444444446
0 0.2526041666666667 0.687962962962963 0.026041666666666668 0.046296296296296294
0 0.3111979166666667 0.43148148148148147 0.025520833333333333 0.044444444444444446
0 0.42578125 0.25277777777777777 0.024479166666666666 0.044444444444444446
0 0.5440104166666667 0.5018518518518519 0.024479166666666666 0.044444444444444446
0 0.71171875 0.8175925925925925 0.027604166666666666 0.04814814814814815
0 0.30859375 0.18472222222222223 0.025520833333333333 0.04537037037037037
0 0.2 0.44351851851851853 0.026041666666666668 0.044444444444444446
0 0.6872395833333333 0.787962962962963 0.0265625 0.04814814814814815
0 0.32734375 0.7925925925925926 0.024479166666666666 0.046296296296296294
0 0.259375 0.3060185185185185 0.025 0.04351851851851852
0 0.2734375 0.25787037037037036 0.026041666666666668 0.04351851851851852
0 0.2872395833333333 0.9574074074074074 0.027604166666666666 0.04814814814814815
0 0.2421875 0.7351851851851852 0.027083333333333334 0.04814814814814815
0 0.6643229166666667 0.5675925925925925 0.025520833333333333 0.044444444444444446
0 0.7059895833333333 0.7351851851851852 0.0265625 0.04814814814814815
0 0.30078125 0.8027777777777778 0.024479166666666666 0.046296296296296294
0 0.6135416666666667 0.8388888888888889 0.026041666666666668 0.05
0 0.6546875 0.6638888888888889 0.026041666666666668 0.046296296296296294
0 0.43828125 0.40324074074074073 0.024479166666666666 0.04351851851851852
0 0.6934895833333333 0.1597222222222222 0.024479166666666666 0.04351851851851852
0 0.6005208333333333 0.1412037037037037 0.025 0.04537037037037037
0 0.7041666666666667 0.6884259259259259 0.026041666666666668 0.04722222222222222
0 0.21328125 0.33287037037037037 0.024479166666666666 0.04351851851851852
0 0.23776041666666667 0.3277777777777778 0.024479166666666666 0.04259259259259259
0 0.3841145833333333 0.5555555555555556 0.024479166666666666 0.04259259259259259
0 0.6796875 0.7388888888888889 0.026041666666666668 0.046296296296296294
0 0.6934895833333333 0.85 0.0265625 0.05
0 0.3143229166666667 0.7087962962962963 0.024479166666666666 0.04537037037037037
0 0.6411458333333333 0.8467592592592592 0.026041666666666668 0.049074074074074076
0 0.4354166666666667 0.20185185185185187 0.023958333333333335 0.04259259259259259
0 0.23984375 0.26805555555555555 0.024479166666666666 0.04351851851851852
0 0.2877604166666667 0.7453703703703703 0.024479166666666666 0.044444444444444446
0 0.6971354166666667 0.05416666666666667 0.025520833333333333 0.04537037037037037
0 0.259375 0.7638888888888888 0.025 0.044444444444444446
0 0.2911458333333333 0.7018518518518518 0.023958333333333335 0.044444444444444446
0 0.32109375 0.750462962962963 0.024479166666666666 0.04537037037037037
0 0.2674479166666667 0.7212962962962963 0.025520833333333333 0.044444444444444446
0 0.6817708333333333 0.6657407407407407 0.025 0.046296296296296294
0 0.28619791666666666 0.19490740740740742 0.0234375 0.04351851851851852
0 0.6252604166666667 0.15046296296296297 0.0234375 0.04351851851851852
0 0.5075520833333333 0.5467592592592593 0.0234375 0.04351851851851852
0 0.58984375 0.10416666666666667 0.024479166666666666 0.04351851851851852
0 0.5979166666666667 0.06481481481481481 0.023958333333333335 0.04259259259259259
0 0.36328125 0.4986111111111111 0.0234375 0.041666666666666664
0 0.6296875 0.06527777777777778 0.025 0.04351851851851852
0 0.5317708333333333 0.5439814814814815 0.023958333333333335 0.04351851851851852
0 0.33151041666666664 0.4537037037037037 0.024479166666666666 0.04259259259259259
0 0.4609375 0.5837962962962963 0.023958333333333335 0.04351851851851852
0 0.28098958333333335 0.788425925925926 0.025520833333333333 0.04537037037037037
0 0.41848958333333336 0.5472222222222223 0.0234375 0.04259259259259259
0 0.19921875 0.2 0.024479166666666666 0.04259259259259259
0 0.4856770833333333 0.5824074074074074 0.0234375 0.04259259259259259
0 0.6565104166666667 0.06111111111111111 0.024479166666666666 0.044444444444444446
0 0.25078125 0.1699074074074074 0.0234375 0.04351851851851852
0 0.19140625 0.31851851851851853 0.025520833333333333 0.044444444444444446
0 0.19088541666666667 0.27685185185185185 0.024479166666666666 0.04259259259259259
0 0.6502604166666667 0.14166666666666666 0.024479166666666666 0.04259259259259259
0 0.66640625 0.8527777777777777 0.025520833333333333 0.04814814814814815
0 0.55703125 0.5439814814814815 0.0234375 0.04351851851851852
0 0.18697916666666667 0.23703703703703705 0.025 0.044444444444444446
0 0.6765625 0.13240740740740742 0.025 0.04259259259259259
0 0.24270833333333333 0.2152777777777778 0.023958333333333335 0.04351851851851852
0 0.45807291666666666 0.2199074074074074 0.0234375 0.03981481481481482
0 0.6861979166666666 0.09583333333333334 0.024479166666666666 0.04351851851851852
0 0.21276041666666667 0.287962962962963 0.024479166666666666 0.04259259259259259
0 0.33958333333333335 0.4930555555555556 0.023958333333333335 0.04351851851851852
0 0.46536458333333336 0.449537037037037 0.024479166666666666 0.041666666666666664
0 0.39453125 0.513425925925926 0.024479166666666666 0.04351851851851852
0 0.22916666666666666 0.1837962962962963 0.022916666666666665 0.04351851851851852
0 0.37161458333333336 0.44305555555555554 0.024479166666666666 0.04351851851851852
0 0.22057291666666667 0.2222222222222222 0.0234375 0.04259259259259259
0 0.3890625 0.47314814814814815 0.023958333333333335 0.04259259259259259
0 0.39479166666666665 0.42685185185185187 0.023958333333333335 0.04259259259259259
0 0.4440104166666667 0.5564814814814815 0.0234375 0.04259259259259259
0 0.47265625 0.5462962962962963 0.0234375 0.04259259259259259
0 0.45598958333333334 0.5203703703703704 0.0234375 0.04259259259259259
0 0.6369791666666667 0.10694444444444444 0.023958333333333335 0.04351851851851852
0 0.6625 0.1 0.023958333333333335 0.04259259259259259
0 0.6140625 0.09861111111111111 0.023958333333333335 0.04351851851851852
0 0.4122395833333333 0.4861111111111111 0.0234375 0.04259259259259259
0 0.49140625 0.5162037037037037 0.024479166666666666 0.04351851851851852
0 0.4322916666666667 0.5078703703703704 0.023958333333333335 0.04351851851851852
0 0.4401041666666667 0.44583333333333336 0.023958333333333335 0.041666666666666664
0 0.4161458333333333 0.44583333333333336 0.022916666666666665 0.041666666666666664
0 0.33932291666666664 0.7212962962962963 0.024479166666666666 0.044444444444444446
0 0.26328125 0.2 0.022395833333333334 0.04259259259259259
0 0.4734375 0.49027777777777776 0.022916666666666665 0.041666666666666664