0 0.73203125 0.38472222222222224 0.0296875 0.05092592592592592
0 0.5671875 0.35509259259259257 0.026041666666666668 0.04537037037037037
0 0.6971354166666667 0.25462962962962965 0.0265625 0.046296296296296294
0 0.7283854166666667 0.5837962962962963 0.027604166666666666 0.04722222222222222
0 0.7528645833333333 0.5611111111111111 0.028645833333333332 0.05
0 0.67109375 0.6162037037037037 0.027604166666666666 0.049074074074074076
0 0.7234375 0.24212962962962964 0.027083333333333334 0.04722222222222222
0 0.6822916666666666 0.3162037037037037 0.026041666666666668 0.04722222222222222
0 0.7322916666666667 0.5300925925925926 0.027083333333333334 0.04722222222222222
0 0.5348958333333333 0.6023148148148149 0.026041666666666668 0.04722222222222222
0 0.7080729166666667 0.5125 0.027604166666666666 0.049074074074074076
0 0.6911458333333333 0.2050925925925926 0.027083333333333334 0.04537037037037037
0 0.6369791666666667 0.18101851851851852 0.026041666666666668 0.04722222222222222
0 0.7307291666666667 0.7078703703703704 0.028125 0.049074074074074076
0 0.6658854166666667 0.5666666666666667 0.027604166666666666 0.04814814814814815
0 0.6895833333333333 0.5837962962962963 0.026041666666666668 0.04722222222222222
0 0.5236979166666667 0.23472222222222222 0.025520833333333333 0.04537037037037037
0 0.37135416666666665 0.837037037037037 0.027083333333333334 0.05
0 0.28125 0.5472222222222223 0.026041666666666668 0.046296296296296294
0 0.3341145833333333 0.7958333333333333 0.0265625 0.04722222222222222
0 0.5119791666666667 0.3648148148148148 0.023958333333333335 0.046296296296296294
0 0.32421875 0.5810185185185185 0.025520833333333333 0.04722222222222222
0 0.4869791666666667 0.3592592592592593 0.025 0.044444444444444446
0 0.39166666666666666 0.6555555555555556 0.026041666666666668 0.04814814814814815
0 0.6299479166666667 0.3055555555555556 0.025520833333333333 0.046296296296296294
0 0.28515625 0.7847222222222222 0.0265625 0.04722222222222222
0 0.6111979166666667 0.3351851851851852 0.025520833333333333 0.044444444444444446
0 0.32760416666666664 0.8449074074074074 0.026041666666666668 0.04722222222222222
0 0.65703125 0.6643518518518519 0.0265625 0.049074074074074076
0 0.2799479166666667 0.8300925925925926 0.025520833333333333 0.04722222222222222
0 0.35494791666666664 0.875 0.0265625 0.05
0 0.634375 0.8013888888888889 0.027083333333333334 0.049074074074074076
0 0.475 0.30648148148148147 0.025 0.046296296296296294
0 0.41380208333333335 0.31203703703703706 0.025520833333333333 0.046296296296296294
0 0.17604166666666668 0.4787037037037037 0.027083333333333334 0.046296296296296294
0 0.5877604166666667 0.32083333333333336 0.025520833333333333 0.04537037037037037
0 0.5645833333333333 0.5675925925925925 0.026041666666666668 0.046296296296296294
0 0.6661458333333333 0.16666666666666666 0.025 0.044444444444444446
0 0.31953125 0.6393518518518518 0.0265625 0.04722222222222222
0 0.5325520833333334 0.4027777777777778 0.025520833333333333 0.046296296296296294
0 0.22552083333333334 0.4513888888888889 0.026041666666666668 0.04722222222222222
0 0.45026041666666666 0.6097222222222223 0.025520833333333333 0.04722222222222222
0 0.6583333333333333 0.7138888888888889 0.027083333333333334 0.04814814814814815
0 0.6578125 0.7615740740740741 0.027083333333333334 0.049074074074074076
0 0.43463541666666666 0.6907407407407408 0.0265625 0.04814814814814815
0 0.7059895833333333 0.6898148148148148 0.0265625 0.04814814814814815
0 0.6958333333333333 0.15231481481481482 0.026041666666666668 0.04537037037037037
0 0.5901041666666667 0.22870370370370371 0.026041666666666668 0.044444444444444446
0 0.18567708333333333 0.41388888888888886 0.0265625 0.046296296296296294
0 0.71171875 0.8203703703703704 0.027604166666666666 0.04814814814814815
0 0.43854166666666666 0.2587962962962963 0.025 0.04537037037037037
0 0.5036458333333333 0.5935185185185186 0.026041666666666668 0.046296296296296294
0 0.26458333333333334 0.8962962962962963 0.027083333333333334 0.05
0 0.721875 0.7754629629629629 0.028125 0.04722222222222222
0 0.4786458333333333 0.1675925925925926 0.025 0.046296296296296294
0 0.6828125 0.6689814814814815 0.027083333333333334 0.049074074074074076
0 0.66015625 0.8078703703703703 0.0265625 0.04722222222222222
0 0.378125 0.44537037037037036 0.026041666666666668 0.046296296296296294
0 0.5557291666666667 0.21157407407407408 0.025 0.04722222222222222
0 0.7065104166666667 0.7361111111111112 0.0265625 0.04814814814814815
0 0.22916666666666666 0.39305555555555555 0.026041666666666668 0.04537037037037037
0 0.3020833333333333 0.8138888888888889 0.025 0.046296296296296294
0 0.6872395833333333 0.7898148148148149 0.027604166666666666 0.04814814814814815
0 0.53984375 0.14074074074074075 0.024479166666666666 0.044444444444444446
0 0.6153645833333333 0.8495370370370371 0.027604166666666666 0.05092592592592592
0 0.5315104166666667 0.18194444444444444 0.024479166666666666 0.04351851851851852
0 0.4044270833333333 0.5777777777777777 0.024479166666666666 0.044444444444444446
0 0.64765625 0.13055555555555556 0.025520833333333333 0.044444444444444446
0 0.5489583333333333 0.5328703703703703 0.025 0.04351851851851852
0 0.6072916666666667 0.09675925925925925 0.026041666666666668 0.04537037037037037
0 0.30911458333333336 0.8833333333333333 0.025520833333333333 0.04814814814814815
0 0.40338541666666666 0.37222222222222223 0.025520833333333333 0.046296296296296294
0 0.20182291666666666 0.35648148148148145 0.0265625 0.046296296296296294
0 0.3140625 0.3375 0.026041666666666668 0.04537037037037037
0 0.4278645833333333 0.5962962962962963 0.024479166666666666 0.044444444444444446
0 0.47604166666666664 0.22361111111111112 0.025 0.04722222222222222
0 0.4315104166666667 0.17962962962962964 0.025520833333333333 0.046296296296296294
0 0.31276041666666665 0.5425925925925926 0.025520833333333333 0.046296296296296294
0 0.5049479166666667 0.19398148148148148 0.024479166666666666 0.04537037037037037
0 0.6080729166666666 0.287962962962963 0.025520833333333333 0.044444444444444446
0 0.69453125 0.8527777777777777 0.027604166666666666 0.05
0 0.67734375 0.12638888888888888 0.025520833333333333 0.04351851851851852
0 0.35494791666666664 0.4828703703703704 0.025520833333333333 0.04537037037037037
0 0.46796875 0.5782407407407407 0.025520833333333333 0.04537037037037037
0 0.48515625 0.4300925925925926 0.025520833333333333 0.04537037037037037
0 0.5174479166666667 0.1300925925925926 0.025520833333333333 0.04537037037037037
0 0.45078125 0.42453703703703705 0.025520833333333333 0.04537037037037037
0 0.6682291666666667 0.8537037037037037 0.027083333333333334 0.05
0 0.6994791666666667 0.05138888888888889 0.026041666666666668 0.04722222222222222
0 0.2643229166666667 0.48935185185185187 0.025520833333333333 0.04537037037037037
0 0.6411458333333333 0.8490740740740741 0.027083333333333334 0.05
0 0.5828125 0.2722222222222222 0.025 0.044444444444444446
0 0.6861979166666666 0.08842592592592592 0.025520833333333333 0.04351851851851852
0 0.27578125 0.3384259259259259 0.025520833333333333 0.04537037037037037
0 0.34791666666666665 0.5712962962962963 0.025 0.044444444444444446
0 0.28541666666666665 0.9203703703703704 0.027083333333333334 0.04814814814814815
0 0.47734375 0.5356481481481481 0.025520833333333333 0.04537037037037037
0 0.6794270833333333 0.7402777777777778 0.025520833333333333 0.04722222222222222
0 0.46458333333333335 0.500462962962963 0.026041666666666668 0.04537037037037037
0 0.28671875 0.8726851851851852 0.0234375 0.04722222222222222
0 0.6625 0.09583333333333334 0.025 0.04351851851851852
0 0.6294270833333333 0.060648148148148145 0.025520833333333333 0.04537037037037037
0 0.3572916666666667 0.5296296296296297 0.026041666666666668 0.044444444444444446
0 0.4309895833333333 0.5074074074074074 0.025520833333333333 0.044444444444444446
0 0.38828125 0.5138888888888888 0.025520833333333333 0.046296296296296294
0 0.46380208333333334 0.4583333333333333 0.025520833333333333 0.046296296296296294
0 0.20234375 0.300462962962963 0.025520833333333333 0.04537037037037037
0 0.28515625 0.45185185185185184 0.025520833333333333 0.044444444444444446
0 0.33645833333333336 0.449537037037037 0.025 0.04351851851851852
0 0.5416666666666666 0.4601851851851852 0.025 0.044444444444444446
0 0.4125 0.2601851851851852 0.023958333333333335 0.044444444444444446
0 0.5598958333333334 0.4925925925925926 0.025 0.044444444444444446
0 0.5739583333333333 0.525 0.025 0.044444444444444446
0 0.49973958333333335 0.5513888888888889 0.024479166666666666 0.04351851851851852
0 0.38984375 0.274537037037037 0.024479166666666666 0.04351851851851852
0 0.6536458333333334 0.058333333333333334 0.023958333333333335 0.044444444444444446
0 0.38515625 0.22824074074074074 0.024479166666666666 0.04351851851851852
0 0.5075520833333333 0.44722222222222224 0.024479166666666666 0.044444444444444446
0 0.5651041666666666 0.44814814814814813 0.025 0.044444444444444446
0 0.63203125 0.10138888888888889 0.025520833333333333 0.04537037037037037
0 0.3111979166666667 0.4625 0.024479166666666666 0.04351851851851852
0 0.28828125 0.49907407407407406 0.024479166666666666 0.044444444444444446
0 0.5096354166666667 0.5125 0.024479166666666666 0.04351851851851852
0 0.42682291666666666 0.5527777777777778 0.024479166666666666 0.04259259259259259
0 0.3359375 0.30092592592592593 0.025 0.044444444444444446
0 0.19895833333333332 0.19722222222222222 0.025 0.046296296296296294
0 0.29713541666666665 0.17314814814814813 0.025520833333333333 0.046296296296296294
0 0.32057291666666665 0.5013888888888889 0.025520833333333333 0.04351851851851852
0 0.2526041666666667 0.14953703703703702 0.025 0.04537037037037037
0 0.5325520833333334 0.5013888888888889 0.024479166666666666 0.04351851851851852
0 0.3536458333333333 0.22268518518518518 0.025 0.04351851851851852
0 0.353125 0.2712962962962963 0.025 0.044444444444444446
0 0.2557291666666667 0.29953703703703705 0.023958333333333335 0.04537037037037037
0 0.30104166666666665 0.29953703703703705 0.023958333333333335 0.04351851851851852
0 0.32838541666666665 0.20046296296296295 0.025520833333333333 0.04537037037037037
0 0.234375 0.17592592592592593 0.025 0.044444444444444446
0 0.2833333333333333 0.2064814814814815 0.025 0.044444444444444446
0 0.28125 0.24583333333333332 0.025 0.04351851851851852
0 0.31614583333333335 0.2337962962962963 0.025 0.04351851851851852
0 0.23359375 0.29074074074074074 0.024479166666666666 0.044444444444444446
0 0.25625 0.24583333333333332 0.023958333333333335 0.04351851851851852
0 0.20651041666666667 0.23796296296296296 0.024479166666666666 0.044444444444444446
0 0.22734375 0.2523148148148148 0.024479166666666666 0.04351851851851852
0 0.22526041666666666 0.21388888888888888 0.0234375 0.04259259259259259
0 0.26588541666666665 0.1824074074074074 0.024479166666666666 0.044444444444444446
0 0.24817708333333333 0.2064814814814815 0.0234375 0.04259259259259259
0 0.48828125 0.4962962962962963 0.025520833333333333 0.044444444444444446
0 0.2791666666666667 0.29444444444444445 0.022916666666666665 0.04259259259259259
0 0.31979166666666664 0.2740740740740741 0.023958333333333335 0.04259259259259259