0 0.6981770833333333 0.38796296296296295 0.028645833333333332 0.04814814814814815
0 0.7682291666666666 0.449537037037037 0.027083333333333334 0.04537037037037037
0 0.7234375 0.45 0.027083333333333334 0.044444444444444446
0 0.8033854166666666 0.18425925925925926 0.027604166666666666 0.046296296296296294
0 0.7588541666666667 0.20185185185185187 0.027083333333333334 0.046296296296296294
0 0.6755208333333333 0.6847222222222222 0.026041666666666668 0.04722222222222222
0 0.7940104166666667 0.42314814814814816 0.027604166666666666 0.046296296296296294
0 0.70234375 0.6888888888888889 0.027604166666666666 0.04814814814814815
0 0.6885416666666667 0.1050925925925926 0.026041666666666668 0.04537037037037037
0 0.80625 0.2351851851851852 0.028125 0.046296296296296294
0 0.7979166666666667 0.37916666666666665 0.028125 0.04537037037037037
0 0.56875 0.7754629629629629 0.029166666666666667 0.05092592592592592
0 0.6526041666666667 0.12962962962962962 0.025 0.044444444444444446
0 0.68046875 0.4625 0.0265625 0.04722222222222222
0 0.19244791666666666 0.6388888888888888 0.0265625 0.046296296296296294
0 0.46510416666666665 0.5712962962962963 0.025 0.044444444444444446
0 0.5244791666666667 0.6157407407407407 0.026041666666666668 0.046296296296296294
0 0.7481770833333333 0.03611111111111111 0.028645833333333332 0.046296296296296294
0 0.21692708333333333 0.65 0.0265625 0.046296296296296294
0 0.17916666666666667 0.44814814814814813 0.026041666666666668 0.04259259259259259
0 0.23697916666666666 0.5731481481481482 0.026041666666666668 0.044444444444444446
0 0.7229166666666667 0.575 0.027083333333333334 0.046296296296296294
0 0.7515625 0.5888888888888889 0.028125 0.04814814814814815
0 0.19375 0.49675925925925923 0.026041666666666668 0.04537037037037037
0 0.6486979166666667 0.8361111111111111 0.0265625 0.05
0 0.17213541666666668 0.4050925925925926 0.025520833333333333 0.04351851851851852
0 0.42161458333333335 0.575462962962963 0.025520833333333333 0.04537037037037037
0 0.21067708333333332 0.35324074074074074 0.025520833333333333 0.04351851851851852
0 0.6442708333333333 0.611574074074074 0.027083333333333334 0.04722222222222222
0 0.6403645833333333 0.09351851851851851 0.025520833333333333 0.046296296296296294
0 0.55234375 0.6199074074074075 0.025520833333333333 0.04537037037037037
0 0.365625 0.7527777777777778 0.026041666666666668 0.046296296296296294
0 0.7286458333333333 0.5064814814814815 0.027083333333333334 0.046296296296296294
0 0.7442708333333333 0.5430555555555555 0.027083333333333334 0.04537037037037037
0 0.62421875 0.3125 0.025520833333333333 0.04537037037037037
0 0.2942708333333333 0.5791666666666667 0.026041666666666668 0.04537037037037037
0 0.6169270833333333 0.8393518518518519 0.027604166666666666 0.049074074074074076
0 0.18802083333333333 0.1925925925925926 0.025 0.044444444444444446
0 0.6044270833333333 0.33935185185185185 0.025520833333333333 0.04351851851851852
0 0.39505208333333336 0.7550925925925925 0.0265625 0.04722222222222222
0 0.6809895833333334 0.586574074074074 0.0265625 0.04537037037037037
0 0.6119791666666666 0.4050925925925926 0.025 0.04537037037037037
0 0.42942708333333335 0.43333333333333335 0.025520833333333333 0.044444444444444446
0 0.25052083333333336 0.3375 0.026041666666666668 0.04537037037037037
0 0.43203125 0.725 0.025520833333333333 0.046296296296296294
0 0.31197916666666664 0.6481481481481481 0.026041666666666668 0.044444444444444446
0 0.690625 0.5013888888888889 0.026041666666666668 0.04537037037037037
0 0.6653645833333334 0.08472222222222223 0.024479166666666666 0.04351851851851852
0 0.5169270833333334 0.48148148148148145 0.025520833333333333 0.044444444444444446
0 0.5552083333333333 0.2967592592592593 0.025 0.04351851851851852
0 0.6122395833333333 0.49722222222222223 0.0265625 0.046296296296296294
0 0.5606770833333333 0.4689814814814815 0.025520833333333333 0.04537037037037037
0 0.3416666666666667 0.6481481481481481 0.025 0.044444444444444446
0 0.36328125 0.449537037037037 0.024479166666666666 0.04351851851851852
0 0.42916666666666664 0.6800925925925926 0.026041666666666668 0.04722222222222222
0 0.36223958333333334 0.7046296296296296 0.025520833333333333 0.044444444444444446
0 0.3888020833333333 0.5777777777777777 0.025520833333333333 0.044444444444444446
0 0.53203125 0.18564814814814815 0.024479166666666666 0.04537037037037037
0 0.1875 0.3458333333333333 0.025 0.04351851851851852
0 0.3572916666666667 0.7967592592592593 0.027083333333333334 0.04722222222222222
0 0.5997395833333333 0.5958333333333333 0.025520833333333333 0.04537037037037037
0 0.28828125 0.38287037037037036 0.025520833333333333 0.04351851851851852
0 0.49765625 0.45925925925925926 0.025520833333333333 0.044444444444444446
0 0.59296875 0.3787037037037037 0.024479166666666666 0.04259259259259259
0 0.2140625 0.2675925925925926 0.026041666666666668 0.044444444444444446
0 0.28463541666666664 0.3347222222222222 0.025520833333333333 0.04351851851851852
0 0.39114583333333336 0.6347222222222222 0.025 0.04537037037037037
0 0.5598958333333334 0.3398148148148148 0.025 0.044444444444444446
0 0.5588541666666667 0.5782407407407407 0.026041666666666668 0.04537037037037037
0 0.59453125 0.5523148148148148 0.025520833333333333 0.04537037037037037
0 0.29375 0.6240740740740741 0.025 0.044444444444444446
0 0.21171875 0.3101851851851852 0.025520833333333333 0.04259259259259259
0 0.5765625 0.6097222222222223 0.025 0.04537037037037037
0 0.23776041666666667 0.18287037037037038 0.0234375 0.04351851851851852
0 0.48411458333333335 0.5453703703703704 0.024479166666666666 0.044444444444444446
0 0.3731770833333333 0.663425925925926 0.024479166666666666 0.04351851851851852
0 0.215625 0.17777777777777778 0.022916666666666665 0.044444444444444446
0 0.70859375 0.5333333333333333 0.025520833333333333 0.044444444444444446
0 0.3984375 0.4449074074074074 0.025 0.04351851851851852
0 0.3380208333333333 0.43796296296296294 0.025 0.044444444444444446
0 0.4205729166666667 0.3824074074074074 0.024479166666666666 0.04259259259259259
0 0.47552083333333334 0.3435185185185185 0.025 0.044444444444444446
0 0.221875 0.13842592592592592 0.025 0.04351851851851852
0 0.51484375 0.5300925925925926 0.024479166666666666 0.04537037037037037
0 0.33880208333333334 0.5768518518518518 0.024479166666666666 0.044444444444444446
0 0.48046875 0.20694444444444443 0.024479166666666666 0.04351851851851852
0 0.40911458333333334 0.7097222222222223 0.024479166666666666 0.04537037037037037
0 0.42630208333333336 0.2013888888888889 0.024479166666666666 0.04351851851851852
0 0.4947916666666667 0.4162037037037037 0.025 0.04351851851851852
0 0.2950520833333333 0.18055555555555555 0.024479166666666666 0.044444444444444446
0 0.27447916666666666 0.19537037037037036 0.023958333333333335 0.04259259259259259
0 0.6591145833333333 0.524537037037037 0.025520833333333333 0.04537037037037037
0 0.6330729166666667 0.5305555555555556 0.025520833333333333 0.046296296296296294
0 0.44140625 0.30648148148148147 0.025520833333333333 0.044444444444444446
0 0.3190104166666667 0.6013888888888889 0.024479166666666666 0.041666666666666664
0 0.3494791666666667 0.38796296296296295 0.025 0.044444444444444446
0 0.6497395833333334 0.5675925925925925 0.025520833333333333 0.044444444444444446
0 0.5182291666666666 0.25601851851851853 0.025 0.04537037037037037
0 0.40677083333333336 0.6662037037037037 0.025 0.04537037037037037
0 0.2596354166666667 0.1675925925925926 0.024479166666666666 0.044444444444444446
0 0.5135416666666667 0.32916666666666666 0.025 0.04351851851851852
0 0.6817708333333333 0.5421296296296296 0.025 0.04351851851851852
0 0.3625 0.5703703703703704 0.025 0.044444444444444446
0 0.5033854166666667 0.2875 0.024479166666666666 0.04351851851851852
0 0.38619791666666664 0.7023148148148148 0.024479166666666666 0.04537037037037037
0 0.6247395833333333 0.5731481481481482 0.024479166666666666 0.04259259259259259
0 0.5638020833333334 0.3814814814814815 0.024479166666666666 0.04259259259259259
0 0.5421875 0.14722222222222223 0.023958333333333335 0.044444444444444446
0 0.35833333333333334 0.6152777777777778 0.025 0.04351851851851852
0 0.3184895833333333 0.4097222222222222 0.024479166666666666 0.04351851851851852
0 0.5611979166666666 0.42083333333333334 0.024479166666666666 0.04351851851851852
0 0.53984375 0.4009259259259259 0.024479166666666666 0.04259259259259259
0 0.5669270833333333 0.5370370370370371 0.024479166666666666 0.044444444444444446
0 0.3880208333333333 0.40555555555555556 0.023958333333333335 0.04259259259259259
0 0.3184895833333333 0.36018518518518516 0.024479166666666666 0.044444444444444446
0 0.52421875 0.1125 0.024479166666666666 0.04351851851851852
0 0.3734375 0.37592592592592594 0.023958333333333335 0.04259259259259259
0 0.5294270833333333 0.4444444444444444 0.024479166666666666 0.044444444444444446
0 0.52109375 0.37453703703703706 0.024479166666666666 0.04351851851851852
0 0.4596354166666667 0.4074074074074074 0.024479166666666666 0.044444444444444446
0 0.41901041666666666 0.33240740740740743 0.024479166666666666 0.044444444444444446
0 0.37213541666666666 0.15833333333333333 0.024479166666666666 0.044444444444444446
0 0.43854166666666666 0.1310185185185185 0.023958333333333335 0.04351851851851852
0 0.4669270833333333 0.13287037037037036 0.0234375 0.04351851851851852
0 0.44140625 0.3597222222222222 0.024479166666666666 0.04351851851851852
0 0.40260416666666665 0.19305555555555556 0.022916666666666665 0.04351851851851852
0 0.48046875 0.1675925925925926 0.024479166666666666 0.044444444444444446
0 0.3296875 0.31203703703703706 0.023958333333333335 0.04259259259259259
0 0.3533854166666667 0.31574074074074077 0.0234375 0.04259259259259259
0 0.3458333333333333 0.17037037037037037 0.023958333333333335 0.04259259259259259
0 0.31171875 0.28888888888888886 0.024479166666666666 0.044444444444444446
0 0.44609375 0.16898148148148148 0.0234375 0.041666666666666664
0 0.31692708333333336 0.2449074074074074 0.024479166666666666 0.04351851851851852
0 0.4203125 0.1597222222222222 0.023958333333333335 0.041666666666666664
0 0.34348958333333335 0.25 0.0234375 0.04259259259259259
0 0.5109375 0.14629629629629629 0.022916666666666665 0.04259259259259259
0 0.32057291666666665 0.19768518518518519 0.024479166666666666 0.04351851851851852
0 0.503125 0.22453703703703703 0.023958333333333335 0.04351851851851852
0 0.38723958333333336 0.3435185185185185 0.0234375 0.04259259259259259
0 0.36328125 0.19444444444444445 0.024479166666666666 0.040740740740740744
0 0.54375 0.5407407407407407 0.025 0.04259259259259259
0 0.5018229166666667 0.18333333333333332 0.0234375 0.04259259259259259
0 0.40651041666666665 0.2972222222222222 0.024479166666666666 0.04259259259259259
0 0.36614583333333334 0.23657407407407408 0.025 0.04351851851851852
0 0.3419270833333333 0.2111111111111111 0.0234375 0.04259259259259259
0 0.35989583333333336 0.2763888888888889 0.023958333333333335 0.04351851851851852
0 0.48984375 0.12962962962962962 0.0234375 0.044444444444444446
0 0.38255208333333335 0.26944444444444443 0.0234375 0.04259259259259259
0 0.3768229166666667 0.3074074074074074 0.024479166666666666 0.04259259259259259