0 0.54609375 0.3597222222222222 0.027604166666666666 0.049074074074074076
0 0.36640625 0.1597222222222222 0.027604166666666666 0.049074074074074076
0 0.47109375 0.3587962962962963 0.027604166666666666 0.049074074074074076
0 0.48333333333333334 0.49166666666666664 0.027083333333333334 0.04814814814814815
0 0.5330729166666667 0.30092592592592593 0.0265625 0.04814814814814815
0 0.6447916666666667 0.1361111111111111 0.027083333333333334 0.04814814814814815
0 0.4388020833333333 0.1884259259259259 0.027604166666666666 0.049074074074074076
0 0.42161458333333335 0.5435185185185185 0.027604166666666666 0.05
0 0.49713541666666666 0.2777777777777778 0.025520833333333333 0.046296296296296294
0 0.4627604166666667 0.1986111111111111 0.025520833333333333 0.04722222222222222
0 0.5169270833333334 0.4462962962962963 0.025520833333333333 0.046296296296296294
0 0.51484375 0.39444444444444443 0.025520833333333333 0.046296296296296294
0 0.5377604166666666 0.41388888888888886 0.025520833333333333 0.046296296296296294
0 0.33932291666666664 0.6449074074074074 0.027604166666666666 0.049074074074074076