0 0.7716145833333333 0.4337962962962963 0.028645833333333332 0.04722222222222222
0 0.72421875 0.43657407407407406 0.027604166666666666 0.04722222222222222
0 0.7973958333333333 0.27870370370370373 0.028125 0.04814814814814815
0 0.6427083333333333 0.5263888888888889 0.026041666666666668 0.04722222222222222
0 0.8010416666666667 0.3976851851851852 0.030208333333333334 0.049074074074074076
0 0.68671875 0.4324074074074074 0.027604166666666666 0.046296296296296294
0 0.7166666666666667 0.21342592592592594 0.027083333333333334 0.04722222222222222
0 0.6546875 0.8287037037037037 0.027083333333333334 0.05
0 0.7877604166666666 0.23842592592592593 0.027604166666666666 0.04537037037037037
0 0.7638020833333333 0.18194444444444444 0.027604166666666666 0.04722222222222222
0 0.66328125 0.27685185185185185 0.0265625 0.046296296296296294
0 0.28671875 0.862037037037037 0.0265625 0.04814814814814815
0 0.7552083333333334 0.5763888888888888 0.028125 0.04722222222222222
0 0.6825520833333333 0.3861111111111111 0.027604166666666666 0.046296296296296294
0 0.621875 0.8351851851851851 0.027083333333333334 0.05
0 0.7223958333333333 0.5472222222222223 0.027083333333333334 0.046296296296296294
0 0.2671875 0.8944444444444445 0.027083333333333334 0.04814814814814815
0 0.70078125 0.5203703703703704 0.0265625 0.046296296296296294
0 0.6052083333333333 0.2875 0.026041666666666668 0.04537037037037037
0 0.6809895833333334 0.5703703703703704 0.0265625 0.046296296296296294
0 0.34479166666666666 0.9083333333333333 0.027083333333333334 0.05
0 0.5651041666666666 0.775 0.030208333333333334 0.05185185185185185
0 0.7473958333333334 0.5314814814814814 0.027083333333333334 0.046296296296296294
0 0.61875 0.5916666666666667 0.027083333333333334 0.046296296296296294
0 0.63359375 0.22268518518518518 0.0265625 0.04722222222222222
0 0.31223958333333335 0.9115740740740741 0.025520833333333333 0.04722222222222222
0 0.5994791666666667 0.18194444444444444 0.025 0.04537037037037037
0 0.6731770833333334 0.16620370370370371 0.0265625 0.04722222222222222
0 0.7252604166666666 0.14629629629629629 0.0265625 0.04814814814814815
0 0.21510416666666668 0.6712962962962963 0.026041666666666668 0.046296296296296294
0 0.5177083333333333 0.5925925925925926 0.026041666666666668 0.046296296296296294
0 0.5552083333333333 0.35 0.025 0.044444444444444446
0 0.28958333333333336 0.9106481481481481 0.023958333333333335 0.04537037037037037
0 0.19140625 0.6611111111111111 0.0265625 0.04814814814814815
0 0.546875 0.2791666666666667 0.023958333333333335 0.04351851851851852
0 0.571875 0.6333333333333333 0.026041666666666668 0.046296296296296294
0 0.6041666666666666 0.10740740740740741 0.025 0.046296296296296294
0 0.67890625 0.10324074074074074 0.025520833333333333 0.04537037037037037
0 0.5510416666666667 0.6078703703703704 0.026041666666666668 0.04537037037037037
0 0.71171875 0.10925925925925926 0.025520833333333333 0.046296296296296294
0 0.6692708333333334 0.5259259259259259 0.025 0.046296296296296294
0 0.23723958333333334 0.6393518518518518 0.025520833333333333 0.04537037037037037
0 0.53671875 0.31666666666666665 0.024479166666666666 0.044444444444444446
0 0.5130208333333334 0.28703703703703703 0.025 0.044444444444444446
0 0.7286458333333333 0.07777777777777778 0.027083333333333334 0.046296296296296294
0 0.2640625 0.6782407407407407 0.026041666666666668 0.04537037037037037
0 0.22838541666666667 0.4708333333333333 0.0265625 0.04537037037037037
0 0.20182291666666666 0.4759259259259259 0.024479166666666666 0.044444444444444446
0 0.66171875 0.06296296296296296 0.025520833333333333 0.046296296296296294
0 0.5028645833333333 0.4976851851851852 0.024479166666666666 0.04537037037037037
0 0.4778645833333333 0.4074074074074074 0.025520833333333333 0.044444444444444446
0 0.5661458333333333 0.5476851851851852 0.025 0.04351851851851852
0 0.28203125 0.5847222222222223 0.0265625 0.04537037037037037
0 0.28151041666666665 0.7087962962962963 0.0265625 0.04537037037037037
0 0.5510416666666667 0.5148148148148148 0.025 0.044444444444444446
0 0.6263020833333334 0.1763888888888889 0.025520833333333333 0.04537037037037037
0 0.290625 0.9569444444444445 0.026041666666666668 0.04537037037037037
0 0.24765625 0.524537037037037 0.0265625 0.04537037037037037
0 0.628125 0.11527777777777778 0.025 0.04537037037037037
0 0.34010416666666665 0.7180555555555556 0.025 0.04537037037037037
0 0.2838541666666667 0.33935185185185185 0.026041666666666668 0.04537037037037037
0 0.49583333333333335 0.4393518518518518 0.025 0.04537037037037037
0 0.7369791666666666 0.027777777777777776 0.026041666666666668 0.044444444444444446
0 0.7268229166666667 0.5009259259259259 0.027604166666666666 0.046296296296296294
0 0.3796875 0.7291666666666666 0.026041666666666668 0.04537037037037037
0 0.52109375 0.24722222222222223 0.025520833333333333 0.044444444444444446
0 0.5671875 0.25462962962962965 0.025 0.044444444444444446
0 0.5455729166666666 0.1050925925925926 0.024479166666666666 0.04537037037037037
0 0.5734375 0.5884259259259259 0.026041666666666668 0.04537037037037037
0 0.5705729166666667 0.4875 0.024479166666666666 0.04351851851851852
0 0.3109375 0.6995370370370371 0.025 0.04537037037037037
0 0.7078125 0.027777777777777776 0.026041666666666668 0.044444444444444446
0 0.18385416666666668 0.36666666666666664 0.025 0.046296296296296294
0 0.178125 0.4675925925925926 0.025 0.044444444444444446
0 0.16822916666666668 0.42824074074074076 0.025 0.04351851851851852
0 0.39947916666666666 0.3175925925925926 0.025 0.04259259259259259
0 0.3450520833333333 0.6736111111111112 0.025520833333333333 0.04351851851851852
0 0.18072916666666666 0.21203703703703702 0.026041666666666668 0.044444444444444446
0 0.6872395833333333 0.06018518518518518 0.025520833333333333 0.044444444444444446
0 0.40260416666666665 0.399537037037037 0.025 0.04351851851851852
0 0.20911458333333333 0.362962962962963 0.025520833333333333 0.044444444444444446
0 0.44088541666666664 0.2273148148148148 0.025520833333333333 0.04537037037037037
0 0.4231770833333333 0.37037037037037035 0.025520833333333333 0.044444444444444446
0 0.29244791666666664 0.6675925925925926 0.025520833333333333 0.044444444444444446
0 0.3302083333333333 0.6074074074074074 0.025 0.044444444444444446
0 0.39921875 0.6462962962962963 0.025520833333333333 0.044444444444444446
0 0.39609375 0.6930555555555555 0.024479166666666666 0.04351851851851852
0 0.23151041666666666 0.33564814814814814 0.025520833333333333 0.04351851851851852
0 0.36041666666666666 0.4439814814814815 0.025 0.04351851851851852
0 0.3606770833333333 0.612037037037037 0.025520833333333333 0.044444444444444446
0 0.440625 0.6509259259259259 0.025 0.044444444444444446
0 0.21223958333333334 0.15231481481481482 0.025520833333333333 0.04537037037037037
0 0.29401041666666666 0.2884259259259259 0.024479166666666666 0.04351851851851852
0 0.45625 0.48009259259259257 0.025 0.04351851851851852
0 0.35859375 0.28888888888888886 0.025520833333333333 0.044444444444444446
0 0.390625 0.362962962962963 0.023958333333333335 0.04259259259259259
0 0.41796875 0.6726851851851852 0.024479166666666666 0.04537037037037037
0 0.4236979166666667 0.11435185185185186 0.025520833333333333 0.04537037037037037
0 0.31588541666666664 0.5745370370370371 0.024479166666666666 0.04351851851851852
0 0.36640625 0.6930555555555555 0.024479166666666666 0.04351851851851852
0 0.2078125 0.19305555555555556 0.025 0.04351851851851852
0 0.38359375 0.24861111111111112 0.024479166666666666 0.04537037037037037
0 0.53203125 0.14027777777777778 0.024479166666666666 0.04537037037037037
0 0.4231770833333333 0.5851851851851851 0.024479166666666666 0.044444444444444446
0 0.27630208333333334 0.5356481481481481 0.024479166666666666 0.04351851851851852
0 0.21145833333333333 0.3143518518518518 0.025 0.04351851851851852
0 0.25078125 0.1763888888888889 0.024479166666666666 0.04537037037037037
0 0.46953125 0.5888888888888889 0.024479166666666666 0.044444444444444446
0 0.27630208333333334 0.2657407407407407 0.024479166666666666 0.044444444444444446
0 0.5145833333333333 0.1125 0.023958333333333335 0.04351851851851852
0 0.4205729166666667 0.5111111111111111 0.024479166666666666 0.044444444444444446
0 0.23072916666666668 0.19583333333333333 0.023958333333333335 0.04351851851851852
0 0.3182291666666667 0.17546296296296296 0.025 0.04351851851851852
0 0.38671875 0.5601851851851852 0.0234375 0.04259259259259259
0 0.44609375 0.600462962962963 0.0234375 0.04351851851851852
0 0.4700520833333333 0.20879629629629629 0.024479166666666666 0.04351851851851852
0 0.31692708333333336 0.2708333333333333 0.025520833333333333 0.04537037037037037
0 0.4427083333333333 0.5592592592592592 0.023958333333333335 0.04259259259259259
0 0.24322916666666666 0.2949074074074074 0.025 0.04537037037037037
0 0.3502604166666667 0.5282407407407408 0.024479166666666666 0.04351851851851852
0 0.3890625 0.4601851851851852 0.025 0.044444444444444446
0 0.45598958333333334 0.5226851851851851 0.024479166666666666 0.041666666666666664
0 0.2890625 0.20787037037037037 0.023958333333333335 0.04351851851851852
0 0.22239583333333332 0.27685185185185185 0.025 0.044444444444444446
0 0.32708333333333334 0.5356481481481481 0.023958333333333335 0.04351851851851852
0 0.4630208333333333 0.125 0.023958333333333335 0.04259259259259259
0 0.24505208333333334 0.25601851851851853 0.024479166666666666 0.04351851851851852
0 0.50859375 0.1537037037037037 0.0234375 0.04259259259259259
0 0.4765625 0.5430555555555555 0.023958333333333335 0.04351851851851852
0 0.35859375 0.487962962962963 0.024479166666666666 0.04259259259259259
0 0.36328125 0.5634259259259259 0.0234375 0.04351851851851852
0 0.31484375 0.2162037037037037 0.024479166666666666 0.04351851851851852
0 0.34869791666666666 0.1712962962962963 0.025520833333333333 0.044444444444444446
0 0.2989583333333333 0.5462962962962963 0.023958333333333335 0.04259259259259259
0 0.26614583333333336 0.20462962962962963 0.023958333333333335 0.044444444444444446
0 0.48932291666666666 0.1875 0.0234375 0.04351851851851852
0 0.3809895833333333 0.2023148148148148 0.024479166666666666 0.04351851851851852
0 0.41380208333333335 0.4703703703703704 0.0234375 0.04259259259259259
0 0.34296875 0.21157407407407408 0.024479166666666666 0.04351851851851852
0 0.6130208333333333 0.5453703703703704 0.026041666666666668 0.044444444444444446
0 0.3802083333333333 0.5194444444444445 0.025 0.044444444444444446
0 0.35989583333333336 0.23981481481481481 0.023958333333333335 0.04259259259259259
0 0.44036458333333334 0.14907407407407408 0.024479166666666666 0.04259259259259259
0 0.42213541666666665 0.19305555555555556 0.024479166666666666 0.04351851851851852
0 0.46588541666666666 0.16527777777777777 0.0234375 0.041666666666666664
0 0.39114583333333336 0.16666666666666666 0.025 0.044444444444444446
0 0.4171875 0.1537037037037037 0.023958333333333335 0.04259259259259259
0 0.4856770833333333 0.1449074074074074 0.022395833333333334 0.041666666666666664
0 0.4453125 0.18703703703703703 0.022916666666666665 0.04259259259259259