0 0.77265625 0.4486111111111111 0.027604166666666666 0.04537037037037037
0 0.7252604166666666 0.4476851851851852 0.0265625 0.04537037037037037
0 0.6877604166666667 0.44074074074074077 0.0265625 0.046296296296296294
0 0.7872395833333333 0.25416666666666665 0.027604166666666666 0.04537037037037037
0 0.7799479166666666 0.3087962962962963 0.027604166666666666 0.04537037037037037
0 0.8015625 0.4166666666666667 0.028125 0.046296296296296294
0 0.6802083333333333 0.5787037037037037 0.027083333333333334 0.046296296296296294
0 0.7658854166666667 0.19907407407407407 0.0265625 0.046296296296296294
0 0.5356770833333333 0.26342592592592595 0.024479166666666666 0.04351851851851852
0 0.5671875 0.7768518518518519 0.027083333333333334 0.05
0 0.7270833333333333 0.5120370370370371 0.027083333333333334 0.04814814814814815
0 0.19140625 0.638425925925926 0.0265625 0.04722222222222222
0 0.753125 0.5888888888888889 0.028125 0.04814814814814815
0 0.6481770833333333 0.8351851851851851 0.0265625 0.05
0 0.49661458333333336 0.5842592592592593 0.0265625 0.046296296296296294
0 0.5515625 0.22777777777777777 0.025 0.044444444444444446
0 0.303125 0.49074074074074076 0.026041666666666668 0.044444444444444446
0 0.5489583333333333 0.6527777777777778 0.026041666666666668 0.046296296296296294
0 0.7216145833333333 0.5574074074074075 0.0265625 0.046296296296296294
0 0.28151041666666665 0.4726851851851852 0.0265625 0.04537037037037037
0 0.5734375 0.16018518518518518 0.025 0.044444444444444446
0 0.21588541666666666 0.649074074074074 0.0265625 0.046296296296296294
0 0.6208333333333333 0.6041666666666666 0.027083333333333334 0.04722222222222222
0 0.60859375 0.12546296296296297 0.0265625 0.04722222222222222
0 0.6161458333333333 0.8388888888888889 0.027083333333333334 0.05
0 0.23723958333333334 0.5703703703703704 0.0265625 0.04814814814814815
0 0.20208333333333334 0.4587962962962963 0.026041666666666668 0.04351851851851852
0 0.7473958333333334 0.5439814814814815 0.027083333333333334 0.04537037037037037
0 0.6455729166666667 0.5277777777777778 0.025520833333333333 0.046296296296296294
0 0.67109375 0.5328703703703703 0.025520833333333333 0.04537037037037037
0 0.3658854166666667 0.4134259259259259 0.025520833333333333 0.04351851851851852
0 0.60078125 0.5037037037037037 0.025520833333333333 0.046296296296296294
0 0.7 0.5305555555555556 0.026041666666666668 0.046296296296296294
0 0.28098958333333335 0.4050925925925926 0.025520833333333333 0.04537037037037037
0 0.5734375 0.6398148148148148 0.026041666666666668 0.046296296296296294
0 0.31276041666666665 0.412962962962963 0.025520833333333333 0.044444444444444446
0 0.18828125 0.19074074074074074 0.025520833333333333 0.046296296296296294
0 0.29348958333333336 0.5768518518518518 0.025520833333333333 0.044444444444444446
0 0.40989583333333335 0.44305555555555554 0.026041666666666668 0.04537037037037037
0 0.49713541666666666 0.5305555555555556 0.025520833333333333 0.044444444444444446
0 0.5565104166666667 0.6064814814814815 0.025520833333333333 0.044444444444444446
0 0.3497395833333333 0.38287037037037036 0.024479166666666666 0.04351851851851852
0 0.23203125 0.3768518518518518 0.0265625 0.044444444444444446
0 0.284375 0.3333333333333333 0.026041666666666668 0.044444444444444446
0 0.5174479166666667 0.21157407407407408 0.024479166666666666 0.04351851851851852
0 0.17213541666666668 0.4041666666666667 0.025520833333333333 0.04351851851851852
0 0.4921875 0.21805555555555556 0.023958333333333335 0.04351851851851852
0 0.56015625 0.4671296296296296 0.025520833333333333 0.04537037037037037
0 0.5270833333333333 0.5657407407407408 0.023958333333333335 0.044444444444444446
0 0.30104166666666665 0.3773148148148148 0.025 0.04351851851851852
0 0.62421875 0.5546296296296296 0.025520833333333333 0.044444444444444446
0 0.7497395833333333 0.03194444444444444 0.027604166666666666 0.04537037037037037
0 0.215625 0.1763888888888889 0.023958333333333335 0.04537037037037037
0 0.5794270833333334 0.5935185185185186 0.024479166666666666 0.044444444444444446
0 0.36041666666666666 0.5439814814814815 0.026041666666666668 0.04537037037037037
0 0.3932291666666667 0.2884259259259259 0.025 0.04537037037037037
0 0.41354166666666664 0.19074074074074074 0.025 0.044444444444444446
0 0.3533854166666667 0.7513888888888889 0.0265625 0.04722222222222222
0 0.2747395833333333 0.7111111111111111 0.0265625 0.046296296296296294
0 0.55625 0.09444444444444444 0.023958333333333335 0.044444444444444446
0 0.18020833333333333 0.4444444444444444 0.023958333333333335 0.04259259259259259
0 0.21067708333333332 0.35138888888888886 0.024479166666666666 0.04351851851851852
0 0.5578125 0.5523148148148148 0.023958333333333335 0.04351851851851852
0 0.5807291666666666 0.5375 0.025 0.04537037037037037
0 0.3807291666666667 0.7356481481481482 0.026041666666666668 0.04722222222222222
0 0.4317708333333333 0.6625 0.026041666666666668 0.04537037037037037
0 0.3359375 0.5777777777777777 0.025 0.044444444444444446
0 0.296875 0.7263888888888889 0.026041666666666668 0.04537037037037037
0 0.52421875 0.513425925925926 0.024479166666666666 0.04351851851851852
0 0.40078125 0.5166666666666667 0.025520833333333333 0.044444444444444446
0 0.43046875 0.16296296296296298 0.0234375 0.044444444444444446
0 0.1875 0.3449074074074074 0.025 0.04351851851851852
0 0.54765625 0.5041666666666667 0.024479166666666666 0.04351851851851852
0 0.3625 0.25972222222222224 0.025 0.04537037037037037
0 0.4822916666666667 0.18101851851851852 0.023958333333333335 0.04351851851851852
0 0.5260416666666666 0.4217592592592593 0.025 0.04351851851851852
0 0.3841145833333333 0.12222222222222222 0.024479166666666666 0.044444444444444446
0 0.22161458333333334 0.13564814814814816 0.025520833333333333 0.04351851851851852
0 0.25755208333333335 0.15787037037037038 0.024479166666666666 0.04537037037037037
0 0.49557291666666664 0.3509259259259259 0.0234375 0.044444444444444446
0 0.5552083333333333 0.1361111111111111 0.023958333333333335 0.04259259259259259
0 0.4869791666666667 0.30694444444444446 0.023958333333333335 0.04351851851851852
0 0.3140625 0.2726851851851852 0.023958333333333335 0.04351851851851852
0 0.23828125 0.17962962962962964 0.0234375 0.04259259259259259
0 0.32109375 0.125 0.024479166666666666 0.044444444444444446
0 0.446875 0.43333333333333335 0.023958333333333335 0.04259259259259259
0 0.39739583333333334 0.7023148148148148 0.025 0.04351851851851852
0 0.21354166666666666 0.2662037037037037 0.025 0.04351851851851852
0 0.4515625 0.37962962962962965 0.025 0.044444444444444446
0 0.48541666666666666 0.1398148148148148 0.023958333333333335 0.04259259259259259
0 0.48203125 0.4824074074074074 0.024479166666666666 0.044444444444444446
0 0.50703125 0.175 0.0234375 0.04259259259259259
0 0.21119791666666668 0.3087962962962963 0.025520833333333333 0.04351851851851852
0 0.2942708333333333 0.6240740740740741 0.023958333333333335 0.044444444444444446
0 0.378125 0.18703703703703703 0.025 0.044444444444444446
0 0.24192708333333332 0.26157407407407407 0.024479166666666666 0.04537037037037037
0 0.2911458333333333 0.27870370370370373 0.022916666666666665 0.04259259259259259
0 0.534375 0.11666666666666667 0.023958333333333335 0.044444444444444446
0 0.26875 0.2759259259259259 0.023958333333333335 0.044444444444444446
0 0.40598958333333335 0.14907407407407408 0.0234375 0.04259259259259259
0 0.340625 0.6287037037037037 0.023958333333333335 0.04259259259259259
0 0.2942708333333333 0.6800925925925926 0.025 0.04351851851851852
0 0.5283854166666667 0.15555555555555556 0.022395833333333334 0.04259259259259259
0 0.3229166666666667 0.6574074074074074 0.025 0.044444444444444446
0 0.3380208333333333 0.7199074074074074 0.023958333333333335 0.04351851851851852
0 0.4270833333333333 0.3282407407407407 0.023958333333333335 0.04351851851851852
0 0.425 0.5782407407407407 0.026041666666666668 0.04351851851851852
0 0.4239583333333333 0.5375 0.025 0.04537037037037037
0 0.5046875 0.4898148148148148 0.023958333333333335 0.044444444444444446
0 0.45338541666666665 0.475462962962963 0.024479166666666666 0.041666666666666664
0 0.44973958333333336 0.5175925925925926 0.024479166666666666 0.04259259259259259
0 0.37838541666666664 0.674537037037037 0.025520833333333333 0.04351851851851852
0 0.5114583333333333 0.12962962962962962 0.022916666666666665 0.04259259259259259
0 0.42916666666666664 0.49398148148148147 0.025 0.04351851851851852
0 0.35182291666666665 0.22314814814814815 0.0234375 0.044444444444444446
0 0.36276041666666664 0.7078703703703704 0.024479166666666666 0.04351851851851852
0 0.3453125 0.6759259259259259 0.023958333333333335 0.04259259259259259
0 0.36822916666666666 0.15046296296296297 0.023958333333333335 0.04351851851851852
0 0.35442708333333334 0.18287037037037038 0.024479166666666666 0.04351851851851852
0 0.3177083333333333 0.7013888888888888 0.023958333333333335 0.04351851851851852
0 0.4044270833333333 0.6587962962962963 0.024479166666666666 0.04351851851851852
0 0.328125 0.20092592592592592 0.022916666666666665 0.04259259259259259
0 0.475 0.38935185185185184 0.023958333333333335 0.04351851851851852
0 0.5291666666666667 0.4689814814814815 0.023958333333333335 0.04351851851851852
0 0.44895833333333335 0.33935185185185185 0.022916666666666665 0.04351851851851852
0 0.33046875 0.24027777777777778 0.0234375 0.04351851851851852
0 0.43359375 0.6175925925925926 0.025520833333333333 0.04259259259259259
0 0.49322916666666666 0.4148148148148148 0.023958333333333335 0.044444444444444446
0 0.409375 0.6157407407407407 0.023958333333333335 0.04259259259259259
0 0.36041666666666666 0.6013888888888889 0.023958333333333335 0.041666666666666664
0 0.30052083333333335 0.1912037037037037 0.023958333333333335 0.04351851851851852
0 0.4015625 0.5777777777777777 0.025 0.044444444444444446
0 0.3854166666666667 0.6328703703703704 0.023958333333333335 0.04351851851851852
0 0.3177083333333333 0.6143518518518518 0.023958333333333335 0.041666666666666664
0 0.2752604166666667 0.19305555555555556 0.0234375 0.04351851851851852
0 0.4713541666666667 0.34305555555555556 0.021875 0.041666666666666664
0 0.26015625 0.23703703703703705 0.0234375 0.044444444444444446
0 0.50703125 0.4462962962962963 0.0234375 0.04259259259259259
0 0.44036458333333334 0.29305555555555557 0.022395833333333334 0.041666666666666664
0 0.4713541666666667 0.4462962962962963 0.022916666666666665 0.040740740740740744
0 0.340625 0.15324074074074073 0.023958333333333335 0.041666666666666664
0 0.3184895833333333 0.16620370370370371 0.0234375 0.04351851851851852
0 0.41796875 0.2833333333333333 0.0234375 0.04259259259259259
0 0.28229166666666666 0.24166666666666667 0.023958333333333335 0.04259259259259259
0 0.4625 0.30416666666666664 0.022916666666666665 0.041666666666666664
0 0.6002604166666666 0.5699074074074074 0.024479166666666666 0.04537037037037037
0 0.3078125 0.2351851851851852 0.022916666666666665 0.04259259259259259
0 0.36171875 0.6453703703703704 0.0234375 0.040740740740740744
0 0.3770833333333333 0.5726851851851852 0.023958333333333335 0.04351851851851852