0 0.7731770833333333 0.44814814814814813 0.028645833333333332 0.046296296296296294
0 0.72578125 0.44722222222222224 0.0265625 0.046296296296296294
0 0.68828125 0.44074074074074077 0.0265625 0.046296296296296294
0 0.28619791666666666 0.4513888888888889 0.025520833333333333 0.04537037037037037
0 0.7661458333333333 0.1986111111111111 0.029166666666666667 0.049074074074074076
0 0.6182291666666667 0.5962962962962963 0.027083333333333334 0.046296296296296294
0 0.6807291666666667 0.5787037037037037 0.027083333333333334 0.046296296296296294
0 0.80234375 0.4162037037037037 0.028645833333333332 0.04722222222222222
0 0.78984375 0.25416666666666665 0.027604166666666666 0.04537037037037037
0 0.19140625 0.637962962962963 0.0265625 0.04814814814814815
0 0.21588541666666666 0.6486111111111111 0.0265625 0.04722222222222222
0 0.5083333333333333 0.18564814814814815 0.025 0.04537037037037037
0 0.23645833333333333 0.5699074074074074 0.027083333333333334 0.04722222222222222
0 0.5671875 0.7773148148148148 0.027083333333333334 0.049074074074074076
0 0.7541666666666667 0.5888888888888889 0.029166666666666667 0.04814814814814815
0 0.8005208333333333 0.2949074074074074 0.028125 0.04722222222222222
0 0.6432291666666666 0.5328703703703703 0.027083333333333334 0.04722222222222222
0 0.20208333333333334 0.4587962962962963 0.026041666666666668 0.04537037037037037
0 0.6119791666666666 0.5504629629629629 0.026041666666666668 0.04537037037037037
0 0.5713541666666667 0.1537037037037037 0.025 0.044444444444444446
0 0.23177083333333334 0.3763888888888889 0.027083333333333334 0.04537037037037037
0 0.18802083333333333 0.19074074074074074 0.025 0.044444444444444446
0 0.6486979166666667 0.8351851851851851 0.027604166666666666 0.05
0 0.6096354166666667 0.12268518518518519 0.025520833333333333 0.04537037037037037
0 0.2950520833333333 0.6226851851851852 0.025520833333333333 0.04537037037037037
0 0.24869791666666666 0.26157407407407407 0.025520833333333333 0.04537037037037037
0 0.7213541666666666 0.5574074074074075 0.027083333333333334 0.046296296296296294
0 0.54921875 0.6527777777777778 0.0265625 0.046296296296296294
0 0.6169270833333333 0.8388888888888889 0.027604166666666666 0.05
0 0.29348958333333336 0.5773148148148148 0.025520833333333333 0.04537037037037037
0 0.18046875 0.4444444444444444 0.025520833333333333 0.044444444444444446
0 0.6700520833333333 0.5328703703703703 0.025520833333333333 0.04537037037037037
0 0.17213541666666668 0.40324074074074073 0.025520833333333333 0.04351851851851852
0 0.7278645833333334 0.5125 0.027604166666666666 0.04722222222222222
0 0.3104166666666667 0.4236111111111111 0.025 0.04537037037037037
0 0.5489583333333333 0.6046296296296296 0.026041666666666668 0.046296296296296294
0 0.7005208333333334 0.5300925925925926 0.026041666666666668 0.04722222222222222
0 0.3299479166666667 0.4847222222222222 0.025520833333333333 0.04537037037037037
0 0.5729166666666666 0.6388888888888888 0.027083333333333334 0.046296296296296294
0 0.74765625 0.5430555555555555 0.027604166666666666 0.04537037037037037
0 0.29635416666666664 0.3300925925925926 0.025 0.04537037037037037
0 0.21041666666666667 0.35138888888888886 0.023958333333333335 0.04351851851851852
0 0.21354166666666666 0.26666666666666666 0.026041666666666668 0.044444444444444446
0 0.484375 0.16805555555555557 0.023958333333333335 0.04351851851851852
0 0.18723958333333332 0.3449074074074074 0.024479166666666666 0.04537037037037037
0 0.23802083333333332 0.17824074074074073 0.023958333333333335 0.04351851851851852
0 0.275 0.711574074074074 0.027083333333333334 0.04722222222222222
0 0.32395833333333335 0.5944444444444444 0.026041666666666668 0.046296296296296294
0 0.48854166666666665 0.1259259259259259 0.023958333333333335 0.04259259259259259
0 0.5046875 0.38657407407407407 0.025 0.04537037037037037
0 0.7497395833333333 0.032407407407407406 0.027604166666666666 0.046296296296296294
0 0.21510416666666668 0.1763888888888889 0.023958333333333335 0.04351851851851852
0 0.21119791666666668 0.30833333333333335 0.025520833333333333 0.04259259259259259
0 0.22135416666666666 0.13564814814814816 0.025 0.04351851851851852
0 0.296875 0.7263888888888889 0.026041666666666668 0.04537037037037037
0 0.5208333333333334 0.5504629629629629 0.025 0.04537037037037037
0 0.340625 0.6236111111111111 0.025 0.04537037037037037
0 0.35546875 0.7467592592592592 0.0265625 0.04722222222222222
0 0.28515625 0.22685185185185186 0.024479166666666666 0.044444444444444446
0 0.5294270833333333 0.41898148148148145 0.024479166666666666 0.04351851851851852
0 0.35963541666666665 0.5912037037037037 0.025520833333333333 0.04537037037037037
0 0.38203125 0.7347222222222223 0.025520833333333333 0.04722222222222222
0 0.4315104166666667 0.6453703703703704 0.025520833333333333 0.046296296296296294
0 0.29401041666666666 0.6805555555555556 0.025520833333333333 0.044444444444444446
0 0.42473958333333334 0.6027777777777777 0.025520833333333333 0.044444444444444446
0 0.56015625 0.4666666666666667 0.025520833333333333 0.044444444444444446
0 0.49973958333333335 0.525 0.024479166666666666 0.044444444444444446
0 0.39765625 0.6995370370370371 0.025520833333333333 0.04537037037037037
0 0.45 0.17083333333333334 0.023958333333333335 0.04351851851851852
0 0.2591145833333333 0.16064814814814815 0.024479166666666666 0.04351851851851852
0 0.32473958333333336 0.13935185185185187 0.024479166666666666 0.04351851851851852
0 0.32265625 0.6578703703703703 0.024479166666666666 0.04537037037037037
0 0.3625 0.5101851851851852 0.025 0.044444444444444446
0 0.31744791666666666 0.7018518518518518 0.024479166666666666 0.044444444444444446
0 0.52421875 0.5097222222222222 0.024479166666666666 0.04351851851851852
0 0.56953125 0.5504629629629629 0.025520833333333333 0.04351851851851852
0 0.5455729166666666 0.5453703703703704 0.024479166666666666 0.044444444444444446
0 0.346875 0.6722222222222223 0.025 0.044444444444444446
0 0.4828125 0.47824074074074074 0.023958333333333335 0.04351851851851852
0 0.5713541666666667 0.5087962962962963 0.025 0.04351851851851852
0 0.5736979166666667 0.5939814814814814 0.025520833333333333 0.04351851851851852
0 0.3458333333333333 0.35185185185185186 0.023958333333333335 0.044444444444444446
0 0.42630208333333336 0.5560185185185185 0.025520833333333333 0.04351851851851852
0 0.40520833333333334 0.6537037037037037 0.025 0.046296296296296294
0 0.36302083333333335 0.7027777777777777 0.025 0.044444444444444446
0 0.33958333333333335 0.7143518518518519 0.023958333333333335 0.04351851851851852
0 0.30703125 0.25 0.0234375 0.04259259259259259
0 0.5036458333333333 0.44027777777777777 0.025 0.04537037037037037
0 0.2734375 0.19444444444444445 0.023958333333333335 0.044444444444444446
0 0.54765625 0.5041666666666667 0.024479166666666666 0.04351851851851852
0 0.36380208333333336 0.6398148148148148 0.024479166666666666 0.044444444444444446
0 0.38828125 0.6236111111111111 0.024479166666666666 0.04351851851851852
0 0.409375 0.5259259259259259 0.023958333333333335 0.04259259259259259
0 0.30130208333333336 0.18611111111111112 0.024479166666666666 0.04259259259259259
0 0.38776041666666666 0.5462962962962963 0.024479166666666666 0.04259259259259259
0 0.34739583333333335 0.13657407407407407 0.021875 0.04351851851851852
0 0.3151041666666667 0.3013888888888889 0.023958333333333335 0.041666666666666664
0 0.5296875 0.4671296296296296 0.023958333333333335 0.04351851851851852
0 0.3416666666666667 0.4425925925925926 0.023958333333333335 0.044444444444444446
0 0.32395833333333335 0.17916666666666667 0.023958333333333335 0.04351851851851852
0 0.44427083333333334 0.5296296296296297 0.022916666666666665 0.04259259259259259
0 0.4044270833333333 0.575462962962963 0.024479166666666666 0.04351851851851852
0 0.3299479166666667 0.25833333333333336 0.0234375 0.044444444444444446
0 0.38385416666666666 0.2152777777777778 0.023958333333333335 0.04351851851851852
0 0.32890625 0.21851851851851853 0.0234375 0.044444444444444446
0 0.38828125 0.12962962962962962 0.0234375 0.04259259259259259
0 0.38046875 0.6671296296296296 0.024479166666666666 0.04351851851851852
0 0.42630208333333336 0.45601851851851855 0.024479166666666666 0.04351851851851852
0 0.42994791666666665 0.49907407407407406 0.0234375 0.040740740740740744
0 0.43020833333333336 0.1875 0.023958333333333335 0.041666666666666664
0 0.36822916666666666 0.33935185185185185 0.023958333333333335 0.04351851851851852
0 0.47734375 0.4166666666666667 0.024479166666666666 0.04259259259259259
0 0.40598958333333335 0.1527777777777778 0.0234375 0.04259259259259259
0 0.4544270833333333 0.49074074074074076 0.0234375 0.04259259259259259
0 0.5057291666666667 0.4828703703703704 0.023958333333333335 0.04351851851851852
0 0.45078125 0.4152777777777778 0.024479166666666666 0.04351851851851852
0 0.40651041666666665 0.4842592592592593 0.024479166666666666 0.044444444444444446
0 0.4203125 0.22407407407407406 0.023958333333333335 0.04259259259259259
0 0.46171875 0.4513888888888889 0.0234375 0.04351851851851852
0 0.38671875 0.5041666666666667 0.024479166666666666 0.04351851851851852
0 0.35651041666666666 0.40925925925925927 0.024479166666666666 0.044444444444444446
0 0.42734375 0.4134259259259259 0.0234375 0.04351851851851852
0 0.40520833333333334 0.4287037037037037 0.023958333333333335 0.044444444444444446
0 0.47239583333333335 0.3773148148148148 0.023958333333333335 0.041666666666666664
0 0.43723958333333335 0.3384259259259259 0.0234375 0.04351851851851852
0 0.38671875 0.175 0.0234375 0.04259259259259259
0 0.3966145833333333 0.3814814814814815 0.0234375 0.044444444444444446
0 0.453125 0.30324074074074076 0.023958333333333335 0.04351851851851852
0 0.40625 0.19398148148148148 0.023958333333333335 0.04351851851851852
0 0.4421875 0.2671296296296296 0.022916666666666665 0.041666666666666664
0 0.428125 0.30092592592592593 0.022916666666666665 0.040740740740740744
0 0.42109375 0.3736111111111111 0.0234375 0.041666666666666664
0 0.396875 0.2611111111111111 0.022916666666666665 0.04259259259259259
0 0.35130208333333335 0.2675925925925926 0.0234375 0.04259259259259259
0 0.3684895833333333 0.15092592592592594 0.022395833333333334 0.040740740740740744
0 0.4609375 0.3416666666666667 0.023958333333333335 0.04259259259259259
0 0.41953125 0.2638888888888889 0.0234375 0.04259259259259259
0 0.33619791666666665 0.3148148148148148 0.0234375 0.04259259259259259
0 0.38958333333333334 0.4587962962962963 0.022916666666666665 0.041666666666666664
0 0.4049479166666667 0.29907407407407405 0.0234375 0.044444444444444446
0 0.37421875 0.37962962962962965 0.024479166666666666 0.044444444444444446
0 0.41510416666666666 0.33564814814814814 0.022916666666666665 0.041666666666666664
0 0.3815104166666667 0.30416666666666664 0.0234375 0.04351851851851852
0 0.38307291666666665 0.41759259259259257 0.0234375 0.04259259259259259
0 0.37421875 0.2689814814814815 0.0234375 0.04351851851851852
0 0.3921875 0.34120370370370373 0.022916666666666665 0.04351851851851852
0 0.44635416666666666 0.37546296296296294 0.023958333333333335 0.04351851851851852
0 0.36692708333333335 0.44537037037037036 0.0234375 0.04259259259259259
0 0.35859375 0.30462962962962964 0.0234375 0.044444444444444446