0 0.7729166666666667 0.44212962962962965 0.028125 0.04722222222222222
0 0.8028645833333333 0.4083333333333333 0.028645833333333332 0.04814814814814815
0 0.7197916666666667 0.21944444444444444 0.027083333333333334 0.046296296296296294
0 0.7252604166666666 0.4425925925925926 0.0265625 0.046296296296296294
0 0.8010416666666667 0.287962962962963 0.028125 0.046296296296296294
0 0.6627604166666666 0.29074074074074074 0.0265625 0.046296296296296294
0 0.6375 0.22685185185185186 0.026041666666666668 0.046296296296296294
0 0.21536458333333333 0.6578703703703703 0.0265625 0.04722222222222222
0 0.7684895833333333 0.19027777777777777 0.027604166666666666 0.04722222222222222
0 0.2830729166666667 0.850925925925926 0.0265625 0.04814814814814815
0 0.20546875 0.4648148148148148 0.0265625 0.046296296296296294
0 0.6807291666666667 0.575 0.027083333333333334 0.046296296296296294
0 0.7911458333333333 0.24814814814814815 0.028125 0.046296296296296294
0 0.3265625 0.5291666666666667 0.025 0.04537037037037037
0 0.5677083333333334 0.7777777777777778 0.027083333333333334 0.05
0 0.6776041666666667 0.17083333333333334 0.026041666666666668 0.04537037037037037
0 0.65078125 0.8324074074074074 0.027604166666666666 0.05
0 0.34010416666666665 0.899074074074074 0.028125 0.05
0 0.23802083333333332 0.6287037037037037 0.027083333333333334 0.046296296296296294
0 0.6033854166666667 0.18472222222222223 0.025520833333333333 0.04722222222222222
0 0.19166666666666668 0.6472222222222223 0.027083333333333334 0.04814814814814815
0 0.61796875 0.837037037037037 0.027604166666666666 0.05
0 0.1796875 0.45185185185185184 0.026041666666666668 0.044444444444444446
0 0.4934895833333333 0.14351851851851852 0.025520833333333333 0.044444444444444446
0 0.2625 0.8828703703703704 0.027083333333333334 0.04722222222222222
0 0.6182291666666667 0.5935185185185186 0.027083333333333334 0.046296296296296294
0 0.28203125 0.7509259259259259 0.0265625 0.046296296296296294
0 0.30807291666666664 0.9023148148148148 0.025520833333333333 0.04722222222222222
0 0.6125 0.5481481481481482 0.026041666666666668 0.046296296296296294
0 0.7546875 0.5842592592592593 0.029166666666666667 0.04814814814814815
0 0.6434895833333333 0.5291666666666667 0.0265625 0.04722222222222222
0 0.7302083333333333 0.15231481481481482 0.027083333333333334 0.04722222222222222
0 0.5497395833333333 0.6537037037037037 0.0265625 0.046296296296296294
0 0.63046875 0.17916666666666667 0.025520833333333333 0.04537037037037037
0 0.6697916666666667 0.5305555555555556 0.025 0.046296296296296294
0 0.6877604166666667 0.4375 0.0265625 0.04537037037037037
0 0.5502604166666667 0.10555555555555556 0.024479166666666666 0.044444444444444446
0 0.6838541666666667 0.39351851851851855 0.027083333333333334 0.046296296296296294
0 0.41953125 0.524537037037037 0.025520833333333333 0.04537037037037037
0 0.7221354166666667 0.5532407407407407 0.0265625 0.04722222222222222
0 0.63359375 0.11898148148148148 0.024479166666666666 0.04537037037037037
0 0.28958333333333336 0.5879629629629629 0.027083333333333334 0.046296296296296294
0 0.28541666666666665 0.9458333333333333 0.027083333333333334 0.049074074074074076
0 0.6848958333333334 0.10787037037037037 0.026041666666666668 0.04537037037037037
0 0.28489583333333335 0.9 0.025 0.04814814814814815
0 0.39557291666666666 0.7189814814814814 0.025520833333333333 0.04537037037037037
0 0.37890625 0.7620370370370371 0.0265625 0.04814814814814815
0 0.29609375 0.6291666666666667 0.025520833333333333 0.04537037037037037
0 0.36302083333333335 0.5745370370370371 0.026041666666666668 0.04537037037037037
0 0.7473958333333334 0.538425925925926 0.027083333333333334 0.04537037037037037
0 0.18541666666666667 0.19722222222222222 0.025 0.044444444444444446
0 0.7005208333333334 0.5263888888888889 0.026041666666666668 0.04722222222222222
0 0.26614583333333336 0.6675925925925926 0.027083333333333334 0.046296296296296294
0 0.32864583333333336 0.6398148148148148 0.026041666666666668 0.046296296296296294
0 0.6106770833333334 0.10972222222222222 0.025520833333333333 0.04537037037037037
0 0.5033854166666667 0.6148148148148148 0.025520833333333333 0.046296296296296294
0 0.30390625 0.6694444444444444 0.025520833333333333 0.046296296296296294
0 0.7169270833333333 0.1162037037037037 0.025520833333333333 0.04537037037037037
0 0.33541666666666664 0.7453703703703703 0.025 0.046296296296296294
0 0.51796875 0.47638888888888886 0.024479166666666666 0.04537037037037037
0 0.7270833333333333 0.5078703703703704 0.027083333333333334 0.04722222222222222
0 0.5716145833333334 0.6324074074074074 0.025520833333333333 0.046296296296296294
0 0.565625 0.5472222222222223 0.025 0.044444444444444446
0 0.54921875 0.6041666666666666 0.025520833333333333 0.04537037037037037
0 0.31744791666666666 0.7194444444444444 0.024479166666666666 0.046296296296296294
0 0.17083333333333334 0.4115740740740741 0.025 0.04351851851851852
0 0.28515625 0.33287037037037037 0.025520833333333333 0.04537037037037037
0 0.23359375 0.362962962962963 0.0265625 0.044444444444444446
0 0.3885416666666667 0.5532407407407407 0.025 0.04351851851851852
0 0.40390625 0.31712962962962965 0.025520833333333333 0.04537037037037037
0 0.34427083333333336 0.7013888888888888 0.025 0.04537037037037037
0 0.48854166666666665 0.5722222222222222 0.025 0.04259259259259259
0 0.2125 0.18009259259259258 0.023958333333333335 0.04351851851851852
0 0.18541666666666667 0.3523148148148148 0.023958333333333335 0.04351851851851852
0 0.55 0.5148148148148148 0.025 0.044444444444444446
0 0.42734375 0.6078703703703704 0.025520833333333333 0.04537037037037037
0 0.51484375 0.38564814814814813 0.025520833333333333 0.04351851851851852
0 0.36432291666666666 0.6342592592592593 0.025520833333333333 0.046296296296296294
0 0.36015625 0.7324074074074074 0.024479166666666666 0.046296296296296294
0 0.7440104166666667 0.033796296296296297 0.0265625 0.04537037037037037
0 0.3658854166666667 0.3087962962962963 0.025520833333333333 0.04537037037037037
0 0.37994791666666666 0.5125 0.025520833333333333 0.04537037037037037
0 0.6671875 0.06851851851851852 0.025 0.046296296296296294
0 0.5177083333333333 0.5814814814814815 0.025 0.044444444444444446
0 0.37421875 0.6953703703703704 0.024479166666666666 0.044444444444444446
0 0.21770833333333334 0.13935185185185187 0.025 0.04351851851851852
0 0.21197916666666666 0.27314814814814814 0.026041666666666668 0.04259259259259259
0 0.56953125 0.48657407407407405 0.024479166666666666 0.04537037037037037
0 0.24739583333333334 0.2824074074074074 0.026041666666666668 0.04259259259259259
0 0.30963541666666666 0.29953703703703705 0.024479166666666666 0.04351851851851852
0 0.5174479166666667 0.3425925925925926 0.024479166666666666 0.044444444444444446
0 0.36015625 0.47962962962962963 0.025520833333333333 0.044444444444444446
0 0.20885416666666667 0.3578703703703704 0.023958333333333335 0.04351851851851852
0 0.48932291666666666 0.3337962962962963 0.024479166666666666 0.04351851851851852
0 0.30807291666666664 0.13472222222222222 0.025520833333333333 0.04351851851851852
0 0.57265625 0.5888888888888889 0.025520833333333333 0.044444444444444446
0 0.4708333333333333 0.38287037037037036 0.023958333333333335 0.04351851851851852
0 0.24270833333333333 0.3236111111111111 0.025 0.04351851851851852
0 0.49947916666666664 0.29398148148148145 0.025 0.04351851851851852
0 0.38515625 0.6555555555555556 0.025520833333333333 0.044444444444444446
0 0.44921875 0.4703703703703704 0.024479166666666666 0.044444444444444446
0 0.48151041666666666 0.5324074074074074 0.024479166666666666 0.04259259259259259
0 0.4515625 0.4101851851851852 0.025 0.044444444444444446
0 0.7135416666666666 0.03287037037037037 0.026041666666666668 0.04537037037037037
0 0.29375 0.7106481481481481 0.025 0.04537037037037037
0 0.7346354166666667 0.08333333333333333 0.0265625 0.044444444444444446
0 0.4075520833333333 0.6791666666666667 0.025520833333333333 0.04537037037037037
0 0.39296875 0.25046296296296294 0.024479166666666666 0.04537037037037037
0 0.42942708333333335 0.6560185185185186 0.024479166666666666 0.04537037037037037
0 0.44765625 0.2810185185185185 0.024479166666666666 0.04537037037037037
0 0.36223958333333334 0.43472222222222223 0.025520833333333333 0.04351851851851852
0 0.39296875 0.35694444444444445 0.024479166666666666 0.04351851851851852
0 0.390625 0.4537037037037037 0.025 0.044444444444444446
0 0.3919270833333333 0.13472222222222222 0.024479166666666666 0.04351851851851852
0 0.2359375 0.18425925925925926 0.023958333333333335 0.04259259259259259
0 0.40651041666666665 0.6356481481481482 0.024479166666666666 0.04537037037037037
0 0.41458333333333336 0.46574074074074073 0.023958333333333335 0.04259259259259259
0 0.2872395833333333 0.29259259259259257 0.024479166666666666 0.044444444444444446
0 0.5125 0.5402777777777777 0.023958333333333335 0.041666666666666664
0 0.49947916666666664 0.5055555555555555 0.023958333333333335 0.04259259259259259
0 0.4283854166666667 0.41435185185185186 0.024479166666666666 0.04351851851851852
0 0.47317708333333336 0.2972222222222222 0.0234375 0.044444444444444446
0 0.42239583333333336 0.3662037037037037 0.025 0.04537037037037037
0 0.4591145833333333 0.24166666666666667 0.024479166666666666 0.044444444444444446
0 0.6927083333333334 0.06620370370370371 0.023958333333333335 0.04351851851851852
0 0.209375 0.31527777777777777 0.025 0.041666666666666664
0 0.3450520833333333 0.16805555555555557 0.025520833333333333 0.04351851851851852
0 0.4453125 0.2013888888888889 0.023958333333333335 0.04351851851851852
0 0.44895833333333335 0.3680555555555556 0.023958333333333335 0.04351851851851852
0 0.40390625 0.3925925925925926 0.0234375 0.04259259259259259
0 0.25703125 0.16620370370370371 0.024479166666666666 0.04351851851851852
0 0.42473958333333334 0.23796296296296296 0.024479166666666666 0.044444444444444446
0 0.3234375 0.2671296296296296 0.025 0.04351851851851852
0 0.39947916666666666 0.17407407407407408 0.023958333333333335 0.04259259259259259
0 0.2794270833333333 0.25416666666666665 0.0234375 0.041666666666666664
0 0.31927083333333334 0.2064814814814815 0.023958333333333335 0.04259259259259259
0 0.42135416666666664 0.18518518518518517 0.023958333333333335 0.044444444444444446
0 0.38333333333333336 0.20324074074074075 0.022916666666666665 0.04351851851851852
0 0.2921875 0.20833333333333334 0.022916666666666665 0.04259259259259259
0 0.30572916666666666 0.23935185185185184 0.023958333333333335 0.041666666666666664
0 0.4713541666666667 0.49444444444444446 0.023958333333333335 0.04259259259259259
0 0.35130208333333335 0.5194444444444445 0.025520833333333333 0.044444444444444446
0 0.27109375 0.19675925925925927 0.0234375 0.04351851851851852
0 0.3651041666666667 0.22916666666666666 0.023958333333333335 0.041666666666666664
0 0.34765625 0.2064814814814815 0.0234375 0.04259259259259259
0 0.40546875 0.21666666666666667 0.0234375 0.044444444444444446
0 0.3059895833333333 0.1763888888888889 0.024479166666666666 0.041666666666666664
0 0.34401041666666665 0.24768518518518517 0.0234375 0.04351851851851852
0 0.36484375 0.2671296296296296 0.024479166666666666 0.04351851851851852