0 0.46588541666666666 0.30277777777777776 0.0234375 0.03888888888888889
0 0.7122395833333334 0.5532407407407407 0.028645833333333332 0.04722222222222222
0 0.29791666666666666 0.20694444444444443 0.023958333333333335 0.03981481481481482
0 0.7291666666666666 0.4875 0.027083333333333334 0.04537037037037037
0 0.28020833333333334 0.5481481481481482 0.026041666666666668 0.044444444444444446
0 0.5940104166666667 0.40925925925925927 0.0234375 0.040740740740740744
0 0.57734375 0.6564814814814814 0.027604166666666666 0.04814814814814815
0 0.4283854166666667 0.5069444444444444 0.0234375 0.041666666666666664
0 0.5088541666666667 0.5314814814814814 0.022916666666666665 0.040740740740740744
0 0.7 0.4986111111111111 0.026041666666666668 0.04351851851851852
0 0.6557291666666667 0.3962962962962963 0.023958333333333335 0.04259259259259259
0 0.6877604166666667 0.07592592592592592 0.022395833333333334 0.037037037037037035
0 0.3145833333333333 0.5143518518518518 0.023958333333333335 0.041666666666666664
0 0.51875 0.49537037037037035 0.022916666666666665 0.040740740740740744
0 0.70234375 0.6976851851851852 0.0265625 0.04722222222222222
0 0.11692708333333333 0.6662037037037037 0.0265625 0.04537037037037037
0 0.63203125 0.41574074074074074 0.0234375 0.040740740740740744
0 0.46432291666666664 0.37916666666666665 0.022395833333333334 0.03981481481481482
0 0.4471354166666667 0.4689814814814815 0.022395833333333334 0.03981481481481482
0 0.24244791666666668 0.7643518518518518 0.025520833333333333 0.04537037037037037
0 0.44765625 0.41435185185185186 0.022395833333333334 0.03981481481481482
0 0.6890625 0.7888888888888889 0.028125 0.04814814814814815
0 0.39479166666666665 0.4115740740740741 0.022916666666666665 0.03981481481481482
0 0.41380208333333335 0.3337962962962963 0.022395833333333334 0.03981481481481482
0 0.2625 0.7361111111111112 0.025 0.044444444444444446
0 0.359375 0.5805555555555556 0.023958333333333335 0.040740740740740744
0 0.37838541666666664 0.31851851851851853 0.022395833333333334 0.040740740740740744
0 0.3770833333333333 0.20833333333333334 0.020833333333333332 0.03888888888888889
0 0.6184895833333334 0.37916666666666665 0.024479166666666666 0.041666666666666664
0 0.09244791666666667 0.6893518518518519 0.0265625 0.04537037037037037
0 0.3489583333333333 0.5476851851851852 0.025 0.03796296296296296
0 0.3145833333333333 0.6013888888888889 0.023958333333333335 0.03981481481481482
0 0.6580729166666667 0.7597222222222222 0.025520833333333333 0.04722222222222222
0 0.5559895833333334 0.5453703703703704 0.024479166666666666 0.04259259259259259
0 0.3145833333333333 0.6393518518518518 0.025 0.041666666666666664
0 0.26067708333333334 0.7875 0.025520833333333333 0.04537037037037037
0 0.33619791666666665 0.5861111111111111 0.0234375 0.040740740740740744
0 0.41822916666666665 0.20925925925925926 0.020833333333333332 0.03888888888888889
0 0.6330729166666667 0.7703703703703704 0.0265625 0.04814814814814815
0 0.415625 0.3925925925925926 0.021875 0.03888888888888889
0 0.31328125 0.5638888888888889 0.0234375 0.040740740740740744
0 0.23203125 0.8287037037037037 0.027604166666666666 0.04814814814814815
0 0.6119791666666666 0.13518518518518519 0.020833333333333332 0.037037037037037035
0 0.3658854166666667 0.3574074074074074 0.022395833333333334 0.03888888888888889
0 0.37890625 0.3875 0.022395833333333334 0.03981481481481482
0 0.4505208333333333 0.18935185185185185 0.020833333333333332 0.03796296296296296
0 0.46796875 0.22361111111111112 0.0203125 0.03611111111111111
0 0.5544270833333333 0.09675925925925925 0.0203125 0.03796296296296296
0 0.41484375 0.17453703703703705 0.0203125 0.03611111111111111
0 0.44635416666666666 0.22685185185185186 0.019791666666666666 0.037037037037037035
0 0.60390625 0.08333333333333333 0.021354166666666667 0.03888888888888889
0 0.48020833333333335 0.16712962962962963 0.020833333333333332 0.03796296296296296
0 0.5783854166666667 0.1375 0.0203125 0.03611111111111111
0 0.5854166666666667 0.07083333333333333 0.020833333333333332 0.03796296296296296
0 0.5158854166666667 0.1962962962962963 0.0203125 0.03518518518518519
0 0.39817708333333335 0.19953703703703704 0.0203125 0.03611111111111111
0 0.59453125 0.11388888888888889 0.0203125 0.037037037037037035
0 0.48385416666666664 0.2013888888888889 0.019791666666666666 0.03611111111111111
0 0.5372395833333333 0.13935185185185187 0.0203125 0.03611111111111111
0 0.55234375 0.16296296296296298 0.019270833333333334 0.03518518518518519
0 0.5747395833333333 0.1 0.0203125 0.037037037037037035
0 0.5315104166666667 0.1726851851851852 0.0203125 0.03796296296296296
0 0.49895833333333334 0.1787037037037037 0.01875 0.03518518518518519
0 0.51640625 0.15416666666666667 0.0203125 0.03611111111111111
0 0.5583333333333333 0.12916666666666668 0.019791666666666666 0.03611111111111111