0 0.33880208333333334 0.21342592592592594 0.0265625 0.04722222222222222
0 0.35911458333333335 0.16157407407407406 0.0265625 0.04722222222222222
0 0.42578125 0.3351851851851852 0.027604166666666666 0.04814814814814815
0 0.365625 0.4759259259259259 0.028125 0.04814814814814815
0 0.4674479166666667 0.3449074074074074 0.0265625 0.049074074074074076
0 0.48880208333333336 0.16342592592592592 0.0265625 0.04722222222222222
0 0.5270833333333333 0.549074074074074 0.028125 0.05
0 0.4518229166666667 0.5254629629629629 0.027604166666666666 0.049074074074074076
0 0.6442708333333333 0.13472222222222222 0.028125 0.049074074074074076
0 0.540625 0.4111111111111111 0.025 0.046296296296296294
0 0.53671875 0.45694444444444443 0.027604166666666666 0.049074074074074076
0 0.49635416666666665 0.37777777777777777 0.026041666666666668 0.046296296296296294
0 0.5143229166666666 0.41712962962962963 0.024479166666666666 0.04537037037037037
0 0.3421875 0.6453703703703704 0.028125 0.05