0 0.3182291666666667 0.21898148148148147 0.026041666666666668 0.04722222222222222
0 0.4283854166666667 0.2967592592592593 0.0265625 0.04722222222222222
0 0.4078125 0.4212962962962963 0.027083333333333334 0.04814814814814815
0 0.42421875 0.12407407407407407 0.0265625 0.04814814814814815
0 0.6557291666666667 0.13148148148148148 0.027083333333333334 0.04814814814814815
0 0.35104166666666664 0.6111111111111112 0.029166666666666667 0.05
0 0.5013020833333334 0.3972222222222222 0.0265625 0.04814814814814815
0 0.5122395833333333 0.49166666666666664 0.027604166666666666 0.04814814814814815
0 0.3346354166666667 0.17916666666666667 0.0265625 0.04722222222222222
0 0.61796875 0.4842592592592593 0.027604166666666666 0.04814814814814815
0 0.45416666666666666 0.44305555555555554 0.026041666666666668 0.04722222222222222
0 0.5046875 0.44675925925925924 0.026041666666666668 0.04722222222222222
0 0.34348958333333335 0.6601851851851852 0.027604166666666666 0.04814814814814815
0 0.47994791666666664 0.4337962962962963 0.024479166666666666 0.04722222222222222