0 0.3645833333333333 0.15694444444444444 0.027083333333333334 0.04722222222222222
0 0.42239583333333336 0.3787037037037037 0.027083333333333334 0.04814814814814815
0 0.4440104166666667 0.4273148148148148 0.027604166666666666 0.049074074074074076
0 0.309375 0.2273148148148148 0.027083333333333334 0.04722222222222222
0 0.5052083333333334 0.4648148148148148 0.027083333333333334 0.04814814814814815
0 0.6559895833333333 0.1310185185185185 0.027604166666666666 0.04722222222222222
0 0.47942708333333334 0.19768518518518519 0.0265625 0.04722222222222222
0 0.6598958333333333 0.4842592592592593 0.027083333333333334 0.05
0 0.63203125 0.4837962962962963 0.027604166666666666 0.049074074074074076
0 0.33619791666666665 0.1787037037037037 0.025520833333333333 0.046296296296296294
0 0.4890625 0.5046296296296297 0.027083333333333334 0.04814814814814815
0 0.34791666666666665 0.6439814814814815 0.028125 0.05092592592592592
0 0.32578125 0.6675925925925926 0.027604166666666666 0.05
0 0.4739583333333333 0.46805555555555556 0.025 0.04537037037037037