0 0.42734375 0.30972222222222223 0.027604166666666666 0.049074074074074076
0 0.5348958333333333 0.4148148148148148 0.027083333333333334 0.04814814814814815
0 0.36432291666666666 0.4708333333333333 0.027604166666666666 0.04722222222222222
0 0.35703125 0.15138888888888888 0.0265625 0.04722222222222222
0 0.6447916666666667 0.1388888888888889 0.027083333333333334 0.04814814814814815
0 0.46979166666666666 0.3824074074074074 0.027083333333333334 0.04814814814814815
0 0.33958333333333335 0.6439814814814815 0.028125 0.049074074074074076
0 0.38671875 0.20925925925925926 0.025520833333333333 0.046296296296296294
0 0.48671875 0.4305555555555556 0.0265625 0.04814814814814815
0 0.42864583333333334 0.5527777777777778 0.027083333333333334 0.05
0 0.45078125 0.5282407407407408 0.0265625 0.04722222222222222
0 0.48880208333333336 0.3287037037037037 0.025520833333333333 0.046296296296296294
0 0.37916666666666665 0.16898148148148148 0.025 0.04351851851851852
0 0.5166666666666667 0.45 0.028125 0.05185185185185185