0 0.4278645833333333 0.3439814814814815 0.027604166666666666 0.04722222222222222
0 0.36015625 0.16157407407407406 0.0265625 0.04722222222222222
0 0.34479166666666666 0.5532407407407407 0.029166666666666667 0.049074074074074076
0 0.33984375 0.21203703703703702 0.0265625 0.04814814814814815
0 0.5622395833333333 0.43194444444444446 0.027604166666666666 0.049074074074074076
0 0.56875 0.38564814814814813 0.027083333333333334 0.04722222222222222
0 0.50859375 0.12685185185185185 0.0265625 0.04814814814814815
0 0.6432291666666666 0.13472222222222222 0.027083333333333334 0.049074074074074076
0 0.5645833333333333 0.5092592592592593 0.027083333333333334 0.04814814814814815
0 0.34348958333333335 0.6444444444444445 0.028645833333333332 0.05
0 0.43411458333333336 0.5671296296296297 0.027604166666666666 0.049074074074074076
0 0.46171875 0.3638888888888889 0.025520833333333333 0.046296296296296294
0 0.4979166666666667 0.3888888888888889 0.025 0.046296296296296294
0 0.5216145833333333 0.4064814814814815 0.025520833333333333 0.046296296296296294