0 0.2916666666666667 0.21435185185185185 0.022916666666666665 0.03981481481481482
0 0.46796875 0.18518518518518517 0.022395833333333334 0.03888888888888889
0 0.47552083333333334 0.4125 0.023958333333333335 0.041666666666666664
0 0.615625 0.4476851851851852 0.022916666666666665 0.03981481481481482
0 0.6911458333333333 0.4527777777777778 0.023958333333333335 0.04259259259259259
0 0.6526041666666667 0.4351851851851852 0.023958333333333335 0.040740740740740744
0 0.6174479166666667 0.7814814814814814 0.028645833333333332 0.05185185185185185
0 0.43307291666666664 0.5356481481481481 0.0234375 0.03981481481481482
0 0.42682291666666666 0.21064814814814814 0.021354166666666667 0.03796296296296296
0 0.46979166666666666 0.27685185185185185 0.022916666666666665 0.03888888888888889
0 0.5578125 0.08425925925925926 0.020833333333333332 0.03888888888888889
0 0.39557291666666666 0.2175925925925926 0.021354166666666667 0.03888888888888889
0 0.39739583333333334 0.5472222222222223 0.022916666666666665 0.040740740740740744
0 0.5588541666666667 0.549074074074074 0.022916666666666665 0.04259259259259259
0 0.6692708333333334 0.4671296296296296 0.023958333333333335 0.041666666666666664
0 0.37421875 0.4597222222222222 0.022395833333333334 0.03981481481481482
0 0.36822916666666666 0.5351851851851852 0.022916666666666665 0.040740740740740744
0 0.5895833333333333 0.5324074074074074 0.023958333333333335 0.04259259259259259
0 0.60859375 0.300462962962963 0.022395833333333334 0.03981481481481482
0 0.5221354166666666 0.5055555555555555 0.022395833333333334 0.040740740740740744
0 0.49895833333333334 0.2884259259259259 0.020833333333333332 0.03796296296296296
0 0.7018229166666666 0.7657407407407407 0.0265625 0.04814814814814815
0 0.29609375 0.3125 0.022395833333333334 0.03796296296296296
0 0.59921875 0.5856481481481481 0.024479166666666666 0.04351851851851852
0 0.5364583333333334 0.47175925925925927 0.022916666666666665 0.03981481481481482
0 0.6184895833333334 0.4101851851851852 0.0234375 0.037037037037037035
0 0.65546875 0.7726851851851851 0.025520833333333333 0.04722222222222222
0 0.3104166666666667 0.28564814814814815 0.021875 0.03796296296296296
0 0.3234375 0.5990740740740741 0.023958333333333335 0.040740740740740744
0 0.56015625 0.4671296296296296 0.022395833333333334 0.03981481481481482
0 0.5645833333333333 0.2712962962962963 0.021875 0.03888888888888889
0 0.6098958333333333 0.36203703703703705 0.021875 0.03888888888888889
0 0.103125 0.6606481481481481 0.027083333333333334 0.04351851851851852
0 0.575 0.06574074074074074 0.019791666666666666 0.037037037037037035
0 0.59296875 0.3398148148148148 0.021354166666666667 0.03888888888888889
0 0.39453125 0.1685185185185185 0.021354166666666667 0.03888888888888889
0 0.5973958333333333 0.04537037037037037 0.020833333333333332 0.037037037037037035
0 0.34739583333333335 0.6 0.022916666666666665 0.040740740740740744
0 0.32421875 0.5597222222222222 0.0234375 0.03981481481481482
0 0.5265625 0.30185185185185187 0.020833333333333332 0.037037037037037035
0 0.5481770833333334 0.30925925925925923 0.021354166666666667 0.03888888888888889
0 0.6794270833333333 0.7875 0.025520833333333333 0.04537037037037037
0 0.3033854166666667 0.5069444444444444 0.022395833333333334 0.041666666666666664
0 0.28151041666666665 0.4962962962962963 0.022395833333333334 0.040740740740740744
0 0.08541666666666667 0.6935185185185185 0.026041666666666668 0.044444444444444446
0 0.32734375 0.4583333333333333 0.022395833333333334 0.040740740740740744
0 0.41015625 0.19074074074074074 0.0203125 0.037037037037037035
0 0.5489583333333333 0.5097222222222222 0.021875 0.03981481481481482
0 0.340625 0.5287037037037037 0.022916666666666665 0.03888888888888889
0 0.3578125 0.36574074074074076 0.021875 0.03888888888888889
0 0.3502604166666667 0.5611111111111111 0.0234375 0.03888888888888889
0 0.571875 0.5106481481481482 0.021875 0.03981481481481482
0 0.30442708333333335 0.46111111111111114 0.022395833333333334 0.040740740740740744
0 0.5700520833333333 0.30787037037037035 0.0203125 0.03796296296296296
0 0.22552083333333334 0.8231481481481482 0.027083333333333334 0.04814814814814815
0 0.3263020833333333 0.5009259259259259 0.022395833333333334 0.03888888888888889
0 0.3265625 0.32083333333333336 0.021875 0.03796296296296296
0 0.3372395833333333 0.35138888888888886 0.021354166666666667 0.03796296296296296
0 0.34921875 0.46944444444444444 0.022395833333333334 0.03888888888888889
0 0.3106770833333333 0.34444444444444444 0.021354166666666667 0.03888888888888889
0 0.3111979166666667 0.4152777777777778 0.022395833333333334 0.03981481481481482
0 0.34270833333333334 0.3907407407407407 0.021875 0.037037037037037035
0 0.33098958333333334 0.4212962962962963 0.019270833333333334 0.037037037037037035
0 0.32265625 0.38101851851851853 0.021354166666666667 0.03796296296296296
0 0.3489583333333333 0.43148148148148147 0.021875 0.037037037037037035