0 0.6575520833333334 0.4935185185185185 0.028645833333333332 0.05
0 0.6229166666666667 0.23287037037037037 0.028125 0.049074074074074076
0 0.5046875 0.40324074074074073 0.027083333333333334 0.04722222222222222
0 0.41692708333333334 0.21157407407407408 0.0265625 0.04722222222222222
0 0.6671875 0.08148148148148149 0.027083333333333334 0.04814814814814815
0 0.50625 0.5078703703703704 0.027083333333333334 0.04722222222222222
0 0.6731770833333334 0.24537037037037038 0.0296875 0.05185185185185185
0 0.353125 0.5115740740740741 0.027083333333333334 0.04722222222222222
0 0.6549479166666666 0.1527777777777778 0.027604166666666666 0.05
0 0.6125 0.7217592592592592 0.029166666666666667 0.05277777777777778
0 0.5934895833333333 0.5310185185185186 0.027604166666666666 0.049074074074074076
0 0.6598958333333333 0.37407407407407406 0.027083333333333334 0.04814814814814815
0 0.5510416666666667 0.5662037037037037 0.027083333333333334 0.04722222222222222
0 0.39739583333333334 0.7050925925925926 0.027083333333333334 0.049074074074074076
0 0.6815104166666667 0.16111111111111112 0.0265625 0.05
0 0.6861979166666666 0.35324074074074074 0.027604166666666666 0.04722222222222222
0 0.31588541666666664 0.7615740740740741 0.027604166666666666 0.049074074074074076
0 0.67890625 0.3106481481481482 0.027604166666666666 0.04722222222222222
0 0.6661458333333333 0.5879629629629629 0.027083333333333334 0.04814814814814815
0 0.6203125 0.5481481481481482 0.026041666666666668 0.04814814814814815
0 0.4700520833333333 0.28703703703703703 0.024479166666666666 0.046296296296296294
0 0.30572916666666666 0.12175925925925926 0.027083333333333334 0.04722222222222222
0 0.6453125 0.5592592592592592 0.026041666666666668 0.04814814814814815
0 0.30520833333333336 0.40370370370370373 0.026041666666666668 0.046296296296296294
0 0.27109375 0.3773148148148148 0.025520833333333333 0.04537037037037037
0 0.41015625 0.2763888888888889 0.024479166666666666 0.04537037037037037
0 0.4427083333333333 0.3189814814814815 0.025 0.04351851851851852
0 0.2942708333333333 0.3587962962962963 0.025 0.04537037037037037
0 0.2947916666666667 0.7055555555555556 0.026041666666666668 0.04814814814814815
0 0.2671875 0.6527777777777778 0.026041666666666668 0.046296296296296294
0 0.33098958333333334 0.2574074074074074 0.0265625 0.046296296296296294
0 0.4166666666666667 0.4273148148148148 0.025 0.04537037037037037
0 0.32005208333333335 0.7078703703703704 0.0265625 0.04537037037037037
0 0.3541666666666667 0.32731481481481484 0.025 0.04537037037037037
0 0.3731770833333333 0.4074074074074074 0.024479166666666666 0.044444444444444446
0 0.3419270833333333 0.2902777777777778 0.025520833333333333 0.04537037037037037
0 0.2911458333333333 0.6388888888888888 0.026041666666666668 0.046296296296296294
0 0.3924479166666667 0.4361111111111111 0.024479166666666666 0.044444444444444446
0 0.37890625 0.32685185185185184 0.024479166666666666 0.044444444444444446
0 0.38255208333333335 0.36712962962962964 0.025520833333333333 0.04351851851851852
0 0.4375 0.27685185185185185 0.025 0.044444444444444446
0 0.3997395833333333 0.3939814814814815 0.024479166666666666 0.041666666666666664