0 0.3184895833333333 0.2412037037037037 0.0234375 0.04351851851851852
0 0.32838541666666665 0.2833333333333333 0.024479166666666666 0.044444444444444446
0 0.3497395833333333 0.2611111111111111 0.024479166666666666 0.04259259259259259
0 0.29348958333333336 0.23796296296296296 0.025520833333333333 0.046296296296296294
0 0.30026041666666664 0.27824074074074073 0.025520833333333333 0.04537037037037037
0 0.37083333333333335 0.425 0.023958333333333335 0.04259259259259259
0 0.35390625 0.47824074074074074 0.025520833333333333 0.04537037037037037
0 0.378125 0.4652777777777778 0.023958333333333335 0.04351851851851852
0 0.6575520833333334 0.49398148148148147 0.027604166666666666 0.049074074074074076
0 0.67109375 0.24583333333333332 0.027604166666666666 0.05092592592592592
0 0.36432291666666666 0.2949074074074074 0.025520833333333333 0.04537037037037037
0 0.39739583333333334 0.43657407407407406 0.026041666666666668 0.04537037037037037
0 0.3296875 0.4699074074074074 0.026041666666666668 0.04537037037037037
0 0.33932291666666664 0.3212962962962963 0.024479166666666666 0.044444444444444446
0 0.3221354166666667 0.4101851851851852 0.025520833333333333 0.046296296296296294
0 0.34791666666666665 0.4152777777777778 0.023958333333333335 0.04351851851851852
0 0.37109375 0.5064814814814815 0.025520833333333333 0.046296296296296294
0 0.40234375 0.4842592592592593 0.025520833333333333 0.044444444444444446
0 0.45078125 0.5388888888888889 0.027604166666666666 0.04814814814814815
0 0.4552083333333333 0.4023148148148148 0.025 0.04537037037037037
0 0.271875 0.3384259259259259 0.027083333333333334 0.04722222222222222
0 0.30442708333333335 0.12268518518518519 0.0265625 0.04722222222222222
0 0.3927083333333333 0.525 0.026041666666666668 0.044444444444444446
0 0.66640625 0.08055555555555556 0.0265625 0.04814814814814815
0 0.6822916666666666 0.5953703703703703 0.028125 0.05
0 0.55546875 0.5805555555555556 0.028645833333333332 0.05
0 0.496875 0.6754629629629629 0.028125 0.049074074074074076
0 0.6828125 0.35555555555555557 0.027083333333333334 0.05
0 0.6747395833333333 0.31203703703703706 0.0265625 0.04814814814814815
0 0.27760416666666665 0.7185185185185186 0.028125 0.05
0 0.4765625 0.42314814814814816 0.025 0.044444444444444446
0 0.35 0.7685185185185185 0.028125 0.05
0 0.6549479166666666 0.15462962962962962 0.027604166666666666 0.05
0 0.68046875 0.16157407407407406 0.0265625 0.05092592592592592
0 0.31223958333333335 0.775 0.027604166666666666 0.05
0 0.29765625 0.7388888888888889 0.0265625 0.046296296296296294
0 0.6203125 0.5337962962962963 0.026041666666666668 0.04722222222222222
0 0.5729166666666666 0.711574074074074 0.028125 0.05092592592592592
0 0.3731770833333333 0.7055555555555556 0.027604166666666666 0.05
0 0.6598958333333333 0.5685185185185185 0.026041666666666668 0.046296296296296294
0 0.6588541666666666 0.3763888888888889 0.026041666666666668 0.04722222222222222
0 0.6338541666666667 0.5736111111111111 0.026041666666666668 0.04722222222222222