0 0.4666666666666667 0.14305555555555555 0.025 0.04537037037037037
0 0.44296875 0.13472222222222222 0.025520833333333333 0.04351851851851852
0 0.49713541666666666 0.3560185185185185 0.024479166666666666 0.04537037037037037
0 0.28411458333333334 0.275 0.025520833333333333 0.046296296296296294
0 0.47109375 0.3578703703703704 0.024479166666666666 0.04537037037037037
0 0.5364583333333334 0.24444444444444444 0.025 0.046296296296296294
0 0.47630208333333335 0.17916666666666667 0.025520833333333333 0.04537037037037037
0 0.49947916666666664 0.16111111111111112 0.025 0.046296296296296294
0 0.44375 0.3375 0.025 0.04537037037037037
0 0.5203125 0.3763888888888889 0.025 0.04537037037037037
0 0.30182291666666666 0.23472222222222222 0.0265625 0.04722222222222222
0 0.40625 0.3939814814814815 0.025 0.04537037037037037
0 0.6505208333333333 0.5597222222222222 0.026041666666666668 0.049074074074074076
0 0.5402395833333333 0.4019351851851852 0.026312500000000003 0.046453703703703705
0 0.4317708333333333 0.37824074074074077 0.023958333333333335 0.04537037037037037
0 0.43359375 0.1763888888888889 0.025520833333333333 0.04537037037037037
0 0.5489583333333333 0.2814814814814815 0.026041666666666668 0.046296296296296294
0 0.26328125 0.30416666666666664 0.0265625 0.04722222222222222
0 0.4942708333333333 0.4009259259259259 0.025 0.046296296296296294
0 0.6768229166666667 0.5569444444444445 0.0265625 0.049074074074074076
0 0.559375 0.42592592592592593 0.025 0.046296296296296294
0 0.51796875 0.42314814814814816 0.024479166666666666 0.044444444444444446
0 0.46484375 0.40185185185185185 0.025520833333333333 0.046296296296296294
0 0.6276041666666666 0.5791666666666667 0.026041666666666668 0.04722222222222222
0 0.2546875 0.2439814814814815 0.027083333333333334 0.04722222222222222
0 0.38203125 0.24166666666666667 0.0265625 0.046296296296296294
0 0.39479166666666665 0.2916666666666667 0.026041666666666668 0.046296296296296294
0 0.5841145833333333 0.44027777777777777 0.025520833333333333 0.04722222222222222
0 0.39609375 0.4375 0.0265625 0.04722222222222222
0 0.60625 0.6060185185185185 0.027083333333333334 0.049074074074074076
0 0.36041666666666666 0.4162037037037037 0.026041666666666668 0.04722222222222222
0 0.58515625 0.32685185185185184 0.025520833333333333 0.04814814814814815
0 0.27239583333333334 0.36203703703703705 0.027083333333333334 0.04814814814814815
0 0.5604166666666667 0.6689814814814815 0.027083333333333334 0.049074074074074076
0 0.6911458333333333 0.5976851851851852 0.028125 0.049074074074074076
0 0.5846354166666666 0.6851851851851852 0.0265625 0.05
0 0.6403645833333333 0.21388888888888888 0.0265625 0.04814814814814815
0 0.56875 0.11296296296296296 0.026041666666666668 0.04814814814814815
0 0.30416666666666664 0.1337962962962963 0.027083333333333334 0.04722222222222222
0 0.7067708333333333 0.2726851851851852 0.027083333333333334 0.049074074074074076
0 0.4583333333333333 0.5074074074074074 0.026041666666666668 0.04814814814814815
0 0.2755208333333333 0.575462962962963 0.028125 0.049074074074074076