0 0.4239583333333333 0.3162037037037037 0.025 0.04537037037037037
0 0.39557291666666666 0.3 0.025520833333333333 0.046296296296296294
0 0.2838541666666667 0.2763888888888889 0.025 0.04537037037037037
0 0.5614583333333333 0.3837962962962963 0.026041666666666668 0.04722222222222222
0 0.5385416666666667 0.4027777777777778 0.025 0.044444444444444446
0 0.4671875 0.38055555555555554 0.026041666666666668 0.046296296296296294
0 0.4434895833333333 0.33935185185185185 0.0234375 0.04351851851851852
0 0.6513020833333333 0.5597222222222222 0.0265625 0.049074074074074076
0 0.6265625 0.5777777777777777 0.025 0.046296296296296294
0 0.48072916666666665 0.41898148148148145 0.025 0.04537037037037037
0 0.5140625 0.43842592592592594 0.025 0.04537037037037037
0 0.5583333333333333 0.4300925925925926 0.025 0.04537037037037037
0 0.4505208333333333 0.4203703703703704 0.025 0.044444444444444446
0 0.26276041666666666 0.30462962962962964 0.0265625 0.046296296296296294
0 0.6768229166666667 0.5569444444444445 0.0265625 0.049074074074074076
0 0.3953125 0.45694444444444443 0.026041666666666668 0.04722222222222222
0 0.375 0.3287037037037037 0.025 0.046296296296296294
0 0.5171875 0.36203703703703705 0.025 0.046296296296296294
0 0.3015625 0.23564814814814813 0.026041666666666668 0.04722222222222222
0 0.42083333333333334 0.40925925925925927 0.026041666666666668 0.04814814814814815
0 0.4864583333333333 0.46435185185185185 0.025 0.04537037037037037
0 0.3645833333333333 0.4527777777777778 0.025 0.046296296296296294
0 0.5018229166666667 0.3143518518518518 0.025520833333333333 0.04722222222222222
0 0.5841145833333333 0.44027777777777777 0.025520833333333333 0.04722222222222222
0 0.5114583333333333 0.4842592592592593 0.026041666666666668 0.046296296296296294
0 0.25390625 0.2449074074074074 0.0265625 0.04722222222222222
0 0.6067708333333334 0.6060185185185185 0.027083333333333334 0.049074074074074076
0 0.39348958333333334 0.5032407407407408 0.0265625 0.04722222222222222
0 0.27265625 0.362962962962963 0.0265625 0.04814814814814815
0 0.5604166666666667 0.6680555555555555 0.027083333333333334 0.049074074074074076
0 0.6916666666666667 0.5981481481481481 0.028125 0.05
0 0.4583333333333333 0.5083333333333333 0.026041666666666668 0.046296296296296294
0 0.31744791666666666 0.3962962962962963 0.027604166666666666 0.04814814814814815
0 0.49921875 0.16296296296296298 0.025520833333333333 0.046296296296296294
0 0.5848958333333333 0.6851851851851852 0.027083333333333334 0.05
0 0.6380208333333334 0.21296296296296297 0.027083333333333334 0.04814814814814815
0 0.42109375 0.17083333333333334 0.0265625 0.04722222222222222
0 0.30390625 0.13564814814814816 0.0265625 0.04722222222222222
0 0.5677083333333334 0.11342592592592593 0.026041666666666668 0.04722222222222222
0 0.7072916666666667 0.2712962962962963 0.028125 0.05
0 0.34427083333333336 0.5689814814814815 0.027083333333333334 0.04722222222222222
0 0.27578125 0.5763888888888888 0.027604166666666666 0.049074074074074076