0 0.46328125 0.40046296296296297 0.025520833333333333 0.04537037037037037
0 0.48802083333333335 0.4050925925925926 0.025 0.04537037037037037
0 0.6526041666666667 0.5583333333333333 0.026041666666666668 0.04814814814814815
0 0.64375 0.38657407407407407 0.027083333333333334 0.049074074074074076
0 0.48203125 0.4777777777777778 0.025520833333333333 0.044444444444444446
0 0.5049479166666667 0.16527777777777777 0.025520833333333333 0.04537037037037037
0 0.35885416666666664 0.5611111111111111 0.026041666666666668 0.046296296296296294
0 0.28515625 0.27685185185185185 0.025520833333333333 0.046296296296296294
0 0.5015625 0.44351851851851853 0.025 0.044444444444444446
0 0.6125 0.4134259259259259 0.026041666666666668 0.04722222222222222
0 0.53203125 0.15416666666666667 0.0265625 0.04722222222222222
0 0.43828125 0.4074074074074074 0.025520833333333333 0.04814814814814815
0 0.6783854166666666 0.5578703703703703 0.0265625 0.049074074074074076
0 0.43463541666666666 0.5199074074074074 0.0265625 0.04537037037037037
0 0.4791666666666667 0.5217592592592593 0.025 0.04537037037037037
0 0.6408854166666667 0.4310185185185185 0.0265625 0.04722222222222222
0 0.4296875 0.4736111111111111 0.026041666666666668 0.04722222222222222
0 0.3028645833333333 0.23657407407407408 0.0265625 0.04722222222222222
0 0.6296875 0.5787037037037037 0.026041666666666668 0.04814814814814815
0 0.503125 0.49953703703703706 0.026041666666666668 0.04722222222222222
0 0.5890625 0.4513888888888889 0.026041666666666668 0.04722222222222222
0 0.48776041666666664 0.13703703703703704 0.0265625 0.04814814814814815
0 0.45546875 0.5407407407407407 0.025520833333333333 0.044444444444444446
0 0.2640625 0.3050925925925926 0.027083333333333334 0.04722222222222222
0 0.3268229166666667 0.412962962962963 0.0265625 0.04814814814814815
0 0.35546875 0.4361111111111111 0.0265625 0.046296296296296294
0 0.32265625 0.5351851851851852 0.0265625 0.04814814814814815
0 0.3377604166666667 0.5856481481481481 0.0265625 0.04722222222222222
0 0.5895833333333333 0.5032407407407408 0.027083333333333334 0.04722222222222222
0 0.37734375 0.38287037037037036 0.0265625 0.04722222222222222
0 0.5291666666666667 0.19814814814814816 0.026041666666666668 0.04814814814814815
0 0.25546875 0.24583333333333332 0.0265625 0.04722222222222222
0 0.37161458333333336 0.6018518518518519 0.0265625 0.04814814814814815
0 0.60859375 0.6050925925925926 0.0265625 0.049074074074074076
0 0.55625 0.549074074074074 0.026041666666666668 0.04814814814814815
0 0.27395833333333336 0.3638888888888889 0.027083333333333334 0.04814814814814815
0 0.6932291666666667 0.5972222222222222 0.028125 0.05
0 0.40963541666666664 0.5861111111111111 0.0265625 0.04814814814814815
0 0.5627604166666667 0.3541666666666667 0.025520833333333333 0.04722222222222222
0 0.7119791666666667 0.2523148148148148 0.029166666666666667 0.05092592592592592
0 0.30520833333333336 0.13148148148148148 0.027083333333333334 0.04814814814814815
0 0.5893229166666667 0.6939814814814815 0.028645833333333332 0.05277777777777778