0 0.6872395833333333 0.5347222222222222 0.028645833333333332 0.04722222222222222
0 0.29140625 0.2152777777777778 0.0234375 0.03981481481481482
0 0.32109375 0.487962962962963 0.0234375 0.04259259259259259
0 0.4322916666666667 0.19768518518518519 0.022916666666666665 0.03981481481481482
0 0.7 0.35509259259259257 0.023958333333333335 0.041666666666666664
0 0.2869791666666667 0.300462962962963 0.021875 0.03796296296296296
0 0.29765625 0.48333333333333334 0.0234375 0.04259259259259259
0 0.29973958333333334 0.3699074074074074 0.0234375 0.03981481481481482
0 0.2265625 0.5763888888888888 0.025 0.04351851851851852
0 0.7005208333333334 0.2740740740740741 0.023958333333333335 0.040740740740740744
0 0.48723958333333334 0.549074074074074 0.0234375 0.040740740740740744
0 0.37786458333333334 0.22916666666666666 0.021354166666666667 0.03796296296296296
0 0.6411458333333333 0.587037037037037 0.027083333333333334 0.046296296296296294
0 0.33255208333333336 0.5574074074074075 0.0234375 0.03888888888888889
0 0.30963541666666666 0.287962962962963 0.022395833333333334 0.03888888888888889
0 0.42473958333333334 0.3578703703703704 0.024479166666666666 0.041666666666666664
0 0.51953125 0.5412037037037037 0.0234375 0.03981481481481482
0 0.10182291666666667 0.6606481481481481 0.027604166666666666 0.04537037037037037
0 0.6169270833333333 0.7819444444444444 0.0296875 0.05277777777777778
0 0.6520833333333333 0.43657407407407406 0.025 0.041666666666666664
0 0.38307291666666665 0.1537037037037037 0.022395833333333334 0.03888888888888889
0 0.25729166666666664 0.6337962962962963 0.025 0.04351851851851852
0 0.58515625 0.3731481481481482 0.024479166666666666 0.04259259259259259
0 0.6716145833333333 0.35138888888888886 0.0234375 0.041666666666666664
0 0.32005208333333335 0.2550925925925926 0.021354166666666667 0.03796296296296296
0 0.22239583333333332 0.5333333333333333 0.023958333333333335 0.040740740740740744
0 0.30885416666666665 0.65 0.025 0.04259259259259259
0 0.3375 0.5944444444444444 0.023958333333333335 0.040740740740740744
0 0.54453125 0.17314814814814813 0.022395833333333334 0.03888888888888889
0 0.6815104166666667 0.2310185185185185 0.022395833333333334 0.03981481481481482
0 0.56015625 0.5541666666666667 0.024479166666666666 0.04351851851851852
0 0.5578125 0.45740740740740743 0.022916666666666665 0.040740740740740744
0 0.2755208333333333 0.5189814814814815 0.023958333333333335 0.03981481481481482
0 0.084375 0.6930555555555555 0.027083333333333334 0.04722222222222222
0 0.27109375 0.4587962962962963 0.0234375 0.041666666666666664
0 0.6151041666666667 0.44305555555555554 0.023958333333333335 0.03981481481481482
0 0.65703125 0.2064814814814815 0.022395833333333334 0.040740740740740744
0 0.25703125 0.36064814814814816 0.022395833333333334 0.03981481481481482
0 0.6799479166666667 0.17916666666666667 0.0234375 0.03981481481481482
0 0.7015625 0.7666666666666667 0.027083333333333334 0.04814814814814815
0 0.5567708333333333 0.08611111111111111 0.020833333333333332 0.03888888888888889
0 0.6388020833333333 0.38842592592592595 0.0234375 0.041666666666666664
0 0.6096354166666667 0.1884259259259259 0.022395833333333334 0.03796296296296296
0 0.56328125 0.6018518518518519 0.0265625 0.044444444444444446
0 0.5723958333333333 0.18472222222222223 0.020833333333333332 0.03796296296296296
0 0.23776041666666667 0.49907407407407406 0.024479166666666666 0.040740740740740744
0 0.23671875 0.43472222222222223 0.0234375 0.03981481481481482
0 0.2682291666666667 0.5569444444444445 0.023958333333333335 0.041666666666666664
0 0.30885416666666665 0.6129629629629629 0.023958333333333335 0.03888888888888889
0 0.65 0.6370370370370371 0.028125 0.046296296296296294
0 0.6549479166666666 0.7722222222222223 0.025520833333333333 0.04814814814814815
0 0.24609375 0.5472222222222223 0.0234375 0.040740740740740744
0 0.24322916666666666 0.3902777777777778 0.022916666666666665 0.03796296296296296
0 0.278125 0.35509259259259257 0.020833333333333332 0.03796296296296296
0 0.5744791666666667 0.06666666666666667 0.020833333333333332 0.03888888888888889
0 0.2911458333333333 0.5523148148148148 0.022916666666666665 0.03981481481481482
0 0.30630208333333336 0.5772222222222222 0.0240625 0.04
0 0.6151041666666667 0.4060185185185185 0.022916666666666665 0.03981481481481482
0 0.24895833333333334 0.46435185185185185 0.022916666666666665 0.03796296296296296
0 0.22578125 0.8245370370370371 0.0265625 0.04722222222222222
0 0.28671875 0.6101851851851852 0.0234375 0.03888888888888889
0 0.2598958333333333 0.42592592592592593 0.022916666666666665 0.03888888888888889
0 0.596875 0.046296296296296294 0.020833333333333332 0.03888888888888889
0 0.2674479166666667 0.5958333333333333 0.0234375 0.041666666666666664
0 0.67890625 0.7870370370370371 0.025520833333333333 0.046296296296296294