0 0.35885416666666664 0.35462962962962963 0.025 0.044444444444444446
0 0.6526041666666667 0.5564814814814815 0.026041666666666668 0.04814814814814815
0 0.6231770833333333 0.32731481481481484 0.024479166666666666 0.04537037037037037
0 0.28515625 0.2759259259259259 0.025520833333333333 0.046296296296296294
0 0.6036458333333333 0.3560185185185185 0.025 0.04537037037037037
0 0.5794270833333334 0.3472222222222222 0.025520833333333333 0.046296296296296294
0 0.38619791666666664 0.3837962962962963 0.025520833333333333 0.04537037037037037
0 0.32447916666666665 0.3560185185185185 0.026041666666666668 0.04722222222222222
0 0.5203125 0.33935185185185185 0.026041666666666668 0.04722222222222222
0 0.67890625 0.5569444444444445 0.0265625 0.049074074074074076
0 0.41119791666666666 0.3824074074074074 0.025520833333333333 0.046296296296296294
0 0.4984375 0.3662037037037037 0.023958333333333335 0.04537037037037037
0 0.2638020833333333 0.30416666666666664 0.0265625 0.04722222222222222
0 0.47369791666666666 0.500462962962963 0.025520833333333333 0.04722222222222222
0 0.6296875 0.5768518518518518 0.026041666666666668 0.04814814814814815
0 0.54453125 0.4412037037037037 0.025520833333333333 0.04537037037037037
0 0.3484375 0.39490740740740743 0.025 0.04537037037037037
0 0.45729166666666665 0.5333333333333333 0.025 0.046296296296296294
0 0.4674479166666667 0.3768518518518518 0.025520833333333333 0.046296296296296294
0 0.42682291666666666 0.538425925925926 0.025520833333333333 0.04722222222222222
0 0.54765625 0.38796296296296295 0.025520833333333333 0.046296296296296294
0 0.45234375 0.32314814814814813 0.025520833333333333 0.046296296296296294
0 0.30625 0.22870370370370371 0.027083333333333334 0.04814814814814815
0 0.2552083333333333 0.2449074074074074 0.027083333333333334 0.04722222222222222
0 0.55 0.48564814814814816 0.027083333333333334 0.04722222222222222
0 0.5622395833333333 0.27037037037037037 0.0265625 0.046296296296296294
0 0.66171875 0.35833333333333334 0.0265625 0.04814814814814815
0 0.6088541666666667 0.6037037037037037 0.027083333333333334 0.05
0 0.60859375 0.43657407407407406 0.0265625 0.04722222222222222
0 0.27421875 0.3625 0.027604166666666666 0.04722222222222222
0 0.3854166666666667 0.45555555555555555 0.027083333333333334 0.04814814814814815
0 0.6942708333333333 0.5962962962962963 0.028125 0.05
0 0.40963541666666664 0.5861111111111111 0.0265625 0.04814814814814815
0 0.4921875 0.1787037037037037 0.026041666666666668 0.046296296296296294
0 0.44557291666666665 0.1375 0.0265625 0.04722222222222222
0 0.33828125 0.5740740740740741 0.0265625 0.04814814814814815
0 0.6619791666666667 0.2388888888888889 0.027083333333333334 0.04814814814814815
0 0.6033854166666667 0.1398148148148148 0.0265625 0.04814814814814815
0 0.37135416666666665 0.600462962962963 0.026041666666666668 0.04722222222222222
0 0.52890625 0.09490740740740741 0.0265625 0.04722222222222222
0 0.30494791666666665 0.12777777777777777 0.0265625 0.04814814814814815
0 0.5895833333333333 0.6953703703703704 0.028125 0.05185185185185185