0 0.4005208333333333 0.2050925925925926 0.025 0.04537037037037037
0 0.46171875 0.1712962962962963 0.024479166666666666 0.044444444444444446
0 0.3815104166666667 0.2375 0.025520833333333333 0.04537037037037037
0 0.396875 0.26944444444444443 0.025 0.044444444444444446
0 0.4170729166666666 0.24184259259259258 0.026848958333333332 0.046648148148148154
0 0.49375 0.2125 0.023958333333333335 0.04537037037037037
0 0.4703125 0.21064814814814814 0.023958333333333335 0.04537037037037037
0 0.5963541666666666 0.125 0.025 0.046296296296296294
0 0.6520833333333333 0.1587962962962963 0.025 0.04537037037037037
0 0.6911458333333333 0.2125 0.026041666666666668 0.04722222222222222
0 0.6380208333333334 0.1962962962962963 0.025 0.046296296296296294
0 0.6734375 0.18055555555555555 0.026041666666666668 0.046296296296296294
0 0.6794270833333333 0.13796296296296295 0.025520833333333333 0.046296296296296294
0 0.6984375 0.1685185185185185 0.026041666666666668 0.046296296296296294
0 0.503125 0.33796296296296297 0.025 0.046296296296296294
0 0.36302083333333335 0.3837962962962963 0.025 0.04537037037037037
0 0.6096354166666667 0.1925925925925926 0.024479166666666666 0.046296296296296294
0 0.47421875 0.33194444444444443 0.024479166666666666 0.04351851851851852
0 0.57109375 0.1398148148148148 0.024479166666666666 0.046296296296296294
0 0.5901041666666667 0.16574074074074074 0.026041666666666668 0.04814814814814815
0 0.35859375 0.44166666666666665 0.024479166666666666 0.044444444444444446
0 0.6588541666666666 0.2361111111111111 0.027083333333333334 0.05
0 0.3802083333333333 0.42083333333333334 0.025 0.04537037037037037
0 0.39296875 0.38472222222222224 0.025520833333333333 0.04537037037037037
0 0.33828125 0.38796296296296295 0.025520833333333333 0.046296296296296294
0 0.6817708333333333 0.25277777777777777 0.025 0.04814814814814815
0 0.5075520833333333 0.3814814814814815 0.025520833333333333 0.046296296296296294
0 0.39140625 0.549537037037037 0.025520833333333333 0.04537037037037037
0 0.4361979166666667 0.16527777777777777 0.025520833333333333 0.04722222222222222
0 0.65 0.5314814814814814 0.027083333333333334 0.04814814814814815
0 0.71328125 0.23287037037037037 0.027604166666666666 0.049074074074074076
0 0.6153645833333333 0.2986111111111111 0.0265625 0.04722222222222222
0 0.47708333333333336 0.3763888888888889 0.025 0.04537037037037037
0 0.6291666666666667 0.5 0.027083333333333334 0.05
0 0.525 0.4111111111111111 0.025 0.046296296296296294
0 0.33645833333333336 0.4310185185185185 0.026041666666666668 0.04722222222222222
0 0.2799479166666667 0.30092592592592593 0.025520833333333333 0.046296296296296294
0 0.37109375 0.575 0.025520833333333333 0.046296296296296294
0 0.6283854166666667 0.2388888888888889 0.0265625 0.04814814814814815
0 0.5247395833333334 0.4587962962962963 0.025520833333333333 0.04722222222222222
0 0.4127604166666667 0.4134259259259259 0.025520833333333333 0.04537037037037037
0 0.6427083333333333 0.35324074074074074 0.026041666666666668 0.049074074074074076
0 0.37447916666666664 0.5013888888888889 0.025 0.04722222222222222
0 0.3953125 0.45416666666666666 0.025 0.04722222222222222
0 0.5510416666666667 0.4736111111111111 0.025 0.04722222222222222
0 0.34921875 0.5023148148148148 0.025520833333333333 0.04722222222222222
0 0.6776041666666667 0.5541666666666667 0.027083333333333334 0.049074074074074076
0 0.34609375 0.5828703703703704 0.024479166666666666 0.04537037037037037
0 0.25625 0.3189814814814815 0.026041666666666668 0.04537037037037037
0 0.33255208333333336 0.47453703703703703 0.0265625 0.04537037037037037
0 0.6958333333333333 0.3282407407407407 0.027083333333333334 0.049074074074074076
0 0.61015625 0.3449074074074074 0.025520833333333333 0.04722222222222222
0 0.45364583333333336 0.35694444444444445 0.026041666666666668 0.04537037037037037
0 0.5744791666666667 0.65 0.027083333333333334 0.05
0 0.6252604166666667 0.5476851851851852 0.0265625 0.04722222222222222
0 0.53046875 0.5009259259259259 0.025520833333333333 0.046296296296296294
0 0.271875 0.4675925925925926 0.027083333333333334 0.046296296296296294
0 0.70390625 0.2814814814814815 0.028645833333333332 0.05
0 0.58828125 0.08194444444444444 0.025520833333333333 0.04722222222222222
0 0.67109375 0.3736111111111111 0.0265625 0.049074074074074076
0 0.41302083333333334 0.30324074074074076 0.026041666666666668 0.04722222222222222
0 0.6559895833333333 0.462037037037037 0.0265625 0.05
0 0.3263020833333333 0.5555555555555556 0.0265625 0.04814814814814815
0 0.38828125 0.6041666666666666 0.024479166666666666 0.04537037037037037
0 0.5158854166666667 0.2300925925925926 0.025520833333333333 0.04722222222222222
0 0.4830729166666667 0.487962962962963 0.024479166666666666 0.046296296296296294
0 0.5783854166666667 0.4837962962962963 0.0265625 0.04722222222222222
0 0.5645833333333333 0.41759259259259257 0.026041666666666668 0.04814814814814815
0 0.4432291666666667 0.4444444444444444 0.025 0.046296296296296294
0 0.4083333333333333 0.5782407407407407 0.027083333333333334 0.04722222222222222
0 0.5067708333333333 0.5013888888888889 0.025 0.04722222222222222
0 0.41875 0.45555555555555555 0.025 0.046296296296296294
0 0.65546875 0.5787037037037037 0.0265625 0.05
0 0.2643229166666667 0.5162037037037037 0.027604166666666666 0.04722222222222222
0 0.6020833333333333 0.4537037037037037 0.026041666666666668 0.04814814814814815
0 0.553125 0.5212962962962963 0.026041666666666668 0.046296296296296294
0 0.459375 0.4759259259259259 0.023958333333333335 0.046296296296296294
0 0.25442708333333336 0.25 0.0265625 0.046296296296296294
0 0.6299479166666667 0.5944444444444444 0.027604166666666666 0.05
0 0.7263020833333333 0.15555555555555556 0.027604166666666666 0.05
0 0.6885416666666667 0.5981481481481481 0.029166666666666667 0.05185185185185185
0 0.6963541666666667 0.43472222222222223 0.027083333333333334 0.049074074074074076
0 0.36692708333333335 0.6263888888888889 0.0265625 0.04722222222222222
0 0.5377604166666666 0.08101851851851852 0.0265625 0.04722222222222222
0 0.56015625 0.6888888888888889 0.027604166666666666 0.05
0 0.7239583333333334 0.36342592592592593 0.028125 0.05092592592592592
0 0.5861979166666667 0.6925925925925925 0.027604166666666666 0.05
0 0.3302083333333333 0.7069444444444445 0.027083333333333334 0.049074074074074076
0 0.27682291666666664 0.5981481481481481 0.027604166666666666 0.046296296296296294
0 0.30416666666666664 0.1527777777777778 0.026041666666666668 0.046296296296296294