0 0.6856770833333333 0.5314814814814814 0.027604166666666666 0.046296296296296294
0 0.2635416666666667 0.6513888888888889 0.025 0.04351851851851852
0 0.29270833333333335 0.21388888888888888 0.021875 0.03888888888888889
0 0.6979166666666666 0.3537037037037037 0.025 0.04259259259259259
0 0.340625 0.5300925925925926 0.025 0.041666666666666664
0 0.31588541666666664 0.3101851851851852 0.022395833333333334 0.03888888888888889
0 0.6403645833333333 0.5842592592592593 0.025520833333333333 0.044444444444444446
0 0.3177083333333333 0.387037037037037 0.023958333333333335 0.040740740740740744
0 0.38671875 0.4439814814814815 0.022395833333333334 0.03981481481481482
0 0.6713541666666667 0.350462962962963 0.023958333333333335 0.041666666666666664
0 0.32083333333333336 0.25462962962962965 0.021875 0.037037037037037035
0 0.22786458333333334 0.5166666666666667 0.024479166666666666 0.040740740740740744
0 0.64921875 0.6342592592592593 0.025520833333333333 0.044444444444444446
0 0.38046875 0.23842592592592593 0.021354166666666667 0.03796296296296296
0 0.5510416666666667 0.1736111111111111 0.021875 0.03796296296296296
0 0.48072916666666665 0.41574074074074074 0.021875 0.040740740740740744
0 0.5510416666666667 0.45740740740740743 0.022916666666666665 0.040740740740740744
0 0.5135416666666667 0.39814814814814814 0.022916666666666665 0.03888888888888889
0 0.528125 0.14027777777777778 0.019791666666666666 0.03796296296296296
0 0.5950520833333334 0.16435185185185186 0.021354166666666667 0.03611111111111111
0 0.2713541666666667 0.3087962962962963 0.021875 0.03796296296296296
0 0.25104166666666666 0.49953703703703706 0.022916666666666665 0.03981481481481482
0 0.7005208333333334 0.7620370370370371 0.027083333333333334 0.04814814814814815
0 0.6169270833333333 0.7773148148148148 0.0265625 0.049074074074074076
0 0.5114583333333333 0.44814814814814813 0.021875 0.03888888888888889
0 0.5721354166666667 0.6240740740740741 0.025520833333333333 0.044444444444444446
0 0.240625 0.42916666666666664 0.022916666666666665 0.03981481481481482
0 0.6296875 0.13055555555555556 0.020833333333333332 0.03518518518518519
0 0.27786458333333336 0.3541666666666667 0.021354166666666667 0.03796296296296296
0 0.6703125 0.1125 0.020833333333333332 0.03611111111111111
0 0.6541666666666667 0.7703703703703704 0.026041666666666668 0.04814814814814815
0 0.25546875 0.46111111111111114 0.022395833333333334 0.03888888888888889
0 0.22734375 0.8180555555555555 0.028645833333333332 0.049074074074074076
0 0.65078125 0.1300925925925926 0.0203125 0.03425925925925926
0 0.55546875 0.12685185185185185 0.0203125 0.037037037037037035
0 0.36302083333333335 0.21944444444444444 0.020833333333333332 0.037037037037037035
0 0.10572916666666667 0.6532407407407408 0.026041666666666668 0.04351851851851852
0 0.4119791666666667 0.4597222222222222 0.021875 0.03981481481481482
0 0.271875 0.43148148148148147 0.022916666666666665 0.03888888888888889
0 0.2565104166666667 0.35509259259259257 0.021354166666666667 0.03611111111111111
0 0.24505208333333334 0.38796296296296295 0.022395833333333334 0.037037037037037035
0 0.08645833333333333 0.6875 0.026041666666666668 0.04351851851851852
0 0.5752604166666667 0.06712962962962964 0.0203125 0.03611111111111111
0 0.5979166666666667 0.04861111111111111 0.019791666666666666 0.03796296296296296
0 0.55 0.5569444444444445 0.022916666666666665 0.03981481481481482
0 0.67890625 0.7865740740740741 0.025520833333333333 0.04537037037037037
0 0.5651041666666666 0.09675925925925925 0.019791666666666666 0.03611111111111111
0 0.5229166666666667 0.5708333333333333 0.022916666666666665 0.03796296296296296
0 0.27786458333333336 0.4666666666666667 0.022395833333333334 0.03888888888888889
0 0.43515625 0.5726851851851852 0.022395833333333334 0.03981481481481482
0 0.3919270833333333 0.5388888888888889 0.022395833333333334 0.040740740740740744
0 0.43854166666666666 0.47129629629629627 0.021875 0.03888888888888889
0 0.4125 0.5657407407407408 0.022916666666666665 0.040740740740740744
0 0.4635416666666667 0.4722222222222222 0.021875 0.037037037037037035
0 0.5427083333333333 0.5041666666666667 0.021875 0.03981481481481482
0 0.46119791666666665 0.5652777777777778 0.022395833333333334 0.03796296296296296
0 0.53046875 0.5356481481481481 0.021354166666666667 0.03796296296296296
0 0.41484375 0.5282407407407408 0.021354166666666667 0.03796296296296296
0 0.48776041666666664 0.5560185185185185 0.021354166666666667 0.03796296296296296
0 0.49140625 0.5162037037037037 0.021354166666666667 0.03796296296296296
0 0.43385416666666665 0.5069444444444444 0.020833333333333332 0.03796296296296296
0 0.44557291666666665 0.5375 0.021354166666666667 0.03611111111111111
0 0.5080729166666667 0.5421296296296296 0.021354166666666667 0.03611111111111111
0 0.4703125 0.5319444444444444 0.020833333333333332 0.03611111111111111
0 0.45651041666666664 0.5041666666666667 0.021354166666666667 0.03611111111111111