0 0.2916666666666667 0.27314814814814814 0.023958333333333335 0.04259259259259259
0 0.359375 0.2763888888888889 0.025 0.04351851851851852
0 0.5427083333333333 0.2101851851851852 0.023958333333333335 0.044444444444444446
0 0.3815104166666667 0.20925925925925926 0.024479166666666666 0.044444444444444446
0 0.5791666666666667 0.14722222222222223 0.025 0.044444444444444446
0 0.49609375 0.20833333333333334 0.024479166666666666 0.044444444444444446
0 0.35104166666666664 0.23564814814814813 0.023958333333333335 0.04351851851851852
0 0.5059895833333333 0.25462962962962965 0.024479166666666666 0.046296296296296294
0 0.28177083333333336 0.31296296296296294 0.025 0.044444444444444446
0 0.41848958333333336 0.5842592592592593 0.025520833333333333 0.046296296296296294
0 0.32708333333333334 0.21574074074074073 0.023958333333333335 0.044444444444444446
0 0.5643229166666667 0.23333333333333334 0.025520833333333333 0.046296296296296294
0 0.5223958333333333 0.16157407407407406 0.025 0.04537037037037037
0 0.4049479166666667 0.18888888888888888 0.0234375 0.044444444444444446
0 0.6080729166666666 0.1685185185185185 0.025520833333333333 0.046296296296296294
0 0.403125 0.5407407407407407 0.025 0.044444444444444446
0 0.43385416666666665 0.22083333333333333 0.023958333333333335 0.04351851851851852
0 0.33098958333333334 0.2949074074074074 0.024479166666666666 0.04351851851851852
0 0.46953125 0.22453703703703703 0.024479166666666666 0.04351851851851852
0 0.359375 0.1935185185185185 0.023958333333333335 0.044444444444444446
0 0.2903645833333333 0.48148148148148145 0.024479166666666666 0.044444444444444446
0 0.42734375 0.4203703703703704 0.024479166666666666 0.044444444444444446
0 0.35572916666666665 0.6166666666666667 0.025 0.046296296296296294
0 0.44765625 0.4439814814814815 0.024479166666666666 0.04537037037037037
0 0.5549479166666667 0.6046296296296296 0.025520833333333333 0.046296296296296294
0 0.5526041666666667 0.13935185185185187 0.023958333333333335 0.04351851851851852
0 0.46796875 0.26805555555555555 0.024479166666666666 0.04537037037037037
0 0.6111979166666667 0.5652777777777778 0.025520833333333333 0.04537037037037037
0 0.40130208333333334 0.6444444444444445 0.025520833333333333 0.044444444444444446
0 0.42291666666666666 0.46296296296296297 0.025 0.044444444444444446
0 0.3229166666666667 0.25601851851851853 0.023958333333333335 0.041666666666666664
0 0.3390625 0.5046296296296297 0.026041666666666668 0.046296296296296294
0 0.46979166666666666 0.1824074074074074 0.023958333333333335 0.04259259259259259
0 0.46145833333333336 0.48055555555555557 0.025 0.044444444444444446
0 0.3182291666666667 0.5314814814814814 0.025 0.044444444444444446
0 0.4828125 0.5013888888888889 0.025 0.04537037037037037
0 0.5614583333333333 0.17777777777777778 0.023958333333333335 0.044444444444444446
0 0.5716145833333334 0.5370370370370371 0.025520833333333333 0.046296296296296294
0 0.55 0.5115740740740741 0.025 0.04537037037037037
0 0.40677083333333336 0.39675925925925926 0.023958333333333335 0.04351851851851852
0 0.44140625 0.1787037037037037 0.024479166666666666 0.044444444444444446
0 0.52578125 0.549074074074074 0.024479166666666666 0.044444444444444446
0 0.38125 0.41064814814814815 0.025 0.04537037037037037
0 0.5309895833333333 0.12037037037037036 0.024479166666666666 0.044444444444444446
0 0.46901041666666665 0.13935185185185187 0.024479166666666666 0.04351851851851852
0 0.27239583333333334 0.5115740740740741 0.026041666666666668 0.04537037037037037
0 0.66875 0.5638888888888889 0.027083333333333334 0.046296296296296294
0 0.3846354166666667 0.6805555555555556 0.025520833333333333 0.046296296296296294
0 0.47760416666666666 0.4476851851851852 0.025 0.04537037037037037
0 0.55 0.5606481481481481 0.025 0.04537037037037037
0 0.5604166666666667 0.09768518518518518 0.025 0.04537037037037037
0 0.3807291666666667 0.6208333333333333 0.025 0.04537037037037037
0 0.5075520833333333 0.5009259259259259 0.024479166666666666 0.046296296296296294
0 0.5041666666666667 0.1337962962962963 0.025 0.04537037037037037
0 0.5026041666666666 0.4583333333333333 0.023958333333333335 0.044444444444444446
0 0.47578125 0.5439814814814815 0.024479166666666666 0.04537037037037037
0 0.3645833333333333 0.6601851851851852 0.025 0.046296296296296294
0 0.6421875 0.5504629629629629 0.026041666666666668 0.04722222222222222
0 0.5309895833333333 0.48333333333333334 0.024479166666666666 0.044444444444444446
0 0.603125 0.24351851851851852 0.026041666666666668 0.046296296296296294
0 0.4791666666666667 0.5949074074074074 0.026041666666666668 0.04537037037037037
0 0.2559895833333333 0.32222222222222224 0.025520833333333333 0.044444444444444446
0 0.3177083333333333 0.6828703703703703 0.026041666666666668 0.04722222222222222
0 0.39401041666666664 0.5842592592592593 0.025520833333333333 0.046296296296296294
0 0.5734375 0.6638888888888889 0.027083333333333334 0.04814814814814815
0 0.5942708333333333 0.6032407407407407 0.027083333333333334 0.04722222222222222
0 0.62265625 0.6069444444444444 0.0265625 0.04722222222222222
0 0.4088541666666667 0.7032407407407407 0.027083333333333334 0.049074074074074076
0 0.6486979166666667 0.5949074074074074 0.0265625 0.04722222222222222
0 0.25390625 0.25462962962962965 0.025520833333333333 0.044444444444444446
0 0.2796875 0.6666666666666666 0.026041666666666668 0.046296296296296294
0 0.35052083333333334 0.7189814814814814 0.026041666666666668 0.04722222222222222
0 0.30390625 0.17175925925925925 0.024479166666666666 0.04351851851851852
0 0.48411458333333335 0.6398148148148148 0.0265625 0.046296296296296294
0 0.26979166666666665 0.6259259259259259 0.027083333333333334 0.046296296296296294
0 0.5143229166666666 0.08888888888888889 0.024479166666666666 0.044444444444444446
0 0.5440104166666667 0.3375 0.025520833333333333 0.04537037037037037
0 0.3841145833333333 0.35185185185185186 0.025520833333333333 0.044444444444444446
0 0.3796875 0.725 0.026041666666666668 0.04814814814814815
0 0.5013020833333334 0.5421296296296296 0.024479166666666666 0.04537037037037037
0 0.5057291666666667 0.35 0.025 0.044444444444444446
0 0.2390625 0.625 0.026041666666666668 0.046296296296296294
0 0.5510416666666667 0.687962962962963 0.027083333333333334 0.04814814814814815
0 0.32369791666666664 0.7490740740740741 0.025520833333333333 0.04814814814814815
0 0.653125 0.4736111111111111 0.027083333333333334 0.04722222222222222
0 0.5744791666666667 0.712037037037037 0.027083333333333334 0.04814814814814815
0 0.3463541666666667 0.7657407407407407 0.025 0.046296296296296294
0 0.6888020833333334 0.5962962962962963 0.028645833333333332 0.05
0 0.60703125 0.08518518518518518 0.025520833333333333 0.046296296296296294
0 0.6903645833333333 0.20092592592592592 0.0265625 0.046296296296296294