0 0.3997395833333333 0.2689814814814815 0.024479166666666666 0.041666666666666664
0 0.41692708333333334 0.3101851851851852 0.024479166666666666 0.044444444444444446
0 0.52421875 0.24953703703703703 0.024479166666666666 0.04537037037037037
0 0.6408854166666667 0.30185185185185187 0.025520833333333333 0.04814814814814815
0 0.4708333333333333 0.2657407407407407 0.023958333333333335 0.044444444444444446
0 0.6645833333333333 0.20185185185185187 0.026041666666666668 0.046296296296296294
0 0.6390625 0.3541666666666667 0.026041666666666668 0.04722222222222222
0 0.475 0.36574074074074076 0.025 0.046296296296296294
0 0.4354166666666667 0.24259259259259258 0.023958333333333335 0.044444444444444446
0 0.3734375 0.26157407407407407 0.023958333333333335 0.04351851851851852
0 0.3328125 0.42685185185185187 0.025 0.044444444444444446
0 0.5578125 0.2726851851851852 0.025 0.04722222222222222
0 0.5986979166666667 0.44907407407407407 0.025520833333333333 0.046296296296296294
0 0.6143229166666667 0.32314814814814813 0.025520833333333333 0.046296296296296294
0 0.44817708333333334 0.4134259259259259 0.025520833333333333 0.04722222222222222
0 0.6247395833333333 0.5486111111111112 0.0265625 0.04722222222222222
0 0.5447916666666667 0.3296296296296296 0.025 0.046296296296296294
0 0.48098958333333336 0.21064814814814814 0.024479166666666666 0.04537037037037037
0 0.6296875 0.5009259259259259 0.027083333333333334 0.04814814814814815
0 0.5705729166666667 0.19027777777777777 0.025520833333333333 0.04722222222222222
0 0.49609375 0.4078703703703704 0.025520833333333333 0.04722222222222222
0 0.6494791666666667 0.5324074074074074 0.027083333333333334 0.04814814814814815
0 0.4583333333333333 0.23055555555555557 0.022916666666666665 0.044444444444444446
0 0.5455729166666666 0.37777777777777777 0.024479166666666666 0.046296296296296294
0 0.5059895833333333 0.2902777777777778 0.024479166666666666 0.04537037037037037
0 0.61796875 0.41574074074074074 0.0265625 0.04814814814814815
0 0.6645833333333333 0.24861111111111112 0.027083333333333334 0.04722222222222222
0 0.371875 0.6083333333333333 0.026041666666666668 0.04814814814814815
0 0.32057291666666665 0.6087962962962963 0.0265625 0.04722222222222222
0 0.40182291666666664 0.5097222222222222 0.024479166666666666 0.04537037037037037
0 0.6315104166666666 0.21388888888888888 0.0265625 0.04814814814814815
0 0.5265625 0.41574074074074074 0.025 0.046296296296296294
0 0.6765625 0.5537037037037037 0.027083333333333334 0.04814814814814815
0 0.6549479166666666 0.462037037037037 0.0265625 0.05
0 0.37005208333333334 0.3050925925925926 0.025520833333333333 0.04537037037037037
0 0.34375 0.6236111111111111 0.025 0.04537037037037037
0 0.40208333333333335 0.6527777777777778 0.025 0.046296296296296294
0 0.44869791666666664 0.3611111111111111 0.025520833333333333 0.046296296296296294
0 0.40520833333333334 0.6041666666666666 0.026041666666666668 0.04722222222222222
0 0.36744791666666665 0.22407407407407406 0.025520833333333333 0.044444444444444446
0 0.49609375 0.24861111111111112 0.0234375 0.04351851851851852
0 0.6013020833333333 0.3625 0.025520833333333333 0.04722222222222222
0 0.34401041666666665 0.4671296296296296 0.024479166666666666 0.04351851851851852
0 0.5208333333333334 0.325 0.023958333333333335 0.046296296296296294
0 0.31484375 0.4708333333333333 0.025520833333333333 0.04537037037037037
0 0.3932291666666667 0.31157407407407406 0.025 0.04537037037037037
0 0.29635416666666664 0.513425925925926 0.025 0.04537037037037037
0 0.546875 0.5143518518518518 0.026041666666666668 0.04722222222222222
0 0.2791666666666667 0.3037037037037037 0.025 0.046296296296296294
0 0.2643229166666667 0.5189814814814815 0.0265625 0.04722222222222222
0 0.4278645833333333 0.6268518518518519 0.0265625 0.04814814814814815
0 0.27109375 0.46944444444444444 0.0265625 0.046296296296296294
0 0.3536458333333333 0.6625 0.026041666666666668 0.04722222222222222
0 0.5763020833333333 0.14444444444444443 0.025520833333333333 0.046296296296296294
0 0.45546875 0.18287037037037038 0.025520833333333333 0.04537037037037037
0 0.30703125 0.4064814814814815 0.025520833333333333 0.046296296296296294
0 0.44557291666666665 0.49583333333333335 0.024479166666666666 0.04537037037037037
0 0.50546875 0.45555555555555555 0.025520833333333333 0.046296296296296294
0 0.3770833333333333 0.6523148148148148 0.025 0.04722222222222222
0 0.5604166666666667 0.4236111111111111 0.023958333333333335 0.04537037037037037
0 0.3221354166666667 0.5171296296296296 0.025520833333333333 0.04537037037037037
0 0.3497395833333333 0.512962962962963 0.025520833333333333 0.046296296296296294
0 0.5252604166666667 0.5375 0.025520833333333333 0.04722222222222222
0 0.6544270833333333 0.5782407407407407 0.0265625 0.049074074074074076
0 0.46067708333333335 0.5277777777777778 0.025520833333333333 0.04814814814814815
0 0.5528645833333333 0.4671296296296296 0.024479166666666666 0.04537037037037037
0 0.5091145833333334 0.5046296296296297 0.024479166666666666 0.046296296296296294
0 0.57578125 0.35555555555555557 0.025520833333333333 0.046296296296296294
0 0.39505208333333336 0.4583333333333333 0.025520833333333333 0.046296296296296294
0 0.37734375 0.5152777777777777 0.024479166666666666 0.04537037037037037
0 0.4205729166666667 0.48194444444444445 0.025520833333333333 0.04722222222222222
0 0.4864583333333333 0.5222222222222223 0.023958333333333335 0.044444444444444446
0 0.52890625 0.47824074074074074 0.024479166666666666 0.04537037037037037
0 0.6471354166666666 0.17083333333333334 0.0265625 0.04537037037037037
0 0.5744791666666667 0.6518518518518519 0.027083333333333334 0.05
0 0.4231770833333333 0.1814814814814815 0.025520833333333333 0.046296296296296294
0 0.3692708333333333 0.4740740740740741 0.025 0.044444444444444446
0 0.6302083333333334 0.5939814814814814 0.027083333333333334 0.049074074074074076
0 0.25546875 0.32175925925925924 0.025520833333333333 0.04537037037037037
0 0.5841145833333333 0.399537037037037 0.024479166666666666 0.04537037037037037
0 0.54765625 0.13148148148148148 0.025520833333333333 0.046296296296296294
0 0.25390625 0.2518518518518518 0.025520833333333333 0.046296296296296294
0 0.6940104166666666 0.43703703703703706 0.027604166666666666 0.05
0 0.27578125 0.5995370370370371 0.027604166666666666 0.04722222222222222
0 0.68828125 0.5986111111111111 0.028645833333333332 0.05092592592592592
0 0.3640625 0.7013888888888888 0.027083333333333334 0.049074074074074076
0 0.5598958333333334 0.6902777777777778 0.027083333333333334 0.05092592592592592
0 0.5890625 0.6967592592592593 0.028125 0.05092592592592592
0 0.3296875 0.7069444444444445 0.027083333333333334 0.049074074074074076
0 0.30364583333333334 0.15787037037037038 0.027083333333333334 0.04722222222222222