0 0.2796875 0.2791666666666667 0.025 0.04537037037037037
0 0.30442708333333335 0.19027777777777777 0.024479166666666666 0.04351851851851852
0 0.25703125 0.3013888888888889 0.024479166666666666 0.04537037037037037
0 0.3515625 0.19768518518518519 0.025 0.04351851851851852
0 0.29296875 0.22592592592592592 0.025520833333333333 0.044444444444444446
0 0.3770833333333333 0.20324074074074075 0.023958333333333335 0.04537037037037037
0 0.4078125 0.1962962962962963 0.025 0.046296296296296294
0 0.42890625 0.28194444444444444 0.024479166666666666 0.04537037037037037
0 0.3572916666666667 0.23981481481481481 0.025 0.044444444444444446
0 0.37838541666666664 0.16203703703703703 0.024479166666666666 0.044444444444444446
0 0.28958333333333336 0.5708333333333333 0.026041666666666668 0.04537037037037037
0 0.3963541666666667 0.45925925925925926 0.025 0.046296296296296294
0 0.4747395833333333 0.5398148148148149 0.025520833333333333 0.046296296296296294
0 0.3658854166666667 0.4777777777777778 0.025520833333333333 0.046296296296296294
0 0.3380208333333333 0.16342592592592592 0.025 0.04537037037037037
0 0.6106770833333334 0.5847222222222223 0.025520833333333333 0.04722222222222222
0 0.2484375 0.2523148148148148 0.026041666666666668 0.04537037037037037
0 0.40703125 0.32175925925925924 0.024479166666666666 0.04537037037037037
0 0.40572916666666664 0.2712962962962963 0.023958333333333335 0.044444444444444446
0 0.24348958333333334 0.3375 0.025520833333333333 0.04537037037037037
0 0.31875 0.5592592592592592 0.025 0.044444444444444446
0 0.2794270833333333 0.5324074074074074 0.025520833333333333 0.04259259259259259
0 0.3776041666666667 0.43333333333333335 0.025 0.044444444444444446
0 0.68046875 0.5615740740740741 0.0265625 0.04537037037037037
0 0.3580729166666667 0.6111111111111112 0.025520833333333333 0.044444444444444446
0 0.27786458333333336 0.1814814814814815 0.025520833333333333 0.044444444444444446
0 0.49921875 0.5814814814814815 0.025520833333333333 0.046296296296296294
0 0.34088541666666666 0.5787037037037037 0.025520833333333333 0.046296296296296294
0 0.3578125 0.5333333333333333 0.025 0.044444444444444446
0 0.3802083333333333 0.5143518518518518 0.025 0.04537037037037037
0 0.43776041666666665 0.611574074074074 0.0265625 0.04722222222222222
0 0.6559895833333333 0.5412037037037037 0.0265625 0.04722222222222222
0 0.3807291666666667 0.5583333333333333 0.025 0.046296296296296294
0 0.4361979166666667 0.48935185185185187 0.025520833333333333 0.04537037037037037
0 0.58125 0.600462962962963 0.026041666666666668 0.04722222222222222
0 0.46432291666666664 0.5828703703703704 0.0265625 0.04722222222222222
0 0.4265625 0.5296296296296297 0.025 0.046296296296296294
0 0.2546875 0.5324074074074074 0.026041666666666668 0.046296296296296294
0 0.40390625 0.5 0.024479166666666666 0.044444444444444446
0 0.55390625 0.1648148148148148 0.024479166666666666 0.046296296296296294
0 0.4283854166666667 0.3402777777777778 0.024479166666666666 0.04537037037037037
0 0.41458333333333336 0.625462962962963 0.026041666666666668 0.04722222222222222
0 0.4044270833333333 0.5421296296296296 0.024479166666666666 0.04351851851851852
0 0.5984375 0.12314814814814815 0.025 0.046296296296296294
0 0.6572916666666667 0.5879629629629629 0.027083333333333334 0.04814814814814815
0 0.44973958333333336 0.5416666666666666 0.024479166666666666 0.044444444444444446
0 0.5734375 0.18796296296296297 0.025 0.046296296296296294
0 0.6190104166666667 0.5171296296296296 0.0265625 0.04722222222222222
0 0.63203125 0.5578703703703703 0.0265625 0.04722222222222222
0 0.38307291666666665 0.600462962962963 0.025520833333333333 0.04722222222222222
0 0.5640625 0.12083333333333333 0.025 0.04537037037037037
0 0.37395833333333334 0.6569444444444444 0.026041666666666668 0.04722222222222222
0 0.4296875 0.5717592592592593 0.023958333333333335 0.04351851851851852
0 0.46067708333333335 0.5 0.025520833333333333 0.044444444444444446
0 0.6341145833333334 0.6041666666666666 0.0265625 0.04722222222222222
0 0.40598958333333335 0.5847222222222223 0.025520833333333333 0.04537037037037037
0 0.303125 0.7217592592592592 0.026041666666666668 0.04722222222222222
0 0.34140625 0.7189814814814814 0.0265625 0.04722222222222222
0 0.4786458333333333 0.6296296296296297 0.027083333333333334 0.04814814814814815
0 0.57734375 0.6453703703703704 0.0265625 0.04814814814814815
0 0.36666666666666664 0.7319444444444444 0.028125 0.049074074074074076
0 0.3953125 0.6833333333333333 0.026041666666666668 0.04814814814814815
0 0.6442708333333333 0.20833333333333334 0.026041666666666668 0.046296296296296294
0 0.2796875 0.712037037037037 0.026041666666666668 0.04814814814814815
0 0.6013020833333333 0.6296296296296297 0.0265625 0.05
0 0.52890625 0.5625 0.025520833333333333 0.04722222222222222
0 0.26145833333333335 0.6763888888888889 0.027083333333333334 0.04722222222222222
0 0.36041666666666666 0.4050925925925926 0.026041666666666668 0.04537037037037037
0 0.3390625 0.12083333333333333 0.025 0.04537037037037037
0 0.6229166666666667 0.1837962962962963 0.025 0.04537037037037037
0 0.6223958333333334 0.6574074074074074 0.027083333333333334 0.05
0 0.23333333333333334 0.5703703703703704 0.027083333333333334 0.046296296296296294
0 0.3966145833333333 0.11898148148148148 0.025520833333333333 0.04537037037037037
0 0.6838541666666667 0.6083333333333333 0.028125 0.05
0 0.6403645833333333 0.49166666666666664 0.0265625 0.04814814814814815
0 0.34791666666666665 0.3101851851851852 0.025 0.044444444444444446
0 0.41901041666666666 0.6685185185185185 0.0265625 0.04814814814814815
0 0.51953125 0.12916666666666668 0.024479166666666666 0.04537037037037037
0 0.32135416666666666 0.7481481481481481 0.026041666666666668 0.04814814814814815
0 0.22135416666666666 0.3638888888888889 0.026041666666666668 0.044444444444444446
0 0.34869791666666666 0.7625 0.0265625 0.04722222222222222
0 0.5822916666666667 0.08888888888888889 0.025 0.046296296296296294
0 0.684375 0.2050925925925926 0.026041666666666668 0.04722222222222222
0 0.59453125 0.6810185185185185 0.027604166666666666 0.049074074074074076
0 0.7033854166666667 0.23425925925925925 0.0265625 0.04814814814814815
0 0.60234375 0.23981481481481481 0.025520833333333333 0.046296296296296294
0 0.4859375 0.10231481481481482 0.023958333333333335 0.04537037037037037
0 0.29010416666666666 0.7703703703703704 0.028125 0.04814814814814815
0 0.31875 0.7944444444444444 0.027083333333333334 0.04814814814814815
0 0.5466145833333333 0.6981481481481482 0.028645833333333332 0.05185185185185185