0 0.34791666666666665 0.22407407407407406 0.022916666666666665 0.04259259259259259
0 0.37109375 0.21851851851851853 0.024479166666666666 0.044444444444444446
0 0.30494791666666665 0.22175925925925927 0.024479166666666666 0.04351851851851852
0 0.33645833333333336 0.1875 0.023958333333333335 0.04351851851851852
0 0.3893229166666667 0.24074074074074073 0.022395833333333334 0.040740740740740744
0 0.53046875 0.10833333333333334 0.024479166666666666 0.046296296296296294
0 0.32526041666666666 0.23796296296296296 0.024479166666666666 0.044444444444444446
0 0.5208333333333334 0.47453703703703703 0.025 0.04351851851851852
0 0.44427083333333334 0.12546296296296297 0.021875 0.041666666666666664
0 0.50078125 0.4476851851851852 0.024479166666666666 0.04351851851851852
0 0.503125 0.5041666666666667 0.025 0.04351851851851852
0 0.453125 0.3384259259259259 0.025 0.04537037037037037
0 0.48125 0.1699074074074074 0.023958333333333335 0.04537037037037037
0 0.5583333333333333 0.5138888888888888 0.025 0.044444444444444446
0 0.30547395833333335 0.5601944444444444 0.027614583333333335 0.048157407407407406
0 0.54609375 0.47453703703703703 0.024479166666666666 0.04351851851851852
0 0.45078125 0.29583333333333334 0.024479166666666666 0.04351851851851852
0 0.6520833333333333 0.5541666666666667 0.025 0.04537037037037037
0 0.40911458333333334 0.2763888888888889 0.024479166666666666 0.04351851851851852
0 0.4666666666666667 0.1388888888888889 0.023958333333333335 0.044444444444444446
0 0.32109375 0.5027777777777778 0.024479166666666666 0.044444444444444446
0 0.53203125 0.5115740740740741 0.025520833333333333 0.04351851851851852
0 0.4903645833333333 0.12083333333333333 0.0234375 0.04351851851851852
0 0.5510416666666667 0.1300925925925926 0.025 0.04537037037037037
0 0.42604166666666665 0.3037037037037037 0.025 0.044444444444444446
0 0.5361979166666667 0.43425925925925923 0.025520833333333333 0.046296296296296294
0 0.46536458333333336 0.2439814814814815 0.025520833333333333 0.04537037037037037
0 0.47369791666666666 0.3587962962962963 0.024479166666666666 0.04537037037037037
0 0.44036458333333334 0.4287037037037037 0.025520833333333333 0.046296296296296294
0 0.43645833333333334 0.16527777777777777 0.025 0.04537037037037037
0 0.3028645833333333 0.4777777777777778 0.0265625 0.046296296296296294
0 0.30572916666666666 0.26990740740740743 0.025 0.04351851851851852
0 0.5611979166666666 0.4398148148148148 0.0265625 0.046296296296296294
0 0.37213541666666666 0.1763888888888889 0.024479166666666666 0.04351851851851852
0 0.4828125 0.48009259259259257 0.025 0.04351851851851852
0 0.6440104166666667 0.5106481481481482 0.0265625 0.04722222222222222
0 0.52421875 0.15416666666666667 0.024479166666666666 0.04537037037037037
0 0.46588541666666666 0.20046296296296295 0.024479166666666666 0.04351851851851852
0 0.5078125 0.09212962962962963 0.023958333333333335 0.04537037037037037
0 0.32526041666666666 0.5805555555555556 0.025520833333333333 0.046296296296296294
0 0.41640625 0.5310185185185186 0.025520833333333333 0.04537037037037037
0 0.6213541666666667 0.5652777777777778 0.026041666666666668 0.04722222222222222
0 0.43333333333333335 0.3675925925925926 0.025 0.044444444444444446
0 0.4122395833333333 0.16203703703703703 0.024479166666666666 0.046296296296296294
0 0.3828125 0.2865740740740741 0.025 0.04537037037037037
0 0.38046875 0.5481481481481482 0.025520833333333333 0.044444444444444446
0 0.5830729166666667 0.5217592592592593 0.0265625 0.04722222222222222
0 0.35234375 0.5847222222222223 0.025520833333333333 0.04537037037037037
0 0.6794270833333333 0.5638888888888889 0.0265625 0.046296296296296294
0 0.3502604166666667 0.5314814814814814 0.025520833333333333 0.046296296296296294
0 0.41380208333333335 0.43425925925925923 0.025520833333333333 0.046296296296296294
0 0.41302083333333334 0.5763888888888888 0.026041666666666668 0.04537037037037037
0 0.38619791666666664 0.5921296296296297 0.025520833333333333 0.04537037037037037
0 0.4015625 0.3648148148148148 0.025 0.046296296296296294
0 0.5934895833333333 0.5958333333333333 0.0265625 0.04537037037037037
0 0.56796875 0.6074074074074074 0.025520833333333333 0.046296296296296294
0 0.4328125 0.4777777777777778 0.025 0.044444444444444446
0 0.3885416666666667 0.6828703703703703 0.026041666666666668 0.04537037037037037
0 0.5416666666666666 0.5532407407407407 0.026041666666666668 0.04537037037037037
0 0.6638020833333333 0.48055555555555557 0.027604166666666666 0.04814814814814815
0 0.28151041666666665 0.5791666666666667 0.0265625 0.04722222222222222
0 0.33125 0.6226851851851852 0.026041666666666668 0.04722222222222222
0 0.29401041666666666 0.17824074074074073 0.024479166666666666 0.04537037037037037
0 0.46875 0.5282407407407408 0.026041666666666668 0.04537037037037037
0 0.5057291666666667 0.5476851851851852 0.026041666666666668 0.04722222222222222
0 0.3546875 0.712037037037037 0.026041666666666668 0.04814814814814815
0 0.27447916666666666 0.5236111111111111 0.027083333333333334 0.04722222222222222
0 0.5520833333333334 0.08518518518518518 0.025 0.046296296296296294
0 0.6348958333333333 0.6050925925925926 0.026041666666666668 0.049074074074074076
0 0.5682291666666667 0.6541666666666667 0.027083333333333334 0.04722222222222222
0 0.38046875 0.4166666666666667 0.025520833333333333 0.046296296296296294
0 0.3294270833333333 0.687037037037037 0.0265625 0.04814814814814815
0 0.6606770833333333 0.5981481481481481 0.0265625 0.04814814814814815
0 0.51796875 0.39675925925925926 0.025520833333333333 0.04537037037037037
0 0.36640625 0.6212962962962963 0.025520833333333333 0.044444444444444446
0 0.4265625 0.09814814814814815 0.025 0.046296296296296294
0 0.5934895833333333 0.6564814814814814 0.0265625 0.04814814814814815
0 0.60859375 0.4648148148148148 0.0265625 0.046296296296296294
0 0.6135416666666667 0.6277777777777778 0.025 0.046296296296296294
0 0.26484375 0.2518518518518518 0.025520833333333333 0.044444444444444446
0 0.37786458333333334 0.7263888888888889 0.025520833333333333 0.04722222222222222
0 0.40625 0.7125 0.027083333333333334 0.049074074074074076
0 0.28984375 0.6694444444444444 0.0265625 0.046296296296296294
0 0.27578125 0.30925925925925923 0.0265625 0.046296296296296294
0 0.7 0.5962962962962963 0.028125 0.05
0 0.33125 0.7458333333333333 0.026041666666666668 0.04722222222222222
0 0.25546875 0.6472222222222223 0.027604166666666666 0.04814814814814815
0 0.35442708333333334 0.7578703703703704 0.0265625 0.049074074074074076
0 0.57734375 0.6976851851851852 0.027604166666666666 0.049074074074074076
0 0.6393229166666666 0.11481481481481481 0.0265625 0.046296296296296294