0 0.4140625 0.23796296296296296 0.023958333333333335 0.044444444444444446
0 0.30546875 0.22083333333333333 0.024479166666666666 0.04351851851851852
0 0.39010416666666664 0.24166666666666667 0.022916666666666665 0.04259259259259259
0 0.34817708333333336 0.5351851851851852 0.025520833333333333 0.044444444444444446
0 0.4934895833333333 0.3236111111111111 0.024479166666666666 0.04537037037037037
0 0.5723958333333333 0.13240740740740742 0.025 0.046296296296296294
0 0.37135416666666665 0.21851851851851853 0.023958333333333335 0.044444444444444446
0 0.3059895833333333 0.26805555555555555 0.024479166666666666 0.04351851851851852
0 0.5216145833333333 0.2175925925925926 0.024479166666666666 0.046296296296296294
0 0.56640625 0.09212962962962963 0.024479166666666666 0.04351851851851852
0 0.46171875 0.16666666666666666 0.024479166666666666 0.044444444444444446
0 0.46848958333333335 0.3189814814814815 0.0234375 0.04351851851851852
0 0.3260416666666667 0.23703703703703705 0.023958333333333335 0.044444444444444446
0 0.503125 0.18981481481481483 0.023958333333333335 0.044444444444444446
0 0.50625 0.1388888888888889 0.025 0.046296296296296294
0 0.5682291666666667 0.4449074074074074 0.023958333333333335 0.04351851851851852
0 0.5283854166666667 0.4009259259259259 0.024479166666666666 0.044444444444444446
0 0.4125 0.5842592592592593 0.026041666666666668 0.046296296296296294
0 0.30520833333333336 0.5574074074074075 0.025 0.044444444444444446
0 0.5502604166666667 0.15185185185185185 0.024479166666666666 0.046296296296296294
0 0.32265625 0.5009259259259259 0.025520833333333333 0.046296296296296294
0 0.5330729166666667 0.10787037037037037 0.024479166666666666 0.04537037037037037
0 0.46927083333333336 0.1259259259259259 0.021875 0.04259259259259259
0 0.5526041666666667 0.4134259259259259 0.025 0.04537037037037037
0 0.49322916666666666 0.26666666666666666 0.025 0.046296296296296294
0 0.47630208333333335 0.37037037037037035 0.024479166666666666 0.046296296296296294
0 0.43671875 0.16527777777777777 0.024479166666666666 0.04537037037037037
0 0.5015625 0.5027777777777778 0.023958333333333335 0.044444444444444446
0 0.371875 0.1763888888888889 0.023958333333333335 0.041666666666666664
0 0.34765625 0.22314814814814815 0.0234375 0.04259259259259259
0 0.33203125 0.6212962962962963 0.025520833333333333 0.046296296296296294
0 0.28229166666666666 0.5777777777777777 0.026041666666666668 0.046296296296296294
0 0.4122395833333333 0.16157407407407406 0.024479166666666666 0.04537037037037037
0 0.44583333333333336 0.12453703703703704 0.022916666666666665 0.04351851851851852
0 0.4510416666666667 0.29259259259259257 0.025 0.044444444444444446
0 0.33671875 0.18611111111111112 0.024479166666666666 0.04259259259259259
0 0.5825520833333333 0.5925925925925926 0.025520833333333333 0.046296296296296294
0 0.45078125 0.36574074074074076 0.024479166666666666 0.046296296296296294
0 0.39088541666666665 0.5638888888888889 0.025520833333333333 0.044444444444444446
0 0.3260416666666667 0.5791666666666667 0.026041666666666668 0.04537037037037037
0 0.6578125 0.5435185185185185 0.026041666666666668 0.046296296296296294
0 0.4908854166666667 0.10740740740740741 0.0234375 0.046296296296296294
0 0.46953125 0.5254629629629629 0.024479166666666666 0.04537037037037037
0 0.5171875 0.4476851851851852 0.025 0.04537037037037037
0 0.353125 0.5837962962962963 0.026041666666666668 0.04537037037037037
0 0.42526041666666664 0.337037037037037 0.024479166666666666 0.046296296296296294
0 0.5096354166666667 0.5439814814814815 0.025520833333333333 0.04722222222222222
0 0.38385416666666666 0.2847222222222222 0.025 0.04537037037037037
0 0.55625 0.4847222222222222 0.023958333333333335 0.04351851851851852
0 0.6091145833333333 0.5893518518518519 0.025520833333333333 0.04537037037037037
0 0.38958333333333334 0.6069444444444444 0.025 0.04537037037037037
0 0.5841145833333333 0.5282407407407408 0.024479166666666666 0.04537037037037037
0 0.3885416666666667 0.6787037037037037 0.026041666666666668 0.046296296296296294
0 0.3296875 0.6865740740740741 0.026041666666666668 0.04722222222222222
0 0.6427083333333333 0.5069444444444444 0.027083333333333334 0.04722222222222222
0 0.5325520833333334 0.4810185185185185 0.025520833333333333 0.04722222222222222
0 0.4440104166666667 0.5504629629629629 0.025520833333333333 0.04537037037037037
0 0.5119791666666667 0.08842592592592592 0.023958333333333335 0.04537037037037037
0 0.2755208333333333 0.5222222222222223 0.027083333333333334 0.046296296296296294
0 0.6643229166666667 0.4810185185185185 0.0265625 0.04722222222222222
0 0.5223958333333333 0.3592592592592593 0.025 0.044444444444444446
0 0.6731770833333334 0.5930555555555556 0.0265625 0.04722222222222222
0 0.5440104166666667 0.562962962962963 0.025520833333333333 0.046296296296296294
0 0.5328125 0.524537037037037 0.025 0.04537037037037037
0 0.6091145833333333 0.4638888888888889 0.025520833333333333 0.046296296296296294
0 0.36666666666666664 0.6203703703703703 0.025 0.044444444444444446
0 0.3033854166666667 0.47638888888888886 0.025520833333333333 0.04537037037037037
0 0.628125 0.5564814814814815 0.026041666666666668 0.046296296296296294
0 0.6872395833333333 0.5555555555555556 0.027604166666666666 0.04814814814814815
0 0.6471354166666666 0.5861111111111111 0.0265625 0.04814814814814815
0 0.59609375 0.6555555555555556 0.0265625 0.04814814814814815
0 0.5598958333333334 0.5305555555555556 0.025 0.046296296296296294
0 0.290625 0.6680555555555555 0.026041666666666668 0.04537037037037037
0 0.2953125 0.17916666666666667 0.025 0.04351851851851852
0 0.4265625 0.09861111111111111 0.025 0.04537037037037037
0 0.6309895833333333 0.6212962962962963 0.0265625 0.04814814814814815
0 0.5684895833333333 0.6527777777777778 0.0265625 0.04814814814814815
0 0.3536458333333333 0.7064814814814815 0.026041666666666668 0.04814814814814815
0 0.26510416666666664 0.2513888888888889 0.025 0.04351851851851852
0 0.40598958333333335 0.7097222222222223 0.0265625 0.049074074074074076
0 0.3768229166666667 0.7212962962962963 0.025520833333333333 0.046296296296296294
0 0.27630208333333334 0.30787037037037035 0.025520833333333333 0.04537037037037037
0 0.7018229166666666 0.5958333333333333 0.028645833333333332 0.049074074074074076
0 0.5533854166666666 0.05694444444444444 0.024479166666666666 0.04537037037037037
0 0.2565104166666667 0.6458333333333334 0.027604166666666666 0.04722222222222222
0 0.33046875 0.7421296296296296 0.025520833333333333 0.04537037037037037
0 0.43307291666666664 0.4759259259259259 0.025520833333333333 0.044444444444444446
0 0.3541666666666667 0.7532407407407408 0.026041666666666668 0.04722222222222222
0 0.5830729166666667 0.6967592592592593 0.027604166666666666 0.049074074074074076
0 0.6502604166666667 0.09722222222222222 0.025520833333333333 0.046296296296296294