0 0.3953125 0.22268518518518518 0.023958333333333335 0.04351851851851852
0 0.446875 0.24722222222222223 0.023958333333333335 0.04259259259259259
0 0.33828125 0.1763888888888889 0.0234375 0.041666666666666664
0 0.5841145833333333 0.17777777777777778 0.024479166666666666 0.044444444444444446
0 0.27890625 0.2796296296296296 0.024479166666666666 0.044444444444444446
0 0.35885416666666664 0.1986111111111111 0.022916666666666665 0.041666666666666664
0 0.4231770833333333 0.24074074074074073 0.024479166666666666 0.044444444444444446
0 0.4546875 0.2884259259259259 0.023958333333333335 0.04351851851851852
0 0.5114583333333333 0.5439814814814815 0.025 0.04537037037037037
0 0.4203125 0.2 0.023958333333333335 0.04259259259259259
0 0.4473958333333333 0.4527777777777778 0.025 0.044444444444444446
0 0.25703125 0.30092592592592593 0.024479166666666666 0.044444444444444446
0 0.31536458333333334 0.18888888888888888 0.024479166666666666 0.044444444444444446
0 0.64375 0.2074074074074074 0.026041666666666668 0.046296296296296294
0 0.6236979166666666 0.18194444444444444 0.025520833333333333 0.04537037037037037
0 0.5528645833333333 0.4888888888888889 0.025520833333333333 0.046296296296296294
0 0.38333333333333336 0.1884259259259259 0.023958333333333335 0.04351851851851852
0 0.2755208333333333 0.5537037037037037 0.026041666666666668 0.046296296296296294
0 0.4864583333333333 0.4791666666666667 0.025 0.04537037037037037
0 0.29192708333333334 0.22546296296296298 0.024479166666666666 0.04351851851851852
0 0.37526041666666665 0.6111111111111112 0.024479166666666666 0.046296296296296294
0 0.6002604166666666 0.20833333333333334 0.024479166666666666 0.046296296296296294
0 0.4752604166666667 0.30833333333333335 0.024479166666666666 0.044444444444444446
0 0.2708333333333333 0.5962962962962963 0.026041666666666668 0.044444444444444446
0 0.48463541666666665 0.4083333333333333 0.025520833333333333 0.046296296296296294
0 0.5739583333333333 0.14027777777777778 0.025 0.04537037037037037
0 0.5455729166666666 0.5333333333333333 0.025520833333333333 0.04814814814814815
0 0.4830729166666667 0.14212962962962963 0.024479166666666666 0.04351851851851852
0 0.3140625 0.6638888888888889 0.025 0.046296296296296294
0 0.42161458333333335 0.5828703703703704 0.025520833333333333 0.04722222222222222
0 0.52578125 0.5064814814814815 0.024479166666666666 0.04259259259259259
0 0.46640625 0.5185185185185185 0.024479166666666666 0.044444444444444446
0 0.6192708333333333 0.23842592592592593 0.026041666666666668 0.04722222222222222
0 0.5989583333333334 0.12175925925925926 0.025 0.04537037037037037
0 0.446875 0.14351851851851852 0.023958333333333335 0.044444444444444446
0 0.3455729166666667 0.6606481481481481 0.024479166666666666 0.04537037037037037
0 0.30416666666666664 0.6162037037037037 0.025 0.04537037037037037
0 0.4440104166666667 0.5435185185185185 0.024479166666666666 0.044444444444444446
0 0.45989583333333334 0.41712962962962963 0.023958333333333335 0.04351851851851852
0 0.6104166666666667 0.5842592592592593 0.025 0.046296296296296294
0 0.465625 0.562037037037037 0.026041666666666668 0.044444444444444446
0 0.37161458333333336 0.6569444444444444 0.025520833333333333 0.04722222222222222
0 0.39895833333333336 0.5990740740740741 0.025 0.046296296296296294
0 0.58125 0.6013888888888889 0.026041666666666668 0.04722222222222222
0 0.3294270833333333 0.6949074074074074 0.025520833333333333 0.04537037037037037
0 0.5848958333333333 0.524074074074074 0.026041666666666668 0.04814814814814815
0 0.6208333333333333 0.5125 0.026041666666666668 0.04722222222222222
0 0.49765625 0.3287037037037037 0.025520833333333333 0.046296296296296294
0 0.6578125 0.5884259259259259 0.026041666666666668 0.04722222222222222
0 0.35052083333333334 0.5995370370370371 0.025 0.04537037037037037
0 0.24348958333333334 0.337037037037037 0.025520833333333333 0.044444444444444446
0 0.490625 0.5217592592592593 0.025 0.04537037037037037
0 0.5489583333333333 0.14444444444444443 0.025 0.046296296296296294
0 0.27630208333333334 0.6611111111111111 0.025520833333333333 0.046296296296296294
0 0.68046875 0.5625 0.025520833333333333 0.04537037037037037
0 0.24869791666666666 0.2518518518518518 0.025520833333333333 0.044444444444444446
0 0.4453125 0.4981481481481482 0.025 0.044444444444444446
0 0.3296875 0.6277777777777778 0.025 0.046296296296296294
0 0.24557291666666667 0.6050925925925926 0.0265625 0.04722222222222222
0 0.5583333333333333 0.23333333333333334 0.025 0.046296296296296294
0 0.2328125 0.5685185185185185 0.026041666666666668 0.046296296296296294
0 0.25494791666666666 0.5324074074074074 0.0265625 0.046296296296296294
0 0.27786458333333336 0.18101851851851852 0.024479166666666666 0.04351851851851852
0 0.6565104166666667 0.5407407407407407 0.025520833333333333 0.046296296296296294
0 0.5778645833333333 0.6453703703703704 0.0265625 0.046296296296296294
0 0.2911458333333333 0.7013888888888888 0.026041666666666668 0.04722222222222222
0 0.5841145833333333 0.26435185185185184 0.024479166666666666 0.04537037037037037
0 0.6325520833333333 0.5592592592592592 0.0265625 0.04814814814814815
0 0.6341145833333334 0.6050925925925926 0.0265625 0.04722222222222222
0 0.33932291666666664 0.12314814814814815 0.024479166666666666 0.044444444444444446
0 0.4466145833333333 0.38055555555555554 0.025520833333333333 0.044444444444444446
0 0.6018229166666667 0.6305555555555555 0.0265625 0.04814814814814815
0 0.6223958333333334 0.6592592592592592 0.027083333333333334 0.05
0 0.6442708333333333 0.48703703703703705 0.027083333333333334 0.04814814814814815
0 0.4869791666666667 0.09814814814814815 0.025 0.044444444444444446
0 0.23802083333333332 0.6476851851851851 0.027083333333333334 0.04722222222222222
0 0.6846354166666667 0.20555555555555555 0.025520833333333333 0.046296296296296294
0 0.365625 0.7342592592592593 0.027083333333333334 0.04814814814814815
0 0.6841145833333333 0.6087962962962963 0.028645833333333332 0.05092592592592592
0 0.38828125 0.1175925925925926 0.024479166666666666 0.044444444444444446
0 0.5822916666666667 0.09351851851851851 0.025 0.046296296296296294
0 0.296875 0.749537037037037 0.027083333333333334 0.04722222222222222
0 0.40651041666666665 0.6754629629629629 0.0265625 0.049074074074074076
0 0.32734375 0.7412037037037037 0.025520833333333333 0.04537037037037037
0 0.5942708333333333 0.6814814814814815 0.028125 0.05
0 0.70546875 0.23287037037037037 0.0265625 0.04722222222222222
0 0.22161458333333334 0.362962962962963 0.025520833333333333 0.044444444444444446
0 0.34609375 0.7638888888888888 0.025520833333333333 0.044444444444444446
0 0.31354166666666666 0.7805555555555556 0.027083333333333334 0.04814814814814815
0 0.55390625 0.7125 0.027604166666666666 0.049074074074074076