0 0.43723958333333335 0.42314814814814816 0.024479166666666666 0.044444444444444446
0 0.52265625 0.449537037037037 0.024479166666666666 0.04351851851851852
0 0.721875 0.5 0.027083333333333334 0.04814814814814815
0 0.7364583333333333 0.46296296296296297 0.027083333333333334 0.046296296296296294
0 0.4622395833333333 0.43472222222222223 0.025520833333333333 0.04722222222222222
0 0.22916666666666666 0.37824074074074077 0.026041666666666668 0.04537037037037037
0 0.3385416666666667 0.39444444444444443 0.023958333333333335 0.044444444444444446
0 0.4747395833333333 0.30972222222222223 0.0234375 0.04351851851851852
0 0.21875 0.41574074074074074 0.026041666666666668 0.044444444444444446
0 0.5065104166666666 0.5282407407407408 0.0265625 0.04722222222222222
0 0.5330729166666667 0.4912037037037037 0.025520833333333333 0.04537037037037037
0 0.6877604166666667 0.4486111111111111 0.0265625 0.04722222222222222
0 0.3390625 0.5773148148148148 0.026041666666666668 0.04537037037037037
0 0.3815104166666667 0.4273148148148148 0.025520833333333333 0.04722222222222222
0 0.38723958333333336 0.32222222222222224 0.025520833333333333 0.044444444444444446
0 0.35130208333333335 0.4527777777777778 0.0265625 0.046296296296296294
0 0.56953125 0.6078703703703704 0.025520833333333333 0.04537037037037037
0 0.35911458333333335 0.412962962962963 0.024479166666666666 0.044444444444444446
0 0.4986979166666667 0.28935185185185186 0.024479166666666666 0.04351851851851852
0 0.19427083333333334 0.4125 0.025 0.04351851851851852
0 0.45390625 0.6268518518518519 0.0265625 0.046296296296296294
0 0.5415364583333333 0.4223425925925926 0.024744791666666665 0.044675925925925924
0 0.5158854166666667 0.3175925925925926 0.024479166666666666 0.044444444444444446
0 0.43776041666666665 0.5925925925925926 0.025520833333333333 0.044444444444444446
0 0.4127604166666667 0.586574074074074 0.025520833333333333 0.04537037037037037
0 0.3546875 0.2972222222222222 0.025 0.044444444444444446
0 0.40546875 0.4023148148148148 0.024479166666666666 0.04537037037037037
0 0.6096354166666667 0.11898148148148148 0.024479166666666666 0.04351851851851852
0 0.7200520833333334 0.4236111111111111 0.027604166666666666 0.04722222222222222
0 0.35911458333333335 0.5449074074074074 0.024479166666666666 0.04537037037037037
0 0.5190104166666667 0.4023148148148148 0.025520833333333333 0.04537037037037037
0 0.5153645833333333 0.3611111111111111 0.025520833333333333 0.044444444444444446
0 0.3502604166666667 0.6305555555555555 0.025520833333333333 0.046296296296296294
0 0.6255208333333333 0.6523148148148148 0.025 0.04722222222222222
0 0.5036458333333333 0.5824074074074074 0.025 0.046296296296296294
0 0.41354166666666664 0.3560185185185185 0.025 0.04351851851851852
0 0.43515625 0.6597222222222222 0.0265625 0.04722222222222222
0 0.6783854166666666 0.6087962962962963 0.0265625 0.049074074074074076
0 0.6486979166666667 0.5814814814814815 0.0265625 0.04814814814814815
0 0.5614583333333333 0.3962962962962963 0.025 0.044444444444444446
0 0.20885416666666667 0.4537037037037037 0.026041666666666668 0.044444444444444446
0 0.71484375 0.07962962962962963 0.025520833333333333 0.046296296296296294
0 0.6013020833333333 0.6027777777777777 0.027604166666666666 0.04814814814814815
0 0.7083333333333334 0.3837962962962963 0.026041666666666668 0.04722222222222222
0 0.36614583333333334 0.5879629629629629 0.025 0.044444444444444446
0 0.35234375 0.3402777777777778 0.024479166666666666 0.04351851851851852
0 0.628125 0.6078703703703704 0.027083333333333334 0.049074074074074076
0 0.22994791666666667 0.3375 0.025520833333333333 0.04537037037037037
0 0.33359375 0.6657407407407407 0.024479166666666666 0.044444444444444446
0 0.53828125 0.36898148148148147 0.0234375 0.04351851851851852
0 0.5377604166666666 0.6185185185185185 0.025520833333333333 0.046296296296296294
0 0.6708333333333333 0.5592592592592592 0.027083333333333334 0.05
0 0.7044270833333334 0.6222222222222222 0.0265625 0.04814814814814815
0 0.54765625 0.6597222222222222 0.0265625 0.04722222222222222
0 0.5510416666666667 0.5800925925925926 0.026041666666666668 0.04537037037037037
0 0.5731770833333333 0.6527777777777778 0.0265625 0.04814814814814815
0 0.7197916666666667 0.3439814814814815 0.027083333333333334 0.04722222222222222
0 0.478125 0.2657407407407407 0.025 0.044444444444444446
0 0.37578125 0.6574074074074074 0.024479166666666666 0.046296296296296294
0 0.19817708333333334 0.538425925925926 0.027604166666666666 0.04722222222222222
0 0.38229166666666664 0.2824074074074074 0.025 0.044444444444444446
0 0.24088541666666666 0.44907407407407407 0.0265625 0.046296296296296294
0 0.21041666666666667 0.49907407407407406 0.026041666666666668 0.046296296296296294
0 0.41822916666666665 0.6277777777777778 0.025 0.044444444444444446
0 0.4 0.663425925925926 0.023958333333333335 0.04351851851851852
0 0.5682291666666667 0.5462962962962963 0.025 0.044444444444444446
0 0.6625 0.47129629629629627 0.027083333333333334 0.04814814814814815
0 0.20572916666666666 0.33935185185185185 0.025 0.04537037037037037
0 0.434375 0.3787037037037037 0.023958333333333335 0.04259259259259259
0 0.36640625 0.37083333333333335 0.024479166666666666 0.04537037037037037
0 0.36875 0.48009259259259257 0.026041666666666668 0.04722222222222222
0 0.7434895833333334 0.5513888888888889 0.028645833333333332 0.049074074074074076
0 0.3932291666666667 0.6180555555555556 0.025 0.04537037037037037
0 0.30078125 0.3287037037037037 0.025520833333333333 0.04259259259259259
0 0.6661458333333333 0.42453703703703705 0.026041666666666668 0.04537037037037037
0 0.35625 0.6851851851851852 0.026041666666666668 0.046296296296296294
0 0.6731770833333334 0.11898148148148148 0.025520833333333333 0.04722222222222222
0 0.59609375 0.15462962962962962 0.024479166666666666 0.044444444444444446
0 0.5856770833333333 0.42453703703703705 0.025520833333333333 0.04722222222222222
0 0.7 0.11481481481481481 0.026041666666666668 0.046296296296296294
0 0.7174479166666666 0.5453703703703704 0.027604166666666666 0.04814814814814815
0 0.30078125 0.37222222222222223 0.025520833333333333 0.044444444444444446
0 0.5434895833333333 0.5342592592592592 0.025520833333333333 0.046296296296296294
0 0.6247395833333333 0.08611111111111111 0.024479166666666666 0.044444444444444446
0 0.72890625 0.6425925925925926 0.027604166666666666 0.04814814814814815
0 0.3059895833333333 0.5796296296296296 0.025520833333333333 0.046296296296296294
0 0.45703125 0.3912037037037037 0.0234375 0.041666666666666664
0 0.6815104166666667 0.6541666666666667 0.025520833333333333 0.04722222222222222
0 0.4747395833333333 0.5912037037037037 0.025520833333333333 0.04537037037037037
0 0.6002604166666666 0.6486111111111111 0.0265625 0.049074074074074076
0 0.2578125 0.7194444444444444 0.026041666666666668 0.04814814814814815
0 0.72578125 0.1287037037037037 0.025520833333333333 0.046296296296296294
0 0.6486979166666667 0.13796296296296295 0.025520833333333333 0.046296296296296294
0 0.7223958333333333 0.5912037037037037 0.027083333333333334 0.049074074074074076
0 0.7161458333333334 0.17222222222222222 0.027083333333333334 0.04814814814814815
0 0.25052083333333336 0.2814814814814815 0.025 0.044444444444444446
0 0.46536458333333336 0.21296296296296297 0.024479166666666666 0.044444444444444446
0 0.6541666666666667 0.625462962962963 0.026041666666666668 0.04722222222222222
0 0.2677083333333333 0.7675925925925926 0.026041666666666668 0.04814814814814815
0 0.6359375 0.6949074074074074 0.027083333333333334 0.04722222222222222
0 0.65703125 0.6708333333333333 0.027604166666666666 0.049074074074074076
0 0.30963541666666666 0.825462962962963 0.0265625 0.049074074074074076
0 0.74609375 0.34953703703703703 0.027604166666666666 0.049074074074074076
0 0.2908854166666667 0.7726851851851851 0.025520833333333333 0.049074074074074076
0 0.26015625 0.2439814814814815 0.025520833333333333 0.04351851851851852
0 0.26484375 0.3939814814814815 0.0265625 0.04537037037037037
0 0.5705729166666667 0.1736111111111111 0.024479166666666666 0.04537037037037037
0 0.2328125 0.7282407407407407 0.028125 0.049074074074074076
0 0.5940104166666667 0.21388888888888888 0.025520833333333333 0.044444444444444446
0 0.3346354166666667 0.8194444444444444 0.025520833333333333 0.04814814814814815
0 0.2828125 0.8638888888888889 0.027083333333333334 0.04814814814814815
0 0.7072916666666667 0.6712962962962963 0.027083333333333334 0.04814814814814815
0 0.60390625 0.4671296296296296 0.0265625 0.04722222222222222
0 0.5671875 0.6976851851851852 0.027083333333333334 0.049074074074074076
0 0.2799479166666667 0.5745370370370371 0.025520833333333333 0.04537037037037037
0 0.30572916666666666 0.8722222222222222 0.025 0.04814814814814815
0 0.21979166666666666 0.5773148148148148 0.027083333333333334 0.04722222222222222
0 0.5966145833333333 0.7157407407407408 0.025520833333333333 0.046296296296296294
0 0.38307291666666665 0.8171296296296297 0.0265625 0.049074074074074076
0 0.6890625 0.06157407407407407 0.026041666666666668 0.04722222222222222
0 0.7424479166666667 0.08287037037037037 0.027604166666666666 0.04722222222222222
0 0.35963541666666665 0.836574074074074 0.025520833333333333 0.04722222222222222
0 0.28463541666666664 0.8194444444444444 0.0265625 0.04814814814814815
0 0.6671875 0.17685185185185184 0.025 0.046296296296296294
0 0.47630208333333335 0.1685185185185185 0.024479166666666666 0.044444444444444446
0 0.7184895833333333 0.03935185185185185 0.0265625 0.04351851851851852
0 0.33151041666666664 0.8666666666666667 0.025520833333333333 0.04814814814814815
0 0.5895833333333333 0.0875 0.026041666666666668 0.04722222222222222
0 0.2828125 0.7236111111111111 0.027083333333333334 0.049074074074074076
0 0.7708333333333334 0.5550925925925926 0.029166666666666667 0.05092592592592592
0 0.4359375 0.1865740740740741 0.025 0.04537037037037037
0 0.2296875 0.6662037037037037 0.027083333333333334 0.049074074074074076
0 0.29375 0.2462962962962963 0.025 0.044444444444444446
0 0.6221354166666667 0.7361111111111112 0.0265625 0.04814814814814815
0 0.7028645833333333 0.22037037037037038 0.0265625 0.04814814814814815
0 0.41354166666666664 0.7384259259259259 0.026041666666666668 0.049074074074074076
0 0.73125 0.28379629629629627 0.028125 0.049074074074074076
0 0.2825520833333333 0.9111111111111111 0.027604166666666666 0.04814814814814815
0 0.4244791666666667 0.7925925925925926 0.027083333333333334 0.05
0 0.60234375 0.2550925925925926 0.025520833333333333 0.04537037037037037
0 0.18645833333333334 0.6171296296296296 0.028125 0.04722222222222222
0 0.6848958333333334 0.4925925925925926 0.027083333333333334 0.046296296296296294
0 0.32526041666666666 0.19814814814814816 0.025520833333333333 0.044444444444444446
0 0.3145833333333333 0.9171296296296296 0.027083333333333334 0.049074074074074076
0 0.29270833333333335 0.9541666666666667 0.027083333333333334 0.04722222222222222
0 0.6861979166666666 0.7847222222222222 0.028645833333333332 0.05277777777777778
0 0.39051041666666664 0.5740833333333333 0.02546875 0.04760185185185185
0 0.5047916666666666 0.48033333333333333 0.028734375 0.04934259259259259
0 0.5279739583333334 0.5679907407407407 0.028078125 0.05282407407407407
0 0.390671875 0.36598148148148146 0.025140625000000003 0.04701851851851852