0 0.6684895833333333 0.5013888888888889 0.027604166666666666 0.04537037037037037
0 0.6916666666666667 0.5472222222222223 0.028125 0.046296296296296294
0 0.6481770833333333 0.7643518518518518 0.027604166666666666 0.049074074074074076
0 0.6028645833333334 0.4513888888888889 0.0265625 0.04351851851851852
0 0.39088541666666665 0.5791666666666667 0.024479166666666666 0.041666666666666664
0 0.69765625 0.7578703703703704 0.027604166666666666 0.049074074074074076
0 0.44036458333333334 0.43425925925925923 0.0265625 0.044444444444444446
0 0.4 0.5425925925925926 0.025 0.040740740740740744
0 0.4869791666666667 0.5569444444444445 0.023958333333333335 0.03981481481481482
0 0.31666666666666665 0.3125 0.023958333333333335 0.03981481481481482
0 0.38255208333333335 0.4689814814814815 0.024479166666666666 0.041666666666666664
0 0.35885416666666664 0.49675925925925923 0.025 0.03981481481481482
0 0.6755208333333333 0.7828703703703703 0.027083333333333334 0.049074074074074076
0 0.5723958333333333 0.1550925925925926 0.022916666666666665 0.03981481481481482
0 0.6138020833333333 0.7685185185185185 0.027604166666666666 0.05
0 0.6393229166666666 0.09027777777777778 0.021354166666666667 0.03796296296296296
0 0.2591145833333333 0.35324074074074074 0.024479166666666666 0.03981481481481482
0 0.34322916666666664 0.30972222222222223 0.023958333333333335 0.041666666666666664
0 0.3919270833333333 0.32916666666666666 0.0234375 0.03981481481481482
0 0.55390625 0.5449074074074074 0.0234375 0.041666666666666664
0 0.32109375 0.2574074074074074 0.0234375 0.040740740740740744
0 0.41432291666666665 0.32037037037037036 0.021354166666666667 0.040740740740740744
0 0.2721354166666667 0.31157407407407406 0.0234375 0.041666666666666664
0 0.3151041666666667 0.5291666666666667 0.025 0.041666666666666664
0 0.25416666666666665 0.6166666666666667 0.026041666666666668 0.044444444444444446
0 0.60078125 0.08194444444444444 0.021354166666666667 0.03796296296296296
0 0.5640625 0.5824074074074074 0.026041666666666668 0.044444444444444446
0 0.1078125 0.65 0.027083333333333334 0.046296296296296294
0 0.46484375 0.35694444444444445 0.0234375 0.03981481481481482
0 0.5119791666666667 0.37962962962962965 0.023958333333333335 0.03888888888888889
0 0.6609375 0.09675925925925925 0.021875 0.03981481481481482
0 0.08854166666666667 0.687037037037037 0.027083333333333334 0.046296296296296294
0 0.35104166666666664 0.45925925925925926 0.023958333333333335 0.040740740740740744
0 0.29244791666666664 0.21805555555555556 0.0234375 0.041666666666666664
0 0.57109375 0.06759259259259259 0.021354166666666667 0.03888888888888889
0 0.4973958333333333 0.19768518518518519 0.022916666666666665 0.03981481481481482
0 0.50703125 0.12361111111111112 0.0234375 0.041666666666666664
0 0.3015625 0.6050925925925926 0.025 0.041666666666666664
0 0.2635416666666667 0.5666666666666667 0.025 0.04259259259259259
0 0.4393229166666667 0.5708333333333333 0.025520833333333333 0.041666666666666664
0 0.2911458333333333 0.5564814814814815 0.023958333333333335 0.04259259259259259
0 0.5052083333333334 0.5319444444444444 0.022916666666666665 0.041666666666666664
0 0.6122395833333333 0.3837962962962963 0.0234375 0.03981481481481482
0 0.3143229166666667 0.5685185185185185 0.024479166666666666 0.040740740740740744
0 0.47161458333333334 0.2662037037037037 0.022395833333333334 0.03981481481481482
0 0.4630208333333333 0.3194444444444444 0.022916666666666665 0.03888888888888889
0 0.5901041666666667 0.05277777777777778 0.021875 0.03888888888888889
0 0.5265625 0.5467592592592593 0.022916666666666665 0.03981481481481482
0 0.6270833333333333 0.35462962962962963 0.022916666666666665 0.040740740740740744
0 0.27630208333333334 0.5990740740740741 0.0234375 0.040740740740740744
0 0.5502604166666667 0.23842592592592593 0.022395833333333334 0.041666666666666664
0 0.6041666666666666 0.3101851851851852 0.022916666666666665 0.03888888888888889
0 0.5221354166666666 0.34305555555555556 0.022395833333333334 0.03796296296296296
0 0.5828125 0.33611111111111114 0.021875 0.03888888888888889
0 0.19010416666666666 0.8092592592592592 0.03125 0.05185185185185185
0 0.5411458333333333 0.3611111111111111 0.021875 0.037037037037037035
0 0.5544270833333333 0.33101851851851855 0.021354166666666667 0.03796296296296296
0 0.5138020833333333 0.27685185185185185 0.021354166666666667 0.03888888888888889
0 0.49322916666666666 0.2722222222222222 0.020833333333333332 0.03888888888888889
0 0.5322916666666667 0.30277777777777776 0.021875 0.03888888888888889
0 0.5505208333333333 0.2851851851851852 0.021875 0.03888888888888889
0 0.57890625 0.2953703703703704 0.021354166666666667 0.03888888888888889
0 0.534375 0.2625 0.020833333333333332 0.03796296296296296
0 0.6041666666666666 0.34814814814814815 0.021875 0.03888888888888889
0 0.5684895833333333 0.2657407407407407 0.0203125 0.03888888888888889