0 0.6552083333333333 0.10694444444444444 0.023958333333333335 0.04537037037037037
0 0.37057291666666664 0.30787037037037035 0.024479166666666666 0.04351851851851852
0 0.25078125 0.3574074074074074 0.025520833333333333 0.04259259259259259
0 0.31640625 0.2310185185185185 0.0234375 0.041666666666666664
0 0.49921875 0.3861111111111111 0.0234375 0.04259259259259259
0 0.30104166666666665 0.26296296296296295 0.023958333333333335 0.04259259259259259
0 0.31614583333333335 0.3300925925925926 0.023958333333333335 0.041666666666666664
0 0.3138020833333333 0.3731481481481482 0.024479166666666666 0.04259259259259259
0 0.33697916666666666 0.4027777777777778 0.025 0.044444444444444446
0 0.24973958333333332 0.31712962962962965 0.024479166666666666 0.041666666666666664
0 0.35052083333333334 0.2875 0.025 0.04537037037037037
0 0.4270833333333333 0.5041666666666667 0.025 0.04351851851851852
0 0.40338541666666666 0.5819444444444445 0.024479166666666666 0.04351851851851852
0 0.35104166666666664 0.24675925925925926 0.023958333333333335 0.041666666666666664
0 0.528125 0.25092592592592594 0.022916666666666665 0.044444444444444446
0 0.2515625 0.3990740740740741 0.025 0.044444444444444446
0 0.43411458333333336 0.31296296296296294 0.0234375 0.04259259259259259
0 0.6143229166666667 0.125 0.024479166666666666 0.044444444444444446
0 0.2791666666666667 0.2449074074074074 0.023958333333333335 0.04351851851851852
0 0.52421875 0.19768518518518519 0.0234375 0.04537037037037037
0 0.26276041666666666 0.6601851851851852 0.0265625 0.046296296296296294
0 0.30625 0.6935185185185185 0.025 0.046296296296296294
0 0.5309895833333333 0.37407407407407406 0.024479166666666666 0.044444444444444446
0 0.5809895833333333 0.23842592592592593 0.024479166666666666 0.04537037037037037
0 0.24114583333333334 0.6888888888888889 0.026041666666666668 0.046296296296296294
0 0.4765625 0.3611111111111111 0.023958333333333335 0.044444444444444446
0 0.34661458333333334 0.5967592592592592 0.025520833333333333 0.04537037037037037
0 0.38697916666666665 0.5467592592592593 0.025 0.04351851851851852
0 0.2638020833333333 0.7037037037037037 0.025520833333333333 0.046296296296296294
0 0.6375 0.1388888888888889 0.022916666666666665 0.044444444444444446
0 0.33151041666666664 0.19953703703703704 0.0234375 0.041666666666666664
0 0.42630208333333336 0.600462962962963 0.025520833333333333 0.04537037037037037
0 0.4088541666666667 0.6675925925925926 0.026041666666666668 0.046296296296296294
0 0.5911458333333334 0.11944444444444445 0.023958333333333335 0.044444444444444446
0 0.33645833333333336 0.6546296296296297 0.025 0.046296296296296294
0 0.66875 0.45046296296296295 0.025 0.04537037037037037
0 0.4114583333333333 0.3037037037037037 0.023958333333333335 0.04259259259259259
0 0.5013020833333334 0.4356481481481482 0.024479166666666666 0.04351851851851852
0 0.5567708333333333 0.5837962962962963 0.023958333333333335 0.04351851851851852
0 0.653125 0.3625 0.023958333333333335 0.04351851851851852
0 0.54609375 0.21388888888888888 0.0234375 0.04259259259259259
0 0.5755208333333334 0.15185185185185185 0.022916666666666665 0.04259259259259259
0 0.52265625 0.4162037037037037 0.024479166666666666 0.04537037037037037
0 0.38359375 0.6365740740740741 0.025520833333333333 0.04722222222222222
0 0.5231770833333333 0.3347222222222222 0.024479166666666666 0.04351851851851852
0 0.54765625 0.41574074074074074 0.025520833333333333 0.046296296296296294
0 0.60703125 0.08564814814814815 0.024479166666666666 0.04537037037037037
0 0.22005208333333334 0.4134259259259259 0.0265625 0.04351851851851852
0 0.35859375 0.6333333333333333 0.024479166666666666 0.044444444444444446
0 0.35572916666666665 0.2064814814814815 0.025 0.04259259259259259
0 0.48020833333333335 0.24814814814814815 0.023958333333333335 0.044444444444444446
0 0.24765625 0.5990740740740741 0.0265625 0.046296296296296294
0 0.42526041666666664 0.2564814814814815 0.024479166666666666 0.044444444444444446
0 0.35052083333333334 0.5412037037037037 0.026041666666666668 0.04537037037037037
0 0.42239583333333336 0.46111111111111114 0.025 0.044444444444444446
0 0.4625 0.3287037037037037 0.023958333333333335 0.04259259259259259
0 0.35911458333333335 0.6773148148148148 0.024479166666666666 0.04537037037037037
0 0.50078125 0.2037037037037037 0.0234375 0.04259259259259259
0 0.48385416666666664 0.5425925925925926 0.023958333333333335 0.044444444444444446
0 0.31197916666666664 0.6509259259259259 0.026041666666666668 0.046296296296296294
0 0.3848958333333333 0.44305555555555554 0.025 0.04351851851851852
0 0.3375 0.6990740740740741 0.026041666666666668 0.046296296296296294
0 0.6322916666666667 0.09351851851851851 0.023958333333333335 0.044444444444444446
0 0.21145833333333333 0.36712962962962964 0.026041666666666668 0.04351851851851852
0 0.5559895833333334 0.17731481481481481 0.0234375 0.04351851851851852
0 0.30911458333333336 0.7472222222222222 0.025520833333333333 0.046296296296296294
0 0.5520833333333334 0.25324074074074077 0.023958333333333335 0.04537037037037037
0 0.6776041666666667 0.35185185185185186 0.025 0.044444444444444446
0 0.2869791666666667 0.7333333333333333 0.025 0.04814814814814815
0 0.3346354166666667 0.7435185185185185 0.025520833333333333 0.046296296296296294
0 0.5578125 0.5412037037037037 0.025 0.04537037037037037
0 0.6135416666666667 0.16712962962962963 0.025 0.04537037037037037
0 0.621875 0.37453703703703706 0.025 0.04537037037037037
0 0.26328125 0.7486111111111111 0.0265625 0.04722222222222222
0 0.38385416666666666 0.6800925925925926 0.026041666666666668 0.04722222222222222
0 0.596875 0.5370370370370371 0.025 0.046296296296296294
0 0.6638020833333333 0.21805555555555556 0.024479166666666666 0.04722222222222222
0 0.6390625 0.2175925925925926 0.025 0.046296296296296294
0 0.5065104166666666 0.562962962962963 0.024479166666666666 0.044444444444444446
0 0.6505208333333333 0.2759259259259259 0.026041666666666668 0.046296296296296294
0 0.46197916666666666 0.5606481481481481 0.023958333333333335 0.04351851851851852
0 0.5125 0.1486111111111111 0.023958333333333335 0.04351851851851852
0 0.5036458333333333 0.25 0.023958333333333335 0.044444444444444446
0 0.6932291666666667 0.43194444444444446 0.026041666666666668 0.04722222222222222
0 0.5153645833333333 0.5175925925925926 0.024479166666666666 0.04259259259259259
0 0.6252604166666667 0.575462962962963 0.025520833333333333 0.04537037037037037
0 0.6760416666666667 0.16898148148148148 0.025 0.04722222222222222
0 0.5627604166666667 0.10601851851851851 0.024479166666666666 0.04537037037037037
0 0.46328125 0.6032407407407407 0.025520833333333333 0.04722222222222222
0 0.6385416666666667 0.4888888888888889 0.025 0.046296296296296294
0 0.7213541666666666 0.5481481481481482 0.028125 0.04814814814814815
0 0.65859375 0.3148148148148148 0.025520833333333333 0.046296296296296294
0 0.6213541666666667 0.28055555555555556 0.025 0.046296296296296294
0 0.31953125 0.7902777777777777 0.0265625 0.04722222222222222
0 0.67265625 0.39351851851851855 0.025520833333333333 0.044444444444444446
0 0.6778645833333333 0.09490740740740741 0.024479166666666666 0.04722222222222222
0 0.7018229166666666 0.10462962962962963 0.025520833333333333 0.046296296296296294
0 0.6739583333333333 0.262037037037037 0.025 0.046296296296296294
0 0.24036458333333333 0.27870370370370373 0.025520833333333333 0.04259259259259259
0 0.5322916666666667 0.5578703703703703 0.025 0.04537037037037037
0 0.64765625 0.4074074074074074 0.025520833333333333 0.046296296296296294
0 0.27057291666666666 0.7893518518518519 0.0265625 0.04722222222222222
0 0.5494791666666666 0.6277777777777778 0.026041666666666668 0.046296296296296294
0 0.6575520833333334 0.5189814814814815 0.025520833333333333 0.04537037037037037
0 0.28854166666666664 0.20694444444444443 0.025 0.04351851851851852
0 0.6908854166666667 0.22083333333333333 0.025520833333333333 0.04722222222222222
0 0.6802083333333333 0.537962962962963 0.025 0.044444444444444446
0 0.6372395833333333 0.6152777777777778 0.025520833333333333 0.04537037037037037
0 0.4901041666666667 0.5018518518518519 0.025 0.044444444444444446
0 0.5901041666666667 0.39490740740740743 0.025 0.04537037037037037
0 0.21276041666666667 0.5310185185185186 0.0265625 0.04537037037037037
0 0.38958333333333334 0.7245370370370371 0.026041666666666668 0.04537037037037037
0 0.29244791666666664 0.8296296296296296 0.025520833333333333 0.046296296296296294
0 0.6213541666666667 0.687037037037037 0.026041666666666668 0.046296296296296294
0 0.64921875 0.562037037037037 0.025520833333333333 0.04814814814814815
0 0.575 0.6703703703703704 0.026041666666666668 0.046296296296296294
0 0.46432291666666664 0.5013888888888889 0.025520833333333333 0.04537037037037037
0 0.4640625 0.18472222222222223 0.025 0.04537037037037037
0 0.684375 0.3101851851851852 0.026041666666666668 0.046296296296296294
0 0.6635416666666667 0.5995370370370371 0.026041666666666668 0.04537037037037037
0 0.20963541666666666 0.6685185185185185 0.027604166666666666 0.046296296296296294
0 0.7033854166666667 0.362962962962963 0.0265625 0.04814814814814815
0 0.66484375 0.6458333333333334 0.025520833333333333 0.04537037037037037
0 0.30104166666666665 0.4777777777777778 0.026041666666666668 0.044444444444444446
0 0.70234375 0.5041666666666667 0.027604166666666666 0.04722222222222222
0 0.7098958333333333 0.31805555555555554 0.026041666666666668 0.04537037037037037
0 0.32057291666666665 0.837037037037037 0.0265625 0.04814814814814815
0 0.7161458333333334 0.4111111111111111 0.027083333333333334 0.04814814814814815
0 0.359375 0.16435185185185186 0.023958333333333335 0.04351851851851852
0 0.6770833333333334 0.49212962962962964 0.026041666666666668 0.04537037037037037
0 0.29583333333333334 0.7847222222222222 0.026041666666666668 0.04722222222222222
0 0.7119791666666667 0.6097222222222223 0.028125 0.049074074074074076
0 0.5359375 0.15601851851851853 0.023958333333333335 0.04537037037037037
0 0.5994791666666667 0.662962962962963 0.026041666666666668 0.046296296296296294
0 0.5872395833333334 0.7092592592592593 0.0265625 0.04814814814814815
0 0.2674479166666667 0.8337962962962963 0.0265625 0.04722222222222222
0 0.7145833333333333 0.46296296296296297 0.028125 0.04814814814814815
0 0.18333333333333332 0.5726851851851852 0.027083333333333334 0.04537037037037037
0 0.6361979166666667 0.3333333333333333 0.025520833333333333 0.044444444444444446
0 0.5856770833333333 0.06944444444444445 0.024479166666666666 0.046296296296296294
0 0.6419270833333334 0.6601851851851852 0.0265625 0.046296296296296294
0 0.6895833333333333 0.6680555555555555 0.028125 0.04722222222222222
0 0.6872395833333333 0.6217592592592592 0.0265625 0.04722222222222222
0 0.6109375 0.7300925925925926 0.027083333333333334 0.049074074074074076
0 0.7229166666666667 0.08055555555555556 0.025 0.046296296296296294
0 0.2796875 0.8731481481481481 0.025 0.04814814814814815
0 0.7 0.2625 0.027083333333333334 0.04722222222222222
0 0.3015625 0.8875 0.026041666666666668 0.049074074074074076
0 0.6682291666666667 0.8060185185185185 0.029166666666666667 0.05277777777777778
0 0.6921875 0.5777777777777777 0.027083333333333334 0.04814814814814815