0 0.7072916666666667 0.11944444444444445 0.026041666666666668 0.046296296296296294
0 0.6473958333333333 0.1486111111111111 0.026041666666666668 0.04722222222222222
0 0.25234375 0.2439814814814815 0.025520833333333333 0.04351851851851852
0 0.6809895833333334 0.12407407407407407 0.025520833333333333 0.046296296296296294
0 0.3893229166666667 0.35 0.0234375 0.044444444444444446
0 0.5416666666666666 0.2550925925925926 0.023958333333333335 0.04351851851851852
0 0.2796875 0.337037037037037 0.025 0.044444444444444446
0 0.73359375 0.1361111111111111 0.027604166666666666 0.04814814814814815
0 0.621875 0.1675925925925926 0.026041666666666668 0.046296296296296294
0 0.6729166666666667 0.1763888888888889 0.026041666666666668 0.04722222222222222
0 0.72421875 0.08611111111111111 0.025520833333333333 0.04814814814814815
0 0.47109375 0.2638888888888889 0.0234375 0.04259259259259259
0 0.5979166666666667 0.36157407407407405 0.025 0.04722222222222222
0 0.2625 0.3662037037037037 0.025 0.04537037037037037
0 0.26640625 0.30648148148148147 0.024479166666666666 0.044444444444444446
0 0.6432291666666666 0.2064814814814815 0.026041666666666668 0.04814814814814815
0 0.7223958333333333 0.17916666666666667 0.027083333333333334 0.04722222222222222
0 0.57265625 0.36944444444444446 0.025520833333333333 0.046296296296296294
0 0.3763020833333333 0.47175925925925927 0.024479166666666666 0.04537037037037037
0 0.3380208333333333 0.3300925925925926 0.025 0.04537037037037037
0 0.53984375 0.3087962962962963 0.024479166666666666 0.04537037037037037
0 0.55 0.3472222222222222 0.025 0.046296296296296294
0 0.7072916666666667 0.3925925925925926 0.027083333333333334 0.04814814814814815
0 0.30390625 0.3347222222222222 0.025520833333333333 0.04537037037037037
0 0.5192708333333333 0.26805555555555555 0.025 0.04537037037037037
0 0.3341145833333333 0.2902777777777778 0.024479166666666666 0.04351851851851852
0 0.5627604166666667 0.2814814814814815 0.025520833333333333 0.046296296296296294
0 0.4942708333333333 0.24027777777777778 0.025 0.04537037037037037
0 0.27317708333333335 0.2657407407407407 0.025520833333333333 0.044444444444444446
0 0.36354166666666665 0.31851851851851853 0.025 0.044444444444444446
0 0.24895833333333334 0.5388888888888889 0.026041666666666668 0.044444444444444446
0 0.43385416666666665 0.325 0.023958333333333335 0.044444444444444446
0 0.4044270833333333 0.24166666666666667 0.0234375 0.044444444444444446
0 0.6591145833333333 0.475 0.027604166666666666 0.04814814814814815
0 0.59296875 0.17222222222222222 0.025520833333333333 0.046296296296296294
0 0.40625 0.5402777777777777 0.026041666666666668 0.04537037037037037
0 0.4453125 0.2796296296296296 0.023958333333333335 0.044444444444444446
0 0.7125 0.43657407407407406 0.028125 0.049074074074074076
0 0.4940104166666667 0.4212962962962963 0.025520833333333333 0.046296296296296294
0 0.24140625 0.38981481481481484 0.0265625 0.046296296296296294
0 0.7325520833333333 0.47453703703703703 0.027604166666666666 0.04722222222222222
0 0.48359375 0.4935185185185185 0.025520833333333333 0.046296296296296294
0 0.4557291666666667 0.2351851851851852 0.025 0.044444444444444446
0 0.2752604166666667 0.7842592592592592 0.0265625 0.04814814814814815
0 0.3109375 0.27870370370370373 0.025 0.044444444444444446
0 0.24479166666666666 0.325 0.026041666666666668 0.044444444444444446
0 0.26979166666666665 0.5148148148148148 0.027083333333333334 0.046296296296296294
0 0.41041666666666665 0.32222222222222224 0.023958333333333335 0.044444444444444446
0 0.7200520833333334 0.3537037037037037 0.027604166666666666 0.04814814814814815
0 0.4546875 0.34814814814814815 0.025 0.046296296296296294
0 0.30078125 0.5314814814814814 0.0265625 0.046296296296296294
0 0.5822916666666667 0.41944444444444445 0.026041666666666668 0.046296296296296294
0 0.6153645833333333 0.11342592592592593 0.0265625 0.04722222222222222
0 0.37916666666666665 0.5370370370370371 0.026041666666666668 0.046296296296296294
0 0.4109375 0.3638888888888889 0.025 0.046296296296296294
0 0.365625 0.36018518518518516 0.026041666666666668 0.04814814814814815
0 0.25416666666666665 0.587037037037037 0.027083333333333334 0.046296296296296294
0 0.32317708333333334 0.7898148148148149 0.0265625 0.05
0 0.38177083333333334 0.25555555555555554 0.025 0.044444444444444446
0 0.29921875 0.49074074074074076 0.0265625 0.04814814814814815
0 0.34375 0.3726851851851852 0.025 0.04537037037037037
0 0.7518229166666667 0.09212962962962963 0.027604166666666666 0.049074074074074076
0 0.3885416666666667 0.5782407407407407 0.025 0.04537037037037037
0 0.34270833333333334 0.5356481481481481 0.026041666666666668 0.04722222222222222
0 0.6643229166666667 0.4305555555555556 0.027604166666666666 0.04814814814814815
0 0.7359375 0.5634259259259259 0.027083333333333334 0.049074074074074076
0 0.5296875 0.4777777777777778 0.025 0.046296296296296294
0 0.38515625 0.40324074074074073 0.025520833333333333 0.04722222222222222
0 0.6565104166666667 0.5736111111111111 0.0265625 0.049074074074074076
0 0.46953125 0.4101851851851852 0.025520833333333333 0.046296296296296294
0 0.2950520833333333 0.3768518518518518 0.0265625 0.046296296296296294
0 0.30833333333333335 0.5763888888888888 0.026041666666666668 0.04537037037037037
0 0.36328125 0.5703703703703704 0.025520833333333333 0.046296296296296294
0 0.2986979166666667 0.7930555555555555 0.025520833333333333 0.04722222222222222
0 0.7169270833333333 0.5106481481481482 0.027604166666666666 0.049074074074074076
0 0.35260416666666666 0.4689814814814815 0.025 0.04537037037037037
0 0.628125 0.5935185185185186 0.027083333333333334 0.04814814814814815
0 0.34739583333333335 0.8106481481481481 0.025 0.04722222222222222
0 0.36354166666666665 0.4199074074074074 0.026041666666666668 0.04537037037037037
0 0.50703125 0.5060185185185185 0.025520833333333333 0.04722222222222222
0 0.6109375 0.6560185185185186 0.026041666666666668 0.04722222222222222
0 0.23984375 0.2796296296296296 0.0265625 0.044444444444444446
0 0.44505208333333335 0.5972222222222222 0.025520833333333333 0.046296296296296294
0 0.5197916666666667 0.5638888888888889 0.025 0.046296296296296294
0 0.5565104166666667 0.6458333333333334 0.025520833333333333 0.04537037037037037
0 0.5364583333333334 0.5314814814814814 0.026041666666666668 0.046296296296296294
0 0.62265625 0.23148148148148148 0.0265625 0.046296296296296294
0 0.5653645833333333 0.6041666666666666 0.025520833333333333 0.04722222222222222
0 0.71015625 0.5541666666666667 0.027604166666666666 0.05092592592592592
0 0.2828125 0.7402777777777778 0.027083333333333334 0.049074074074074076
0 0.259375 0.4615740740740741 0.027083333333333334 0.04722222222222222
0 0.3299479166666667 0.5962962962962963 0.0265625 0.046296296296296294
0 0.32057291666666665 0.8356481481481481 0.025520833333333333 0.04722222222222222
0 0.5408854166666667 0.6097222222222223 0.024479166666666666 0.04537037037037037
0 0.6036458333333333 0.6111111111111112 0.027083333333333334 0.04814814814814815
0 0.6703125 0.6166666666666667 0.027083333333333334 0.04814814814814815
0 0.6434895833333333 0.6310185185185185 0.027604166666666666 0.049074074074074076
0 0.49661458333333336 0.5805555555555556 0.025520833333333333 0.046296296296296294
0 0.42109375 0.6069444444444444 0.0265625 0.04722222222222222
0 0.6325520833333333 0.08101851851851852 0.025520833333333333 0.04722222222222222
0 0.69453125 0.6296296296296297 0.0265625 0.04814814814814815
0 0.6794270833333333 0.5 0.0265625 0.046296296296296294
0 0.5861979166666667 0.6435185185185185 0.0265625 0.04814814814814815
0 0.51640625 0.6097222222222223 0.0265625 0.04722222222222222
0 0.5510416666666667 0.5685185185185185 0.026041666666666668 0.046296296296296294
0 0.22005208333333334 0.42083333333333334 0.027604166666666666 0.04537037037037037
0 0.5013020833333334 0.6509259259259259 0.0265625 0.04814814814814815
0 0.7458333333333333 0.36157407407407405 0.028125 0.049074074074074076
0 0.6716145833333333 0.6620370370370371 0.027604166666666666 0.05
0 0.48463541666666665 0.6185185185185185 0.025520833333333333 0.046296296296296294
0 0.6229166666666667 0.6949074074074074 0.027083333333333334 0.04722222222222222
0 0.2947916666666667 0.8398148148148148 0.026041666666666668 0.04814814814814815
0 0.39427083333333335 0.5023148148148148 0.026041666666666668 0.04537037037037037
0 0.37135416666666665 0.7925925925925926 0.027083333333333334 0.05
0 0.2708333333333333 0.8296296296296296 0.028125 0.05
0 0.6877604166666667 0.4537037037037037 0.027604166666666666 0.04814814814814815
0 0.6471354166666666 0.6759259259259259 0.027604166666666666 0.05
0 0.2752604166666667 0.6101851851851852 0.0265625 0.046296296296296294
0 0.3966145833333333 0.6226851851851852 0.0265625 0.04722222222222222
0 0.5158854166666667 0.18981481481481483 0.025520833333333333 0.046296296296296294
0 0.6994791666666667 0.06296296296296296 0.027083333333333334 0.05
0 0.58515625 0.7148148148148148 0.0265625 0.04814814814814815
0 0.44192708333333336 0.4875 0.025520833333333333 0.04722222222222222
0 0.5559895833333334 0.6916666666666667 0.0265625 0.04814814814814815
0 0.7072916666666667 0.22592592592592592 0.027083333333333334 0.04814814814814815
0 0.2578125 0.7342592592592593 0.028125 0.05
0 0.2669270833333333 0.21157407407407408 0.0265625 0.04537037037037037
0 0.2125 0.5319444444444444 0.028125 0.04722222222222222
0 0.6966145833333334 0.6791666666666667 0.0265625 0.049074074074074076
0 0.5994791666666667 0.46620370370370373 0.026041666666666668 0.04722222222222222
0 0.296875 0.20787037037037037 0.026041666666666668 0.04722222222222222
0 0.7184895833333333 0.6541666666666667 0.028645833333333332 0.05092592592592592
0 0.7286458333333333 0.04537037037037037 0.027083333333333334 0.04814814814814815
0 0.59921875 0.08055555555555556 0.025520833333333333 0.046296296296296294
0 0.7638020833333333 0.5699074074074074 0.0296875 0.05092592592592592
0 0.44375 0.17453703703703705 0.025 0.04537037037037037
0 0.21119791666666668 0.3685185185185185 0.0265625 0.046296296296296294
0 0.60859375 0.7337962962962963 0.027604166666666666 0.05092592592592592
0 0.7341145833333333 0.29398148148148145 0.028645833333333332 0.049074074074074076
0 0.30130208333333336 0.8833333333333333 0.027604166666666666 0.04814814814814815
0 0.26927083333333335 0.875 0.029166666666666667 0.05
0 0.41302083333333334 0.774074074074074 0.028125 0.05
0 0.4046875 0.7203703703703703 0.027083333333333334 0.04814814814814815
0 0.5104166666666666 0.45185185185185184 0.025 0.046296296296296294
0 0.34427083333333336 0.1875 0.026041666666666668 0.04537037037037037
0 0.48151041666666666 0.13518518518518519 0.025520833333333333 0.046296296296296294
0 0.184375 0.5763888888888888 0.028125 0.04722222222222222
0 0.2799479166666667 0.9194444444444444 0.028645833333333332 0.05
0 0.6700520833333333 0.799074074074074 0.0296875 0.053703703703703705
0 0.7148020833333334 0.6012685185185185 0.02988020833333333 0.05071296296296297