0 0.39114583333333336 0.21342592592592594 0.025 0.04537037037037037
0 0.5880208333333333 0.11944444444444445 0.025 0.044444444444444446
0 0.35104166666666664 0.21296296296296297 0.026041666666666668 0.044444444444444446
0 0.4471354166666667 0.25 0.024479166666666666 0.04259259259259259
0 0.5580729166666667 0.18055555555555555 0.024479166666666666 0.044444444444444446
0 0.5671875 0.14027777777777778 0.023958333333333335 0.04351851851851852
0 0.4153645833333333 0.24166666666666667 0.024479166666666666 0.044444444444444446
0 0.26927083333333335 0.3458333333333333 0.025 0.04537037037037037
0 0.5143229166666666 0.19490740740740742 0.025520833333333333 0.04351851851851852
0 0.36744791666666665 0.45092592592592595 0.0265625 0.046296296296296294
0 0.6934895833333333 0.17407407407407408 0.025520833333333333 0.044444444444444446
0 0.31744791666666666 0.23935185185185184 0.024479166666666666 0.04351851851851852
0 0.5427083333333333 0.21203703703703702 0.023958333333333335 0.04259259259259259
0 0.6638020833333333 0.2222222222222222 0.0265625 0.044444444444444446
0 0.26510416666666664 0.5745370370370371 0.026041666666666668 0.04537037037037037
0 0.7125 0.19907407407407407 0.027083333333333334 0.046296296296296294
0 0.384375 0.4787037037037037 0.026041666666666668 0.046296296296296294
0 0.38984375 0.2537037037037037 0.0234375 0.044444444444444446
0 0.3697916666666667 0.5111111111111111 0.026041666666666668 0.046296296296296294
0 0.3497395833333333 0.6231481481481481 0.025520833333333333 0.046296296296296294
0 0.6145833333333334 0.6083333333333333 0.027083333333333334 0.04814814814814815
0 0.6283854166666667 0.24675925925925926 0.025520833333333333 0.04537037037037037
0 0.6578125 0.3731481481481482 0.026041666666666668 0.046296296296296294
0 0.40390625 0.3523148148148148 0.025520833333333333 0.04351851851851852
0 0.29192708333333334 0.324537037037037 0.024479166666666666 0.04351851851851852
0 0.4296875 0.28055555555555556 0.026041666666666668 0.044444444444444446
0 0.6408385416666668 0.4064814814814815 0.026463541666666666 0.046296296296296294
0 0.559375 0.42453703703703705 0.026041666666666668 0.04537037037037037
0 0.6296875 0.5685185185185185 0.027083333333333334 0.046296296296296294
0 0.45364583333333336 0.575462962962963 0.025 0.04537037037037037
0 0.7 0.2375 0.027083333333333334 0.04722222222222222
0 0.36276041666666664 0.5814814814814815 0.025520833333333333 0.044444444444444446
0 0.4119791666666667 0.4986111111111111 0.026041666666666668 0.04722222222222222
0 0.5380208333333333 0.3597222222222222 0.026041666666666668 0.04537037037037037
0 0.503125 0.5601851851851852 0.025 0.044444444444444446
0 0.3796875 0.399537037037037 0.026041666666666668 0.04537037037037037
0 0.6046875 0.5592592592592592 0.027083333333333334 0.04814814814814815
0 0.40911458333333334 0.5851851851851851 0.025520833333333333 0.046296296296296294
0 0.5559895833333334 0.3148148148148148 0.024479166666666666 0.044444444444444446
0 0.5364583333333334 0.28935185185185186 0.025 0.04351851851851852
0 0.4388020833333333 0.5 0.025520833333333333 0.046296296296296294
0 0.3854166666666667 0.6097222222222223 0.025 0.04537037037037037
0 0.5950520833333334 0.2324074074074074 0.024479166666666666 0.04259259259259259
0 0.45598958333333334 0.2884259259259259 0.024479166666666666 0.04537037037037037
0 0.6950520833333333 0.3282407407407407 0.025520833333333333 0.04537037037037037
0 0.2921875 0.23055555555555557 0.025 0.04259259259259259
0 0.28932291666666665 0.5745370370370371 0.025520833333333333 0.04537037037037037
0 0.5080729166666667 0.2671296296296296 0.024479166666666666 0.04351851851851852
0 0.6627604166666666 0.3138888888888889 0.025520833333333333 0.046296296296296294
0 0.42890625 0.5518518518518518 0.0265625 0.046296296296296294
0 0.65859375 0.2652777777777778 0.0265625 0.04722222222222222
0 0.3690104166666667 0.28888888888888886 0.0265625 0.046296296296296294
0 0.41692708333333334 0.3921296296296296 0.024479166666666666 0.04351851851851852
0 0.38359375 0.55 0.025520833333333333 0.046296296296296294
0 0.38619791666666664 0.6555555555555556 0.025520833333333333 0.046296296296296294
0 0.6018229166666667 0.15462962962962962 0.024479166666666666 0.044444444444444446
0 0.51640625 0.31725925925925924 0.024479166666666666 0.048462962962962965
0 0.5427083333333333 0.45601851851851855 0.025 0.04537037037037037
0 0.3619791666666667 0.6615740740740741 0.025 0.04537037037037037
0 0.48489583333333336 0.5273148148148148 0.025 0.04537037037037037
0 0.5265625 0.5444444444444444 0.025 0.044444444444444446
0 0.63359375 0.29444444444444445 0.025520833333333333 0.044444444444444446
0 0.35963541666666665 0.35694444444444445 0.025520833333333333 0.04537037037037037
0 0.5651041666666666 0.47175925925925927 0.025 0.04537037037037037
0 0.58671875 0.6509259259259259 0.027604166666666666 0.04814814814814815
0 0.6848958333333334 0.6171296296296296 0.027083333333333334 0.04537037037037037
0 0.6794270833333333 0.13240740740740742 0.025520833333333333 0.046296296296296294
0 0.3072916666666667 0.27546296296296297 0.026041666666666668 0.04537037037037037
0 0.5783854166666667 0.34305555555555556 0.024479166666666666 0.04351851851851852
0 0.3528645833333333 0.17222222222222222 0.025520833333333333 0.044444444444444446
0 0.6421875 0.3365740740740741 0.027083333333333334 0.04722222222222222
0 0.43307291666666664 0.6393518518518518 0.0265625 0.04537037037037037
0 0.68828125 0.2861111111111111 0.0265625 0.046296296296296294
0 0.3484375 0.7615740740740741 0.025 0.04537037037037037
0 0.7067708333333333 0.36574074074074076 0.027083333333333334 0.046296296296296294
0 0.6190104166666667 0.4935185185185185 0.025520833333333333 0.046296296296296294
0 0.5265625 0.425 0.025 0.044444444444444446
0 0.521875 0.5875 0.025 0.04537037037037037
0 0.26197916666666665 0.2967592592592593 0.026041666666666668 0.04351851851851852
0 0.6794270833333333 0.475462962962963 0.0265625 0.04722222222222222
0 0.6486979166666667 0.5398148148148149 0.0265625 0.046296296296296294
0 0.5765625 0.2601851851851852 0.026041666666666668 0.046296296296296294
0 0.6125 0.11481481481481481 0.025 0.046296296296296294
0 0.57890625 0.3023148148148148 0.025520833333333333 0.04537037037037037
0 0.41510416666666666 0.6703703703703704 0.027083333333333334 0.046296296296296294
0 0.4674479166666667 0.6087962962962963 0.0265625 0.04537037037037037
0 0.49322916666666666 0.6046296296296296 0.026041666666666668 0.046296296296296294
0 0.6638020833333333 0.6430555555555556 0.0265625 0.04537037037037037
0 0.40911458333333334 0.175 0.025520833333333333 0.044444444444444446
0 0.31015625 0.7638888888888888 0.0265625 0.04814814814814815
0 0.6734375 0.5282407407407408 0.027083333333333334 0.04722222222222222
0 0.2559895833333333 0.38101851851851853 0.025520833333333333 0.04537037037037037
0 0.584375 0.43148148148148147 0.025 0.044444444444444446
0 0.38177083333333334 0.700925925925926 0.027083333333333334 0.046296296296296294
0 0.60859375 0.40185185185185185 0.0265625 0.046296296296296294
0 0.65546875 0.12962962962962962 0.025520833333333333 0.044444444444444446
0 0.7083333333333334 0.4625 0.027083333333333334 0.04722222222222222
0 0.6611979166666667 0.4337962962962963 0.0265625 0.04722222222222222
0 0.5919270833333333 0.475 0.025520833333333333 0.044444444444444446
0 0.2859375 0.7550925925925925 0.026041666666666668 0.049074074074074076
0 0.328125 0.6027777777777777 0.026041666666666668 0.046296296296296294
0 0.6177083333333333 0.6532407407407408 0.027083333333333334 0.04722222222222222
0 0.2986979166666667 0.6138888888888889 0.025520833333333333 0.046296296296296294
0 0.68828125 0.43194444444444446 0.027604166666666666 0.04722222222222222
0 0.57734375 0.6949074074074074 0.027604166666666666 0.04722222222222222
0 0.6015625 0.6875 0.027083333333333334 0.04722222222222222
0 0.6432291666666666 0.6675925925925926 0.026041666666666668 0.046296296296296294
0 0.49635416666666665 0.16898148148148148 0.025 0.04537037037037037
0 0.6604166666666667 0.5981481481481481 0.026041666666666668 0.044444444444444446
0 0.7263020833333333 0.39444444444444443 0.028645833333333332 0.04814814814814815
0 0.7171875 0.28379629629629627 0.028125 0.049074074074074076
0 0.7307291666666667 0.22870370370370371 0.027083333333333334 0.04814814814814815
0 0.6979166666666666 0.5087962962962963 0.028125 0.049074074074074076
0 0.6020833333333333 0.31157407407407406 0.026041666666666668 0.04537037037037037
0 0.51953125 0.6314814814814815 0.0265625 0.04814814814814815
0 0.42161458333333335 0.712037037037037 0.027604166666666666 0.04814814814814815
0 0.5447916666666667 0.6092592592592593 0.026041666666666668 0.04814814814814815
0 0.328125 0.7921296296296296 0.026041666666666668 0.04722222222222222
0 0.39947916666666666 0.7287037037037037 0.027083333333333334 0.046296296296296294
0 0.44921875 0.36157407407407405 0.0265625 0.04722222222222222
0 0.6354166666666666 0.45416666666666666 0.026041666666666668 0.04537037037037037
0 0.6270833333333333 0.700925925925926 0.026041666666666668 0.046296296296296294
0 0.3731770833333333 0.775 0.0265625 0.04814814814814815
0 0.7098958333333333 0.6050925925925926 0.028125 0.049074074074074076
0 0.26927083333333335 0.7180555555555556 0.028125 0.049074074074074076
0 0.23359375 0.4064814814814815 0.025520833333333333 0.044444444444444446
0 0.68828125 0.663425925925926 0.028645833333333332 0.049074074074074076
0 0.24270833333333333 0.6111111111111112 0.027083333333333334 0.04814814814814815
0 0.5942708333333333 0.7300925925925926 0.028125 0.049074074074074076
0 0.35390625 0.8069444444444445 0.027604166666666666 0.049074074074074076
0 0.68359375 0.38796296296296295 0.027604166666666666 0.04814814814814815
0 0.29609375 0.8106481481481481 0.027604166666666666 0.049074074074074076
0 0.56015625 0.7300925925925926 0.027604166666666666 0.049074074074074076
0 0.32447916666666665 0.837037037037037 0.027083333333333334 0.04814814814814815
0 0.7510416666666667 0.3476851851851852 0.028125 0.049074074074074076
0 0.36447916666666663 0.24894444444444447 0.025822916666666664 0.045907407407407404
0 0.5301354166666666 0.25071296296296297 0.025026041666666665 0.04661111111111112
0 0.5529739583333334 0.2581296296296296 0.026218750000000002 0.050138888888888886
0 0.5672760416666667 0.22423148148148148 0.027015624999999998 0.047314814814814816
0 0.607796875 0.26837037037037037 0.028604166666666667 0.04802777777777777
0 0.4606145833333333 0.5346111111111111 0.025822916666666664 0.04802777777777777
0 0.47928645833333333 0.569574074074074 0.025822916666666664 0.045907407407407404
0 0.43300520833333334 0.5953518518518519 0.028604166666666667 0.049435185185185186
0 0.4059947916666667 0.6310185185185185 0.027807291666666668 0.047314814814814816
0 0.6403697916666666 0.6246574074074074 0.027015624999999998 0.051555555555555556
0 0.680890625 0.5741666666666667 0.030192708333333332 0.049435185185185186
0 0.6467291666666667 0.4954166666666666 0.027807291666666668 0.045907407407407404
0 0.6109739583333333 0.4470462962962963 0.027015624999999998 0.04802777777777777
0 0.58515625 0.3894814814814815 0.027015624999999998 0.050138888888888886
0 0.5585364583333334 0.38383333333333336 0.027015624999999998 0.04873148148148149