0 0.4010416666666667 0.23333333333333334 0.023958333333333335 0.044444444444444446
0 0.39557291666666666 0.18703703703703703 0.024479166666666666 0.044444444444444446
0 0.5377604166666666 0.26990740740740743 0.024479166666666666 0.04537037037037037
0 0.44166666666666665 0.19953703703703704 0.025 0.04537037037037037
0 0.33671875 0.3578703703703704 0.025520833333333333 0.04537037037037037
0 0.3572916666666667 0.3277777777777778 0.025 0.044444444444444446
0 0.3294270833333333 0.3138888888888889 0.024479166666666666 0.04259259259259259
0 0.20963541666666666 0.45416666666666666 0.025520833333333333 0.04351851851851852
0 0.28984375 0.7379629629629629 0.025520833333333333 0.046296296296296294
0 0.22005208333333334 0.4152777777777778 0.025520833333333333 0.04351851851851852
0 0.2791666666666667 0.5731481481481482 0.025 0.044444444444444446
0 0.3268229166666667 0.587037037037037 0.0265625 0.046296296296296294
0 0.3098958333333333 0.29259259259259257 0.023958333333333335 0.04259259259259259
0 0.4544270833333333 0.35555555555555557 0.025520833333333333 0.04259259259259259
0 0.25104166666666666 0.2814814814814815 0.023958333333333335 0.04259259259259259
0 0.39479166666666665 0.31296296296296294 0.025 0.044444444444444446
0 0.24166666666666667 0.4486111111111111 0.027083333333333334 0.04537037037037037
0 0.2911458333333333 0.5166666666666667 0.025 0.044444444444444446
0 0.19557291666666668 0.4125 0.024479166666666666 0.04351851851851852
0 0.21145833333333333 0.4981481481481482 0.026041666666666668 0.044444444444444446
0 0.6057291666666667 0.4449074074074074 0.026041666666666668 0.04722222222222222
0 0.32916666666666666 0.26435185185185184 0.025 0.04351851851851852
0 0.44635416666666666 0.3087962962962963 0.023958333333333335 0.04351851851851852
0 0.22994791666666667 0.37777777777777777 0.025520833333333333 0.044444444444444446
0 0.3033854166666667 0.37175925925925923 0.025520833333333333 0.04351851851851852
0 0.22083333333333333 0.575925925925926 0.027083333333333334 0.046296296296296294
0 0.26119791666666664 0.24351851851851852 0.024479166666666666 0.04259259259259259
0 0.44505208333333335 0.1574074074074074 0.0234375 0.044444444444444446
0 0.3020833333333333 0.33101851851851855 0.025 0.041666666666666664
0 0.23125 0.337037037037037 0.025 0.04259259259259259
0 0.19947916666666668 0.5370370370370371 0.027083333333333334 0.046296296296296294
0 0.4708333333333333 0.43333333333333335 0.023958333333333335 0.044444444444444446
0 0.29635416666666664 0.611574074074074 0.026041666666666668 0.04537037037037037
0 0.66484375 0.18703703703703703 0.024479166666666666 0.044444444444444446
0 0.7083333333333334 0.3837962962962963 0.027083333333333334 0.04722222222222222
0 0.26901041666666664 0.7708333333333334 0.0265625 0.04722222222222222
0 0.5526041666666667 0.31342592592592594 0.025 0.04537037037037037
0 0.30104166666666665 0.7814814814814814 0.026041666666666668 0.04814814814814815
0 0.54921875 0.2273148148148148 0.024479166666666666 0.04537037037037037
0 0.353125 0.28703703703703703 0.025 0.04259259259259259
0 0.20729166666666668 0.33935185185185185 0.025 0.04351851851851852
0 0.5252604166666667 0.22870370370370371 0.024479166666666666 0.044444444444444446
0 0.259375 0.725925925925926 0.027083333333333334 0.04814814814814815
0 0.42161458333333335 0.1527777777777778 0.0234375 0.04259259259259259
0 0.64921875 0.10138888888888889 0.025520833333333333 0.04722222222222222
0 0.4609375 0.39490740740740743 0.025 0.04351851851851852
0 0.35833333333333334 0.5333333333333333 0.025 0.044444444444444446
0 0.421875 0.4375 0.025 0.04537037037037037
0 0.30078125 0.2569444444444444 0.024479166666666666 0.04351851851851852
0 0.41015625 0.8087962962962963 0.0265625 0.05092592592592592
0 0.4010416666666667 0.7319444444444444 0.027083333333333334 0.04722222222222222
0 0.6075520833333333 0.5435185185185185 0.025520833333333333 0.046296296296296294
0 0.5817708333333333 0.42916666666666664 0.025 0.04537037037037037
0 0.7067708333333333 0.12175925925925926 0.025 0.04537037037037037
0 0.35651041666666666 0.8328703703703704 0.025520833333333333 0.049074074074074076
0 0.23098958333333333 0.6648148148148149 0.027604166666666666 0.04814814814814815
0 0.35260416666666666 0.7300925925925926 0.027083333333333334 0.049074074074074076
0 0.5846354166666666 0.7277777777777777 0.0265625 0.04814814814814815
0 0.73671875 0.46296296296296297 0.027604166666666666 0.046296296296296294
0 0.6208333333333333 0.5009259259259259 0.026041666666666668 0.046296296296296294
0 0.665625 0.23148148148148148 0.026041666666666668 0.046296296296296294
0 0.71953125 0.0787037037037037 0.025520833333333333 0.044444444444444446
0 0.33541666666666664 0.8152777777777778 0.026041666666666668 0.04722222222222222
0 0.5408854166666667 0.6652777777777777 0.025520833333333333 0.04722222222222222
0 0.715625 0.17037037037037037 0.026041666666666668 0.046296296296296294
0 0.71953125 0.34305555555555556 0.0265625 0.04537037037037037
0 0.6606770833333333 0.1412037037037037 0.025520833333333333 0.04537037037037037
0 0.47552083333333334 0.17685185185185184 0.023958333333333335 0.044444444444444446
0 0.40182291666666664 0.5189814814814815 0.024479166666666666 0.04351851851851852
0 0.5666666666666667 0.5194444444444445 0.025 0.046296296296296294
0 0.28125 0.22361111111111112 0.025 0.04351851851851852
0 0.73125 0.13518518518518519 0.026041666666666668 0.046296296296296294
0 0.69453125 0.08703703703703704 0.024479166666666666 0.046296296296296294
0 0.70625 0.22592592592592592 0.027083333333333334 0.046296296296296294
0 0.3815104166666667 0.8194444444444444 0.025520833333333333 0.05
0 0.23463541666666668 0.725 0.027604166666666666 0.04814814814814815
0 0.6234375 0.07546296296296297 0.025 0.04537037037037037
0 0.6916666666666667 0.19074074074074074 0.026041666666666668 0.046296296296296294
0 0.37135416666666665 0.5694444444444444 0.023958333333333335 0.04259259259259259
0 0.39296875 0.7759259259259259 0.0265625 0.04814814814814815
0 0.67265625 0.1037037037037037 0.025520833333333333 0.046296296296296294
0 0.3734375 0.15648148148148147 0.023958333333333335 0.044444444444444446
0 0.3958333333333333 0.5643518518518519 0.023958333333333335 0.04537037037037037
0 0.33229166666666665 0.8606481481481482 0.026041666666666668 0.049074074074074076
0 0.6934895833333333 0.04537037037037037 0.024479166666666666 0.046296296296296294
0 0.6481770833333333 0.058333333333333334 0.024479166666666666 0.046296296296296294
0 0.7440104166666667 0.0824074074074074 0.0265625 0.04814814814814815
0 0.7453125 0.35 0.027083333333333334 0.04814814814814815
0 0.44609375 0.6550925925925926 0.025520833333333333 0.04722222222222222
0 0.5666666666666667 0.6875 0.026041666666666668 0.049074074074074076
0 0.3098958333333333 0.8226851851851852 0.026041666666666668 0.049074074074074076
0 0.45677083333333335 0.5921296296296297 0.023958333333333335 0.04351851851851852
0 0.72421875 0.425 0.0265625 0.046296296296296294
0 0.48671875 0.5888888888888889 0.0234375 0.044444444444444446
0 0.4609375 0.47453703703703703 0.025 0.04351851851851852
0 0.28567708333333336 0.8212962962962963 0.0265625 0.04814814814814815
0 0.5622395833333333 0.6416666666666667 0.025520833333333333 0.046296296296296294
0 0.6057291666666667 0.5935185185185186 0.026041666666666668 0.046296296296296294
0 0.72578125 0.5046296296296297 0.027604166666666666 0.05
0 0.6736979166666667 0.48148148148148145 0.0265625 0.046296296296296294
0 0.7151041666666667 0.5449074074074074 0.027083333333333334 0.04722222222222222
0 0.2830729166666667 0.8666666666666667 0.0265625 0.04814814814814815
0 0.43203125 0.5967592592592592 0.024479166666666666 0.04537037037037037
0 0.44635416666666666 0.44027777777777777 0.023958333333333335 0.04351851851851852
0 0.7286458333333333 0.6412037037037037 0.029166666666666667 0.049074074074074076
0 0.49973958333333335 0.5527777777777778 0.024479166666666666 0.044444444444444446
0 0.3078125 0.8685185185185185 0.025 0.04814814814814815
0 0.50078125 0.6328703703703704 0.024479166666666666 0.04537037037037037
0 0.475 0.6296296296296297 0.026041666666666668 0.04814814814814815
0 0.4713541666666667 0.5569444444444445 0.023958333333333335 0.04351851851851852
0 0.5830729166666667 0.6185185185185185 0.024479166666666666 0.044444444444444446
0 0.60703125 0.638425925925926 0.025520833333333333 0.04537037037037037
0 0.1875 0.6162037037037037 0.028125 0.04722222222222222
0 0.56171875 0.5972222222222222 0.025520833333333333 0.046296296296296294
0 0.315625 0.9115740740740741 0.027083333333333334 0.049074074074074076
0 0.46119791666666665 0.5171296296296296 0.024479166666666666 0.04537037037037037
0 0.28567708333333336 0.913425925925926 0.027604166666666666 0.049074074074074076
0 0.6341145833333334 0.6962962962962963 0.027604166666666666 0.05
0 0.7247395833333333 0.03796296296296296 0.025520833333333333 0.044444444444444446
0 0.7200520833333334 0.5888888888888889 0.027604166666666666 0.04814814814814815
0 0.5424479166666667 0.5273148148148148 0.024479166666666666 0.04722222222222222
0 0.7692708333333333 0.5546296296296296 0.029166666666666667 0.05
0 0.6809895833333334 0.6523148148148148 0.0265625 0.04722222222222222
0 0.7028645833333333 0.6231481481481481 0.0265625 0.04814814814814815
0 0.7408854166666666 0.5504629629629629 0.028645833333333332 0.049074074074074076
0 0.63203125 0.6504629629629629 0.0265625 0.04722222222222222
0 0.490625 0.5115740740740741 0.025 0.04537037037037037
0 0.6028645833333334 0.7625 0.028645833333333332 0.05092592592592592
0 0.6778645833333333 0.6064814814814815 0.0265625 0.04814814814814815
0 0.7067708333333333 0.6703703703703704 0.028125 0.04814814814814815
0 0.5153645833333333 0.5152777777777777 0.024479166666666666 0.04537037037037037
0 0.44635416666666666 0.5527777777777778 0.023958333333333335 0.044444444444444446
0 0.5114583333333333 0.5949074074074074 0.023958333333333335 0.04351851851851852
0 0.7 0.4412037037037037 0.027083333333333334 0.04722222222222222
0 0.6721354166666667 0.5583333333333333 0.027604166666666666 0.04814814814814815
0 0.5361979166666667 0.5930555555555556 0.025520833333333333 0.04537037037037037
0 0.6546875 0.6240740740740741 0.026041666666666668 0.04814814814814815
0 0.6302083333333334 0.6060185185185185 0.026041666666666668 0.04722222222222222
0 0.65 0.5796296296296296 0.027083333333333334 0.04814814814814815
0 0.45 0.8305555555555556 0.028125 0.05185185185185185
0 0.6854166666666667 0.14953703703703702 0.026041666666666668 0.04722222222222222
0 0.6565104166666667 0.6694444444444444 0.027604166666666666 0.04814814814814815
0 0.7018229166666666 0.4861111111111111 0.027604166666666666 0.04814814814814815
0 0.6861979166666666 0.7782407407407408 0.030729166666666665 0.05277777777777778
0 0.29453125 0.9583333333333334 0.027604166666666666 0.05
0 0.6877604166666667 0.5217592592592593 0.0265625 0.04722222222222222
0 0.7307291666666667 0.2828703703703704 0.027083333333333334 0.04722222222222222
0 0.52496875 0.556888888888889 0.026484375 0.04897222222222222
0 0.42838020833333335 0.5098055555555556 0.027546875000000002 0.04897222222222222
0 0.420609375 0.5600277777777778 0.026135416666666668 0.04897222222222222