0 0.21927083333333333 0.5337962962962963 0.026041666666666668 0.04537037037037037
0 0.4869791666666667 0.3490740740740741 0.025 0.044444444444444446
0 0.3098958333333333 0.5796296296296296 0.026041666666666668 0.046296296296296294
0 0.6263020833333334 0.28379629629629627 0.025520833333333333 0.04537037037037037
0 0.4276041666666667 0.24074074074074073 0.023958333333333335 0.044444444444444446
0 0.43333333333333335 0.1962962962962963 0.023958333333333335 0.04259259259259259
0 0.3458333333333333 0.28564814814814815 0.023958333333333335 0.04351851851851852
0 0.37578125 0.21712962962962962 0.0234375 0.04351851851851852
0 0.5919270833333333 0.3 0.025520833333333333 0.044444444444444446
0 0.44583333333333336 0.30092592592592593 0.023958333333333335 0.044444444444444446
0 0.22994791666666667 0.37916666666666665 0.025520833333333333 0.04537037037037037
0 0.28359375 0.4013888888888889 0.025520833333333333 0.04537037037037037
0 0.31015625 0.3726851851851852 0.024479166666666666 0.04351851851851852
0 0.34036458333333336 0.5671296296296297 0.025520833333333333 0.04537037037037037
0 0.6390625 0.5175925925925926 0.026041666666666668 0.046296296296296294
0 0.19973958333333333 0.562037037037037 0.0265625 0.046296296296296294
0 0.30234375 0.26944444444444443 0.0234375 0.04259259259259259
0 0.35572916666666665 0.6074074074074074 0.026041666666666668 0.046296296296296294
0 0.47682291666666665 0.3101851851851852 0.025520833333333333 0.044444444444444446
0 0.47369791666666666 0.26481481481481484 0.024479166666666666 0.04259259259259259
0 0.6716145833333333 0.10046296296296296 0.024479166666666666 0.04351851851851852
0 0.7361979166666667 0.45925925925925926 0.027604166666666666 0.046296296296296294
0 0.5260416666666666 0.3851851851851852 0.023958333333333335 0.044444444444444446
0 0.20989583333333334 0.48009259259259257 0.026041666666666668 0.04537037037037037
0 0.6080729166666666 0.34675925925925927 0.025520833333333333 0.04537037037037037
0 0.26848958333333334 0.37175925925925923 0.024479166666666666 0.04351851851851852
0 0.70625 0.38101851851851853 0.027083333333333334 0.04722222222222222
0 0.29765625 0.5425925925925926 0.0265625 0.046296296296296294
0 0.63984375 0.32222222222222224 0.025520833333333333 0.046296296296296294
0 0.37395833333333334 0.5666666666666667 0.025 0.046296296296296294
0 0.3255208333333333 0.2689814814814815 0.025 0.04351851851851852
0 0.21875 0.4222222222222222 0.026041666666666668 0.044444444444444446
0 0.3377604166666667 0.4027777777777778 0.025520833333333333 0.044444444444444446
0 0.39401041666666664 0.7625 0.0265625 0.049074074074074076
0 0.2203125 0.6277777777777778 0.027083333333333334 0.046296296296296294
0 0.4640625 0.22685185185185186 0.023958333333333335 0.04259259259259259
0 0.5455729166666666 0.35648148148148145 0.024479166666666666 0.044444444444444446
0 0.5479166666666667 0.4064814814814815 0.026041666666666668 0.046296296296296294
0 0.23125 0.3388888888888889 0.025 0.044444444444444446
0 0.19505208333333332 0.4203703703703704 0.025520833333333333 0.044444444444444446
0 0.27760416666666665 0.275 0.023958333333333335 0.04259259259259259
0 0.6934895833333333 0.08101851851851852 0.024479166666666666 0.04537037037037037
0 0.47552083333333334 0.4527777777777778 0.025 0.046296296296296294
0 0.40859375 0.6134259259259259 0.0265625 0.04722222222222222
0 0.41848958333333336 0.4486111111111111 0.024479166666666666 0.04537037037037037
0 0.7169270833333333 0.3388888888888889 0.0265625 0.046296296296296294
0 0.7046875 0.11851851851851852 0.026041666666666668 0.046296296296296294
0 0.6471354166666666 0.10138888888888889 0.025520833333333333 0.04537037037037037
0 0.28203125 0.2300925925925926 0.024479166666666666 0.04351851851851852
0 0.43125 0.49953703703703706 0.025 0.04537037037037037
0 0.7184895833333333 0.07361111111111111 0.025520833333333333 0.04537037037037037
0 0.6734375 0.5564814814814815 0.027083333333333334 0.04814814814814815
0 0.2791666666666667 0.5736111111111111 0.025 0.04537037037037037
0 0.5890625 0.25462962962962965 0.025 0.044444444444444446
0 0.35442708333333334 0.7805555555555556 0.0265625 0.05
0 0.6559895833333333 0.48564814814814816 0.0265625 0.04722222222222222
0 0.3984375 0.5736111111111111 0.025 0.04537037037037037
0 0.31536458333333334 0.7953703703703704 0.0265625 0.04814814814814815
0 0.33541666666666664 0.22083333333333333 0.022916666666666665 0.041666666666666664
0 0.7434895833333334 0.07777777777777778 0.0265625 0.046296296296296294
0 0.35598958333333336 0.24027777777777778 0.024479166666666666 0.04351851851851852
0 0.20729166666666668 0.3402777777777778 0.025 0.04537037037037037
0 0.5221354166666666 0.5527777777777778 0.025520833333333333 0.046296296296296294
0 0.7434895833333334 0.3449074074074074 0.027604166666666666 0.04722222222222222
0 0.3763020833333333 0.2587962962962963 0.024479166666666666 0.04351851851851852
0 0.7229166666666667 0.5851851851851851 0.028125 0.04814814814814815
0 0.33645833333333336 0.8162037037037037 0.026041666666666668 0.049074074074074076
0 0.7403645833333333 0.5453703703703704 0.027604166666666666 0.04814814814814815
0 0.6229166666666667 0.07361111111111111 0.025 0.04537037037037037
0 0.7223958333333333 0.4203703703703704 0.027083333333333334 0.046296296296296294
0 0.6760416666666667 0.6050925925925926 0.027083333333333334 0.04722222222222222
0 0.55546875 0.637962962962963 0.024479166666666666 0.046296296296296294
0 0.46770833333333334 0.6263888888888889 0.026041666666666668 0.04722222222222222
0 0.5518229166666667 0.2152777777777778 0.024479166666666666 0.04537037037037037
0 0.7252604166666666 0.5009259259259259 0.027604166666666666 0.04814814814814815
0 0.37786458333333334 0.8115740740740741 0.027604166666666666 0.05092592592592592
0 0.3143229166666667 0.23425925925925925 0.024479166666666666 0.044444444444444446
0 0.41458333333333336 0.7356481481481482 0.026041666666666668 0.049074074074074076
0 0.3572916666666667 0.8388888888888889 0.027083333333333334 0.05
0 0.6236979166666666 0.6773148148148148 0.0265625 0.049074074074074076
0 0.2513020833333333 0.2824074074074074 0.024479166666666666 0.044444444444444446
0 0.35390625 0.1935185185185185 0.024479166666666666 0.044444444444444446
0 0.49453125 0.5541666666666667 0.025520833333333333 0.04722222222222222
0 0.3770833333333333 0.3912037037037037 0.026041666666666668 0.04537037037037037
0 0.46145833333333336 0.500462962962963 0.025 0.04537037037037037
0 0.31223958333333335 0.3074074074074074 0.025520833333333333 0.044444444444444446
0 0.5984375 0.6666666666666666 0.026041666666666668 0.046296296296296294
0 0.2671875 0.32685185185185184 0.023958333333333335 0.04259259259259259
0 0.7067708333333333 0.6231481481481481 0.027083333333333334 0.04814814814814815
0 0.44166666666666665 0.7342592592592593 0.026041666666666668 0.04814814814814815
0 0.39921875 0.22083333333333333 0.0234375 0.041666666666666664
0 0.46822916666666664 0.41064814814814815 0.025 0.04351851851851852
0 0.47161458333333334 0.5398148148148149 0.024479166666666666 0.044444444444444446
0 0.44427083333333334 0.6041666666666666 0.025 0.04537037037037037
0 0.51328125 0.5935185185185186 0.024479166666666666 0.046296296296296294
0 0.5416666666666666 0.4759259259259259 0.026041666666666668 0.046296296296296294
0 0.31588541666666664 0.6324074074074074 0.0265625 0.046296296296296294
0 0.4440104166666667 0.41759259259259257 0.024479166666666666 0.04259259259259259
0 0.7135416666666666 0.5412037037037037 0.027083333333333334 0.04722222222222222
0 0.29010416666666666 0.7935185185185185 0.026041666666666668 0.04814814814814815
0 0.5388020833333333 0.6055555555555555 0.025520833333333333 0.046296296296296294
0 0.6984375 0.43657407407407406 0.027083333333333334 0.04722222222222222
0 0.42213541666666665 0.55 0.025520833333333333 0.046296296296296294
0 0.7333333333333333 0.6416666666666667 0.028125 0.04814814814814815
0 0.290625 0.8402777777777778 0.026041666666666668 0.049074074074074076
0 0.5481770833333334 0.6861111111111111 0.0265625 0.04814814814814815
0 0.44505208333333335 0.5601851851851852 0.0234375 0.044444444444444446
0 0.315625 0.8412037037037037 0.026041666666666668 0.04722222222222222
0 0.5471354166666667 0.7342592592592593 0.027604166666666666 0.05
0 0.371875 0.7458333333333333 0.026041666666666668 0.04722222222222222
0 0.28828125 0.30833333333333335 0.024479166666666666 0.044444444444444446
0 0.2604166666666667 0.2439814814814815 0.023958333333333335 0.041666666666666664
0 0.6348958333333333 0.6074074074074074 0.027083333333333334 0.04814814814814815
0 0.5286458333333334 0.6532407407407408 0.025 0.04722222222222222
0 0.43697916666666664 0.6481481481481481 0.027083333333333334 0.04814814814814815
0 0.46640625 0.5828703703703704 0.025520833333333333 0.04537037037037037
0 0.18958333333333333 0.6189814814814815 0.028125 0.04722222222222222
0 0.3880208333333333 0.18055555555555555 0.025 0.044444444444444446
0 0.5989583333333334 0.7236111111111111 0.027083333333333334 0.049074074074074076
0 0.6471354166666666 0.05740740740740741 0.025520833333333333 0.046296296296296294
0 0.5033854166666667 0.6787037037037037 0.0265625 0.05
0 0.50546875 0.6342592592592593 0.0265625 0.04814814814814815
0 0.5734375 0.6828703703703703 0.026041666666666668 0.049074074074074076
0 0.2989583333333333 0.20046296296296295 0.025 0.04351851851851852
0 0.6932291666666667 0.040740740740740744 0.025 0.046296296296296294
0 0.44947916666666665 0.4597222222222222 0.026041666666666668 0.04722222222222222
0 0.30807291666666664 0.8856481481481482 0.0265625 0.049074074074074076
0 0.7322916666666667 0.13148148148148148 0.027083333333333334 0.04814814814814815
0 0.4895833333333333 0.5939814814814814 0.025 0.04351851851851852
0 0.5919270833333333 0.7675925925925926 0.027604166666666666 0.05
0 0.5872395833333334 0.5055555555555555 0.0265625 0.046296296296296294
0 0.33515625 0.8666666666666667 0.0265625 0.05
0 0.2833333333333333 0.8851851851851852 0.028125 0.05
0 0.7684895833333333 0.5509259259259259 0.028645833333333332 0.05
0 0.5203125 0.1986111111111111 0.025 0.04351851851851852
0 0.5729166666666666 0.7287037037037037 0.027083333333333334 0.05
0 0.5653645833333333 0.774074074074074 0.027604166666666666 0.05
0 0.7018229166666666 0.48009259259259257 0.027604166666666666 0.04722222222222222
0 0.44609375 0.16111111111111112 0.024479166666666666 0.044444444444444446
0 0.72421875 0.03333333333333333 0.025520833333333333 0.044444444444444446
0 0.6229166666666667 0.16018518518518518 0.025 0.044444444444444446
0 0.7125 0.6708333333333333 0.028125 0.049074074074074076
0 0.29010416666666666 0.9291666666666667 0.028125 0.049074074074074076
0 0.23619791666666667 0.6768518518518518 0.0265625 0.046296296296296294
0 0.32057291666666665 0.924537037037037 0.027604166666666666 0.05092592592592592
0 0.7302083333333333 0.27824074074074073 0.027083333333333334 0.04722222222222222
0 0.6877604166666667 0.5175925925925926 0.027604166666666666 0.046296296296296294
0 0.5799479166666667 0.8171296296296297 0.028645833333333332 0.05092592592592592
0 0.68828125 0.7675925925925926 0.028645833333333332 0.05185185185185185
0 0.29921875 0.9726851851851852 0.028645833333333332 0.05092592592592592