0 0.22916666666666666 0.3787037037037037 0.026041666666666668 0.044444444444444446
0 0.4356770833333333 0.27314814814814814 0.024479166666666666 0.044444444444444446
0 0.20989583333333334 0.4564814814814815 0.026041666666666668 0.044444444444444446
0 0.33671875 0.35833333333333334 0.025520833333333333 0.044444444444444446
0 0.21015625 0.500462962962963 0.025520833333333333 0.04537037037037037
0 0.44375 0.4125 0.023958333333333335 0.04351851851851852
0 0.24114583333333334 0.47638888888888886 0.027083333333333334 0.04537037037037037
0 0.31015625 0.29398148148148145 0.024479166666666666 0.04351851851851852
0 0.45989583333333334 0.37962962962962965 0.023958333333333335 0.044444444444444446
0 0.29270833333333335 0.5314814814814814 0.026041666666666668 0.044444444444444446
0 0.32916666666666666 0.3148148148148148 0.025 0.04259259259259259
0 0.39401041666666664 0.31666666666666665 0.024479166666666666 0.044444444444444446
0 0.32864583333333336 0.2652777777777778 0.025 0.04351851851851852
0 0.29010416666666666 0.7379629629629629 0.026041666666666668 0.046296296296296294
0 0.3776041666666667 0.225 0.023958333333333335 0.04259259259259259
0 0.2171875 0.41712962962962963 0.025 0.04351851851851852
0 0.25078125 0.28194444444444444 0.024479166666666666 0.04351851851851852
0 0.35598958333333336 0.32731481481481484 0.024479166666666666 0.04537037037037037
0 0.39947916666666666 0.23703703703703705 0.023958333333333335 0.04259259259259259
0 0.37604166666666666 0.6041666666666666 0.026041666666666668 0.04537037037037037
0 0.3528645833333333 0.28935185185185186 0.024479166666666666 0.04351851851851852
0 0.19401041666666666 0.4166666666666667 0.025520833333333333 0.044444444444444446
0 0.46015625 0.33611111111111114 0.024479166666666666 0.04259259259259259
0 0.23046875 0.3384259259259259 0.025520833333333333 0.04351851851851852
0 0.21927083333333333 0.625462962962963 0.027083333333333334 0.04722222222222222
0 0.4192708333333333 0.3888888888888889 0.023958333333333335 0.044444444444444446
0 0.41015625 0.2814814814814815 0.024479166666666666 0.044444444444444446
0 0.40208333333333335 0.5194444444444445 0.025 0.044444444444444446
0 0.39765625 0.37175925925925923 0.024479166666666666 0.04351851851851852
0 0.2791666666666667 0.5736111111111111 0.026041666666666668 0.04537037037037037
0 0.4640625 0.5578703703703703 0.026041666666666668 0.04537037037037037
0 0.3015625 0.3314814814814815 0.025 0.04259259259259259
0 0.30052083333333335 0.25787037037037036 0.025 0.04351851851851852
0 0.259375 0.7263888888888889 0.027083333333333334 0.04722222222222222
0 0.30364583333333334 0.3726851851851852 0.026041666666666668 0.04351851851851852
0 0.2609375 0.2439814814814815 0.023958333333333335 0.041666666666666664
0 0.4434895833333333 0.5814814814814815 0.024479166666666666 0.044444444444444446
0 0.7072916666666667 0.38425925925925924 0.026041666666666668 0.046296296296296294
0 0.23125 0.6657407407407407 0.027083333333333334 0.04814814814814815
0 0.32473958333333336 0.22361111111111112 0.024479166666666666 0.04351851851851852
0 0.20677083333333332 0.3398148148148148 0.025 0.044444444444444446
0 0.3723958333333333 0.2662037037037037 0.023958333333333335 0.04351851851851852
0 0.42473958333333334 0.6097222222222223 0.025520833333333333 0.04537037037037037
0 0.73125 0.13518518518518519 0.026041666666666668 0.04814814814814815
0 0.4544270833333333 0.6231481481481481 0.0265625 0.046296296296296294
0 0.3927083333333333 0.5680555555555555 0.025 0.04351851851851852
0 0.66484375 0.1875 0.025520833333333333 0.04537037037037037
0 0.30104166666666665 0.7824074074074074 0.027083333333333334 0.04814814814814815
0 0.39296875 0.7763888888888889 0.0265625 0.04722222222222222
0 0.4479166666666667 0.49583333333333335 0.026041666666666668 0.04537037037037037
0 0.7067708333333333 0.12175925925925926 0.025 0.04537037037037037
0 0.26901041666666664 0.7708333333333334 0.0265625 0.04722222222222222
0 0.40078125 0.7319444444444444 0.0265625 0.04722222222222222
0 0.3265625 0.587037037037037 0.026041666666666668 0.046296296296296294
0 0.5372395833333333 0.5125 0.025520833333333333 0.04722222222222222
0 0.7151041666666667 0.1699074074074074 0.026041666666666668 0.04722222222222222
0 0.42083333333333334 0.5648148148148148 0.025 0.044444444444444446
0 0.28125 0.22361111111111112 0.025 0.04351851851851852
0 0.19739583333333333 0.5435185185185185 0.027083333333333334 0.046296296296296294
0 0.7364583333333333 0.46296296296296297 0.027083333333333334 0.046296296296296294
0 0.3958333333333333 0.6435185185185185 0.026041666666666668 0.046296296296296294
0 0.6604166666666667 0.14166666666666666 0.026041666666666668 0.046296296296296294
0 0.71953125 0.0787037037037037 0.025520833333333333 0.044444444444444446
0 0.6486979166666667 0.10231481481481482 0.025520833333333333 0.04537037037037037
0 0.23463541666666668 0.725 0.027604166666666666 0.04814814814814815
0 0.35208333333333336 0.7300925925925926 0.027083333333333334 0.049074074074074076
0 0.4395833333333333 0.21712962962962962 0.025 0.04537037037037037
0 0.5643229166666667 0.425 0.025520833333333333 0.046296296296296294
0 0.69453125 0.0875 0.024479166666666666 0.04537037037037037
0 0.5255208333333333 0.6097222222222223 0.026041666666666668 0.04722222222222222
0 0.33515625 0.8152777777777778 0.0265625 0.04722222222222222
0 0.69140625 0.19166666666666668 0.025520833333333333 0.046296296296296294
0 0.6221354166666667 0.525 0.025520833333333333 0.046296296296296294
0 0.5432291666666667 0.5546296296296296 0.025 0.044444444444444446
0 0.6721354166666667 0.10462962962962963 0.025520833333333333 0.046296296296296294
0 0.44166666666666665 0.538425925925926 0.026041666666666668 0.04537037037037037
0 0.7244791666666667 0.425 0.026041666666666668 0.046296296296296294
0 0.5848958333333333 0.5847222222222223 0.025 0.04537037037037037
0 0.62421875 0.47824074074074074 0.024479166666666666 0.04537037037037037
0 0.36666666666666664 0.5550925925925926 0.026041666666666668 0.04537037037037037
0 0.5989583333333334 0.48148148148148145 0.025 0.044444444444444446
0 0.5671875 0.5449074074074074 0.025 0.04537037037037037
0 0.7190104166666667 0.3435185185185185 0.0265625 0.046296296296296294
0 0.6486979166666667 0.5041666666666667 0.025520833333333333 0.04722222222222222
0 0.7447916666666666 0.350462962962963 0.027083333333333334 0.04722222222222222
0 0.41015625 0.8092592592592592 0.027604166666666666 0.05
0 0.5950520833333334 0.525 0.025520833333333333 0.046296296296296294
0 0.35651041666666666 0.8333333333333334 0.025520833333333333 0.04814814814814815
0 0.7440104166666667 0.0824074074074074 0.0265625 0.04814814814814815
0 0.7059895833333333 0.2263888888888889 0.0265625 0.04722222222222222
0 0.6075520833333333 0.5643518518518519 0.025520833333333333 0.04722222222222222
0 0.5596354166666667 0.5879629629629629 0.025520833333333333 0.046296296296296294
0 0.7140625 0.5453703703703704 0.027083333333333334 0.04814814814814815
0 0.6989583333333333 0.4398148148148148 0.027083333333333334 0.04814814814814815
0 0.28541666666666665 0.8212962962962963 0.026041666666666668 0.04814814814814815
0 0.5388020833333333 0.4273148148148148 0.024479166666666666 0.04537037037037037
0 0.63203125 0.5773148148148148 0.025520833333333333 0.04722222222222222
0 0.18776041666666668 0.6166666666666667 0.027604166666666666 0.046296296296296294
0 0.5981770833333333 0.7337962962962963 0.0265625 0.04722222222222222
0 0.5486979166666667 0.6287037037037037 0.0265625 0.04814814814814815
0 0.6736979166666667 0.4810185185185185 0.0265625 0.04722222222222222
0 0.7252604166666666 0.5041666666666667 0.027604166666666666 0.049074074074074076
0 0.38125 0.8194444444444444 0.026041666666666668 0.04814814814814815
0 0.33203125 0.8611111111111112 0.025520833333333333 0.04814814814814815
0 0.7223958333333333 0.5888888888888889 0.027083333333333334 0.04814814814814815
0 0.6580729166666667 0.5921296296296297 0.0265625 0.04722222222222222
0 0.6481770833333333 0.06018518518518518 0.025520833333333333 0.046296296296296294
0 0.6653645833333334 0.2324074074074074 0.025520833333333333 0.046296296296296294
0 0.6502604166666667 0.5481481481481482 0.025520833333333333 0.046296296296296294
0 0.5744791666666667 0.6273148148148148 0.027083333333333334 0.04722222222222222
0 0.31015625 0.8245370370370371 0.0265625 0.049074074074074076
0 0.5875 0.6662037037037037 0.026041666666666668 0.04722222222222222
0 0.7078125 0.625 0.026041666666666668 0.04814814814814815
0 0.6236979166666666 0.0763888888888889 0.025520833333333333 0.04537037037037037
0 0.6096354166666667 0.6935185185185185 0.0265625 0.04814814814814815
0 0.7330729166666666 0.6458333333333334 0.028645833333333332 0.049074074074074076
0 0.5130208333333334 0.3837962962962963 0.023958333333333335 0.04537037037037037
0 0.6208333333333333 0.6527777777777778 0.026041666666666668 0.04814814814814815
0 0.6934895833333333 0.046296296296296294 0.024479166666666666 0.046296296296296294
0 0.6755208333333333 0.5601851851851852 0.026041666666666668 0.04814814814814815
0 0.5622395833333333 0.6712962962962963 0.0265625 0.04814814814814815
0 0.5770833333333333 0.7092592592592593 0.028125 0.05
0 0.6625 0.6365740740740741 0.026041666666666668 0.04722222222222222
0 0.2828125 0.8675925925925926 0.026041666666666668 0.04814814814814815
0 0.6877604166666667 0.5208333333333334 0.0265625 0.04722222222222222
0 0.6481770833333333 0.45925925925925926 0.025520833333333333 0.046296296296296294
0 0.6828125 0.6074074074074074 0.026041666666666668 0.04814814814814815
0 0.64609375 0.6680555555555555 0.0265625 0.04722222222222222
0 0.6346354166666667 0.7083333333333334 0.027604166666666666 0.05
0 0.30755208333333334 0.8689814814814815 0.025520833333333333 0.04722222222222222
0 0.6265625 0.7523148148148148 0.028125 0.05092592592592592
0 0.7411458333333333 0.5504629629629629 0.028125 0.049074074074074076
0 0.7018229166666666 0.48518518518518516 0.027604166666666666 0.04814814814814815
0 0.60078125 0.625 0.0265625 0.04814814814814815
0 0.76875 0.5546296296296296 0.029166666666666667 0.05
0 0.7119791666666667 0.674537037037037 0.028125 0.049074074074074076
0 0.6877604166666667 0.6532407407407408 0.0265625 0.049074074074074076
0 0.6705729166666666 0.6851851851851852 0.027604166666666666 0.05
0 0.39036458333333335 0.17407407407407408 0.024479166666666666 0.044444444444444446
0 0.6375 0.6212962962962963 0.025 0.046296296296296294
0 0.7247395833333333 0.03796296296296296 0.025520833333333333 0.044444444444444446
0 0.5075520833333333 0.49953703703703706 0.025520833333333333 0.04537037037037037
0 0.28567708333333336 0.9138888888888889 0.027604166666666666 0.05
0 0.5966145833333333 0.7810185185185186 0.028645833333333332 0.05092592592592592
0 0.31588541666666664 0.9148148148148149 0.027604166666666666 0.05
0 0.6854166666666667 0.14953703703703702 0.026041666666666668 0.04722222222222222
0 0.47994791666666664 0.7597222222222222 0.027604166666666666 0.05092592592592592
0 0.7307291666666667 0.2828703703703704 0.027083333333333334 0.04722222222222222
0 0.6861979166666666 0.7777777777777778 0.030729166666666665 0.053703703703703705
0 0.2950520833333333 0.9578703703703704 0.028645833333333332 0.05092592592592592