0 0.5270833333333333 0.36666666666666664 0.025 0.044444444444444446
0 0.240625 0.3638888888888889 0.026041666666666668 0.044444444444444446
0 0.2552083333333333 0.3296296296296296 0.026041666666666668 0.044444444444444446
0 0.27005208333333336 0.24814814814814815 0.024479166666666666 0.04259259259259259
0 0.246875 0.26944444444444443 0.025 0.04259259259259259
0 0.29583333333333334 0.25416666666666665 0.025 0.04351851851851852
0 0.22395833333333334 0.2800925925925926 0.023958333333333335 0.041666666666666664
0 0.3963541666666667 0.4152777777777778 0.026041666666666668 0.04537037037037037
0 0.22135416666666666 0.32175925925925924 0.023958333333333335 0.04351851851851852
0 0.34791666666666665 0.22268518518518518 0.025 0.04351851851851852
0 0.29921875 0.2949074074074074 0.024479166666666666 0.04351851851851852
0 0.3260416666666667 0.2708333333333333 0.025 0.04351851851851852
0 0.5276041666666667 0.41064814814814815 0.025 0.04537037037037037
0 0.21666666666666667 0.36342592592592593 0.025 0.04537037037037037
0 0.31588541666666664 0.23333333333333334 0.025520833333333333 0.044444444444444446
0 0.7057291666666666 0.37962962962962965 0.027083333333333334 0.046296296296296294
0 0.28958333333333336 0.21342592592592594 0.023958333333333335 0.04351851851851852
0 0.21770833333333334 0.4111111111111111 0.026041666666666668 0.044444444444444446
0 0.7361979166666667 0.4587962962962963 0.027604166666666666 0.04722222222222222
0 0.5005208333333333 0.3773148148148148 0.023958333333333335 0.04351851851851852
0 0.38203125 0.37824074074074077 0.025520833333333333 0.04537037037037037
0 0.7221354166666667 0.41944444444444445 0.0265625 0.046296296296296294
0 0.6390625 0.5162037037037037 0.026041666666666668 0.04537037037037037
0 0.3497395833333333 0.36666666666666664 0.024479166666666666 0.04259259259259259
0 0.19817708333333334 0.3384259259259259 0.025520833333333333 0.04351851851851852
0 0.35911458333333335 0.4060185185185185 0.024479166666666666 0.04351851851851852
0 0.48046875 0.33796296296296297 0.025520833333333333 0.044444444444444446
0 0.7153645833333333 0.3388888888888889 0.0265625 0.046296296296296294
0 0.41302083333333334 0.1962962962962963 0.025 0.044444444444444446
0 0.6716145833333333 0.09953703703703703 0.025520833333333333 0.04537037037037037
0 0.35598958333333336 0.44722222222222224 0.024479166666666666 0.044444444444444446
0 0.32786458333333335 0.350462962962963 0.024479166666666666 0.04351851851851852
0 0.7424479166666667 0.3439814814814815 0.027604166666666666 0.04722222222222222
0 0.23177083333333334 0.24027777777777778 0.025 0.041666666666666664
0 0.3770833333333333 0.4648148148148148 0.025 0.046296296296296294
0 0.39166666666666666 0.2310185185185185 0.023958333333333335 0.04351851851851852
0 0.5197916666666667 0.5509259259259259 0.025 0.046296296296296294
0 0.7260416666666667 0.49907407407407406 0.027083333333333334 0.04814814814814815
0 0.3333333333333333 0.399537037037037 0.025 0.04351851851851852
0 0.6565104166666667 0.4842592592592593 0.0265625 0.046296296296296294
0 0.30364583333333334 0.34074074074074073 0.023958333333333335 0.04259259259259259
0 0.36770833333333336 0.337037037037037 0.025 0.04259259259259259
0 0.7049479166666667 0.1175925925925926 0.025520833333333333 0.046296296296296294
0 0.3106770833333333 0.1925925925925926 0.025520833333333333 0.04259259259259259
0 0.7174479166666666 0.07222222222222222 0.025520833333333333 0.046296296296296294
0 0.7424479166666667 0.07685185185185185 0.0265625 0.046296296296296294
0 0.33151041666666664 0.5449074074074074 0.025520833333333333 0.04537037037037037
0 0.34921875 0.5722222222222222 0.025520833333333333 0.046296296296296294
0 0.6736979166666667 0.5560185185185185 0.027604166666666666 0.049074074074074076
0 0.69296875 0.07962962962962963 0.024479166666666666 0.044444444444444446
0 0.7231770833333333 0.5828703703703704 0.027604166666666666 0.04722222222222222
0 0.36302083333333335 0.5 0.026041666666666668 0.044444444444444446
0 0.73984375 0.5430555555555555 0.027604166666666666 0.04722222222222222
0 0.3927083333333333 0.5638888888888889 0.026041666666666668 0.046296296296296294
0 0.27890625 0.575925925925926 0.024479166666666666 0.044444444444444446
0 0.37395833333333334 0.538425925925926 0.025 0.04537037037037037
0 0.33958333333333335 0.4930555555555556 0.025 0.04351851851851852
0 0.32578125 0.587037037037037 0.024479166666666666 0.046296296296296294
0 0.25390625 0.21944444444444444 0.025520833333333333 0.04259259259259259
0 0.49661458333333336 0.5347222222222222 0.024479166666666666 0.04537037037037037
0 0.7018229166666666 0.4791666666666667 0.027604166666666666 0.04722222222222222
0 0.7135416666666666 0.5398148148148149 0.027083333333333334 0.04814814814814815
0 0.37265625 0.5893518518518519 0.025520833333333333 0.04537037037037037
0 0.5416666666666666 0.7171296296296297 0.026041666666666668 0.049074074074074076
0 0.34348958333333335 0.3189814814814815 0.0234375 0.03981481481481482
0 0.6760416666666667 0.6041666666666666 0.027083333333333334 0.04722222222222222
0 0.6369791666666667 0.32546296296296295 0.026041666666666668 0.04351851851851852
0 0.4890625 0.575462962962963 0.025 0.04537037037037037
0 0.29765625 0.4824074074074074 0.0265625 0.04814814814814815
0 0.6252604166666667 0.28564814814814815 0.025520833333333333 0.04537037037037037
0 0.3216145833333333 0.30925925925925923 0.0234375 0.04259259259259259
0 0.29739583333333336 0.5458333333333333 0.026041666666666668 0.04537037037037037
0 0.43411458333333336 0.5828703703703704 0.025520833333333333 0.04537037037037037
0 0.5479166666666667 0.5592592592592592 0.026041666666666668 0.046296296296296294
0 0.3143229166666667 0.6287037037037037 0.025520833333333333 0.046296296296296294
0 0.39791666666666664 0.5217592592592593 0.026041666666666668 0.04537037037037037
0 0.5197916666666667 0.5935185185185186 0.025 0.044444444444444446
0 0.21875 0.5699074074074074 0.027083333333333334 0.04537037037037037
0 0.4375 0.3138888888888889 0.025 0.044444444444444446
0 0.27265625 0.8629629629629629 0.027604166666666666 0.05
0 0.7330729166666666 0.6398148148148148 0.027604166666666666 0.04814814814814815
0 0.4421875 0.6342592592592593 0.025 0.044444444444444446
0 0.6473958333333333 0.1 0.025 0.046296296296296294
0 0.7067708333333333 0.6208333333333333 0.027083333333333334 0.04722222222222222
0 0.46432291666666664 0.5907407407407408 0.025520833333333333 0.046296296296296294
0 0.30130208333333336 0.5902777777777778 0.024479166666666666 0.04351851851851852
0 0.4973958333333333 0.6157407407407407 0.025 0.046296296296296294
0 0.39739583333333334 0.6361111111111111 0.025 0.046296296296296294
0 0.4197916666666667 0.6171296296296296 0.025 0.04351851851851852
0 0.28802083333333334 0.8203703703703704 0.027083333333333334 0.04814814814814815
0 0.6356770833333333 0.6064814814814815 0.0265625 0.04814814814814815
0 0.6236979166666666 0.08101851851851852 0.024479166666666666 0.04537037037037037
0 0.5130208333333334 0.6972222222222222 0.026041666666666668 0.04814814814814815
0 0.30078125 0.8837962962962963 0.0265625 0.049074074074074076
0 0.5184895833333333 0.5074074074074074 0.025520833333333333 0.046296296296296294
0 0.5442708333333334 0.6018518518518519 0.025 0.046296296296296294
0 0.5002604166666667 0.6574074074074074 0.025520833333333333 0.046296296296296294
0 0.4315104166666667 0.538425925925926 0.024479166666666666 0.04537037037037037
0 0.5481770833333334 0.6462962962962963 0.025520833333333333 0.046296296296296294
0 0.321875 0.4666666666666667 0.026041666666666668 0.046296296296296294
0 0.60078125 0.7208333333333333 0.027604166666666666 0.049074074074074076
0 0.6471354166666666 0.05787037037037037 0.025520833333333333 0.04537037037037037
0 0.5427083333333333 0.5162037037037037 0.025 0.04537037037037037
0 0.18958333333333333 0.4199074074074074 0.027083333333333334 0.04537037037037037
0 0.19036458333333334 0.6199074074074075 0.027604166666666666 0.04537037037037037
0 0.4752604166666667 0.5148148148148148 0.025520833333333333 0.046296296296296294
0 0.6979166666666666 0.4356481481481482 0.027083333333333334 0.04722222222222222
0 0.47317708333333336 0.6305555555555555 0.025520833333333333 0.044444444444444446
0 0.41822916666666665 0.6625 0.026041666666666668 0.04537037037037037
0 0.5598958333333334 0.6851851851851852 0.026041666666666668 0.04814814814814815
0 0.575 0.7273148148148149 0.027083333333333334 0.049074074074074076
0 0.3416666666666667 0.6444444444444445 0.025 0.044444444444444446
0 0.36692708333333335 0.6467592592592593 0.025520833333333333 0.04537037037037037
0 0.38333333333333336 0.6782407407407407 0.026041666666666668 0.04722222222222222
0 0.6049479166666667 0.6541666666666667 0.0265625 0.04722222222222222
0 0.590625 0.7652777777777777 0.028125 0.049074074074074076
0 0.5671875 0.5944444444444444 0.025 0.044444444444444446
0 0.6291666666666667 0.6694444444444444 0.027083333333333334 0.04814814814814815
0 0.52265625 0.6370370370370371 0.025520833333333333 0.046296296296296294
0 0.5645833333333333 0.7699074074074074 0.027083333333333334 0.049074074074074076
0 0.5856770833333333 0.6824074074074075 0.0265625 0.04814814814814815
0 0.5729166666666666 0.6393518518518518 0.026041666666666668 0.04722222222222222
0 0.7315104166666667 0.1300925925925926 0.0265625 0.04722222222222222
0 0.27708333333333335 0.9083333333333333 0.027083333333333334 0.04814814814814815
0 0.28515625 0.17314814814814813 0.025520833333333333 0.044444444444444446
0 0.3223958333333333 0.9050925925925926 0.027083333333333334 0.049074074074074076
0 0.69296875 0.038425925925925926 0.025520833333333333 0.04537037037037037
0 0.7682291666666666 0.549537037037037 0.029166666666666667 0.049074074074074076
0 0.5627604166666667 0.19537037037037036 0.025520833333333333 0.044444444444444446
0 0.5872395833333334 0.5009259259259259 0.025520833333333333 0.046296296296296294
0 0.2578125 0.6513888888888889 0.027083333333333334 0.04537037037037037
0 0.2674479166666667 0.7842592592592592 0.027604166666666666 0.04814814814814815
0 0.21380208333333334 0.65 0.027604166666666666 0.046296296296296294
0 0.35052083333333334 0.8814814814814815 0.028125 0.05
0 0.7125 0.6694444444444444 0.028125 0.04814814814814815
0 0.6223958333333334 0.16064814814814815 0.025 0.04537037037037037
0 0.7236979166666667 0.031018518518518518 0.025520833333333333 0.04537037037037037
0 0.5309895833333333 0.15092592592592594 0.024479166666666666 0.044444444444444446
0 0.34921875 0.750462962962963 0.0265625 0.04722222222222222
0 0.68828125 0.5162037037037037 0.027604166666666666 0.04722222222222222
0 0.31197916666666664 0.95 0.028125 0.05
0 0.578125 0.8134259259259259 0.028125 0.05092592592592592
0 0.2869791666666667 0.950925925925926 0.027083333333333334 0.05
0 0.7296875 0.27685185185185185 0.027083333333333334 0.046296296296296294
0 0.4786458333333333 0.18935185185185185 0.025 0.04537037037037037
0 0.45989583333333334 0.5481481481481482 0.025 0.044444444444444446
0 0.4041666666666667 0.8208333333333333 0.027083333333333334 0.049074074074074076
0 0.5348958333333333 0.836574074074074 0.028125 0.05092592592592592
0 0.6885416666666667 0.7652777777777777 0.029166666666666667 0.05092592592592592
0 0.29583333333333334 0.986574074074074 0.028125 0.025