0 0.21536458333333333 0.21342592592592594 0.0265625 0.04351851851851852
0 0.5950520833333334 0.1675925925925926 0.024479166666666666 0.044444444444444446
0 0.18463541666666666 0.2439814814814815 0.025520833333333333 0.04351851851851852
0 0.31197916666666664 0.2439814814814815 0.023958333333333335 0.04351851851851852
0 0.28125 0.23055555555555557 0.023958333333333335 0.04259259259259259
0 0.34036458333333336 0.2375 0.025520833333333333 0.04537037037037037
0 0.29140625 0.2726851851851852 0.024479166666666666 0.041666666666666664
0 0.6802083333333333 0.15833333333333333 0.025 0.046296296296296294
0 0.5729166666666666 0.1425925925925926 0.023958333333333335 0.046296296296296294
0 0.48203125 0.19027777777777777 0.0234375 0.04351851851851852
0 0.6932291666666667 0.11064814814814815 0.023958333333333335 0.04537037037037037
0 0.68203125 0.21388888888888888 0.025520833333333333 0.046296296296296294
0 0.70625 0.22870370370370371 0.026041666666666668 0.046296296296296294
0 0.41171875 0.32175925925925924 0.0234375 0.04351851851851852
0 0.2864583333333333 0.41759259259259257 0.023958333333333335 0.04259259259259259
0 0.7104166666666667 0.14212962962962963 0.025 0.04537037037037037
0 0.32447916666666665 0.20787037037037037 0.025 0.04351851851851852
0 0.18072916666666666 0.20185185185185187 0.023958333333333335 0.04259259259259259
0 0.26510416666666664 0.4532407407407407 0.025 0.04351851851851852
0 0.303125 0.4615740740740741 0.023958333333333335 0.04351851851851852
0 0.31197916666666664 0.4199074074074074 0.023958333333333335 0.04351851851851852
0 0.24973958333333332 0.6976851851851852 0.025520833333333333 0.04537037037037037
0 0.7385416666666667 0.3050925925925926 0.026041666666666668 0.04722222222222222
0 0.6559895833333333 0.12824074074074074 0.025520833333333333 0.04722222222222222
0 0.32734375 0.45231481481481484 0.024479166666666666 0.04351851851851852
0 0.4979166666666667 0.1574074074074074 0.023958333333333335 0.044444444444444446
0 0.45625 0.20972222222222223 0.022916666666666665 0.04351851851851852
0 0.6744791666666666 0.26435185185185184 0.026041666666666668 0.04722222222222222
0 0.41822916666666665 0.2777777777777778 0.023958333333333335 0.044444444444444446
0 0.44114583333333335 0.28703703703703703 0.023958333333333335 0.04259259259259259
0 0.7140625 0.1837962962962963 0.027083333333333334 0.04722222222222222
0 0.4359375 0.2337962962962963 0.023958333333333335 0.04351851851851852
0 0.7111979166666667 0.07592592592592592 0.025520833333333333 0.044444444444444446
0 0.29140625 0.18333333333333332 0.025520833333333333 0.044444444444444446
0 0.41302083333333334 0.23935185185185184 0.023958333333333335 0.04351851851851852
0 0.4125 0.45416666666666666 0.025 0.04351851851851852
0 0.4393229166666667 0.32916666666666666 0.024479166666666666 0.04351851851851852
0 0.16692708333333334 0.27175925925925926 0.025520833333333333 0.04351851851851852
0 0.31796875 0.6814814814814815 0.025520833333333333 0.046296296296296294
0 0.2640625 0.40925925925925927 0.025 0.04259259259259259
0 0.22369791666666666 0.6592592592592592 0.0265625 0.046296296296296294
0 0.28177083333333336 0.4810185185185185 0.026041666666666668 0.04537037037037037
0 0.47109375 0.5638888888888889 0.024479166666666666 0.046296296296296294
0 0.32395833333333335 0.3861111111111111 0.025 0.044444444444444446
0 0.7244791666666667 0.2652777777777778 0.026041666666666668 0.04537037037037037
0 0.40625 0.49722222222222223 0.025 0.044444444444444446
0 0.5979166666666667 0.49074074074074076 0.025 0.044444444444444446
0 0.3692708333333333 0.4097222222222222 0.025 0.04537037037037037
0 0.3828125 0.44305555555555554 0.025 0.04351851851851852
0 0.36328125 0.4671296296296296 0.024479166666666666 0.04351851851851852
0 0.39557291666666666 0.28935185185185186 0.024479166666666666 0.04351851851851852
0 0.5265625 0.5148148148148148 0.023958333333333335 0.04259259259259259
0 0.7119791666666667 0.30833333333333335 0.027083333333333334 0.04814814814814815
0 0.20911458333333333 0.7018518518518518 0.027604166666666666 0.04814814814814815
0 0.38671875 0.2513888888888889 0.0234375 0.04351851851851852
0 0.5505208333333333 0.5018518518518519 0.025 0.044444444444444446
0 0.5549479166666667 0.11574074074074074 0.0234375 0.044444444444444446
0 0.20130208333333333 0.18101851851851852 0.025520833333333333 0.04351851851851852
0 0.7614583333333333 0.34074074074074073 0.028125 0.05
0 0.2877604166666667 0.6828703703703703 0.025520833333333333 0.04537037037037037
0 0.39609375 0.37037037037037035 0.024479166666666666 0.04259259259259259
0 0.6434895833333333 0.09074074074074075 0.025520833333333333 0.046296296296296294
0 0.6989583333333333 0.2722222222222222 0.026041666666666668 0.046296296296296294
0 0.3145833333333333 0.34814814814814815 0.025 0.04259259259259259
0 0.4122395833333333 0.4101851851851852 0.024479166666666666 0.044444444444444446
0 0.6716145833333333 0.09166666666666666 0.025520833333333333 0.046296296296296294
0 0.48515625 0.6462962962962963 0.025520833333333333 0.046296296296296294
0 0.27421875 0.5222222222222223 0.025520833333333333 0.044444444444444446
0 0.43984375 0.7097222222222223 0.025520833333333333 0.04722222222222222
0 0.6158854166666666 0.2 0.025520833333333333 0.046296296296296294
0 0.3729166666666667 0.3680555555555556 0.023958333333333335 0.04351851851851852
0 0.45364583333333336 0.3597222222222222 0.025 0.04351851851851852
0 0.6315104166666666 0.5912037037037037 0.025520833333333333 0.04722222222222222
0 0.36796875 0.6953703703703704 0.025520833333333333 0.046296296296296294
0 0.4356770833333333 0.47453703703703703 0.024479166666666666 0.04537037037037037
0 0.23828125 0.7402777777777778 0.0265625 0.04722222222222222
0 0.7364583333333333 0.4740740740740741 0.026041666666666668 0.046296296296296294
0 0.4125 0.7356481481481482 0.025 0.04722222222222222
0 0.49609375 0.5217592592592593 0.024479166666666666 0.04537037037037037
0 0.34036458333333336 0.48564814814814816 0.025520833333333333 0.04537037037037037
0 0.5635416666666667 0.4638888888888889 0.026041666666666668 0.046296296296296294
0 0.4125 0.6828703703703703 0.025 0.04722222222222222
0 0.5981770833333333 0.5361111111111111 0.024479166666666666 0.044444444444444446
0 0.5348958333333333 0.5736111111111111 0.025 0.04537037037037037
0 0.5807291666666666 0.09212962962962963 0.023958333333333335 0.04537037037037037
0 0.46145833333333336 0.6125 0.026041666666666668 0.04722222222222222
0 0.4856770833333333 0.4638888888888889 0.024479166666666666 0.044444444444444446
0 0.6143229166666667 0.4583333333333333 0.025520833333333333 0.046296296296296294
0 0.25104166666666666 0.3175925925925926 0.025 0.044444444444444446
0 0.5635416666666667 0.6458333333333334 0.026041666666666668 0.04722222222222222
0 0.5080729166666667 0.4837962962962963 0.025520833333333333 0.04537037037037037
0 0.55546875 0.5513888888888889 0.0234375 0.04537037037037037
0 0.47239583333333335 0.5087962962962963 0.023958333333333335 0.04537037037037037
0 0.43671875 0.6643518518518519 0.024479166666666666 0.04722222222222222
0 0.51171875 0.5546296296296296 0.024479166666666666 0.046296296296296294
0 0.6080729166666666 0.7101851851851851 0.0265625 0.04814814814814815
0 0.43359375 0.43194444444444446 0.024479166666666666 0.04351851851851852
0 0.45338541666666665 0.4023148148148148 0.024479166666666666 0.04351851851851852
0 0.39036458333333335 0.6643518518518519 0.025520833333333333 0.04537037037037037
0 0.7354166666666667 0.3509259259259259 0.027083333333333334 0.046296296296296294
0 0.5486979166666667 0.6101851851851852 0.0265625 0.04814814814814815
0 0.32708333333333334 0.7226851851851852 0.026041666666666668 0.04537037037037037
0 0.50859375 0.6791666666666667 0.0265625 0.049074074074074076
0 0.55390625 0.6865740740740741 0.025520833333333333 0.04722222222222222
0 0.3489583333333333 0.43194444444444446 0.023958333333333335 0.04351851851851852
0 0.6221354166666667 0.5064814814814815 0.025520833333333333 0.046296296296296294
0 0.6416666666666667 0.5361111111111111 0.026041666666666668 0.046296296296296294
0 0.34791666666666665 0.38981481481481484 0.023958333333333335 0.04259259259259259
0 0.5169270833333334 0.2013888888888889 0.024479166666666666 0.04537037037037037
0 0.2265625 0.44814814814814813 0.026041666666666668 0.044444444444444446
0 0.19244791666666666 0.6611111111111111 0.027604166666666666 0.046296296296296294
0 0.5739583333333333 0.5185185185185185 0.025 0.044444444444444446
0 0.7065104166666667 0.5449074074074074 0.0265625 0.04722222222222222
0 0.2635416666666667 0.7638888888888888 0.026041666666666668 0.046296296296296294
0 0.6700520833333333 0.48194444444444445 0.0265625 0.04722222222222222
0 0.73125 0.4310185185185185 0.028125 0.04722222222222222
0 0.6442708333333333 0.48703703703703705 0.026041666666666668 0.046296296296296294
0 0.5830729166666667 0.7203703703703703 0.025520833333333333 0.046296296296296294
0 0.3098958333333333 0.7712962962962963 0.026041666666666668 0.046296296296296294
0 0.5953125 0.7611111111111111 0.027083333333333334 0.04814814814814815
0 0.36770833333333336 0.7555555555555555 0.026041666666666668 0.04814814814814815
0 0.340625 0.7601851851851852 0.027083333333333334 0.04814814814814815
0 0.36875 0.6444444444444445 0.026041666666666668 0.046296296296296294
0 0.6583333333333333 0.5703703703703704 0.026041666666666668 0.046296296296296294
0 0.44817708333333334 0.5157407407407407 0.024479166666666666 0.044444444444444446
0 0.4609375 0.6657407407407407 0.025 0.046296296296296294
0 0.5588541666666667 0.7314814814814815 0.026041666666666668 0.04814814814814815
0 0.33489583333333334 0.5504629629629629 0.025 0.04537037037037037
0 0.39453125 0.562037037037037 0.0265625 0.046296296296296294
0 0.6833333333333333 0.5212962962962963 0.026041666666666668 0.046296296296296294
0 0.3921875 0.7620370370370371 0.026041666666666668 0.04814814814814815
0 0.3927083333333333 0.7092592592592593 0.026041666666666668 0.04814814814814815
0 0.71796875 0.5925925925925926 0.027604166666666666 0.04814814814814815
0 0.28567708333333336 0.7847222222222222 0.025520833333333333 0.04722222222222222
0 0.27369791666666665 0.7212962962962963 0.025520833333333333 0.046296296296296294
0 0.6489583333333333 0.6259259259259259 0.027083333333333334 0.04814814814814815
0 0.7625 0.3958333333333333 0.028125 0.049074074074074076
0 0.6984375 0.6268518518518519 0.027083333333333334 0.04814814814814815
0 0.33151041666666664 0.8962962962962963 0.027604166666666666 0.05
0 0.6841145833333333 0.5675925925925925 0.0265625 0.04814814814814815
0 0.19166666666666668 0.3351851851851852 0.026041666666666668 0.044444444444444446
0 0.69609375 0.4810185185185185 0.025520833333333333 0.04722222222222222
0 0.325 0.8055555555555556 0.028125 0.05
0 0.76015625 0.549537037037037 0.028645833333333332 0.049074074074074076
0 0.6888020833333334 0.06111111111111111 0.025520833333333333 0.046296296296296294
0 0.7184895833333333 0.5069444444444444 0.027604166666666666 0.049074074074074076
0 0.6739583333333333 0.6097222222222223 0.027083333333333334 0.049074074074074076
0 0.7296875 0.6398148148148148 0.029166666666666667 0.04814814814814815
0 0.39140625 0.18888888888888888 0.024479166666666666 0.044444444444444446
0 0.24947916666666667 0.1699074074074074 0.026041666666666668 0.04351851851851852
0 0.4588541666666667 0.44212962962962965 0.023958333333333335 0.04351851851851852
0 0.659375 0.05648148148148148 0.026041666666666668 0.046296296296296294
0 0.5666666666666667 0.7768518518518519 0.027083333333333334 0.04814814814814815
0 0.4393229166666667 0.8162037037037037 0.0265625 0.049074074074074076
0 0.40390625 0.8708333333333333 0.025520833333333333 0.049074074074074076
0 0.29322916666666665 0.9037037037037037 0.027083333333333334 0.05
0 0.46432291666666664 0.8384259259259259 0.027604166666666666 0.05092592592592592
0 0.140625 0.5101851851851852 0.027083333333333334 0.044444444444444446
0 0.5828125 0.8148148148148148 0.027083333333333334 0.05
0 0.29765625 0.7226851851851852 0.0265625 0.04722222222222222
0 0.6841145833333333 0.43287037037037035 0.0265625 0.04722222222222222
0 0.37864583333333335 0.8759259259259259 0.027083333333333334 0.05
0 0.7200520833333334 0.03564814814814815 0.025520833333333333 0.04537037037037037
0 0.71015625 0.6708333333333333 0.027604166666666666 0.04722222222222222
0 0.31223958333333335 0.9310185185185185 0.0265625 0.049074074074074076
0 0.3375 0.9416666666666667 0.027083333333333334 0.05
0 0.39296875 0.9166666666666666 0.0265625 0.05
0 0.14036458333333332 0.5708333333333333 0.027604166666666666 0.04537037037037037
0 0.7325520833333333 0.549537037037037 0.027604166666666666 0.049074074074074076
0 0.3140625 0.500462962962963 0.026041666666666668 0.04722222222222222
0 0.53984375 0.8453703703703703 0.027604166666666666 0.05
0 0.2955729166666667 0.9680555555555556 0.0265625 0.049074074074074076