0 0.4869791666666667 0.25416666666666665 0.023958333333333335 0.04351851851851852
0 0.6658854166666667 0.1310185185185185 0.024479166666666666 0.04351851851851852
0 0.47213541666666664 0.22361111111111112 0.024479166666666666 0.04351851851851852
0 0.5911458333333334 0.1439814814814815 0.023958333333333335 0.04537037037037037
0 0.3234375 0.275 0.023958333333333335 0.044444444444444446
0 0.4088541666666667 0.25462962962962965 0.025 0.044444444444444446
0 0.25 0.2675925925925926 0.023958333333333335 0.04259259259259259
0 0.3463541666666667 0.2824074074074074 0.025 0.044444444444444446
0 0.37864583333333335 0.43333333333333335 0.025 0.044444444444444446
0 0.6302083333333334 0.16435185185185186 0.025 0.04537037037037037
0 0.43046875 0.3314814814814815 0.024479166666666666 0.044444444444444446
0 0.28984375 0.22407407407407406 0.024479166666666666 0.04259259259259259
0 0.26015625 0.32083333333333336 0.024479166666666666 0.04351851851851852
0 0.72109375 0.18194444444444444 0.0265625 0.04537037037037037
0 0.690625 0.11296296296296296 0.025 0.046296296296296294
0 0.27265625 0.2523148148148148 0.024479166666666666 0.04351851851851852
0 0.3182291666666667 0.2351851851851852 0.023958333333333335 0.04259259259259259
0 0.7106770833333333 0.13657407407407407 0.025520833333333333 0.04722222222222222
0 0.5997395833333333 0.19953703703703704 0.024479166666666666 0.04537037037037037
0 0.2794270833333333 0.29768518518518516 0.024479166666666666 0.04351851851851852
0 0.46067708333333335 0.32916666666666666 0.0234375 0.04351851851851852
0 0.44427083333333334 0.47175925925925927 0.025 0.04537037037037037
0 0.21119791666666668 0.36203703703703705 0.025520833333333333 0.044444444444444446
0 0.6106770833333334 0.10046296296296296 0.0234375 0.04537037037037037
0 0.30546875 0.29953703703703705 0.024479166666666666 0.04351851851851852
0 0.24244791666666668 0.3560185185185185 0.025520833333333333 0.04537037037037037
0 0.65546875 0.2972222222222222 0.025520833333333333 0.046296296296296294
0 0.7078125 0.22083333333333333 0.026041666666666668 0.04722222222222222
0 0.29791666666666666 0.26342592592592595 0.025 0.04351851851851852
0 0.56015625 0.16064814814814815 0.024479166666666666 0.04537037037037037
0 0.528125 0.27824074074074073 0.023958333333333335 0.04537037037037037
0 0.60234375 0.4203703703703704 0.024479166666666666 0.044444444444444446
0 0.38255208333333335 0.2949074074074074 0.025520833333333333 0.04537037037037037
0 0.6809895833333334 0.35694444444444445 0.025520833333333333 0.04537037037037037
0 0.6421875 0.11342592592592593 0.025 0.04537037037037037
0 0.44296875 0.2 0.0234375 0.04259259259259259
0 0.21979166666666666 0.31296296296296294 0.025 0.044444444444444446
0 0.5705729166666667 0.12129629629629629 0.0234375 0.04259259259259259
0 0.34869791666666666 0.22824074074074074 0.024479166666666666 0.04351851851851852
0 0.22526041666666666 0.27361111111111114 0.024479166666666666 0.041666666666666664
0 0.6385416666666667 0.6069444444444444 0.026041666666666668 0.04722222222222222
0 0.30807291666666664 0.5 0.025520833333333333 0.044444444444444446
0 0.5979166666666667 0.46435185185185185 0.023958333333333335 0.04351851851851852
0 0.5604166666666667 0.2986111111111111 0.025 0.04537037037037037
0 0.7145833333333333 0.0763888888888889 0.026041666666666668 0.04537037037037037
0 0.503125 0.35648148148148145 0.023958333333333335 0.044444444444444446
0 0.6302083333333334 0.2824074074074074 0.025 0.046296296296296294
0 0.29010416666666666 0.5532407407407407 0.025 0.04537037037037037
0 0.28020833333333334 0.5152777777777777 0.026041666666666668 0.04537037037037037
0 0.5169270833333334 0.44675925925925924 0.024479166666666666 0.04537037037037037
0 0.5755208333333334 0.20046296296296295 0.023958333333333335 0.04537037037037037
0 0.1953125 0.3347222222222222 0.025 0.04351851851851852
0 0.5744791666666667 0.4009259259259259 0.025 0.046296296296296294
0 0.6216145833333333 0.39351851851851855 0.024479166666666666 0.044444444444444446
0 0.5466145833333333 0.4462962962962963 0.024479166666666666 0.044444444444444446
0 0.22786458333333334 0.3888888888888889 0.025520833333333333 0.044444444444444446
0 0.5807291666666666 0.3435185185185185 0.025 0.044444444444444446
0 0.528125 0.36435185185185187 0.023958333333333335 0.04351851851851852
0 0.30520833333333336 0.6037037037037037 0.025 0.044444444444444446
0 0.40989583333333335 0.4736111111111111 0.026041666666666668 0.04537037037037037
0 0.296875 0.4564814814814815 0.025 0.044444444444444446
0 0.275 0.475462962962963 0.025 0.04351851851851852
0 0.6833333333333333 0.0712962962962963 0.025 0.044444444444444446
0 0.5830729166666667 0.5 0.025520833333333333 0.046296296296296294
0 0.6578125 0.3398148148148148 0.026041666666666668 0.046296296296296294
0 0.3697916666666667 0.39305555555555555 0.025 0.04351851851851852
0 0.3255208333333333 0.46620370370370373 0.027083333333333334 0.04537037037037037
0 0.26796875 0.41712962962962963 0.0265625 0.04537037037037037
0 0.25546875 0.225 0.024479166666666666 0.04259259259259259
0 0.6190104166666667 0.5708333333333333 0.0265625 0.04722222222222222
0 0.47708333333333336 0.3587962962962963 0.025 0.04537037037037037
0 0.67734375 0.6050925925925926 0.0265625 0.04722222222222222
0 0.7080729166666667 0.3388888888888889 0.025520833333333333 0.046296296296296294
0 0.3171875 0.5388888888888889 0.026041666666666668 0.044444444444444446
0 0.6421875 0.5175925925925926 0.026041666666666668 0.046296296296296294
0 0.725 0.27685185185185185 0.027083333333333334 0.04814814814814815
0 0.43723958333333335 0.5638888888888889 0.024479166666666666 0.044444444444444446
0 0.6036458333333333 0.36574074074074076 0.026041666666666668 0.046296296296296294
0 0.5015625 0.48842592592592593 0.023958333333333335 0.04351851851851852
0 0.2559895833333333 0.5032407407407408 0.025520833333333333 0.04537037037037037
0 0.55390625 0.49907407407407406 0.024479166666666666 0.044444444444444446
0 0.3346354166666667 0.7236111111111111 0.025520833333333333 0.04722222222222222
0 0.284375 0.6657407407407407 0.026041666666666668 0.046296296296296294
0 0.54453125 0.40370370370370373 0.024479166666666666 0.044444444444444446
0 0.5192708333333333 0.4050925925925926 0.025 0.04537037037037037
0 0.25442708333333336 0.6671296296296296 0.027604166666666666 0.04722222222222222
0 0.37265625 0.6097222222222223 0.025520833333333333 0.04537037037037037
0 0.5208333333333334 0.5175925925925926 0.025 0.044444444444444446
0 0.6744791666666666 0.5587962962962963 0.027083333333333334 0.049074074074074076
0 0.7197916666666667 0.4185185185185185 0.027083333333333334 0.046296296296296294
0 0.39791666666666664 0.20462962962962963 0.025 0.044444444444444446
0 0.7380208333333333 0.3453703703703704 0.027083333333333334 0.04814814814814815
0 0.6309895833333333 0.6620370370370371 0.027604166666666666 0.05
0 0.4083333333333333 0.5449074074074074 0.025 0.04537037037037037
0 0.6559895833333333 0.0712962962962963 0.025520833333333333 0.046296296296296294
0 0.23333333333333334 0.2351851851851852 0.025 0.04259259259259259
0 0.6958333333333333 0.4361111111111111 0.027083333333333334 0.04814814814814815
0 0.259375 0.5537037037037037 0.026041666666666668 0.046296296296296294
0 0.3072916666666667 0.725 0.026041666666666668 0.046296296296296294
0 0.6338541666666667 0.43425925925925923 0.026041666666666668 0.046296296296296294
0 0.3145833333333333 0.6578703703703703 0.026041666666666668 0.04722222222222222
0 0.6580729166666667 0.4842592592592593 0.0265625 0.046296296296296294
0 0.6486979166666667 0.25324074074074077 0.025520833333333333 0.04537037037037037
0 0.7057291666666666 0.6217592592592592 0.027083333333333334 0.04722222222222222
0 0.19375 0.6162037037037037 0.027083333333333334 0.04537037037037037
0 0.31223958333333335 0.19583333333333333 0.025520833333333333 0.04351851851851852
0 0.55390625 0.6199074074074075 0.025520833333333333 0.04537037037037037
0 0.3458333333333333 0.7611111111111111 0.025 0.046296296296296294
0 0.371875 0.7226851851851852 0.026041666666666668 0.04722222222222222
0 0.5661458333333333 0.6583333333333333 0.025 0.046296296296296294
0 0.6052083333333333 0.6513888888888889 0.026041666666666668 0.04722222222222222
0 0.32578125 0.5791666666666667 0.025520833333333333 0.04537037037037037
0 0.6057291666666667 0.7212962962962963 0.028125 0.05
0 0.45234375 0.5990740740740741 0.024479166666666666 0.044444444444444446
0 0.28203125 0.5958333333333333 0.024479166666666666 0.04537037037037037
0 0.7341145833333333 0.45694444444444443 0.027604166666666666 0.04722222222222222
0 0.4270833333333333 0.6060185185185185 0.025 0.04537037037037037
0 0.5315104166666667 0.48009259259259257 0.025520833333333333 0.04537037037037037
0 0.5627604166666667 0.7037037037037037 0.0265625 0.04814814814814815
0 0.725 0.49953703703703706 0.027083333333333334 0.049074074074074076
0 0.4044270833333333 0.6236111111111111 0.024479166666666666 0.04351851851851852
0 0.3140625 0.42314814814814816 0.026041666666666668 0.044444444444444446
0 0.5744791666666667 0.7541666666666667 0.028125 0.05092592592592592
0 0.7395833333333334 0.5430555555555555 0.027083333333333334 0.04722222222222222
0 0.3307291666666667 0.8004629629629629 0.025 0.04722222222222222
0 0.4953125 0.5324074074074074 0.025 0.044444444444444446
0 0.7130208333333333 0.538425925925926 0.027083333333333334 0.04722222222222222
0 0.5794270833333334 0.6194444444444445 0.025520833333333333 0.046296296296296294
0 0.7208333333333333 0.5837962962962963 0.028125 0.049074074074074076
0 0.73359375 0.6388888888888888 0.028645833333333332 0.04814814814814815
0 0.39348958333333334 0.7490740740740741 0.025520833333333333 0.046296296296296294
0 0.5455729166666666 0.7449074074074075 0.0265625 0.049074074074074076
0 0.70078125 0.38425925925925924 0.027604166666666666 0.04814814814814815
0 0.2825520833333333 0.7324074074074074 0.025520833333333333 0.04814814814814815
0 0.5049479166666667 0.5712962962962963 0.024479166666666666 0.044444444444444446
0 0.42630208333333336 0.7375 0.025520833333333333 0.04722222222222222
0 0.21432291666666667 0.6518518518518519 0.027604166666666666 0.04814814814814815
0 0.34791666666666665 0.6555555555555556 0.026041666666666668 0.046296296296296294
0 0.7010416666666667 0.4787037037037037 0.028125 0.04814814814814815
0 0.5864583333333333 0.6865740740740741 0.026041666666666668 0.04722222222222222
0 0.5533854166666666 0.5736111111111111 0.025520833333333333 0.04537037037037037
0 0.5278645833333333 0.5597222222222222 0.0234375 0.04351851851851852
0 0.3 0.7699074074074074 0.026041666666666668 0.04722222222222222
0 0.19010416666666666 0.4166666666666667 0.027083333333333334 0.046296296296296294
0 0.4778645833333333 0.5694444444444444 0.024479166666666666 0.04259259259259259
0 0.5299479166666666 0.6046296296296296 0.0234375 0.044444444444444446
0 0.44244791666666666 0.637962962962963 0.025520833333333333 0.044444444444444446
0 0.2752604166666667 0.7787037037037037 0.0265625 0.04814814814814815
0 0.3494791666666667 0.5995370370370371 0.025 0.04537037037037037
0 0.47630208333333335 0.6148148148148148 0.025520833333333333 0.046296296296296294
0 0.5002604166666667 0.1439814814814815 0.0234375 0.04351851851851852
0 0.29739583333333336 0.8143518518518519 0.026041666666666668 0.04722222222222222
0 0.2265625 0.5587962962962963 0.027083333333333334 0.04722222222222222
0 0.7674479166666667 0.549074074074074 0.028645833333333332 0.05
0 0.41171875 0.7777777777777778 0.0265625 0.04814814814814815
0 0.3885416666666667 0.7967592592592593 0.026041666666666668 0.04722222222222222
0 0.5049479166666667 0.6148148148148148 0.025520833333333333 0.044444444444444446
0 0.28619791666666666 0.18333333333333332 0.025520833333333333 0.044444444444444446
0 0.35520833333333335 0.8078703703703703 0.026041666666666668 0.04722222222222222
0 0.37005208333333334 0.7671296296296296 0.025520833333333333 0.04537037037037037
0 0.31588541666666664 0.8384259259259259 0.025520833333333333 0.04722222222222222
0 0.68828125 0.5185185185185185 0.0265625 0.046296296296296294
0 0.7119791666666667 0.6657407407407407 0.028125 0.04814814814814815
0 0.3645833333333333 0.8574074074074074 0.027083333333333334 0.05
0 0.40859375 0.7055555555555556 0.0265625 0.04814814814814815
0 0.72265625 0.034722222222222224 0.025520833333333333 0.04351851851851852
0 0.29661458333333335 0.8782407407407408 0.025520833333333333 0.05092592592592592
0 0.34010416666666665 0.8476851851851852 0.026041666666666668 0.049074074074074076
0 0.5760416666666667 0.8027777777777778 0.028125 0.05185185185185185
0 0.32057291666666665 0.888425925925926 0.025520833333333333 0.049074074074074076
0 0.6671875 0.7865740740740741 0.030208333333333334 0.05277777777777778
0 0.3684895833333333 0.6791666666666667 0.027604166666666666 0.05092592592592592