0 0.20208333333333334 0.17685185185185184 0.027083333333333334 0.04259259259259259
0 0.6619791666666667 0.10138888888888889 0.025 0.04351851851851852
0 0.6901041666666666 0.11157407407407408 0.025 0.04351851851851852
0 0.18255208333333334 0.19907407407407407 0.024479166666666666 0.04259259259259259
0 0.5802083333333333 0.14629629629629629 0.023958333333333335 0.044444444444444446
0 0.27838541666666666 0.350462962962963 0.025520833333333333 0.04351851851851852
0 0.59453125 0.1111111111111111 0.024479166666666666 0.044444444444444446
0 0.26796875 0.38796296296296295 0.024479166666666666 0.04259259259259259
0 0.47213541666666664 0.3365740740740741 0.0234375 0.041666666666666664
0 0.5565104166666667 0.15324074074074073 0.0234375 0.04351851851851852
0 0.6747395833333333 0.1439814814814815 0.025520833333333333 0.04537037037037037
0 0.7013020833333333 0.27175925925925926 0.0265625 0.04722222222222222
0 0.7083333333333334 0.2222222222222222 0.026041666666666668 0.046296296296296294
0 0.38255208333333335 0.29444444444444445 0.024479166666666666 0.04259259259259259
0 0.4453125 0.3435185185185185 0.023958333333333335 0.04259259259259259
0 0.7125 0.13935185185185187 0.026041666666666668 0.04537037037037037
0 0.21041666666666667 0.36574074074074076 0.025 0.044444444444444446
0 0.65390625 0.45231481481481484 0.025520833333333333 0.04537037037037037
0 0.2903645833333333 0.16712962962962963 0.025520833333333333 0.04351851851851852
0 0.29244791666666664 0.37916666666666665 0.024479166666666666 0.04351851851851852
0 0.6455729166666667 0.13333333333333333 0.025520833333333333 0.044444444444444446
0 0.6830729166666667 0.0712962962962963 0.025520833333333333 0.044444444444444446
0 0.24348958333333334 0.39490740740740743 0.024479166666666666 0.04351851851851852
0 0.38385416666666666 0.36666666666666664 0.025 0.044444444444444446
0 0.4817708333333333 0.2972222222222222 0.025 0.04259259259259259
0 0.45598958333333334 0.30694444444444446 0.0234375 0.041666666666666664
0 0.696875 0.48009259259259257 0.026041666666666668 0.04722222222222222
0 0.7169270833333333 0.18055555555555555 0.0265625 0.046296296296296294
0 0.678125 0.22083333333333333 0.026041666666666668 0.04722222222222222
0 0.415625 0.48148148148148145 0.023958333333333335 0.044444444444444446
0 0.2947916666666667 0.20879629629629629 0.025 0.04351851851851852
0 0.46875 0.26296296296296295 0.025 0.04259259259259259
0 0.7424479166666667 0.34675925925925927 0.0265625 0.04537037037037037
0 0.6856770833333333 0.5185185185185185 0.0265625 0.046296296296296294
0 0.39453125 0.3282407407407407 0.024479166666666666 0.04351851851851852
0 0.37473958333333335 0.4759259259259259 0.0234375 0.04259259259259259
0 0.46796875 0.22175925925925927 0.0234375 0.041666666666666664
0 0.7223958333333333 0.5064814814814815 0.027083333333333334 0.046296296296296294
0 0.47682291666666665 0.3773148148148148 0.024479166666666666 0.04351851851851852
0 0.7171875 0.3050925925925926 0.027083333333333334 0.04722222222222222
0 0.6489583333333333 0.17916666666666667 0.026041666666666668 0.04722222222222222
0 0.63984375 0.5171296296296296 0.025520833333333333 0.04537037037037037
0 0.7424479166666667 0.3037037037037037 0.0265625 0.046296296296296294
0 0.3453125 0.2726851851851852 0.022916666666666665 0.03981481481481482
0 0.3796875 0.4064814814814815 0.025 0.044444444444444446
0 0.18671875 0.2412037037037037 0.0265625 0.04537037037037037
0 0.6653645833333334 0.49166666666666664 0.025520833333333333 0.044444444444444446
0 0.2981770833333333 0.6277777777777778 0.025520833333333333 0.046296296296296294
0 0.21744791666666666 0.20879629629629629 0.0265625 0.04537037037037037
0 0.34140625 0.6175925925925926 0.025520833333333333 0.044444444444444446
0 0.5723958333333333 0.09583333333333334 0.025 0.04537037037037037
0 0.501078125 0.4972870370370371 0.025067708333333334 0.04641666666666667
0 0.7135416666666666 0.07592592592592592 0.026041666666666668 0.046296296296296294
0 0.7283854166666667 0.26435185185185184 0.0265625 0.04722222222222222
0 0.22604166666666667 0.6078703703703704 0.026041666666666668 0.04537037037037037
0 0.45416666666666666 0.38564814814814813 0.025 0.04351851851851852
0 0.32005208333333335 0.46064814814814814 0.024479166666666666 0.04351851851851852
0 0.5080729166666667 0.4078703703703704 0.025520833333333333 0.04351851851851852
0 0.3375 0.6777777777777778 0.026041666666666668 0.046296296296296294
0 0.24270833333333333 0.5736111111111111 0.026041666666666668 0.04537037037037037
0 0.40234375 0.27037037037037037 0.0234375 0.04259259259259259
0 0.27578125 0.6472222222222223 0.024479166666666666 0.04259259259259259
0 0.340625 0.43287037037037035 0.025 0.04537037037037037
0 0.43671875 0.28564814814814815 0.024479166666666666 0.04351851851851852
0 0.359375 0.649074074074074 0.025 0.044444444444444446
0 0.45286458333333335 0.1884259259259259 0.024479166666666666 0.04351851851851852
0 0.7072916666666667 0.5425925925925926 0.026041666666666668 0.044444444444444446
0 0.5046875 0.31666666666666665 0.025 0.046296296296296294
0 0.5221354166666666 0.4444444444444444 0.025520833333333333 0.044444444444444446
0 0.3692708333333333 0.5976851851851852 0.025 0.04351851851851852
0 0.27630208333333334 0.6921296296296297 0.024479166666666666 0.04351851851851852
0 0.30026041666666664 0.6722222222222223 0.025520833333333333 0.044444444444444446
0 0.396875 0.45416666666666666 0.025 0.04537037037037037
0 0.47682291666666665 0.5106481481481482 0.024479166666666666 0.04537037037037037
0 0.3015625 0.43425925925925923 0.025 0.044444444444444446
0 0.25364583333333335 0.6666666666666666 0.025 0.044444444444444446
0 0.49296875 0.45092592592592595 0.024479166666666666 0.044444444444444446
0 0.38619791666666664 0.7930555555555555 0.0265625 0.04722222222222222
0 0.30546875 0.5824074074074074 0.025520833333333333 0.044444444444444446
0 0.33307291666666666 0.7337962962962963 0.024479166666666666 0.04351851851851852
0 0.36484375 0.4393518518518518 0.025520833333333333 0.04351851851851852
0 0.35546875 0.7097222222222223 0.0265625 0.04722222222222222
0 0.19244791666666666 0.3351851851851852 0.0265625 0.044444444444444446
0 0.25442708333333336 0.6231481481481481 0.025520833333333333 0.044444444444444446
0 0.6114583333333333 0.4981481481481482 0.025 0.046296296296296294
0 0.6145833333333334 0.6166666666666667 0.026041666666666668 0.044444444444444446
0 0.6705729166666666 0.41805555555555557 0.0265625 0.04537037037037037
0 0.7346354166666667 0.549537037037037 0.0265625 0.04537037037037037
0 0.7403645833333333 0.47314814814814815 0.027604166666666666 0.04814814814814815
0 0.7208333333333333 0.5916666666666667 0.027083333333333334 0.046296296296296294
0 0.36302083333333335 0.5509259259259259 0.025 0.044444444444444446
0 0.3888020833333333 0.6287037037037037 0.024479166666666666 0.044444444444444446
0 0.49921875 0.5884259259259259 0.0234375 0.04351851851851852
0 0.2791666666666667 0.5736111111111111 0.026041666666666668 0.04537037037037037
0 0.3302083333333333 0.23564814814814813 0.025 0.04351851851851852
0 0.659375 0.059722222222222225 0.025 0.04537037037037037
0 0.4393229166666667 0.4861111111111111 0.024479166666666666 0.04259259259259259
0 0.7111979166666667 0.6666666666666666 0.027604166666666666 0.046296296296296294
0 0.31588541666666664 0.7037037037037037 0.025520833333333333 0.044444444444444446
0 0.3536458333333333 0.7564814814814815 0.027083333333333334 0.04814814814814815
0 0.6419270833333334 0.6138888888888889 0.0265625 0.046296296296296294
0 0.39453125 0.5018518518518519 0.024479166666666666 0.044444444444444446
0 0.3932291666666667 0.5842592592592593 0.025 0.044444444444444446
0 0.40520833333333334 0.8180555555555555 0.026041666666666668 0.04722222222222222
0 0.46536458333333336 0.5560185185185185 0.024479166666666666 0.04537037037037037
0 0.34713541666666664 0.8004629629629629 0.024479166666666666 0.04537037037037037
0 0.7682291666666666 0.3388888888888889 0.028125 0.04814814814814815
0 0.7341145833333333 0.4300925925925926 0.027604166666666666 0.04722222222222222
0 0.64453125 0.5689814814814815 0.0265625 0.04537037037037037
0 0.7002604166666667 0.4351851851851852 0.027604166666666666 0.046296296296296294
0 0.47552083333333334 0.5976851851851852 0.025 0.04351851851851852
0 0.62109375 0.5509259259259259 0.0265625 0.046296296296296294
0 0.571875 0.7736111111111111 0.026041666666666668 0.049074074074074076
0 0.33541666666666664 0.8685185185185185 0.026041666666666668 0.04814814814814815
0 0.5278645833333333 0.5555555555555556 0.025520833333333333 0.046296296296296294
0 0.3692708333333333 0.8300925925925926 0.026041666666666668 0.04722222222222222
0 0.41901041666666666 0.5819444444444445 0.024479166666666666 0.04351851851851852
0 0.6760416666666667 0.6050925925925926 0.027083333333333334 0.04722222222222222
0 0.6736979166666667 0.5587962962962963 0.0265625 0.04722222222222222
0 0.43697916666666664 0.611574074074074 0.026041666666666668 0.04537037037037037
0 0.43776041666666665 0.15046296296296297 0.024479166666666666 0.04351851851851852
0 0.5302083333333333 0.12685185185185185 0.023958333333333335 0.044444444444444446
0 0.21328125 0.6513888888888889 0.027604166666666666 0.04722222222222222
0 0.7005208333333334 0.625462962962963 0.027083333333333334 0.04722222222222222
0 0.62578125 0.41203703703703703 0.025520833333333333 0.046296296296296294
0 0.6153645833333333 0.662962962962963 0.0265625 0.046296296296296294
0 0.6411458333333333 0.6597222222222222 0.026041666666666668 0.04537037037037037
0 0.49505208333333334 0.1814814814814815 0.024479166666666666 0.044444444444444446
0 0.29348958333333336 0.7240740740740741 0.025520833333333333 0.046296296296296294
0 0.3223958333333333 0.7763888888888889 0.026041666666666668 0.04722222222222222
0 0.5533854166666666 0.8087962962962963 0.027604166666666666 0.05092592592592592
0 0.2638020833333333 0.30787037037037035 0.025520833333333333 0.04537037037037037
0 0.16822916666666668 0.27175925925925926 0.026041666666666668 0.04537037037037037
0 0.32578125 0.825925925925926 0.0265625 0.04814814814814815
0 0.7640625 0.549074074074074 0.028125 0.04814814814814815
0 0.33645833333333336 0.5337962962962963 0.026041666666666668 0.04722222222222222
0 0.39375 0.861574074074074 0.027083333333333334 0.049074074074074076
0 0.4265625 0.8416666666666667 0.027083333333333334 0.04814814814814815
0 0.26848958333333334 0.7347222222222223 0.0265625 0.04722222222222222
0 0.19296875 0.6175925925925926 0.027604166666666666 0.046296296296296294
0 0.5388020833333333 0.37916666666666665 0.025520833333333333 0.04537037037037037
0 0.73125 0.638425925925926 0.028125 0.04722222222222222
0 0.22786458333333334 0.43287037037037035 0.0265625 0.04537037037037037
0 0.5940104166666667 0.2037037037037037 0.025520833333333333 0.046296296296296294
0 0.77109375 0.3912037037037037 0.028645833333333332 0.049074074074074076
0 0.67109375 0.3435185185185185 0.0265625 0.046296296296296294
0 0.26119791666666664 0.5277777777777778 0.0265625 0.046296296296296294
0 0.5786458333333333 0.8222222222222222 0.028125 0.05
0 0.3151041666666667 0.9337962962962963 0.025 0.04722222222222222
0 0.5377604166666666 0.6069444444444444 0.0265625 0.04722222222222222
0 0.2955729166666667 0.9050925925925926 0.0265625 0.049074074074074076
0 0.41380208333333335 0.887962962962963 0.027604166666666666 0.05
0 0.3611979166666667 0.8777777777777778 0.025520833333333333 0.04814814814814815
0 0.23984375 0.725925925925926 0.027604166666666666 0.04814814814814815
0 0.5791666666666667 0.42268518518518516 0.026041666666666668 0.04537037037037037
0 0.14244791666666667 0.5101851851851852 0.027604166666666666 0.046296296296296294
0 0.6169270833333333 0.7092592592592593 0.027604166666666666 0.04814814814814815
0 0.2518229166666667 0.1574074074074074 0.025520833333333333 0.044444444444444446
0 0.721875 0.03425925925925926 0.026041666666666668 0.044444444444444446
0 0.38333333333333336 0.9064814814814814 0.027083333333333334 0.05
0 0.14505208333333333 0.5606481481481481 0.028645833333333332 0.04722222222222222
0 0.5049479166666667 0.8087962962962963 0.027604166666666666 0.05092592592592592
0 0.33880208333333334 0.9476851851851852 0.027604166666666666 0.05092592592592592
0 0.296875 0.9680555555555556 0.027083333333333334 0.049074074074074076
0 0.54609375 0.8814814814814815 0.027604166666666666 0.05185185185185185
0 0.3221041666666667 0.6466388888888889 0.02840625 0.04760185185185185
0 0.2806354166666667 0.42112962962962963 0.027098958333333333 0.04586111111111111
0 0.4068333333333333 0.40575 0.02546875 0.04527777777777778
0 0.42022395833333337 0.4391203703703704 0.026776041666666663 0.04586111111111111
0 0.44275000000000003 0.42548148148148146 0.02546875 0.046435185185185184
0 0.4595677083333333 0.46175925925925926 0.027098958333333333 0.04701851851851852
0 0.46740104166666663 0.4208425925925926 0.027755208333333333 0.044111111111111115