0 0.2921875 0.21851851851851853 0.022916666666666665 0.040740740740740744
0 0.5588541666666667 0.19398148148148148 0.022916666666666665 0.03981481481481482
0 0.7106770833333333 0.49444444444444446 0.027604166666666666 0.046296296296296294
0 0.45338541666666665 0.1837962962962963 0.0234375 0.03981481481481482
0 0.08723958333333333 0.6861111111111111 0.027604166666666666 0.046296296296296294
0 0.6125 0.7615740740740741 0.027083333333333334 0.049074074074074076
0 0.10572916666666667 0.65 0.028125 0.046296296296296294
0 0.6276041666666666 0.43703703703703706 0.022916666666666665 0.040740740740740744
0 0.7 0.5731481481481482 0.026041666666666668 0.044444444444444446
0 0.38255208333333335 0.37407407407407406 0.021354166666666667 0.03888888888888889
0 0.5075520833333333 0.12453703703703704 0.022395833333333334 0.03981481481481482
0 0.5401041666666667 0.32546296296296295 0.021875 0.03981481481481482
0 0.3302083333333333 0.36018518518518516 0.022916666666666665 0.040740740740740744
0 0.60078125 0.08148148148148149 0.021354166666666667 0.037037037037037035
0 0.6375 0.08935185185185185 0.020833333333333332 0.03796296296296296
0 0.21796875 0.7671296296296296 0.027604166666666666 0.04722222222222222
0 0.5390625 0.4236111111111111 0.022916666666666665 0.03981481481481482
0 0.6505208333333333 0.43842592592592594 0.022916666666666665 0.03981481481481482
0 0.25833333333333336 0.3523148148148148 0.023958333333333335 0.03981481481481482
0 0.3203125 0.2569444444444444 0.022916666666666665 0.03981481481481482
0 0.5432291666666667 0.4842592592592593 0.021875 0.040740740740740744
0 0.4083333333333333 0.3861111111111111 0.022916666666666665 0.03888888888888889
0 0.26640625 0.5638888888888889 0.024479166666666666 0.04259259259259259
0 0.5606770833333333 0.43425925925925923 0.022395833333333334 0.040740740740740744
0 0.565625 0.6013888888888889 0.023958333333333335 0.041666666666666664
0 0.6598958333333333 0.09444444444444444 0.020833333333333332 0.03888888888888889
0 0.6927083333333334 0.7532407407407408 0.026041666666666668 0.04722222222222222
0 0.26015625 0.6171296296296296 0.025520833333333333 0.04351851851851852
0 0.33828125 0.4263888888888889 0.0234375 0.041666666666666664
0 0.5713541666666667 0.06712962962962964 0.020833333333333332 0.03796296296296296
0 0.27057291666666666 0.3106481481481482 0.022395833333333334 0.03981481481481482
0 0.37161458333333336 0.29768518518518516 0.022395833333333334 0.03981481481481482
0 0.36328125 0.6101851851851852 0.0234375 0.040740740740740744
0 0.5734375 0.649074074074074 0.026041666666666668 0.044444444444444446
0 0.29375 0.5550925925925926 0.022916666666666665 0.041666666666666664
0 0.47994791666666664 0.3453703703703704 0.022395833333333334 0.03888888888888889
0 0.5075520833333333 0.2550925925925926 0.021354166666666667 0.03796296296296296
0 0.6372395833333333 0.3347222222222222 0.022395833333333334 0.03981481481481482
0 0.396875 0.5768518518518518 0.022916666666666665 0.03888888888888889
0 0.63359375 0.27870370370370373 0.0234375 0.040740740740740744
0 0.47239583333333335 0.2564814814814815 0.020833333333333332 0.03888888888888889
0 0.37421875 0.5745370370370371 0.0234375 0.03796296296296296
0 0.41692708333333334 0.5569444444444445 0.022395833333333334 0.03981481481481482
0 0.3190104166666667 0.31157407407407406 0.022395833333333334 0.03796296296296296
0 0.40078125 0.3490740740740741 0.021354166666666667 0.037037037037037035
0 0.42213541666666665 0.31574074074074077 0.022395833333333334 0.03888888888888889
0 0.4588541666666667 0.31203703703703706 0.020833333333333332 0.03888888888888889
0 0.6442708333333333 0.7611111111111111 0.026041666666666668 0.046296296296296294
0 0.33229166666666665 0.5504629629629629 0.022916666666666665 0.03981481481481482
0 0.59609375 0.2962962962962963 0.021354166666666667 0.03888888888888889
0 0.3651041666666667 0.5069444444444444 0.022916666666666665 0.03981481481481482
0 0.31744791666666666 0.5055555555555555 0.0234375 0.040740740740740744
0 0.6734375 0.7810185185185186 0.026041666666666668 0.04722222222222222
0 0.6158854166666666 0.31805555555555554 0.021354166666666667 0.03796296296296296
0 0.34609375 0.31666666666666665 0.021354166666666667 0.037037037037037035
0 0.19401041666666666 0.8083333333333333 0.028645833333333332 0.04814814814814815
0 0.5901041666666667 0.05092592592592592 0.020833333333333332 0.037037037037037035
0 0.40520833333333334 0.5259259259259259 0.022916666666666665 0.03888888888888889
0 0.36276041666666664 0.5458333333333333 0.022395833333333334 0.03981481481481482
0 0.3885416666666667 0.5037037037037037 0.021875 0.03888888888888889
0 0.32526041666666666 0.4638888888888889 0.0234375 0.040740740740740744
0 0.5481770833333334 0.2916666666666667 0.021354166666666667 0.037037037037037035
0 0.3419270833333333 0.5120370370370371 0.022395833333333334 0.03888888888888889
0 0.34869791666666666 0.47638888888888886 0.022395833333333334 0.03981481481481482
0 0.5700520833333333 0.29444444444444445 0.019270833333333334 0.037037037037037035