0 0.25833333333333336 0.5032407407407408 0.026041666666666668 0.04537037037037037
0 0.38177083333333334 0.3578703703703704 0.026041666666666668 0.04537037037037037
0 0.38125 0.41712962962962963 0.025 0.04537037037037037
0 0.29921875 0.26481481481481484 0.0265625 0.044444444444444446
0 0.3854166666666667 0.4759259259259259 0.026041666666666668 0.046296296296296294
0 0.26015625 0.5541666666666667 0.0265625 0.04722222222222222
0 0.278125 0.4726851851851852 0.025 0.04351851851851852
0 0.3265625 0.2763888888888889 0.026041666666666668 0.04537037037037037
0 0.28151041666666665 0.5152777777777777 0.0265625 0.04537037037037037
0 0.26171875 0.3236111111111111 0.025520833333333333 0.04351851851851852
0 0.47317708333333336 0.34444444444444444 0.024479166666666666 0.044444444444444446
0 0.40598958333333335 0.3425925925925926 0.025520833333333333 0.046296296296296294
0 0.30911458333333336 0.500462962962963 0.0265625 0.04722222222222222
0 0.2833333333333333 0.5967592592592592 0.025 0.04537037037037037
0 0.42421875 0.3787037037037037 0.025520833333333333 0.046296296296296294
0 0.4505208333333333 0.3773148148148148 0.025 0.04537037037037037
0 0.40078125 0.3837962962962963 0.025520833333333333 0.04537037037037037
0 0.28072916666666664 0.29907407407407405 0.026041666666666668 0.044444444444444446
0 0.2916666666666667 0.5546296296296296 0.026041666666666668 0.046296296296296294
0 0.4739583333333333 0.41203703703703703 0.023958333333333335 0.044444444444444446
0 0.30703125 0.300462962962963 0.025520833333333333 0.04351851851851852
0 0.3268229166666667 0.5805555555555556 0.0265625 0.046296296296296294
0 0.49557291666666664 0.3 0.025520833333333333 0.044444444444444446
0 0.3497395833333333 0.600925925925926 0.025520833333333333 0.046296296296296294
0 0.4075520833333333 0.5115740740740741 0.0265625 0.04722222222222222
0 0.30703125 0.6041666666666666 0.025520833333333333 0.04537037037037037
0 0.3067708333333333 0.45694444444444443 0.027083333333333334 0.04537037037037037
0 0.3184895833333333 0.5398148148148149 0.025520833333333333 0.044444444444444446
0 0.6104166666666667 0.39490740740740743 0.026041666666666668 0.04722222222222222
0 0.6078125 0.34444444444444444 0.026041666666666668 0.046296296296296294
0 0.50703125 0.4425925925925926 0.025520833333333333 0.046296296296296294
0 0.44192708333333336 0.4708333333333333 0.024479166666666666 0.04537037037037037
0 0.40182291666666664 0.4398148148148148 0.025520833333333333 0.046296296296296294
0 0.5088541666666667 0.337037037037037 0.026041666666666668 0.046296296296296294
0 0.4505208333333333 0.5171296296296296 0.026041666666666668 0.04722222222222222
0 0.54765625 0.3435185185185185 0.025520833333333333 0.046296296296296294
0 0.5888020833333333 0.4199074074074074 0.0265625 0.04722222222222222
0 0.5713541666666667 0.35462962962962963 0.025 0.046296296296296294
0 0.24375 0.35694444444444445 0.026041666666666668 0.04537037037037037
0 0.42890625 0.5527777777777778 0.0265625 0.046296296296296294
0 0.2734375 0.25416666666666665 0.025 0.04351851851851852
0 0.39427083333333335 0.7486111111111111 0.027083333333333334 0.049074074074074076
0 0.290625 0.22592592592592592 0.023958333333333335 0.04259259259259259
0 0.52109375 0.40879629629629627 0.025520833333333333 0.04537037037037037
0 0.5559895833333334 0.4083333333333333 0.025520833333333333 0.046296296296296294
0 0.22109375 0.3148148148148148 0.025520833333333333 0.044444444444444446
0 0.6265625 0.3175925925925926 0.027083333333333334 0.04814814814814815
0 0.22708333333333333 0.2763888888888889 0.025 0.04351851851851852
0 0.3723958333333333 0.7222222222222222 0.027083333333333334 0.04814814814814815
0 0.6950520833333333 0.43657407407407406 0.027604166666666666 0.049074074074074076
0 0.39140625 0.22268518518518518 0.025520833333333333 0.04351851851851852
0 0.5015625 0.5361111111111111 0.026041666666666668 0.04814814814814815
0 0.5388020833333333 0.44074074074074077 0.025520833333333333 0.046296296296296294
0 0.4783854166666667 0.513425925925926 0.0265625 0.04722222222222222
0 0.42682291666666666 0.3143518518518518 0.0265625 0.04722222222222222
0 0.3736979166666667 0.6092592592592593 0.025520833333333333 0.046296296296296294
0 0.5231770833333333 0.4773148148148148 0.025520833333333333 0.04722222222222222
0 0.36822916666666666 0.6787037037037037 0.027083333333333334 0.04814814814814815
0 0.7192708333333333 0.4203703703703704 0.028125 0.04814814814814815
0 0.346875 0.7620370370370371 0.026041666666666668 0.046296296296296294
0 0.33619791666666665 0.7222222222222222 0.0265625 0.04814814814814815
0 0.34869791666666666 0.6555555555555556 0.0265625 0.04814814814814815
0 0.5700520833333333 0.49537037037037035 0.025520833333333333 0.046296296296296294
0 0.2833333333333333 0.7333333333333333 0.027083333333333334 0.05
0 0.5794270833333334 0.6189814814814815 0.0265625 0.04722222222222222
0 0.409375 0.7060185185185185 0.028125 0.049074074074074076
0 0.48932291666666666 0.37546296296296294 0.025520833333333333 0.04537037037037037
0 0.596875 0.462037037037037 0.026041666666666668 0.046296296296296294
0 0.7104166666666667 0.13935185185185187 0.025 0.04537037037037037
0 0.5440104166666667 0.4986111111111111 0.025520833333333333 0.04722222222222222
0 0.30833333333333335 0.725462962962963 0.027083333333333334 0.049074074074074076
0 0.28541666666666665 0.6662037037037037 0.027083333333333334 0.049074074074074076
0 0.47578125 0.5592592592592592 0.0265625 0.04814814814814815
0 0.5252604166666667 0.2773148148148148 0.025520833333333333 0.04537037037037037
0 0.37161458333333336 0.7680555555555556 0.025520833333333333 0.04537037037037037
0 0.5520833333333334 0.5722222222222222 0.026041666666666668 0.04814814814814815
0 0.6484375 0.34120370370370373 0.027083333333333334 0.04722222222222222
0 0.5533854166666666 0.6194444444444445 0.025520833333333333 0.046296296296296294
0 0.4981770833333333 0.5787037037037037 0.025520833333333333 0.04814814814814815
0 0.5307291666666667 0.5976851851851852 0.026041666666666668 0.04722222222222222
0 0.68828125 0.5180555555555556 0.028645833333333332 0.04722222222222222
0 0.70078125 0.48009259259259257 0.0296875 0.049074074074074076
0 0.7005208333333334 0.38472222222222224 0.029166666666666667 0.049074074074074076
0 0.5299479166666666 0.5481481481481482 0.025520833333333333 0.046296296296296294
0 0.7252604166666666 0.49953703703703706 0.028645833333333332 0.05092592592592592
0 0.6057291666666667 0.6518518518518519 0.027083333333333334 0.04814814814814815
0 0.2760416666666667 0.7791666666666667 0.027083333333333334 0.049074074074074076
0 0.42864583333333334 0.7393518518518518 0.026041666666666668 0.04722222222222222
0 0.5427083333333333 0.6611111111111111 0.026041666666666668 0.04814814814814815
0 0.46171875 0.5930555555555556 0.024479166666666666 0.04722222222222222
0 0.7341145833333333 0.4583333333333333 0.028645833333333332 0.04814814814814815
0 0.35130208333333335 0.300462962962963 0.0265625 0.04537037037037037
0 0.3151041666666667 0.6574074074074074 0.027083333333333334 0.05
0 0.33229166666666665 0.8004629629629629 0.026041666666666668 0.049074074074074076
0 0.6286458333333333 0.42592592592592593 0.027083333333333334 0.04814814814814815
0 0.50859375 0.6185185185185185 0.025520833333333333 0.046296296296296294
0 0.30078125 0.7689814814814815 0.0265625 0.049074074074074076
0 0.2125 0.36157407407407405 0.028125 0.04537037037037037
0 0.31302083333333336 0.1986111111111111 0.026041666666666668 0.04351851851851852
0 0.4822916666666667 0.6134259259259259 0.026041666666666668 0.04722222222222222
0 0.6572916666666667 0.4847222222222222 0.028125 0.049074074074074076
0 0.4125 0.2412037037037037 0.026041666666666668 0.04537037037037037
0 0.5677083333333334 0.6592592592592592 0.026041666666666668 0.04814814814814815
0 0.7080729166666667 0.33935185185185185 0.027604166666666666 0.049074074074074076
0 0.41067708333333336 0.6111111111111112 0.0265625 0.04814814814814815
0 0.6427083333333333 0.11435185185185186 0.026041666666666668 0.04722222222222222
0 0.5494791666666666 0.25972222222222224 0.026041666666666668 0.04722222222222222
0 0.38958333333333334 0.7953703703703704 0.026041666666666668 0.04814814814814815
0 0.7390625 0.5439814814814815 0.028125 0.049074074074074076
0 0.6377604166666667 0.6078703703703704 0.0265625 0.049074074074074076
0 0.61953125 0.5717592592592593 0.027604166666666666 0.049074074074074076
0 0.71328125 0.5398148148148149 0.028645833333333332 0.05
0 0.234375 0.23657407407407408 0.025 0.04351851851851852
0 0.6072916666666667 0.2814814814814815 0.027083333333333334 0.04814814814814815
0 0.6744791666666666 0.5592592592592592 0.028125 0.05
0 0.6658854166666667 0.13194444444444445 0.025520833333333333 0.04537037037037037
0 0.44817708333333334 0.6333333333333333 0.027604166666666666 0.04814814814814815
0 0.26875 0.41805555555555557 0.027083333333333334 0.04722222222222222
0 0.690625 0.11388888888888889 0.026041666666666668 0.046296296296296294
0 0.25703125 0.22592592592592592 0.025520833333333333 0.04259259259259259
0 0.60625 0.7212962962962963 0.026041666666666668 0.046296296296296294
0 0.7208333333333333 0.5842592592592593 0.028125 0.05
0 0.6416666666666667 0.5180555555555556 0.028125 0.049074074074074076
0 0.5872395833333334 0.6888888888888889 0.027604166666666666 0.05
0 0.2986979166666667 0.8148148148148148 0.027604166666666666 0.04814814814814815
0 0.6109375 0.10046296296296296 0.025 0.04537037037037037
0 0.35625 0.8083333333333333 0.027083333333333334 0.05
0 0.3463541666666667 0.45416666666666666 0.027083333333333334 0.04722222222222222
0 0.5229166666666667 0.2337962962962963 0.026041666666666668 0.04537037037037037
0 0.41484375 0.7805555555555556 0.027604166666666666 0.05
0 0.6307291666666667 0.6620370370370371 0.028125 0.05
0 0.7205729166666667 0.18287037037037038 0.027604166666666666 0.04722222222222222
0 0.4348958333333333 0.5962962962962963 0.027083333333333334 0.04814814814814815
0 0.2552083333333333 0.6671296296296296 0.028125 0.049074074074074076
0 0.3494791666666667 0.2300925925925926 0.026041666666666668 0.04537037037037037
0 0.7075520833333333 0.2222222222222222 0.027604166666666666 0.04814814814814815
0 0.22786458333333334 0.5587962962962963 0.027604166666666666 0.04722222222222222
0 0.70625 0.6222222222222222 0.028125 0.05
0 0.6770833333333334 0.6060185185185185 0.028125 0.049074074074074076
0 0.5627604166666667 0.7037037037037037 0.028645833333333332 0.05
0 0.6833333333333333 0.07314814814814814 0.026041666666666668 0.046296296296296294
0 0.3171875 0.8388888888888889 0.026041666666666668 0.04814814814814815
0 0.7380208333333333 0.3458333333333333 0.029166666666666667 0.049074074074074076
0 0.6302083333333334 0.16527777777777777 0.027083333333333334 0.04722222222222222
0 0.19661458333333334 0.33564814814814814 0.024479166666666666 0.04351851851851852
0 0.22890625 0.3907407407407407 0.0265625 0.044444444444444446
0 0.34140625 0.8481481481481481 0.0265625 0.05
0 0.6559895833333333 0.07268518518518519 0.0265625 0.04722222222222222
0 0.59296875 0.13472222222222222 0.0265625 0.04722222222222222
0 0.73359375 0.6402777777777777 0.028645833333333332 0.05092592592592592
0 0.6486979166666667 0.2601851851851852 0.027604166666666666 0.04814814814814815
0 0.7244791666666667 0.2777777777777778 0.028125 0.05
0 0.7145833333333333 0.0763888888888889 0.027083333333333334 0.04722222222222222
0 0.2877604166666667 0.1824074074074074 0.0265625 0.046296296296296294
0 0.7122395833333334 0.6671296296296296 0.0296875 0.049074074074074076
0 0.5671875 0.7541666666666667 0.028125 0.05092592592592592
0 0.7669270833333334 0.5486111111111112 0.0296875 0.05092592592592592
0 0.21484375 0.6518518518518519 0.028645833333333332 0.05
0 0.19557291666666668 0.6166666666666667 0.028645833333333332 0.04814814814814815
0 0.36640625 0.8574074074074074 0.028645833333333332 0.05185185185185185
0 0.5276041666666667 0.16296296296296298 0.025 0.046296296296296294
0 0.29765625 0.8787037037037037 0.027604166666666666 0.05185185185185185
0 0.19192708333333333 0.41759259259259257 0.027604166666666666 0.046296296296296294
0 0.47708333333333336 0.18888888888888888 0.026041666666666668 0.046296296296296294
0 0.5778645833333333 0.8013888888888889 0.024479166666666666 0.049074074074074076
0 0.3223958333333333 0.888425925925926 0.028125 0.05092592592592592
0 0.72265625 0.03611111111111111 0.0265625 0.044444444444444446
0 0.66875 0.7944444444444444 0.030208333333333334 0.05555555555555555
0 0.25126041666666665 0.2715462962962963 0.027411458333333336 0.045907407407407404
0 0.32097916666666665 0.23905555555555555 0.027015624999999998 0.045907407407407404
0 0.5281458333333333 0.3668888888888889 0.026614583333333334 0.04873148148148149
0 0.416125 0.47035185185185185 0.026614583333333334 0.04802777777777777