0 0.20963541666666666 0.3578703703703704 0.024479166666666666 0.04351851851851852
0 0.70859375 0.1550925925925926 0.025520833333333333 0.04537037037037037
0 0.22760416666666666 0.39351851851851855 0.025 0.044444444444444446
0 0.5020833333333333 0.1875 0.022916666666666665 0.04351851851851852
0 0.5315104166666667 0.2898148148148148 0.024479166666666666 0.046296296296296294
0 0.46458333333333335 0.18472222222222223 0.025 0.04537037037037037
0 0.3065104166666667 0.2351851851851852 0.024479166666666666 0.044444444444444446
0 0.22239583333333332 0.3013888888888889 0.025 0.04351851851851852
0 0.23645833333333333 0.34953703703703703 0.025 0.04351851851851852
0 0.5236979166666667 0.16666666666666666 0.024479166666666666 0.044444444444444446
0 0.26510416666666664 0.5842592592592593 0.025 0.044444444444444446
0 0.190625 0.3347222222222222 0.025 0.04351851851851852
0 0.6515625 0.30462962962962964 0.026041666666666668 0.046296296296296294
0 0.5109375 0.6152777777777778 0.026041666666666668 0.04537037037037037
0 0.35833333333333334 0.44074074074074077 0.025 0.044444444444444446
0 0.73046875 0.17546296296296296 0.0265625 0.04537037037037037
0 0.49296875 0.5592592592592592 0.0265625 0.046296296296296294
0 0.2984375 0.28425925925925927 0.025 0.046296296296296294
0 0.18359375 0.24768518518518517 0.025520833333333333 0.04351851851851852
0 0.7341145833333333 0.2212962962962963 0.027604166666666666 0.046296296296296294
0 0.49895833333333334 0.31805555555555554 0.023958333333333335 0.04537037037037037
0 0.16614583333333333 0.2740740740740741 0.025 0.044444444444444446
0 0.171875 0.4925925925925926 0.025 0.044444444444444446
0 0.425 0.4837962962962963 0.026041666666666668 0.04722222222222222
0 0.32057291666666665 0.5782407407407407 0.025520833333333333 0.04537037037037037
0 0.36328125 0.3851851851851852 0.024479166666666666 0.044444444444444446
0 0.22994791666666667 0.5120370370370371 0.0265625 0.044444444444444446
0 0.3341145833333333 0.6828703703703703 0.024479166666666666 0.04537037037037037
0 0.34270833333333334 0.6337962962962963 0.026041666666666668 0.04722222222222222
0 0.33958333333333335 0.4083333333333333 0.026041666666666668 0.046296296296296294
0 0.40390625 0.46111111111111114 0.0234375 0.04259259259259259
0 0.33828125 0.24537037037037038 0.024479166666666666 0.044444444444444446
0 0.3143229166666667 0.7125 0.025520833333333333 0.04722222222222222
0 0.42994791666666665 0.15416666666666667 0.0234375 0.04351851851851852
0 0.5231770833333333 0.3680555555555556 0.025520833333333333 0.04537037037037037
0 0.4361979166666667 0.3458333333333333 0.024479166666666666 0.04351851851851852
0 0.25755208333333335 0.3875 0.0265625 0.04537037037037037
0 0.16328125 0.5407407407407407 0.025520833333333333 0.044444444444444446
0 0.48984375 0.5148148148148148 0.025520833333333333 0.046296296296296294
0 0.21328125 0.2652777777777778 0.025520833333333333 0.04351851851851852
0 0.45208333333333334 0.38981481481481484 0.026041666666666668 0.046296296296296294
0 0.5763020833333333 0.2962962962962963 0.024479166666666666 0.044444444444444446
0 0.2903645833333333 0.575 0.025520833333333333 0.044444444444444446
0 0.18932291666666667 0.5268518518518519 0.0265625 0.046296296296296294
0 0.6036458333333333 0.29074074074074074 0.025 0.046296296296296294
0 0.30026041666666664 0.5314814814814814 0.025520833333333333 0.044444444444444446
0 0.20442708333333334 0.22685185185185186 0.024479166666666666 0.04259259259259259
0 0.24635416666666668 0.5435185185185185 0.025 0.04259259259259259
0 0.3489583333333333 0.20787037037037037 0.023958333333333335 0.04351851851851852
0 0.33645833333333336 0.7319444444444444 0.026041666666666668 0.04722222222222222
0 0.7182291666666667 0.10324074074074074 0.026041666666666668 0.04537037037037037
0 0.6299479166666667 0.28194444444444444 0.025520833333333333 0.04722222222222222
0 0.4010416666666667 0.5333333333333333 0.023958333333333335 0.044444444444444446
0 0.5197916666666667 0.2162037037037037 0.023958333333333335 0.04351851851851852
0 0.37552083333333336 0.2337962962962963 0.023958333333333335 0.04351851851851852
0 0.31197916666666664 0.763425925925926 0.026041666666666668 0.04722222222222222
0 0.5192708333333333 0.6578703703703703 0.027083333333333334 0.049074074074074076
0 0.2875 0.7689814814814815 0.025 0.04722222222222222
0 0.76875 0.43703703703703706 0.028125 0.04814814814814815
0 0.6598958333333333 0.5944444444444444 0.027083333333333334 0.04814814814814815
0 0.37109375 0.7101851851851851 0.025520833333333333 0.046296296296296294
0 0.3997395833333333 0.6199074074074075 0.025520833333333333 0.04537037037037037
0 0.4359375 0.2949074074074074 0.023958333333333335 0.04351851851851852
0 0.5807291666666666 0.4305555555555556 0.026041666666666668 0.044444444444444446
0 0.40651041666666665 0.5768518518518518 0.025520833333333333 0.046296296296296294
0 0.40286458333333336 0.2773148148148148 0.022395833333333334 0.041666666666666664
0 0.6330729166666667 0.5953703703703703 0.0265625 0.04814814814814815
0 0.3536458333333333 0.5898148148148148 0.025 0.044444444444444446
0 0.5401041666666667 0.4134259259259259 0.025 0.04351851851851852
0 0.21927083333333333 0.19583333333333333 0.026041666666666668 0.04351851851851852
0 0.40208333333333335 0.7101851851851851 0.025 0.046296296296296294
0 0.7296875 0.6129629629629629 0.028125 0.05
0 0.3307291666666667 0.5361111111111111 0.025 0.044444444444444446
0 0.5424479166666667 0.5023148148148148 0.025520833333333333 0.04537037037037037
0 0.746875 0.46805555555555556 0.027083333333333334 0.04722222222222222
0 0.534375 0.24814814814814815 0.023958333333333335 0.04259259259259259
0 0.3768229166666667 0.6037037037037037 0.024479166666666666 0.046296296296296294
0 0.6526041666666667 0.6518518518518519 0.027083333333333334 0.04814814814814815
0 0.4140625 0.31296296296296294 0.022916666666666665 0.04259259259259259
0 0.31666666666666665 0.33425925925925926 0.025 0.044444444444444446
0 0.27395833333333336 0.5347222222222222 0.025 0.04537037037037037
0 0.5138020833333333 0.5337962962962963 0.024479166666666666 0.04537037037037037
0 0.2635416666666667 0.787962962962963 0.026041666666666668 0.04814814814814815
0 0.5510416666666667 0.5435185185185185 0.025 0.044444444444444446
0 0.5731770833333333 0.6912037037037037 0.0265625 0.049074074074074076
0 0.36692708333333335 0.3287037037037037 0.024479166666666666 0.044444444444444446
0 0.7317708333333334 0.06759259259259259 0.026041666666666668 0.044444444444444446
0 0.6778645833333333 0.37824074074074077 0.0265625 0.04722222222222222
0 0.5427083333333333 0.6050925925925926 0.025 0.04537037037037037
0 0.35625 0.29074074074074074 0.022916666666666665 0.044444444444444446
0 0.67890625 0.6268518518518519 0.0265625 0.05
0 0.26223958333333336 0.49722222222222223 0.024479166666666666 0.044444444444444446
0 0.6901041666666666 0.26435185185185184 0.026041666666666668 0.04722222222222222
0 0.34375 0.33194444444444443 0.023958333333333335 0.04351851851851852
0 0.6765625 0.5296296296296297 0.027083333333333334 0.04814814814814815
0 0.378125 0.27824074074074073 0.023958333333333335 0.04351851851851852
0 0.5520833333333334 0.649074074074074 0.027083333333333334 0.04814814814814815
0 0.55546875 0.2791666666666667 0.0234375 0.04351851851851852
0 0.7041666666666667 0.5203703703703704 0.027083333333333334 0.04814814814814815
0 0.6861979166666666 0.11666666666666667 0.025520833333333333 0.046296296296296294
0 0.2833333333333333 0.8185185185185185 0.026041666666666668 0.04814814814814815
0 0.5221354166666666 0.5763888888888888 0.025520833333333333 0.04537037037037037
0 0.5682291666666667 0.5763888888888888 0.025 0.04537037037037037
0 0.59140625 0.22962962962962963 0.024479166666666666 0.044444444444444446
0 0.38723958333333336 0.43287037037037035 0.024479166666666666 0.04537037037037037
0 0.5088541666666667 0.13333333333333333 0.025 0.046296296296296294
0 0.17994791666666668 0.20694444444444443 0.024479166666666666 0.041666666666666664
0 0.5807291666666666 0.36944444444444446 0.025 0.044444444444444446
0 0.7177083333333333 0.562037037037037 0.028125 0.05
0 0.3296875 0.36898148148148147 0.023958333333333335 0.04351851851851852
0 0.7307291666666667 0.5078703703703704 0.027083333333333334 0.049074074074074076
0 0.7598958333333333 0.3768518518518518 0.028125 0.04814814814814815
0 0.30807291666666664 0.8087962962962963 0.0265625 0.04722222222222222
0 0.6213541666666667 0.5546296296296296 0.026041666666666668 0.04814814814814815
0 0.32473958333333336 0.2935185185185185 0.024479166666666666 0.044444444444444446
0 0.3065104166666667 0.19212962962962962 0.024479166666666666 0.04351851851851852
0 0.60234375 0.4777777777777778 0.025520833333333333 0.046296296296296294
0 0.2864583333333333 0.6657407407407407 0.026041666666666668 0.046296296296296294
0 0.5651041666666666 0.2361111111111111 0.023958333333333335 0.044444444444444446
0 0.60234375 0.5194444444444445 0.025520833333333333 0.046296296296296294
0 0.2864583333333333 0.49583333333333335 0.025 0.04351851851851852
0 0.64609375 0.538425925925926 0.0265625 0.049074074074074076
0 0.62265625 0.6606481481481481 0.025520833333333333 0.04722222222222222
0 0.19583333333333333 0.4842592592592593 0.025 0.044444444444444446
0 0.5979166666666667 0.6708333333333333 0.025 0.04722222222222222
0 0.359375 0.5462962962962963 0.025 0.044444444444444446
0 0.38177083333333334 0.5606481481481481 0.025 0.04537037037037037
0 0.65546875 0.449537037037037 0.0265625 0.04722222222222222
0 0.3890625 0.31805555555555554 0.023958333333333335 0.04351851851851852
0 0.54609375 0.21157407407407408 0.024479166666666666 0.04537037037037037
0 0.3541666666666667 0.5032407407407408 0.025 0.04537037037037037
0 0.6950520833333333 0.4787037037037037 0.0265625 0.046296296296296294
0 0.45859375 0.12962962962962962 0.0234375 0.044444444444444446
0 0.325 0.49583333333333335 0.025 0.04537037037037037
0 0.7028645833333333 0.6472222222222223 0.027604166666666666 0.04814814814814815
0 0.13880208333333333 0.537962962962963 0.0265625 0.046296296296296294
0 0.7190104166666667 0.45694444444444443 0.027604166666666666 0.04722222222222222
0 0.44765625 0.25925925925925924 0.024479166666666666 0.044444444444444446
0 0.6130208333333333 0.24861111111111112 0.023958333333333335 0.04351851851851852
0 0.42942708333333335 0.7018518518518518 0.025520833333333333 0.04814814814814815
0 0.5471354166666667 0.37222222222222223 0.025520833333333333 0.044444444444444446
0 0.4244791666666667 0.25925925925925924 0.023958333333333335 0.04259259259259259
0 0.21770833333333334 0.5736111111111111 0.027083333333333334 0.04722222222222222
0 0.37838541666666664 0.5152777777777777 0.025520833333333333 0.04537037037037037
0 0.3541666666666667 0.1648148148148148 0.025 0.044444444444444446
0 0.6442708333333333 0.49166666666666664 0.026041666666666668 0.046296296296296294
0 0.6700520833333333 0.48657407407407405 0.0265625 0.04722222222222222
0 0.3453125 0.8342592592592593 0.026041666666666668 0.04814814814814815
0 0.7434895833333334 0.549537037037037 0.027604166666666666 0.049074074074074076
0 0.5453125 0.45601851851851855 0.026041666666666668 0.04537037037037037
0 0.7708333333333334 0.5472222222222223 0.029166666666666667 0.05
0 0.603125 0.39166666666666666 0.026041666666666668 0.046296296296296294
0 0.6057291666666667 0.43472222222222223 0.026041666666666668 0.04537037037037037
0 0.1640625 0.44166666666666665 0.026041666666666668 0.044444444444444446
0 0.6848958333333334 0.43657407407407406 0.027083333333333334 0.04722222222222222
0 0.19505208333333332 0.17777777777777778 0.024479166666666666 0.04259259259259259
0 0.57734375 0.5319444444444444 0.025520833333333333 0.04722222222222222
0 0.7296875 0.6587962962962963 0.029166666666666667 0.049074074074074076
0 0.33151041666666664 0.8810185185185185 0.0265625 0.049074074074074076
0 0.2869791666666667 0.8662037037037037 0.027083333333333334 0.049074074074074076
0 0.6302083333333334 0.44351851851851853 0.026041666666666668 0.046296296296296294
0 0.31328125 0.8537037037037037 0.0265625 0.05
0 0.5755208333333334 0.13935185185185187 0.025 0.04537037037037037
0 0.71953125 0.032407407407407406 0.025520833333333333 0.044444444444444446
0 0.7127604166666667 0.6939814814814815 0.027604166666666666 0.049074074074074076
0 0.65546875 0.40555555555555556 0.0265625 0.046296296296296294
0 0.6940104166666666 0.033796296296296297 0.025520833333333333 0.04537037037037037
0 0.7893229166666667 0.3421296296296296 0.028645833333333332 0.049074074074074076
0 0.5502604166666667 0.7736111111111111 0.027604166666666666 0.05092592592592592
0 0.5869791666666667 0.7898148148148149 0.027083333333333334 0.05185185185185185
0 0.30078125 0.9148148148148149 0.0265625 0.05185185185185185
0 0.34296875 0.9226851851851852 0.027604166666666666 0.05092592592592592