0 0.20963541666666666 0.3574074074074074 0.024479166666666666 0.044444444444444446
0 0.22734375 0.3925925925925926 0.025520833333333333 0.044444444444444446
0 0.70859375 0.1537037037037037 0.025520833333333333 0.046296296296296294
0 0.5015625 0.4162037037037037 0.025 0.04537037037037037
0 0.22239583333333332 0.3013888888888889 0.025 0.04351851851851852
0 0.2359375 0.34953703703703703 0.025 0.04351851851851852
0 0.3067708333333333 0.23425925925925925 0.025 0.044444444444444446
0 0.26510416666666664 0.5842592592592593 0.025 0.044444444444444446
0 0.475 0.1712962962962963 0.023958333333333335 0.044444444444444446
0 0.19010416666666666 0.33425925925925926 0.025 0.044444444444444446
0 0.5111979166666667 0.6162037037037037 0.0265625 0.04722222222222222
0 0.4356770833333333 0.3453703703703704 0.024479166666666666 0.044444444444444446
0 0.35833333333333334 0.4412037037037037 0.025 0.04537037037037037
0 0.66875 0.4837962962962963 0.025 0.04722222222222222
0 0.2981770833333333 0.28425925925925927 0.025520833333333333 0.046296296296296294
0 0.49765625 0.35185185185185186 0.024479166666666666 0.044444444444444446
0 0.49270833333333336 0.20694444444444443 0.023958333333333335 0.04351851851851852
0 0.73125 0.175 0.027083333333333334 0.046296296296296294
0 0.18307291666666667 0.24675925925925926 0.025520833333333333 0.04351851851851852
0 0.171875 0.49212962962962964 0.025 0.04537037037037037
0 0.71796875 0.10277777777777777 0.0265625 0.046296296296296294
0 0.16614583333333333 0.2740740740740741 0.025 0.044444444444444446
0 0.42473958333333334 0.4842592592592593 0.025520833333333333 0.046296296296296294
0 0.33828125 0.24537037037037038 0.024479166666666666 0.044444444444444446
0 0.22994791666666667 0.5115740740740741 0.0265625 0.04537037037037037
0 0.34270833333333334 0.6328703703703704 0.026041666666666668 0.04722222222222222
0 0.32057291666666665 0.5777777777777777 0.025520833333333333 0.046296296296296294
0 0.36302083333333335 0.38472222222222224 0.025 0.04537037037037037
0 0.734375 0.22037037037037038 0.027083333333333334 0.046296296296296294
0 0.5221354166666666 0.575 0.025520833333333333 0.046296296296296294
0 0.3143229166666667 0.7125 0.025520833333333333 0.04722222222222222
0 0.33932291666666664 0.4074074074074074 0.025520833333333333 0.046296296296296294
0 0.3341145833333333 0.6824074074074075 0.024479166666666666 0.044444444444444446
0 0.16354166666666667 0.5398148148148149 0.025 0.044444444444444446
0 0.24635416666666668 0.5430555555555555 0.025 0.04351851851851852
0 0.61796875 0.2449074074074074 0.025520833333333333 0.04722222222222222
0 0.29010416666666666 0.5745370370370371 0.025 0.04537037037037037
0 0.25729166666666664 0.3875 0.026041666666666668 0.04537037037037037
0 0.18958333333333333 0.5263888888888889 0.027083333333333334 0.04537037037037037
0 0.21328125 0.26435185185185184 0.025520833333333333 0.04351851851851852
0 0.5427083333333333 0.65 0.026041666666666668 0.04814814814814815
0 0.34921875 0.20787037037037037 0.024479166666666666 0.04537037037037037
0 0.33645833333333336 0.7319444444444444 0.026041666666666668 0.04722222222222222
0 0.30026041666666664 0.5314814814814814 0.025520833333333333 0.044444444444444446
0 0.4010416666666667 0.5328703703703703 0.023958333333333335 0.04351851851851852
0 0.20416666666666666 0.22685185185185186 0.025 0.04259259259259259
0 0.5260416666666666 0.4097222222222222 0.023958333333333335 0.04537037037037037
0 0.42942708333333335 0.14953703703703702 0.0234375 0.04351851851851852
0 0.5513020833333333 0.5421296296296296 0.025520833333333333 0.04537037037037037
0 0.5421875 0.6041666666666666 0.025 0.04537037037037037
0 0.2875 0.7689814814814815 0.025 0.04722222222222222
0 0.31197916666666664 0.762962962962963 0.026041666666666668 0.04814814814814815
0 0.6052083333333333 0.45787037037037037 0.026041666666666668 0.04722222222222222
0 0.3997395833333333 0.6199074074074075 0.025520833333333333 0.04537037037037037
0 0.37526041666666665 0.23333333333333334 0.024479166666666666 0.044444444444444446
0 0.43671875 0.2949074074074074 0.024479166666666666 0.04351851851851852
0 0.7322916666666667 0.06620370370370371 0.026041666666666668 0.04537037037037037
0 0.21901041666666668 0.19583333333333333 0.025520833333333333 0.04351851851851852
0 0.33098958333333334 0.5356481481481481 0.025520833333333333 0.04351851851851852
0 0.37135416666666665 0.7101851851851851 0.026041666666666668 0.046296296296296294
0 0.4674479166666667 0.34120370370370373 0.024479166666666666 0.04537037037037037
0 0.5794270833333334 0.42407407407407405 0.025520833333333333 0.046296296296296294
0 0.40208333333333335 0.7092592592592593 0.025 0.046296296296296294
0 0.40651041666666665 0.5763888888888888 0.025520833333333333 0.04537037037037037
0 0.6213541666666667 0.5537037037037037 0.026041666666666668 0.04814814814814815
0 0.6778645833333333 0.37824074074074077 0.0265625 0.04722222222222222
0 0.6447916666666667 0.44722222222222224 0.026041666666666668 0.046296296296296294
0 0.6526041666666667 0.6518518518518519 0.027083333333333334 0.04814814814814815
0 0.3536458333333333 0.5893518518518519 0.025 0.04537037037037037
0 0.7690104166666667 0.43657407407407406 0.028645833333333332 0.049074074074074076
0 0.2640625 0.7870370370370371 0.026041666666666668 0.04814814814814815
0 0.56875 0.5740740740740741 0.025 0.046296296296296294
0 0.3768229166666667 0.6032407407407407 0.024479166666666666 0.04537037037037037
0 0.6763020833333333 0.5259259259259259 0.0265625 0.04814814814814815
0 0.45234375 0.26435185185185184 0.024479166666666666 0.04537037037037037
0 0.1796875 0.20694444444444443 0.025 0.041666666666666664
0 0.7466145833333333 0.46805555555555556 0.027604166666666666 0.04722222222222222
0 0.27395833333333336 0.5351851851851852 0.025 0.046296296296296294
0 0.6598958333333333 0.5944444444444444 0.026041666666666668 0.04814814814814815
0 0.7182291666666667 0.562037037037037 0.028125 0.05
0 0.5807291666666666 0.36203703703703705 0.025 0.046296296296296294
0 0.56640625 0.637962962962963 0.025520833333333333 0.04814814814814815
0 0.5729166666666666 0.6921296296296297 0.026041666666666668 0.049074074074074076
0 0.3875 0.43287037037037035 0.023958333333333335 0.04537037037037037
0 0.67890625 0.6263888888888889 0.0265625 0.049074074074074076
0 0.2864583333333333 0.6652777777777777 0.026041666666666668 0.04722222222222222
0 0.35598958333333336 0.29074074074074074 0.0234375 0.044444444444444446
0 0.3065104166666667 0.1912037037037037 0.024479166666666666 0.04351851851851852
0 0.51328125 0.1310185185185185 0.0234375 0.04537037037037037
0 0.69453125 0.4777777777777778 0.025520833333333333 0.046296296296296294
0 0.6442708333333333 0.49074074074074076 0.026041666666666668 0.046296296296296294
0 0.7434895833333334 0.549537037037037 0.027604166666666666 0.049074074074074076
0 0.41432291666666665 0.31203703703703706 0.0234375 0.04259259259259259
0 0.5549479166666667 0.1597222222222222 0.022395833333333334 0.04351851851851852
0 0.28359375 0.8180555555555555 0.0265625 0.049074074074074076
0 0.57734375 0.5310185185185186 0.025520833333333333 0.04722222222222222
0 0.26223958333333336 0.49722222222222223 0.024479166666666666 0.044444444444444446
0 0.70390625 0.5199074074074074 0.0265625 0.04722222222222222
0 0.30833333333333335 0.8078703703703703 0.026041666666666668 0.04722222222222222
0 0.31666666666666665 0.33425925925925926 0.025 0.044444444444444446
0 0.55546875 0.27870370370370373 0.024479166666666666 0.044444444444444446
0 0.4044270833333333 0.4597222222222222 0.024479166666666666 0.04537037037037037
0 0.7598958333333333 0.3768518518518518 0.028125 0.04814814814814815
0 0.64609375 0.538425925925926 0.0265625 0.049074074074074076
0 0.34348958333333335 0.3314814814814815 0.0234375 0.044444444444444446
0 0.5283854166666667 0.28194444444444444 0.0234375 0.04537037037037037
0 0.6234375 0.425462962962963 0.025 0.04537037037037037
0 0.32447916666666665 0.2935185185185185 0.023958333333333335 0.044444444444444446
0 0.5309895833333333 0.15694444444444444 0.024479166666666666 0.04537037037037037
0 0.378125 0.2773148148148148 0.023958333333333335 0.04351851851851852
0 0.60234375 0.5092592592592593 0.025520833333333333 0.04814814814814815
0 0.4583333333333333 0.12731481481481483 0.023958333333333335 0.04537037037037037
0 0.62265625 0.6606481481481481 0.025520833333333333 0.04722222222222222
0 0.7296875 0.6134259259259259 0.028125 0.049074074074074076
0 0.6864583333333333 0.11574074074074074 0.026041666666666668 0.046296296296296294
0 0.36692708333333335 0.3282407407407407 0.024479166666666666 0.04537037037037037
0 0.7307291666666667 0.5078703703703704 0.027083333333333334 0.049074074074074076
0 0.2864583333333333 0.49583333333333335 0.025 0.04351851851851852
0 0.7190104166666667 0.45694444444444443 0.027604166666666666 0.049074074074074076
0 0.7028645833333333 0.6467592592592593 0.027604166666666666 0.04722222222222222
0 0.32916666666666666 0.36898148148148147 0.023958333333333335 0.04351851851851852
0 0.6848958333333334 0.4361111111111111 0.027083333333333334 0.046296296296296294
0 0.5197916666666667 0.21481481481481482 0.023958333333333335 0.044444444444444446
0 0.38229166666666664 0.5601851851851852 0.025 0.044444444444444446
0 0.5427083333333333 0.20185185185185187 0.022916666666666665 0.04259259259259259
0 0.578125 0.29212962962962963 0.023958333333333335 0.04537037037037037
0 0.5760416666666667 0.1375 0.025 0.04722222222222222
0 0.19557291666666668 0.48333333333333334 0.024479166666666666 0.044444444444444446
0 0.5901041666666667 0.2152777777777778 0.025 0.04537037037037037
0 0.325 0.4949074074074074 0.025 0.04537037037037037
0 0.21796875 0.5736111111111111 0.027604166666666666 0.04722222222222222
0 0.13932291666666666 0.537962962962963 0.0265625 0.046296296296296294
0 0.3541666666666667 0.5032407407407408 0.025 0.04537037037037037
0 0.65546875 0.4074074074074074 0.025520833333333333 0.046296296296296294
0 0.6330729166666667 0.5949074074074074 0.025520833333333333 0.04722222222222222
0 0.5934895833333333 0.2569444444444444 0.025520833333333333 0.04537037037037037
0 0.5638020833333334 0.32685185185185184 0.024479166666666666 0.044444444444444446
0 0.37838541666666664 0.5152777777777777 0.025520833333333333 0.04537037037037037
0 0.5583333333333333 0.4027777777777778 0.025 0.046296296296296294
0 0.42942708333333335 0.7018518518518518 0.025520833333333333 0.04814814814814815
0 0.38984375 0.31805555555555554 0.0234375 0.04351851851851852
0 0.56484375 0.23564814814814813 0.024479166666666666 0.04537037037037037
0 0.5377604166666666 0.24259259259259258 0.0234375 0.04259259259259259
0 0.403125 0.27546296296296297 0.022916666666666665 0.04351851851851852
0 0.53984375 0.31851851851851853 0.0234375 0.04259259259259259
0 0.49713541666666666 0.5018518518518519 0.025520833333333333 0.046296296296296294
0 0.359375 0.5462962962962963 0.025 0.044444444444444446
0 0.5104166666666666 0.17777777777777778 0.023958333333333335 0.04259259259259259
0 0.42552083333333335 0.25972222222222224 0.023958333333333335 0.04537037037037037
0 0.35390625 0.16435185185185186 0.025520833333333333 0.04537037037037037
0 0.5979166666666667 0.6708333333333333 0.025 0.04722222222222222
0 0.6013020833333333 0.4046296296296296 0.025520833333333333 0.046296296296296294
0 0.5239583333333333 0.3592592592592593 0.023958333333333335 0.044444444444444446
0 0.7705729166666667 0.5467592592592593 0.0296875 0.049074074074074076
0 0.19453125 0.17685185185185184 0.024479166666666666 0.04259259259259259
0 0.3450520833333333 0.8333333333333334 0.0265625 0.04814814814814815
0 0.5716145833333334 0.18981481481481483 0.0234375 0.04259259259259259
0 0.6901041666666666 0.2638888888888889 0.026041666666666668 0.046296296296296294
0 0.2872395833333333 0.8657407407407407 0.0265625 0.05
0 0.7296875 0.6583333333333333 0.029166666666666667 0.05
0 0.1640625 0.44074074074074077 0.026041666666666668 0.044444444444444446
0 0.33177083333333335 0.8800925925925925 0.027083333333333334 0.049074074074074076
0 0.5481770833333334 0.36342592592592593 0.024479166666666666 0.04537037037037037
0 0.7200520833333334 0.03148148148148148 0.025520833333333333 0.044444444444444446
0 0.31328125 0.8527777777777777 0.0265625 0.05
0 0.7122395833333334 0.6939814814814815 0.027604166666666666 0.049074074074074076
0 0.69453125 0.03194444444444444 0.025520833333333333 0.04537037037037037
0 0.78984375 0.3421296296296296 0.028645833333333332 0.049074074074074076
0 0.55 0.7726851851851851 0.027083333333333334 0.05092592592592592
0 0.30104166666666665 0.9138888888888889 0.027083333333333334 0.05185185185185185
0 0.5864583333333333 0.7888888888888889 0.027083333333333334 0.05185185185185185
0 0.34296875 0.9222222222222223 0.027604166666666666 0.05185185185185185