0 0.70859375 0.15555555555555556 0.025520833333333333 0.046296296296296294
0 0.22265625 0.30324074074074076 0.025520833333333333 0.04351851851851852
0 0.209375 0.3625 0.025 0.04351851851851852
0 0.20286458333333332 0.4199074074074074 0.0265625 0.04537037037037037
0 0.23333333333333334 0.3560185185185185 0.025 0.04537037037037037
0 0.21692708333333333 0.4587962962962963 0.0265625 0.04537037037037037
0 0.7309895833333333 0.17592592592592593 0.0265625 0.046296296296296294
0 0.5640625 0.2564814814814815 0.025 0.046296296296296294
0 0.2046875 0.2273148148148148 0.025 0.041666666666666664
0 0.19088541666666667 0.3351851851851852 0.025520833333333333 0.044444444444444446
0 0.3484375 0.2050925925925926 0.025 0.04351851851851852
0 0.21328125 0.2652777777777778 0.025520833333333333 0.04351851851851852
0 0.4830729166666667 0.3509259259259259 0.024479166666666666 0.044444444444444446
0 0.48125 0.41435185185185186 0.025 0.04537037037037037
0 0.5265625 0.2967592592592593 0.022916666666666665 0.04351851851851852
0 0.34427083333333336 0.26944444444444443 0.022916666666666665 0.04259259259259259
0 0.23671875 0.5152777777777777 0.025520833333333333 0.04351851851851852
0 0.18411458333333333 0.24861111111111112 0.025520833333333333 0.041666666666666664
0 0.36744791666666665 0.2722222222222222 0.0234375 0.04259259259259259
0 0.71796875 0.1037037037037037 0.0265625 0.046296296296296294
0 0.7341145833333333 0.22175925925925927 0.027604166666666666 0.04722222222222222
0 0.5104166666666666 0.6175925925925926 0.025 0.046296296296296294
0 0.5830729166666667 0.2199074074074074 0.024479166666666666 0.04351851851851852
0 0.33098958333333334 0.3055555555555556 0.024479166666666666 0.044444444444444446
0 0.42083333333333334 0.37824074074074077 0.025 0.04537037037037037
0 0.5515625 0.5435185185185185 0.026041666666666668 0.046296296296296294
0 0.6036458333333333 0.24305555555555555 0.026041666666666668 0.04722222222222222
0 0.5338541666666666 0.24768518518518517 0.023958333333333335 0.04537037037037037
0 0.5002604166666667 0.18796296296296297 0.022395833333333334 0.04259259259259259
0 0.43072916666666666 0.22777777777777777 0.023958333333333335 0.044444444444444446
0 0.32734375 0.36574074074074076 0.0234375 0.04259259259259259
0 0.4859375 0.6013888888888889 0.025 0.04537037037037037
0 0.37161458333333336 0.3574074074074074 0.024479166666666666 0.044444444444444446
0 0.371875 0.5634259259259259 0.025 0.04722222222222222
0 0.16458333333333333 0.44212962962962965 0.027083333333333334 0.04537037037037037
0 0.19583333333333333 0.4837962962962963 0.025 0.04351851851851852
0 0.3098958333333333 0.23425925925925925 0.026041666666666668 0.044444444444444446
0 0.3411458333333333 0.4101851851851852 0.025 0.044444444444444446
0 0.54609375 0.3990740740740741 0.024479166666666666 0.046296296296296294
0 0.5760416666666667 0.41388888888888886 0.025 0.046296296296296294
0 0.17239583333333333 0.4930555555555556 0.025 0.04351851851851852
0 0.3703125 0.4759259259259259 0.026041666666666668 0.046296296296296294
0 0.28411458333333334 0.5222222222222223 0.025520833333333333 0.044444444444444446
0 0.47369791666666666 0.30833333333333335 0.0234375 0.044444444444444446
0 0.7294270833333333 0.5046296296296297 0.027604166666666666 0.04814814814814815
0 0.35494791666666664 0.3074074074074074 0.024479166666666666 0.04259259259259259
0 0.28984375 0.44583333333333336 0.025520833333333333 0.04351851851851852
0 0.42864583333333334 0.6893518518518519 0.023958333333333335 0.04537037037037037
0 0.7322916666666667 0.06759259259259259 0.026041666666666668 0.046296296296296294
0 0.32473958333333336 0.4740740740740741 0.024479166666666666 0.044444444444444446
0 0.39947916666666666 0.7388888888888889 0.026041666666666668 0.04814814814814815
0 0.3416666666666667 0.5078703703703704 0.026041666666666668 0.04537037037037037
0 0.4427083333333333 0.31805555555555554 0.023958333333333335 0.04351851851851852
0 0.353125 0.44675925925925924 0.025 0.04351851851851852
0 0.3484375 0.587037037037037 0.022916666666666665 0.04259259259259259
0 0.3671875 0.4009259259259259 0.026041666666666668 0.044444444444444446
0 0.6213541666666667 0.5546296296296296 0.026041666666666668 0.04814814814814815
0 0.6052083333333333 0.4587962962962963 0.026041666666666668 0.04722222222222222
0 0.6833333333333333 0.5504629629629629 0.026041666666666668 0.04722222222222222
0 0.18958333333333333 0.5273148148148148 0.027083333333333334 0.04537037037037037
0 0.50703125 0.4111111111111111 0.025520833333333333 0.046296296296296294
0 0.6505208333333333 0.4930555555555556 0.026041666666666668 0.04722222222222222
0 0.5096354166666667 0.2671296296296296 0.024479166666666666 0.04537037037037037
0 0.4942708333333333 0.2324074074074074 0.023958333333333335 0.044444444444444446
0 0.30390625 0.36574074074074076 0.024479166666666666 0.044444444444444446
0 0.16666666666666666 0.275 0.026041666666666668 0.044444444444444446
0 0.525 0.20416666666666666 0.023958333333333335 0.04351851851851852
0 0.5450520833333333 0.6768518518518518 0.0265625 0.04814814814814815
0 0.7473958333333334 0.46805555555555556 0.027083333333333334 0.04722222222222222
0 0.47994791666666664 0.2652777777777778 0.0234375 0.04351851851851852
0 0.6861979166666666 0.4412037037037037 0.027604166666666666 0.04722222222222222
0 0.6864583333333333 0.11666666666666667 0.026041666666666668 0.046296296296296294
0 0.64609375 0.4486111111111111 0.025520833333333333 0.04537037037037037
0 0.21927083333333333 0.1962962962962963 0.026041666666666668 0.04259259259259259
0 0.44140625 0.43796296296296294 0.024479166666666666 0.044444444444444446
0 0.17994791666666668 0.20787037037037037 0.025520833333333333 0.041666666666666664
0 0.63359375 0.5953703703703703 0.0265625 0.04814814814814815
0 0.5216145833333333 0.5773148148148148 0.025520833333333333 0.04722222222222222
0 0.3932291666666667 0.3101851851851852 0.025 0.044444444444444446
0 0.490625 0.15138888888888888 0.023958333333333335 0.04537037037037037
0 0.55625 0.21712962962962962 0.023958333333333335 0.04351851851851852
0 0.47291666666666665 0.6967592592592593 0.026041666666666668 0.04722222222222222
0 0.259375 0.324537037037037 0.026041666666666668 0.04537037037037037
0 0.5270833333333333 0.3731481481481482 0.022916666666666665 0.044444444444444446
0 0.4036458333333333 0.44907407407407407 0.025 0.044444444444444446
0 0.43020833333333336 0.2824074074074074 0.023958333333333335 0.044444444444444446
0 0.16354166666666667 0.5407407407407407 0.025 0.044444444444444446
0 0.5505208333333333 0.17777777777777778 0.023958333333333335 0.04259259259259259
0 0.6471354166666666 0.538425925925926 0.0265625 0.049074074074074076
0 0.6231770833333333 0.4263888888888889 0.025520833333333333 0.04537037037037037
0 0.76875 0.43703703703703706 0.029166666666666667 0.04814814814814815
0 0.41041666666666665 0.663425925925926 0.025 0.04537037037037037
0 0.31796875 0.4046296296296296 0.024479166666666666 0.044444444444444446
0 0.3177083333333333 0.5347222222222222 0.023958333333333335 0.04351851851851852
0 0.3729166666666667 0.6736111111111112 0.026041666666666668 0.04537037037037037
0 0.7604166666666666 0.3787037037037037 0.028125 0.04814814814814815
0 0.30494791666666665 0.5 0.0234375 0.04259259259259259
0 0.42552083333333335 0.7328703703703704 0.025 0.04722222222222222
0 0.3924479166666667 0.6958333333333333 0.025520833333333333 0.04537037037037037
0 0.7307291666666667 0.5634259259259259 0.027083333333333334 0.049074074074074076
0 0.71953125 0.4583333333333333 0.0265625 0.04814814814814815
0 0.325 0.5763888888888888 0.026041666666666668 0.04537037037037037
0 0.4552083333333333 0.26435185185185184 0.023958333333333335 0.04351851851851852
0 0.6778645833333333 0.37916666666666665 0.0265625 0.04722222222222222
0 0.55 0.35555555555555557 0.025 0.046296296296296294
0 0.6760416666666667 0.5055555555555555 0.027083333333333334 0.04814814814814815
0 0.5783854166666667 0.5314814814814814 0.025520833333333333 0.046296296296296294
0 0.5622395833333333 0.6370370370370371 0.025520833333333333 0.046296296296296294
0 0.6794270833333333 0.6268518518518519 0.0265625 0.04814814814814815
0 0.41302083333333334 0.3402777777777778 0.023958333333333335 0.04351851851851852
0 0.4197916666666667 0.7800925925925926 0.026041666666666668 0.049074074074074076
0 0.2911458333333333 0.6805555555555556 0.026041666666666668 0.046296296296296294
0 0.6604166666666667 0.5944444444444444 0.026041666666666668 0.04814814814814815
0 0.60234375 0.5097222222222222 0.025520833333333333 0.04722222222222222
0 0.5361979166666667 0.6296296296296297 0.025520833333333333 0.04814814814814815
0 0.56953125 0.6805555555555556 0.025520833333333333 0.046296296296296294
0 0.39088541666666665 0.2689814814814815 0.024479166666666666 0.04537037037037037
0 0.42994791666666665 0.14907407407407408 0.024479166666666666 0.044444444444444446
0 0.24895833333333334 0.5527777777777778 0.026041666666666668 0.044444444444444446
0 0.7005208333333334 0.5925925925925926 0.027083333333333334 0.04814814814814815
0 0.45208333333333334 0.6731481481481482 0.025 0.046296296296296294
0 0.6520833333333333 0.6527777777777778 0.026041666666666668 0.04814814814814815
0 0.30807291666666664 0.1935185185185185 0.025520833333333333 0.046296296296296294
0 0.4661458333333333 0.4777777777777778 0.026041666666666668 0.046296296296296294
0 0.3221354166666667 0.26990740740740743 0.0234375 0.04351851851851852
0 0.6018229166666667 0.4041666666666667 0.025520833333333333 0.04537037037037037
0 0.39296875 0.6337962962962963 0.025520833333333333 0.04537037037037037
0 0.3546875 0.16342592592592592 0.026041666666666668 0.04537037037037037
0 0.70546875 0.5254629629629629 0.027604166666666666 0.049074074074074076
0 0.29635416666666664 0.6314814814814815 0.027083333333333334 0.046296296296296294
0 0.5330729166666667 0.7162037037037037 0.0265625 0.049074074074074076
0 0.36666666666666664 0.6310185185185185 0.026041666666666668 0.04722222222222222
0 0.3028645833333333 0.7611111111111111 0.0265625 0.04814814814814815
0 0.70390625 0.6476851851851851 0.027604166666666666 0.049074074074074076
0 0.32786458333333335 0.8462962962962963 0.0265625 0.05
0 0.43828125 0.8064814814814815 0.0265625 0.05
0 0.34739583333333335 0.3458333333333333 0.022916666666666665 0.04351851851851852
0 0.75703125 0.5537037037037037 0.028645833333333332 0.05
0 0.30442708333333335 0.8629629629629629 0.025520833333333333 0.04814814814814815
0 0.3111979166666667 0.8152777777777778 0.027604166666666666 0.049074074074074076
0 0.6236979166666666 0.6620370370370371 0.025520833333333333 0.046296296296296294
0 0.19557291666666668 0.17685185185185184 0.025520833333333333 0.04259259259259259
0 0.36692708333333335 0.8166666666666667 0.0265625 0.04814814814814815
0 0.4635416666666667 0.13333333333333333 0.025 0.046296296296296294
0 0.6903645833333333 0.26435185185185184 0.0265625 0.04722222222222222
0 0.13932291666666666 0.5388888888888889 0.0265625 0.046296296296296294
0 0.2877604166666667 0.8319444444444445 0.0265625 0.049074074074074076
0 0.4705729166666667 0.8060185185185185 0.027604166666666666 0.049074074074074076
0 0.40651041666666665 0.8472222222222222 0.0265625 0.05
0 0.35208333333333336 0.8759259259259259 0.027083333333333334 0.05
0 0.7307291666666667 0.6569444444444444 0.028125 0.049074074074074076
0 0.7200520833333334 0.03333333333333333 0.025520833333333333 0.044444444444444446
0 0.5989583333333334 0.6712962962962963 0.025 0.046296296296296294
0 0.3807291666666667 0.8537037037037037 0.026041666666666668 0.04814814814814815
0 0.32578125 0.6976851851851852 0.0265625 0.04722222222222222
0 0.290625 0.9041666666666667 0.027083333333333334 0.049074074074074076
0 0.5817708333333333 0.8555555555555555 0.027083333333333334 0.05
0 0.69453125 0.033796296296296297 0.025520833333333333 0.04537037037037037
0 0.7263020833333333 0.6087962962962963 0.027604166666666666 0.049074074074074076
0 0.32734375 0.8939814814814815 0.0265625 0.049074074074074076
0 0.30963541666666666 0.9310185185185185 0.0265625 0.049074074074074076
0 0.5174479166666667 0.8305555555555556 0.027604166666666666 0.05
0 0.3703125 0.9111111111111111 0.027083333333333334 0.05
0 0.7125 0.6935185185185185 0.028125 0.04814814814814815
0 0.78984375 0.3425925925925926 0.028645833333333332 0.04814814814814815
0 0.3346354166666667 0.9407407407407408 0.0265625 0.05
0 0.43125 0.899074074074074 0.027083333333333334 0.05
0 0.56484375 0.8935185185185185 0.027604166666666666 0.05185185185185185
0 0.6979166666666666 0.4824074074074074 0.027083333333333334 0.04814814814814815
0 0.2955729166666667 0.9689814814814814 0.027604166666666666 0.049074074074074076
0 0.50703125 0.3537037037037037 0.025520833333333333 0.04814814814814815
0 0.61796875 0.3824074074074074 0.024479166666666666 0.04259259259259259