0 0.27760416666666665 0.35 0.025 0.044444444444444446
0 0.22239583333333332 0.29953703703703705 0.025 0.04351851851851852
0 0.2950520833333333 0.31157407407407406 0.025520833333333333 0.04537037037037037
0 0.5984375 0.2175925925925926 0.025 0.044444444444444446
0 0.20885416666666667 0.3625 0.025 0.04351851851851852
0 0.24895833333333334 0.32685185185185184 0.023958333333333335 0.04259259259259259
0 0.721875 0.2662037037037037 0.026041666666666668 0.04537037037037037
0 0.20234375 0.42453703703703705 0.0265625 0.04351851851851852
0 0.21119791666666668 0.262037037037037 0.025520833333333333 0.04259259259259259
0 0.19010416666666666 0.33425925925925926 0.026041666666666668 0.044444444444444446
0 0.20390625 0.22407407407407406 0.024479166666666666 0.04259259259259259
0 0.2713541666666667 0.3111111111111111 0.025 0.046296296296296294
0 0.2328125 0.35694444444444445 0.025 0.04351851851851852
0 0.27760416666666665 0.27037037037037037 0.023958333333333335 0.04259259259259259
0 0.5778645833333333 0.14907407407407408 0.024479166666666666 0.044444444444444446
0 0.225 0.3976851851851852 0.025 0.04351851851851852
0 0.6666666666666666 0.262037037037037 0.026041666666666668 0.046296296296296294
0 0.7072916666666667 0.14537037037037037 0.026041666666666668 0.046296296296296294
0 0.6778645833333333 0.1625 0.025520833333333333 0.04722222222222222
0 0.6080729166666666 0.6208333333333333 0.0265625 0.04722222222222222
0 0.6794270833333333 0.21666666666666667 0.025520833333333333 0.046296296296296294
0 0.2643229166666667 0.663425925925926 0.0265625 0.04537037037037037
0 0.65390625 0.1310185185185185 0.024479166666666666 0.04351851851851852
0 0.7346354166666667 0.30787037037037035 0.0265625 0.04722222222222222
0 0.3033854166666667 0.3768518518518518 0.025520833333333333 0.044444444444444446
0 0.47552083333333334 0.40555555555555556 0.025 0.046296296296296294
0 0.4356770833333333 0.32222222222222224 0.024479166666666666 0.044444444444444446
0 0.70390625 0.5486111111111112 0.027604166666666666 0.049074074074074076
0 0.5984375 0.17546296296296296 0.025 0.04351851851851852
0 0.39947916666666666 0.33564814814814814 0.025 0.04537037037037037
0 0.18333333333333332 0.24583333333333332 0.026041666666666668 0.04351851851851852
0 0.45286458333333335 0.39537037037037037 0.024479166666666666 0.044444444444444446
0 0.5494791666666666 0.35509259259259257 0.025 0.04537037037037037
0 0.4276041666666667 0.22546296296296298 0.023958333333333335 0.04351851851851852
0 0.5566770833333333 0.1962962962962963 0.025854166666666668 0.044444444444444446
0 0.2546875 0.275 0.023958333333333335 0.040740740740740744
0 0.221875 0.6652777777777777 0.026041666666666668 0.04537037037037037
0 0.6828125 0.5763888888888888 0.023958333333333335 0.04722222222222222
0 0.7111979166666667 0.18564814814814815 0.0265625 0.04537037037037037
0 0.7036458333333333 0.22916666666666666 0.026041666666666668 0.04537037037037037
0 0.44765625 0.43703703703703706 0.025520833333333333 0.046296296296296294
0 0.6916666666666667 0.11296296296296296 0.025 0.046296296296296294
0 0.41015625 0.25833333333333336 0.0234375 0.044444444444444446
0 0.20338541666666668 0.6314814814814815 0.0265625 0.044444444444444446
0 0.5958333333333333 0.3907407407407407 0.025 0.046296296296296294
0 0.21458333333333332 0.4625 0.027083333333333334 0.04537037037037037
0 0.41484375 0.3037037037037037 0.0234375 0.04259259259259259
0 0.5528645833333333 0.15555555555555556 0.024479166666666666 0.044444444444444446
0 0.7078125 0.31203703703703706 0.026041666666666668 0.046296296296296294
0 0.44869791666666664 0.35509259259259257 0.024479166666666666 0.04537037037037037
0 0.46953125 0.22824074074074074 0.024479166666666666 0.04351851851851852
0 0.39401041666666664 0.2884259259259259 0.024479166666666666 0.04537037037037037
0 0.42864583333333334 0.38796296296296295 0.023958333333333335 0.044444444444444446
0 0.6984375 0.4356481481481482 0.027083333333333334 0.049074074074074076
0 0.22786458333333334 0.23287037037037037 0.0265625 0.04537037037037037
0 0.4203125 0.4824074074074074 0.025 0.046296296296296294
0 0.6953125 0.27361111111111114 0.025 0.04537037037037037
0 0.3880208333333333 0.24212962962962964 0.023958333333333335 0.04537037037037037
0 0.37135416666666665 0.2828703703703704 0.023958333333333335 0.04351851851851852
0 0.7252604166666666 0.4287037037037037 0.0265625 0.04814814814814815
0 0.3927083333333333 0.48842592592592593 0.025 0.04537037037037037
0 0.6692708333333334 0.6185185185185185 0.026041666666666668 0.046296296296296294
0 0.72578125 0.3680555555555556 0.0265625 0.04722222222222222
0 0.4557291666666667 0.6412037037037037 0.026041666666666668 0.04722222222222222
0 0.2942708333333333 0.649074074074074 0.026041666666666668 0.046296296296296294
0 0.7354166666666667 0.4777777777777778 0.028125 0.04814814814814815
0 0.5294270833333333 0.587037037037037 0.025520833333333333 0.046296296296296294
0 0.6697916666666667 0.0962962962962963 0.025 0.046296296296296294
0 0.5885416666666666 0.5407407407407407 0.025 0.04814814814814815
0 0.165625 0.2726851851851852 0.026041666666666668 0.04537037037037037
0 0.528125 0.5092592592592593 0.025 0.044444444444444446
0 0.5528645833333333 0.5907407407407408 0.024479166666666666 0.044444444444444446
0 0.6916666666666667 0.5078703703703704 0.026041666666666668 0.049074074074074076
0 0.60078125 0.26064814814814813 0.025520833333333333 0.04722222222222222
0 0.7575520833333333 0.39814814814814814 0.027604166666666666 0.046296296296296294
0 0.4192708333333333 0.42824074074074076 0.025 0.04537037037037037
0 0.6419270833333334 0.09444444444444444 0.025520833333333333 0.046296296296296294
0 0.6072916666666667 0.42824074074074076 0.025 0.04537037037037037
0 0.6778645833333333 0.4648148148148148 0.0265625 0.04814814814814815
0 0.41380208333333335 0.5898148148148148 0.025520833333333333 0.046296296296296294
0 0.6322916666666667 0.44027777777777777 0.026041666666666668 0.04722222222222222
0 0.4901041666666667 0.262037037037037 0.025 0.046296296296296294
0 0.44427083333333334 0.1962962962962963 0.023958333333333335 0.044444444444444446
0 0.60234375 0.13518518518518519 0.025520833333333333 0.046296296296296294
0 0.5794270833333334 0.49444444444444446 0.025520833333333333 0.046296296296296294
0 0.3567708333333333 0.24583333333333332 0.025 0.04537037037037037
0 0.5427083333333333 0.5504629629629629 0.025 0.04537037037037037
0 0.32317708333333334 0.6268518518518519 0.0265625 0.046296296296296294
0 0.178125 0.6300925925925925 0.027083333333333334 0.04537037037037037
0 0.6309895833333333 0.4925925925925926 0.025520833333333333 0.046296296296296294
0 0.53828125 0.4361111111111111 0.025520833333333333 0.046296296296296294
0 0.7096354166666666 0.07777777777777778 0.025520833333333333 0.046296296296296294
0 0.6046875 0.5768518518518518 0.027083333333333334 0.04814814814814815
0 0.40338541666666666 0.399537037037037 0.024479166666666666 0.04351851851851852
0 0.17942708333333332 0.2064814814814815 0.025520833333333333 0.04259259259259259
0 0.22213541666666667 0.19166666666666668 0.025520833333333333 0.044444444444444446
0 0.6419270833333334 0.5375 0.025520833333333333 0.04722222222222222
0 0.2908854166666667 0.2263888888888889 0.0265625 0.04537037037037037
0 0.32421875 0.7768518518518519 0.0265625 0.04814814814814815
0 0.6046875 0.48657407407407405 0.026041666666666668 0.04722222222222222
0 0.58515625 0.45185185185185184 0.024479166666666666 0.046296296296296294
0 0.3653645833333333 0.7870370370370371 0.0265625 0.04814814814814815
0 0.5666666666666667 0.6296296296296297 0.026041666666666668 0.046296296296296294
0 0.5515625 0.4935185185185185 0.025 0.046296296296296294
0 0.30234375 0.7606481481481482 0.0265625 0.049074074074074076
0 0.42890625 0.6699074074074074 0.025520833333333333 0.04537037037037037
0 0.3578125 0.6287037037037037 0.026041666666666668 0.046296296296296294
0 0.6140625 0.5314814814814814 0.026041666666666668 0.04814814814814815
0 0.43307291666666664 0.6240740740740741 0.025520833333333333 0.046296296296296294
0 0.3419270833333333 0.8064814814814815 0.0265625 0.04814814814814815
0 0.6330729166666667 0.612037037037037 0.0265625 0.04814814814814815
0 0.5174479166666667 0.549537037037037 0.025520833333333333 0.04537037037037037
0 0.3109375 0.8152777777777778 0.026041666666666668 0.049074074074074076
0 0.56484375 0.5314814814814814 0.024479166666666666 0.046296296296296294
0 0.37994791666666666 0.6625 0.025520833333333333 0.04722222222222222
0 0.5783854166666667 0.5842592592592593 0.025520833333333333 0.046296296296296294
0 0.7286458333333333 0.5513888888888889 0.029166666666666667 0.049074074074074076
0 0.559375 0.45231481481481484 0.026041666666666668 0.04722222222222222
0 0.37057291666666664 0.4726851851851852 0.024479166666666666 0.04351851851851852
0 0.40520833333333334 0.6569444444444444 0.025 0.04722222222222222
0 0.7567708333333333 0.34814814814814815 0.028125 0.04814814814814815
0 0.61796875 0.09351851851851851 0.024479166666666666 0.046296296296296294
0 0.6572916666666667 0.5763888888888888 0.027083333333333334 0.049074074074074076
0 0.5783854166666667 0.6754629629629629 0.0265625 0.049074074074074076
0 0.6036458333333333 0.6666666666666666 0.027083333333333334 0.04814814814814815
0 0.24166666666666667 0.6930555555555555 0.027083333333333334 0.04537037037037037
0 0.6934895833333333 0.6333333333333333 0.0265625 0.04814814814814815
0 0.68671875 0.06296296296296296 0.025520833333333333 0.046296296296296294
0 0.65859375 0.059722222222222225 0.025520833333333333 0.04537037037037037
0 0.3640625 0.8342592592592593 0.027083333333333334 0.05
0 0.325 0.6930555555555555 0.026041666666666668 0.04722222222222222
0 0.5231770833333333 0.3490740740740741 0.024479166666666666 0.046296296296296294
0 0.2677083333333333 0.8018518518518518 0.028125 0.04814814814814815
0 0.39166666666666666 0.6208333333333333 0.025 0.04537037037037037
0 0.39401041666666664 0.7583333333333333 0.0265625 0.04814814814814815
0 0.6013020833333333 0.3333333333333333 0.025520833333333333 0.046296296296296294
0 0.46067708333333335 0.5166666666666667 0.025520833333333333 0.046296296296296294
0 0.5544270833333333 0.1111111111111111 0.0234375 0.044444444444444446
0 0.2598958333333333 0.7597222222222222 0.027083333333333334 0.04722222222222222
0 0.18776041666666668 0.6708333333333333 0.028645833333333332 0.04722222222222222
0 0.4953125 0.5703703703703704 0.025 0.046296296296296294
0 0.5526041666666667 0.6675925925925926 0.026041666666666668 0.04814814814814815
0 0.3028645833333333 0.862037037037037 0.025520833333333333 0.04814814814814815
0 0.64921875 0.6476851851851851 0.0265625 0.04722222222222222
0 0.19505208333333332 0.175 0.025520833333333333 0.04259259259259259
0 0.28671875 0.8314814814814815 0.0265625 0.05
0 0.53671875 0.6296296296296297 0.0265625 0.04814814814814815
0 0.39375 0.8476851851851852 0.027083333333333334 0.05092592592592592
0 0.75625 0.5509259259259259 0.029166666666666667 0.05
0 0.59453125 0.712037037037037 0.027604166666666666 0.05185185185185185
0 0.32708333333333334 0.8481481481481481 0.026041666666666668 0.05
0 0.7263020833333333 0.6439814814814815 0.028645833333333332 0.049074074074074076
0 0.40859375 0.7976851851851852 0.027604166666666666 0.049074074074074076
0 0.253125 0.49722222222222223 0.027083333333333334 0.044444444444444446
0 0.7119791666666667 0.5962962962962963 0.027083333333333334 0.04814814814814815
0 0.6682291666666667 0.5217592592592593 0.027083333333333334 0.04722222222222222
0 0.35078125 0.8782407407407408 0.024479166666666666 0.04722222222222222
0 0.375 0.8810185185185185 0.026041666666666668 0.04722222222222222
0 0.3177083333333333 0.5356481481481481 0.026041666666666668 0.04537037037037037
0 0.6223958333333334 0.7421296296296296 0.027083333333333334 0.049074074074074076
0 0.44192708333333336 0.7652777777777777 0.0265625 0.049074074074074076
0 0.28984375 0.9041666666666667 0.027604166666666666 0.049074074074074076
0 0.3268229166666667 0.8935185185185185 0.0265625 0.05
0 0.7067708333333333 0.675 0.028125 0.04814814814814815
0 0.5875 0.7671296296296296 0.027083333333333334 0.05092592592592592
0 0.14036458333333332 0.5087962962962963 0.027604166666666666 0.04537037037037037
0 0.309375 0.9300925925925926 0.027083333333333334 0.049074074074074076
0 0.71796875 0.03796296296296296 0.025520833333333333 0.046296296296296294
0 0.13958333333333334 0.5703703703703704 0.028125 0.046296296296296294
0 0.33515625 0.9412037037037037 0.027604166666666666 0.05092592592592592
0 0.5815104166666667 0.8546296296296296 0.027604166666666666 0.05
0 0.29401041666666666 0.9694444444444444 0.027604166666666666 0.05