0 0.721875 0.2662037037037037 0.026041666666666668 0.04537037037037037
0 0.6815104166666667 0.575 0.024479166666666666 0.046296296296296294
0 0.44505208333333335 0.6203703703703703 0.0234375 0.04259259259259259
0 0.21432291666666667 0.2175925925925926 0.0265625 0.044444444444444446
0 0.39791666666666664 0.5736111111111111 0.025 0.04537037037037037
0 0.6692708333333334 0.6152777777777778 0.026041666666666668 0.04722222222222222
0 0.290625 0.2708333333333333 0.023958333333333335 0.041666666666666664
0 0.6559895833333333 0.575925925925926 0.0265625 0.04814814814814815
0 0.5953125 0.6013888888888889 0.026041666666666668 0.04722222222222222
0 0.18333333333333332 0.2449074074074074 0.026041666666666668 0.04537037037037037
0 0.5828125 0.19907407407407407 0.023958333333333335 0.044444444444444446
0 0.24973958333333332 0.3162037037037037 0.025520833333333333 0.04351851851851852
0 0.3106770833333333 0.24305555555555555 0.024479166666666666 0.04351851851851852
0 0.6953125 0.27314814814814814 0.025 0.044444444444444446
0 0.3893229166666667 0.5328703703703703 0.024479166666666666 0.04537037037037037
0 0.6921875 0.5078703703703704 0.026041666666666668 0.049074074074074076
0 0.2796875 0.23472222222222222 0.023958333333333335 0.04351851851851852
0 0.6052083333333333 0.5550925925925926 0.026041666666666668 0.04722222222222222
0 0.5627604166666667 0.17222222222222222 0.024479166666666666 0.044444444444444446
0 0.4153645833333333 0.3976851851851852 0.0234375 0.04351851851851852
0 0.4765625 0.5453703703703704 0.025 0.044444444444444446
0 0.3768229166666667 0.3763888888888889 0.0234375 0.04351851851851852
0 0.6778645833333333 0.1625 0.025520833333333333 0.04722222222222222
0 0.49296875 0.5819444444444445 0.025520833333333333 0.04537037037037037
0 0.7028645833333333 0.549074074074074 0.0265625 0.04814814814814815
0 0.2799479166666667 0.35 0.024479166666666666 0.044444444444444446
0 0.5091145833333334 0.55 0.024479166666666666 0.044444444444444446
0 0.67890625 0.2162037037037037 0.025520833333333333 0.04537037037037037
0 0.4609375 0.40185185185185185 0.023958333333333335 0.044444444444444446
0 0.37994791666666666 0.6027777777777777 0.025520833333333333 0.046296296296296294
0 0.37005208333333334 0.5638888888888889 0.025520833333333333 0.046296296296296294
0 0.6536458333333334 0.1310185185185185 0.025 0.04537037037037037
0 0.6671875 0.5231481481481481 0.026041666666666668 0.04814814814814815
0 0.6916666666666667 0.11342592592592593 0.025 0.04537037037037037
0 0.7072916666666667 0.1449074074074074 0.026041666666666668 0.04537037037037037
0 0.2453125 0.37777777777777777 0.026041666666666668 0.044444444444444446
0 0.44140625 0.538425925925926 0.024479166666666666 0.04537037037037037
0 0.46067708333333335 0.44305555555555554 0.024479166666666666 0.04537037037037037
0 0.42109375 0.562962962962963 0.025520833333333333 0.046296296296296294
0 0.5528645833333333 0.5398148148148149 0.024479166666666666 0.044444444444444446
0 0.5182291666666666 0.5888888888888889 0.026041666666666668 0.046296296296296294
0 0.5291666666666667 0.5254629629629629 0.025 0.04722222222222222
0 0.4705729166666667 0.6032407407407407 0.024479166666666666 0.04537037037037037
0 0.328125 0.2814814814814815 0.023958333333333335 0.044444444444444446
0 0.5958333333333333 0.24351851851851852 0.025 0.046296296296296294
0 0.33880208333333334 0.23935185185185184 0.025520833333333333 0.04537037037037037
0 0.7111979166666667 0.18564814814814815 0.0265625 0.04537037037037037
0 0.33125 0.3296296296296296 0.023958333333333335 0.044444444444444446
0 0.16588541666666667 0.27175925925925926 0.025520833333333333 0.04351851851851852
0 0.66640625 0.262037037037037 0.025520833333333333 0.046296296296296294
0 0.6302083333333334 0.562037037037037 0.026041666666666668 0.04814814814814815
0 0.36328125 0.7759259259259259 0.024479166666666666 0.046296296296296294
0 0.5421875 0.3458333333333333 0.023958333333333335 0.04537037037037037
0 0.734375 0.30787037037037035 0.027083333333333334 0.04722222222222222
0 0.5794270833333334 0.5606481481481481 0.025520833333333333 0.04722222222222222
0 0.4049479166666667 0.6370370370370371 0.024479166666666666 0.046296296296296294
0 0.7247395833333333 0.4287037037037037 0.0265625 0.04814814814814815
0 0.4515625 0.5787037037037037 0.025 0.046296296296296294
0 0.5684895833333333 0.3875 0.024479166666666666 0.04351851851851852
0 0.41171875 0.25092592592592594 0.0234375 0.04259259259259259
0 0.38333333333333336 0.3277777777777778 0.023958333333333335 0.044444444444444446
0 0.42239583333333336 0.6064814814814815 0.026041666666666668 0.046296296296296294
0 0.5494791666666666 0.49583333333333335 0.025 0.04537037037037037
0 0.221875 0.6652777777777777 0.026041666666666668 0.04537037037037037
0 0.5979166666666667 0.4949074074074074 0.026041666666666668 0.04722222222222222
0 0.2911458333333333 0.19768518518518519 0.025 0.04351851851851852
0 0.40182291666666664 0.3625 0.022395833333333334 0.04351851851851852
0 0.40989583333333335 0.5115740740740741 0.026041666666666668 0.04722222222222222
0 0.47552083333333334 0.3486111111111111 0.023958333333333335 0.04351851851851852
0 0.3966145833333333 0.2824074074074074 0.024479166666666666 0.044444444444444446
0 0.5533854166666666 0.12407407407407407 0.0234375 0.044444444444444446
0 0.51640625 0.3194444444444444 0.024479166666666666 0.044444444444444446
0 0.43828125 0.38564814814814813 0.024479166666666666 0.04722222222222222
0 0.42526041666666664 0.35138888888888886 0.024479166666666666 0.04351851851851852
0 0.18020833333333333 0.20185185185185187 0.025 0.04259259259259259
0 0.48125 0.46620370370370373 0.025 0.04537037037037037
0 0.3966145833333333 0.22037037037037038 0.024479166666666666 0.04259259259259259
0 0.4786458333333333 0.2796296296296296 0.025 0.044444444444444446
0 0.6934895833333333 0.6337962962962963 0.0265625 0.049074074074074076
0 0.40989583333333335 0.31805555555555554 0.022916666666666665 0.04351851851851852
0 0.46588541666666666 0.2449074074074074 0.0234375 0.04351851851851852
0 0.32395833333333335 0.20787037037037037 0.025 0.04351851851851852
0 0.45 0.275 0.022916666666666665 0.04259259259259259
0 0.72578125 0.3680555555555556 0.0265625 0.04722222222222222
0 0.45260416666666664 0.2013888888888889 0.023958333333333335 0.041666666666666664
0 0.66953125 0.09583333333333334 0.025520833333333333 0.04537037037037037
0 0.3494791666666667 0.29583333333333334 0.023958333333333335 0.04351851851851852
0 0.2640625 0.6638888888888889 0.026041666666666668 0.046296296296296294
0 0.3109375 0.8152777777777778 0.026041666666666668 0.049074074074074076
0 0.4609375 0.31342592592592594 0.023958333333333335 0.04351851851851852
0 0.6036458333333333 0.6523148148148148 0.027083333333333334 0.049074074074074076
0 0.7072916666666667 0.31157407407407406 0.026041666666666668 0.04537037037037037
0 0.603125 0.42824074074074076 0.026041666666666668 0.04722222222222222
0 0.3609375 0.33101851851851855 0.023958333333333335 0.04351851851851852
0 0.43203125 0.30277777777777776 0.0234375 0.044444444444444446
0 0.38567708333333334 0.4273148148148148 0.025520833333333333 0.04537037037037037
0 0.70390625 0.22870370370370371 0.0265625 0.046296296296296294
0 0.7096354166666666 0.07777777777777778 0.025520833333333333 0.046296296296296294
0 0.49635416666666665 0.17731481481481481 0.023958333333333335 0.04351851851851852
0 0.49557291666666664 0.512962962962963 0.025520833333333333 0.046296296296296294
0 0.63125 0.6111111111111112 0.027083333333333334 0.05
0 0.37395833333333334 0.29259259259259257 0.022916666666666665 0.044444444444444446
0 0.4908854166666667 0.3148148148148148 0.025520833333333333 0.044444444444444446
0 0.57578125 0.4305555555555556 0.025520833333333333 0.046296296296296294
0 0.38619791666666664 0.7851851851851852 0.025520833333333333 0.04814814814814815
0 0.19010416666666666 0.3337962962962963 0.026041666666666668 0.04351851851851852
0 0.64140625 0.09305555555555556 0.024479166666666666 0.04537037037037037
0 0.48932291666666666 0.23842592592592593 0.024479166666666666 0.04537037037037037
0 0.47630208333333335 0.2050925925925926 0.024479166666666666 0.04351851851851852
0 0.49166666666666664 0.6263888888888889 0.027083333333333334 0.04722222222222222
0 0.38177083333333334 0.2523148148148148 0.022916666666666665 0.041666666666666664
0 0.6984375 0.4356481481481482 0.027083333333333334 0.049074074074074076
0 0.43802083333333336 0.4263888888888889 0.025 0.04722222222222222
0 0.20104166666666667 0.1837962962962963 0.026041666666666668 0.04351851851851852
0 0.39088541666666665 0.18055555555555555 0.0234375 0.04259259259259259
0 0.3802083333333333 0.6476851851851851 0.025 0.04722222222222222
0 0.7354166666666667 0.4777777777777778 0.028125 0.04814814814814815
0 0.6776041666666667 0.4652777777777778 0.027083333333333334 0.049074074074074076
0 0.3846354166666667 0.487962962962963 0.025520833333333333 0.046296296296296294
0 0.7119791666666667 0.5949074074074074 0.027083333333333334 0.049074074074074076
0 0.34375 0.8064814814814815 0.026041666666666668 0.04814814814814815
0 0.64921875 0.6462962962962963 0.0265625 0.04814814814814815
0 0.5221354166666666 0.48333333333333334 0.025520833333333333 0.046296296296296294
0 0.4388020833333333 0.2361111111111111 0.0234375 0.044444444444444446
0 0.4276041666666667 0.6527777777777778 0.025 0.046296296296296294
0 0.29375 0.65 0.026041666666666668 0.046296296296296294
0 0.45755208333333336 0.6578703703703703 0.025520833333333333 0.04537037037037037
0 0.41015625 0.787962962962963 0.025520833333333333 0.04814814814814815
0 0.3692708333333333 0.8203703703703704 0.025 0.04814814814814815
0 0.17786458333333333 0.6305555555555555 0.027604166666666666 0.046296296296296294
0 0.7575520833333333 0.39814814814814814 0.027604166666666666 0.04814814814814815
0 0.7559895833333333 0.3486111111111111 0.027604166666666666 0.04722222222222222
0 0.3026041666666667 0.862037037037037 0.026041666666666668 0.04814814814814815
0 0.24114583333333334 0.6935185185185185 0.027083333333333334 0.046296296296296294
0 0.30182291666666666 0.7615740740740741 0.0265625 0.049074074074074076
0 0.203125 0.6314814814814815 0.027083333333333334 0.046296296296296294
0 0.68671875 0.06296296296296296 0.025520833333333333 0.046296296296296294
0 0.5802083333333333 0.10138888888888889 0.025 0.04537037037037037
0 0.3263020833333333 0.8476851851851852 0.025520833333333333 0.049074074074074076
0 0.3229166666666667 0.6277777777777778 0.026041666666666668 0.046296296296296294
0 0.5924479166666666 0.7078703703703704 0.027604166666666666 0.05092592592592592
0 0.5744791666666667 0.674074074074074 0.027083333333333334 0.04814814814814815
0 0.28671875 0.8310185185185185 0.0265625 0.05092592592592592
0 0.26796875 0.8018518518518518 0.027604166666666666 0.04814814814814815
0 0.6583333333333333 0.05925925925925926 0.026041666666666668 0.044444444444444446
0 0.25078125 0.18518518518518517 0.025520833333333333 0.044444444444444446
0 0.5322916666666667 0.16064814814814815 0.023958333333333335 0.04537037037037037
0 0.259375 0.7592592592592593 0.027083333333333334 0.04814814814814815
0 0.32447916666666665 0.6935185185185185 0.026041666666666668 0.04814814814814815
0 0.32473958333333336 0.7768518518518519 0.0265625 0.05
0 0.7263020833333333 0.6444444444444445 0.028645833333333332 0.05
0 0.75625 0.5513888888888889 0.029166666666666667 0.05092592592592592
0 0.1875 0.6708333333333333 0.028125 0.04722222222222222
0 0.3572916666666667 0.6287037037037037 0.026041666666666668 0.046296296296296294
0 0.62265625 0.7425925925925926 0.027604166666666666 0.05
0 0.35078125 0.8518518518518519 0.0265625 0.05
0 0.22604166666666667 0.43796296296296294 0.026041666666666668 0.044444444444444446
0 0.5875 0.7666666666666667 0.027083333333333334 0.05
0 0.28932291666666665 0.9041666666666667 0.027604166666666666 0.049074074074074076
0 0.13880208333333333 0.5699074074074074 0.027604166666666666 0.04537037037037037
0 0.37421875 0.8648148148148148 0.0265625 0.05
0 0.32890625 0.8935185185185185 0.0265625 0.05
0 0.7286458333333333 0.5523148148148148 0.028125 0.049074074074074076
0 0.13984375 0.5083333333333333 0.0265625 0.044444444444444446
0 0.39296875 0.8305555555555556 0.0265625 0.05
0 0.7182291666666667 0.03796296296296296 0.026041666666666668 0.046296296296296294
0 0.434375 0.7967592592592593 0.026041666666666668 0.05092592592592592
0 0.30885416666666665 0.9291666666666667 0.025 0.04722222222222222
0 0.70625 0.6754629629629629 0.028125 0.049074074074074076
0 0.334375 0.9421296296296297 0.027083333333333334 0.05092592592592592
0 0.5807291666666666 0.8532407407407407 0.028125 0.05092592592592592
0 0.2942708333333333 0.9694444444444444 0.027083333333333334 0.05