0 0.20911458333333333 0.3625 0.024479166666666666 0.04351851851851852
0 0.5270833333333333 0.2967592592592593 0.025 0.04537037037037037
0 0.48151041666666666 0.4148148148148148 0.025520833333333333 0.046296296296296294
0 0.53359375 0.24768518518518517 0.024479166666666666 0.04537037037037037
0 0.22265625 0.30277777777777776 0.025520833333333333 0.044444444444444446
0 0.56484375 0.25601851851851853 0.024479166666666666 0.04537037037037037
0 0.6690104166666667 0.4625 0.0265625 0.04722222222222222
0 0.46145833333333336 0.24074074074074073 0.025 0.044444444444444446
0 0.5549479166666667 0.21157407407407408 0.0234375 0.04351851851851852
0 0.7096354166666666 0.15462962962962962 0.025520833333333333 0.046296296296296294
0 0.7236979166666667 0.6046296296296296 0.027604166666666666 0.04814814814814815
0 0.190625 0.3351851851851852 0.025 0.044444444444444446
0 0.23333333333333334 0.35509259259259257 0.025 0.04537037037037037
0 0.5153645833333333 0.4949074074074074 0.024479166666666666 0.04537037037037037
0 0.6783854166666666 0.5171296296296296 0.0265625 0.04722222222222222
0 0.5830729166666667 0.21898148148148147 0.024479166666666666 0.04351851851851852
0 0.28359375 0.5222222222222223 0.024479166666666666 0.044444444444444446
0 0.18359375 0.24768518518518517 0.025520833333333333 0.04351851851851852
0 0.34817708333333336 0.3972222222222222 0.0234375 0.04259259259259259
0 0.5557291666666667 0.4986111111111111 0.023958333333333335 0.04351851851851852
0 0.6036458333333333 0.24305555555555555 0.026041666666666668 0.04722222222222222
0 0.34921875 0.5875 0.025520833333333333 0.04537037037037037
0 0.7005208333333334 0.5430555555555555 0.027083333333333334 0.04722222222222222
0 0.64921875 0.6060185185185185 0.0265625 0.04722222222222222
0 0.3578125 0.43472222222222223 0.026041666666666668 0.04537037037037037
0 0.17213541666666668 0.4930555555555556 0.024479166666666666 0.04537037037037037
0 0.20260416666666667 0.41898148148148145 0.026041666666666668 0.04537037037037037
0 0.4861979166666667 0.22453703703703703 0.0234375 0.04351851851851852
0 0.19557291666666668 0.4837962962962963 0.024479166666666666 0.04351851851851852
0 0.21692708333333333 0.4583333333333333 0.0265625 0.046296296296296294
0 0.62421875 0.5703703703703704 0.025520833333333333 0.046296296296296294
0 0.74765625 0.46805555555555556 0.027604166666666666 0.04722222222222222
0 0.7346354166666667 0.22083333333333333 0.027604166666666666 0.04537037037037037
0 0.16640625 0.274537037037037 0.025520833333333333 0.04351851851851852
0 0.3177083333333333 0.5342592592592592 0.023958333333333335 0.04259259259259259
0 0.7041666666666667 0.48657407407407405 0.027083333333333334 0.049074074074074076
0 0.21328125 0.2652777777777778 0.025520833333333333 0.04351851851851852
0 0.48671875 0.35138888888888886 0.024479166666666666 0.04537037037037037
0 0.325 0.575925925925926 0.025 0.046296296296296294
0 0.3419270833333333 0.5083333333333333 0.025520833333333333 0.046296296296296294
0 0.37005208333333334 0.4777777777777778 0.025520833333333333 0.046296296296296294
0 0.38333333333333336 0.35648148148148145 0.025 0.044444444444444446
0 0.33098958333333334 0.3060185185185185 0.024479166666666666 0.04537037037037037
0 0.23671875 0.5152777777777777 0.025520833333333333 0.04351851851851852
0 0.34817708333333336 0.2013888888888889 0.0234375 0.04351851851851852
0 0.4861979166666667 0.6032407407407407 0.025520833333333333 0.04722222222222222
0 0.39947916666666666 0.7388888888888889 0.026041666666666668 0.04814814814814815
0 0.371875 0.5625 0.026041666666666668 0.04722222222222222
0 0.325 0.3912037037037037 0.023958333333333335 0.04351851851851852
0 0.29010416666666666 0.44583333333333336 0.025 0.04537037037037037
0 0.16328125 0.5407407407407407 0.025520833333333333 0.044444444444444446
0 0.3046875 0.5 0.023958333333333335 0.044444444444444446
0 0.42526041666666664 0.28055555555555556 0.025520833333333333 0.044444444444444446
0 0.3098958333333333 0.23333333333333334 0.025 0.044444444444444446
0 0.290625 0.6805555555555556 0.026041666666666668 0.04814814814814815
0 0.6578125 0.5435185185185185 0.027083333333333334 0.04814814814814815
0 0.7309895833333333 0.1763888888888889 0.0265625 0.04537037037037037
0 0.340625 0.35 0.023958333333333335 0.04259259259259259
0 0.40520833333333334 0.3384259259259259 0.025 0.04537037037037037
0 0.55625 0.42685185185185187 0.025 0.046296296296296294
0 0.6755208333333333 0.6277777777777778 0.027083333333333334 0.04814814814814815
0 0.29635416666666664 0.6310185185185185 0.026041666666666668 0.04722222222222222
0 0.5104166666666666 0.6185185185185185 0.025 0.046296296296296294
0 0.7692708333333333 0.4375 0.028125 0.04722222222222222
0 0.6979166666666666 0.5907407407407408 0.027083333333333334 0.04814814814814815
0 0.4015625 0.2912037037037037 0.023958333333333335 0.04351851851851852
0 0.3723958333333333 0.6736111111111112 0.026041666666666668 0.04537037037037037
0 0.5955729166666667 0.5791666666666667 0.025520833333333333 0.04722222222222222
0 0.6244791666666667 0.6560185185185186 0.026041666666666668 0.04722222222222222
0 0.375 0.2162037037037037 0.022916666666666665 0.04351851851851852
0 0.39296875 0.6958333333333333 0.025520833333333333 0.04537037037037037
0 0.6716145833333333 0.5828703703703704 0.027604166666666666 0.049074074074074076
0 0.1890625 0.5268518518518519 0.027083333333333334 0.046296296296296294
0 0.2484375 0.5523148148148148 0.026041666666666668 0.04537037037037037
0 0.3098958333333333 0.362962962962963 0.025 0.044444444444444446
0 0.5065104166666666 0.4111111111111111 0.024479166666666666 0.046296296296296294
0 0.47109375 0.18888888888888888 0.0234375 0.04259259259259259
0 0.47291666666666665 0.6972222222222222 0.026041666666666668 0.04814814814814815
0 0.41015625 0.663425925925926 0.024479166666666666 0.04537037037037037
0 0.20416666666666666 0.2263888888888889 0.025 0.041666666666666664
0 0.5484375 0.17083333333333334 0.025 0.04351851851851852
0 0.384375 0.17777777777777778 0.023958333333333335 0.04259259259259259
0 0.21953125 0.19583333333333333 0.025520833333333333 0.04351851851851852
0 0.5440104166666667 0.6773148148148148 0.0265625 0.04722222222222222
0 0.5505208333333333 0.37083333333333335 0.026041666666666668 0.04537037037037037
0 0.325 0.47314814814814815 0.025 0.044444444444444446
0 0.16432291666666668 0.44166666666666665 0.0265625 0.044444444444444446
0 0.4283854166666667 0.6893518518518519 0.024479166666666666 0.04537037037037037
0 0.73203125 0.06759259259259259 0.025520833333333333 0.044444444444444446
0 0.71796875 0.1037037037037037 0.0265625 0.046296296296296294
0 0.36640625 0.6300925925925925 0.0265625 0.04722222222222222
0 0.5216145833333333 0.5773148148148148 0.025520833333333333 0.04722222222222222
0 0.3229166666666667 0.2689814814814815 0.023958333333333335 0.04351851851851852
0 0.53828125 0.47129629629629627 0.025520833333333333 0.044444444444444446
0 0.35963541666666665 0.32592592592592595 0.0234375 0.04259259259259259
0 0.17994791666666668 0.20694444444444443 0.024479166666666666 0.041666666666666664
0 0.4239583333333333 0.22037037037037038 0.023958333333333335 0.044444444444444446
0 0.70078125 0.6425925925925926 0.027604166666666666 0.04814814814814815
0 0.3854166666666667 0.2625 0.023958333333333335 0.04351851851851852
0 0.30390625 0.8629629629629629 0.025520833333333333 0.04814814814814815
0 0.6153645833333333 0.612037037037037 0.0265625 0.04814814814814815
0 0.3924479166666667 0.6342592592592593 0.025520833333333333 0.046296296296296294
0 0.6669270833333333 0.4023148148148148 0.0265625 0.04537037037037037
0 0.30703125 0.19212962962962962 0.024479166666666666 0.04351851851851852
0 0.5911458333333334 0.6236111111111111 0.026041666666666668 0.04722222222222222
0 0.5369791666666667 0.6310185185185185 0.026041666666666668 0.04722222222222222
0 0.39791666666666664 0.2111111111111111 0.023958333333333335 0.044444444444444446
0 0.6505208333333333 0.6518518518518519 0.026041666666666668 0.04814814814814815
0 0.4200520833333333 0.7810185185185186 0.025520833333333333 0.049074074074074076
0 0.6190104166666667 0.5171296296296296 0.0265625 0.04722222222222222
0 0.5328125 0.7175925925925926 0.027083333333333334 0.04814814814814815
0 0.5682291666666667 0.5925925925925926 0.025 0.046296296296296294
0 0.52734375 0.3907407407407407 0.0234375 0.04259259259259259
0 0.3572916666666667 0.2462962962962963 0.023958333333333335 0.04259259259259259
0 0.59296875 0.5185185185185185 0.025520833333333333 0.046296296296296294
0 0.40911458333333334 0.2523148148148148 0.0234375 0.04351851851851852
0 0.60078125 0.6736111111111112 0.025520833333333333 0.04722222222222222
0 0.30234375 0.7611111111111111 0.0265625 0.04814814814814815
0 0.53046875 0.43148148148148147 0.024479166666666666 0.044444444444444446
0 0.5466145833333333 0.5717592592592593 0.025520833333333333 0.04722222222222222
0 0.421875 0.17916666666666667 0.023958333333333335 0.04351851851851852
0 0.42526041666666664 0.7333333333333333 0.025520833333333333 0.04814814814814815
0 0.7614583333333333 0.3787037037037037 0.028125 0.04814814814814815
0 0.3109375 0.8152777777777778 0.027083333333333334 0.049074074074074076
0 0.48932291666666666 0.1449074074074074 0.024479166666666666 0.04537037037037037
0 0.56953125 0.6796296296296296 0.025520833333333333 0.04814814814814815
0 0.2872395833333333 0.8314814814814815 0.0265625 0.05
0 0.51640625 0.2 0.0234375 0.04259259259259259
0 0.5627604166666667 0.6365740740740741 0.025520833333333333 0.04722222222222222
0 0.5393229166666667 0.5305555555555556 0.025520833333333333 0.046296296296296294
0 0.6864583333333333 0.11666666666666667 0.026041666666666668 0.046296296296296294
0 0.7283854166666667 0.5569444444444445 0.027604166666666666 0.049074074074074076
0 0.45208333333333334 0.674074074074074 0.025 0.046296296296296294
0 0.575 0.55 0.026041666666666668 0.046296296296296294
0 0.4953125 0.1865740740740741 0.023958333333333335 0.04351851851851852
0 0.36666666666666664 0.8180555555555555 0.026041666666666668 0.049074074074074076
0 0.45078125 0.16805555555555557 0.0234375 0.04351851851851852
0 0.43125 0.1398148148148148 0.023958333333333335 0.044444444444444446
0 0.5106770833333333 0.3625 0.024479166666666666 0.04537037037037037
0 0.13880208333333333 0.5388888888888889 0.0265625 0.046296296296296294
0 0.38203125 0.3148148148148148 0.024479166666666666 0.044444444444444446
0 0.4393229166666667 0.8078703703703703 0.0265625 0.05092592592592592
0 0.25885416666666666 0.3236111111111111 0.026041666666666668 0.04351851851851852
0 0.7278645833333334 0.6527777777777778 0.028645833333333332 0.05
0 0.4630208333333333 0.1310185185185185 0.023958333333333335 0.04537037037037037
0 0.36640625 0.28564814814814815 0.024479166666666666 0.04351851851851852
0 0.4705729166666667 0.8064814814814815 0.027604166666666666 0.05
0 0.4661458333333333 0.47685185185185186 0.026041666666666668 0.046296296296296294
0 0.2903645833333333 0.9041666666666667 0.0265625 0.049074074074074076
0 0.7565104166666666 0.5546296296296296 0.028645833333333332 0.05
0 0.446875 0.2101851851851852 0.023958333333333335 0.044444444444444446
0 0.35442708333333334 0.16018518518518518 0.025520833333333333 0.046296296296296294
0 0.38125 0.8541666666666666 0.026041666666666668 0.05092592592592592
0 0.19453125 0.17777777777777778 0.024479166666666666 0.04259259259259259
0 0.40625 0.8476851851851852 0.026041666666666668 0.049074074074074076
0 0.32578125 0.6972222222222222 0.0265625 0.04814814814814815
0 0.7122395833333334 0.6884259259259259 0.028645833333333332 0.049074074074074076
0 0.32760416666666664 0.8458333333333333 0.026041666666666668 0.049074074074074076
0 0.58125 0.8587962962962963 0.028125 0.05092592592592592
0 0.37083333333333335 0.9106481481481481 0.027083333333333334 0.05092592592592592
0 0.35182291666666665 0.8763888888888889 0.0265625 0.05092592592592592
0 0.690625 0.2638888888888889 0.026041666666666668 0.046296296296296294
0 0.7200520833333334 0.03287037037037037 0.025520833333333333 0.04537037037037037
0 0.5166666666666667 0.8319444444444445 0.028125 0.05092592592592592
0 0.32734375 0.8925925925925926 0.0265625 0.05
0 0.69453125 0.03287037037037037 0.025520833333333333 0.04537037037037037
0 0.3098958333333333 0.9310185185185185 0.026041666666666668 0.049074074074074076
0 0.7903645833333334 0.3425925925925926 0.028645833333333332 0.04814814814814815
0 0.3359375 0.9398148148148148 0.027083333333333334 0.05185185185185185
0 0.4317708333333333 0.9004629629629629 0.027083333333333334 0.05092592592592592
0 0.5619791666666667 0.8944444444444445 0.028125 0.05185185185185185
0 0.2953125 0.9689814814814814 0.027083333333333334 0.049074074074074076