0 0.7247395833333333 0.6032407407407407 0.0265625 0.049074074074074076
0 0.20911458333333333 0.3625 0.024479166666666666 0.04351851851851852
0 0.6252604166666667 0.6546296296296297 0.025520833333333333 0.046296296296296294
0 0.67890625 0.5171296296296296 0.0265625 0.04722222222222222
0 0.22265625 0.30277777777777776 0.025520833333333333 0.044444444444444446
0 0.7096354166666666 0.1550925925925926 0.025520833333333333 0.04537037037037037
0 0.3375 0.44305555555555554 0.025 0.04537037037037037
0 0.55625 0.4981481481481482 0.023958333333333335 0.044444444444444446
0 0.7018229166666666 0.5421296296296296 0.0265625 0.04722222222222222
0 0.62421875 0.5699074074074074 0.025520833333333333 0.04537037037037037
0 0.6692708333333334 0.462037037037037 0.026041666666666668 0.046296296296296294
0 0.46041666666666664 0.5564814814814815 0.023958333333333335 0.044444444444444446
0 0.31692708333333336 0.42083333333333334 0.024479166666666666 0.04351851851851852
0 0.6765625 0.6268518518518519 0.027083333333333334 0.04814814814814815
0 0.5958333333333333 0.5787037037037037 0.025 0.046296296296296294
0 0.5921875 0.6231481481481481 0.026041666666666668 0.046296296296296294
0 0.5671875 0.6416666666666667 0.025 0.044444444444444446
0 0.190625 0.3351851851851852 0.025 0.044444444444444446
0 0.5416666666666666 0.6421296296296296 0.026041666666666668 0.04722222222222222
0 0.19583333333333333 0.4842592592592593 0.025 0.04259259259259259
0 0.40677083333333336 0.6587962962962963 0.025 0.04537037037037037
0 0.6716145833333333 0.5824074074074074 0.027604166666666666 0.04814814814814815
0 0.43776041666666665 0.6430555555555556 0.025520833333333333 0.04537037037037037
0 0.44453125 0.4703703703703704 0.0234375 0.04259259259259259
0 0.48776041666666664 0.5013888888888889 0.024479166666666666 0.04351851851851852
0 0.46145833333333336 0.6518518518518519 0.026041666666666668 0.04814814814814815
0 0.74765625 0.46805555555555556 0.027604166666666666 0.04722222222222222
0 0.18411458333333333 0.24768518518518517 0.025520833333333333 0.04351851851851852
0 0.20286458333333332 0.41944444444444445 0.0265625 0.044444444444444446
0 0.17239583333333333 0.4935185185185185 0.025 0.044444444444444446
0 0.23671875 0.5152777777777777 0.025520833333333333 0.04351851851851852
0 0.6494791666666667 0.6055555555555555 0.027083333333333334 0.04814814814814815
0 0.7018229166666666 0.6425925925925926 0.027604166666666666 0.04814814814814815
0 0.21692708333333333 0.4587962962962963 0.0265625 0.04537037037037037
0 0.3984375 0.3972222222222222 0.023958333333333335 0.044444444444444446
0 0.3807291666666667 0.663425925925926 0.026041666666666668 0.04722222222222222
0 0.6994791666666667 0.5898148148148148 0.027083333333333334 0.04814814814814815
0 0.6510416666666666 0.6523148148148148 0.026041666666666668 0.04722222222222222
0 0.23333333333333334 0.3560185185185185 0.025 0.04537037037037037
0 0.48385416666666664 0.5763888888888888 0.025 0.04537037037037037
0 0.403125 0.48194444444444445 0.023958333333333335 0.04537037037037037
0 0.21380208333333334 0.2652777777777778 0.025520833333333333 0.04351851851851852
0 0.465625 0.6083333333333333 0.026041666666666668 0.046296296296296294
0 0.5895833333333333 0.7671296296296296 0.027083333333333334 0.049074074074074076
0 0.5934895833333333 0.5222222222222223 0.0265625 0.046296296296296294
0 0.7046875 0.48703703703703705 0.027083333333333334 0.04814814814814815
0 0.6578125 0.5435185185185185 0.027083333333333334 0.04814814814814815
0 0.16692708333333334 0.2740740740740741 0.025520833333333333 0.044444444444444446
0 0.37552083333333336 0.22592592592592592 0.022916666666666665 0.04259259259259259
0 0.3796875 0.45925925925925926 0.025 0.046296296296296294
0 0.73203125 0.06759259259259259 0.025520833333333333 0.044444444444444446
0 0.5927083333333333 0.7217592592592592 0.025 0.04722222222222222
0 0.16328125 0.5407407407407407 0.025520833333333333 0.044444444444444446
0 0.5088541666666667 0.4203703703703704 0.023958333333333335 0.04259259259259259
0 0.56328125 0.5990740740740741 0.025520833333333333 0.046296296296296294
0 0.5119791666666667 0.5074074074074074 0.023958333333333335 0.044444444444444446
0 0.7302083333333333 0.5555555555555556 0.028125 0.05
0 0.44192708333333336 0.687037037037037 0.025520833333333333 0.046296296296296294
0 0.41875 0.6995370370370371 0.025 0.04722222222222222
0 0.49895833333333334 0.2962962962962963 0.023958333333333335 0.044444444444444446
0 0.34817708333333336 0.3768518518518518 0.024479166666666666 0.044444444444444446
0 0.30416666666666664 0.8629629629629629 0.025 0.04814814814814815
0 0.5372395833333333 0.5995370370370371 0.025520833333333333 0.04537037037037037
0 0.40338541666666666 0.20416666666666666 0.0234375 0.04351851851851852
0 0.49505208333333334 0.6152777777777778 0.025520833333333333 0.04537037037037037
0 0.4609375 0.16203703703703703 0.023958333333333335 0.044444444444444446
0 0.5013020833333334 0.5458333333333333 0.0234375 0.04351851851851852
0 0.16432291666666668 0.44212962962962965 0.0265625 0.04537037037037037
0 0.4276041666666667 0.5023148148148148 0.025 0.04537037037037037
0 0.20416666666666666 0.22685185185185186 0.025 0.04259259259259259
0 0.18932291666666667 0.5268518518518519 0.0265625 0.046296296296296294
0 0.7315104166666667 0.1763888888888889 0.0265625 0.04722222222222222
0 0.7703125 0.43703703703703706 0.028125 0.04814814814814815
0 0.72890625 0.6509259259259259 0.028645833333333332 0.05
0 0.44895833333333335 0.20324074074074075 0.023958333333333335 0.04351851851851852
0 0.60234375 0.6759259259259259 0.0265625 0.04814814814814815
0 0.61640625 0.611574074074074 0.0265625 0.04722222222222222
0 0.7619791666666667 0.3773148148148148 0.027083333333333334 0.04722222222222222
0 0.7190104166666667 0.10462962962962963 0.0265625 0.046296296296296294
0 0.38125 0.32731481481481484 0.025 0.04351851851851852
0 0.31145833333333334 0.8157407407407408 0.027083333333333334 0.05
0 0.39479166666666665 0.6199074074074075 0.026041666666666668 0.04537037037037037
0 0.18020833333333333 0.2074074074074074 0.025 0.04259259259259259
0 0.5364583333333334 0.525 0.025 0.044444444444444446
0 0.5255208333333333 0.24861111111111112 0.023958333333333335 0.04351851851851852
0 0.39921875 0.2949074074074074 0.0234375 0.04351851851851852
0 0.5510416666666667 0.6847222222222222 0.027083333333333334 0.049074074074074076
0 0.5515625 0.5597222222222222 0.026041666666666668 0.04722222222222222
0 0.4557291666666667 0.5078703703703704 0.025 0.04537037037037037
0 0.6671875 0.4023148148148148 0.026041666666666668 0.04537037037037037
0 0.38697916666666665 0.26157407407407407 0.023958333333333335 0.04351851851851852
0 0.32786458333333335 0.8467592592592592 0.0265625 0.049074074074074076
0 0.42604166666666665 0.2152777777777778 0.023958333333333335 0.04351851851851852
0 0.21953125 0.19583333333333333 0.025520833333333333 0.04351851851851852
0 0.2875 0.8319444444444445 0.026041666666666668 0.049074074074074076
0 0.5765625 0.6856481481481481 0.027083333333333334 0.049074074074074076
0 0.39765625 0.35555555555555557 0.024479166666666666 0.044444444444444446
0 0.4981770833333333 0.18611111111111112 0.0234375 0.04259259259259259
0 0.4005208333333333 0.43796296296296294 0.023958333333333335 0.044444444444444446
0 0.53046875 0.39490740740740743 0.025520833333333333 0.04351851851851852
0 0.41354166666666664 0.32546296296296295 0.023958333333333335 0.04351851851851852
0 0.7356770833333334 0.22037037037037038 0.027604166666666666 0.046296296296296294
0 0.5239583333333333 0.562962962962963 0.025 0.044444444444444446
0 0.5622395833333333 0.23194444444444445 0.025520833333333333 0.04537037037037037
0 0.5755208333333334 0.5532407407407407 0.026041666666666668 0.04722222222222222
0 0.47552083333333334 0.19675925925925927 0.023958333333333335 0.04351851851851852
0 0.25885416666666666 0.32407407407407407 0.026041666666666668 0.044444444444444446
0 0.68671875 0.11666666666666667 0.025520833333333333 0.046296296296296294
0 0.7575520833333333 0.5532407407407407 0.028645833333333332 0.05092592592592592
0 0.5338541666666666 0.4810185185185185 0.026041666666666668 0.04537037037037037
0 0.46953125 0.4675925925925926 0.024479166666666666 0.04259259259259259
0 0.5489583333333333 0.787962962962963 0.027083333333333334 0.05
0 0.36744791666666665 0.8189814814814815 0.0265625 0.049074074074074076
0 0.24869791666666666 0.5527777777777778 0.025520833333333333 0.044444444444444446
0 0.4361979166666667 0.14814814814814814 0.024479166666666666 0.044444444444444446
0 0.61875 0.5162037037037037 0.026041666666666668 0.04722222222222222
0 0.55 0.37222222222222223 0.025 0.044444444444444446
0 0.55703125 0.4273148148148148 0.025520833333333333 0.04537037037037037
0 0.13880208333333333 0.538425925925926 0.0265625 0.04537037037037037
0 0.5236979166666667 0.2902777777777778 0.024479166666666666 0.04537037037037037
0 0.35208333333333336 0.20925925925925926 0.025 0.044444444444444446
0 0.46484375 0.4162037037037037 0.024479166666666666 0.04537037037037037
0 0.35208333333333336 0.8768518518518519 0.027083333333333334 0.05
0 0.5315104166666667 0.3453703703703704 0.024479166666666666 0.044444444444444446
0 0.38177083333333334 0.8546296296296296 0.026041666666666668 0.04814814814814815
0 0.5088541666666667 0.37546296296296294 0.023958333333333335 0.04537037037037037
0 0.5502604166666667 0.17546296296296296 0.024479166666666666 0.04351851851851852
0 0.4421875 0.4287037037037037 0.025 0.046296296296296294
0 0.41015625 0.25833333333333336 0.024479166666666666 0.044444444444444446
0 0.53359375 0.43796296296296294 0.025520833333333333 0.044444444444444446
0 0.48880208333333336 0.39675925925925926 0.024479166666666666 0.04537037037037037
0 0.45208333333333334 0.24166666666666667 0.023958333333333335 0.044444444444444446
0 0.5739583333333333 0.8050925925925926 0.027083333333333334 0.05092592592592592
0 0.5080729166666667 0.4625 0.025520833333333333 0.04537037037037037
0 0.2903645833333333 0.9050925925925926 0.0265625 0.049074074074074076
0 0.6234375 0.7412037037037037 0.027083333333333334 0.049074074074074076
0 0.43307291666666664 0.2671296296296296 0.0234375 0.04537037037037037
0 0.5231770833333333 0.787962962962963 0.027604166666666666 0.05185185185185185
0 0.5091145833333334 0.22083333333333333 0.024479166666666666 0.04351851851851852
0 0.46927083333333336 0.33240740740740743 0.023958333333333335 0.044444444444444446
0 0.48984375 0.14583333333333334 0.024479166666666666 0.04537037037037037
0 0.19505208333333332 0.17824074074074073 0.024479166666666666 0.04351851851851852
0 0.42109375 0.4097222222222222 0.024479166666666666 0.04537037037037037
0 0.475 0.2375 0.023958333333333335 0.04537037037037037
0 0.44114583333333335 0.38657407407407407 0.023958333333333335 0.04537037037037037
0 0.4484375 0.3449074074074074 0.023958333333333335 0.04351851851851852
0 0.4361979166666667 0.3111111111111111 0.024479166666666666 0.046296296296296294
0 0.46432291666666664 0.37546296296296294 0.024479166666666666 0.04537037037037037
0 0.32760416666666664 0.8935185185185185 0.027083333333333334 0.05
0 0.3028645833333333 0.7611111111111111 0.0265625 0.04814814814814815
0 0.49583333333333335 0.2564814814814815 0.025 0.044444444444444446
0 0.42239583333333336 0.3625 0.025 0.04537037037037037
0 0.7130208333333333 0.687037037037037 0.029166666666666667 0.05
0 0.45364583333333336 0.28425925925925927 0.023958333333333335 0.044444444444444446
0 0.7197916666666667 0.033796296296296297 0.025 0.04537037037037037
0 0.40729166666666666 0.8486111111111111 0.027083333333333334 0.049074074074074076
0 0.4765625 0.2912037037037037 0.023958333333333335 0.04537037037037037
0 0.3143229166666667 0.2351851851851852 0.025520833333333333 0.044444444444444446
0 0.37057291666666664 0.9111111111111111 0.027604166666666666 0.05
0 0.690625 0.2638888888888889 0.026041666666666668 0.046296296296296294
0 0.6950520833333333 0.03333333333333333 0.024479166666666666 0.044444444444444446
0 0.5091145833333334 0.3347222222222222 0.024479166666666666 0.04537037037037037
0 0.48828125 0.35694444444444445 0.024479166666666666 0.04722222222222222
0 0.42239583333333336 0.45555555555555555 0.023958333333333335 0.046296296296296294
0 0.7908854166666667 0.34120370370370373 0.028645833333333332 0.04722222222222222
0 0.4239583333333333 0.775 0.028125 0.05185185185185185
0 0.33619791666666665 0.9407407407407408 0.0265625 0.05185185185185185
0 0.5822916666666667 0.8532407407407407 0.028125 0.05092592592592592
0 0.30963541666666666 0.9314814814814815 0.0265625 0.05
0 0.3255208333333333 0.6976851851851852 0.027083333333333334 0.04722222222222222
0 0.2953125 0.9699074074074074 0.027083333333333334 0.049074074074074076
0 0.4879375 0.4413888888888889 0.025343749999999998 0.045703703703703705