0 0.3098958333333333 0.2675925925925926 0.025 0.044444444444444446
0 0.22265625 0.300462962962963 0.024479166666666666 0.041666666666666664
0 0.5265625 0.1884259259259259 0.023958333333333335 0.04351851851851852
0 0.6692708333333334 0.48703703703703705 0.026041666666666668 0.046296296296296294
0 0.33984375 0.22268518518518518 0.024479166666666666 0.04351851851851852
0 0.6552083333333333 0.449537037037037 0.026041666666666668 0.04537037037037037
0 0.32135416666666666 0.5333333333333333 0.025 0.044444444444444446
0 0.6598958333333333 0.5939814814814814 0.026041666666666668 0.04722222222222222
0 0.3375 0.2689814814814815 0.022916666666666665 0.04351851851851852
0 0.2947916666666667 0.5569444444444445 0.025 0.04537037037037037
0 0.69453125 0.4777777777777778 0.025520833333333333 0.046296296296296294
0 0.63125 0.28379629629629627 0.025 0.04537037037037037
0 0.49375 0.17453703703703705 0.023958333333333335 0.04351851851851852
0 0.359375 0.6439814814814815 0.025 0.04537037037037037
0 0.67890625 0.6268518518518519 0.0265625 0.04814814814814815
0 0.31302083333333336 0.7189814814814814 0.025 0.04537037037037037
0 0.54140625 0.6018518518518519 0.024479166666666666 0.044444444444444446
0 0.5361979166666667 0.3972222222222222 0.024479166666666666 0.044444444444444446
0 0.425 0.2986111111111111 0.023958333333333335 0.04351851851851852
0 0.7080729166666667 0.15462962962962962 0.025520833333333333 0.044444444444444446
0 0.3611979166666667 0.26666666666666666 0.024479166666666666 0.04259259259259259
0 0.35703125 0.5949074074074074 0.024479166666666666 0.04351851851851852
0 0.44036458333333334 0.2537037037037037 0.022395833333333334 0.04259259259259259
0 0.27317708333333335 0.5777777777777777 0.0265625 0.046296296296296294
0 0.6140625 0.2518518518518518 0.025 0.044444444444444446
0 0.7033854166666667 0.6467592592592593 0.0265625 0.04722222222222222
0 0.5348958333333333 0.32592592592592595 0.025 0.04259259259259259
0 0.746875 0.4671296296296296 0.027083333333333334 0.04722222222222222
0 0.46145833333333336 0.6050925925925926 0.025 0.04537037037037037
0 0.6330729166666667 0.5962962962962963 0.0265625 0.04814814814814815
0 0.29010416666666666 0.6069444444444444 0.023958333333333335 0.04537037037037037
0 0.7302083333333333 0.17546296296296296 0.026041666666666668 0.04537037037037037
0 0.49244791666666665 0.24166666666666667 0.024479166666666666 0.044444444444444446
0 0.4549479166666667 0.22037037037037038 0.0234375 0.044444444444444446
0 0.74375 0.549074074074074 0.028125 0.04814814814814815
0 0.3776041666666667 0.5115740740740741 0.023958333333333335 0.04351851851851852
0 0.5510416666666667 0.5217592592592593 0.026041666666666668 0.04537037037037037
0 0.478125 0.21157407407407408 0.023958333333333335 0.04351851851851852
0 0.7041666666666667 0.5203703703703704 0.027083333333333334 0.04814814814814815
0 0.203125 0.22777777777777777 0.023958333333333335 0.04259259259259259
0 0.45416666666666666 0.17916666666666667 0.023958333333333335 0.04351851851851852
0 0.5203125 0.1425925925925926 0.025 0.044444444444444446
0 0.42604166666666665 0.2162037037037037 0.023958333333333335 0.04351851851851852
0 0.21328125 0.26481481481481484 0.025520833333333333 0.04259259259259259
0 0.61796875 0.5587962962962963 0.0265625 0.04722222222222222
0 0.6515625 0.30787037037037035 0.026041666666666668 0.04537037037037037
0 0.46380208333333334 0.2574074074074074 0.024479166666666666 0.044444444444444446
0 0.31145833333333334 0.33564814814814814 0.025 0.04537037037037037
0 0.7307291666666667 0.5083333333333333 0.027083333333333334 0.05
0 0.31744791666666666 0.5773148148148148 0.025520833333333333 0.04537037037037037
0 0.38046875 0.6157407407407407 0.024479166666666666 0.044444444444444446
0 0.3625 0.19490740740740742 0.025 0.04351851851851852
0 0.28828125 0.7694444444444445 0.024479166666666666 0.046296296296296294
0 0.18359375 0.25 0.024479166666666666 0.04259259259259259
0 0.18984375 0.33611111111111114 0.025520833333333333 0.044444444444444446
0 0.4036458333333333 0.3912037037037037 0.023958333333333335 0.04351851851851852
0 0.5098958333333333 0.5740740740740741 0.025 0.044444444444444446
0 0.30052083333333335 0.22962962962962963 0.023958333333333335 0.04259259259259259
0 0.31223958333333335 0.7648148148148148 0.0265625 0.046296296296296294
0 0.5979166666666667 0.6703703703703704 0.025 0.046296296296296294
0 0.5114583333333333 0.37037037037037035 0.023958333333333335 0.04259259259259259
0 0.67734375 0.3787037037037037 0.0265625 0.046296296296296294
0 0.27395833333333336 0.5347222222222222 0.025 0.04537037037037037
0 0.421875 0.2564814814814815 0.020833333333333332 0.044444444444444446
0 0.4197916666666667 0.5569444444444445 0.025 0.04537037037037037
0 0.5002604166666667 0.3226851851851852 0.0234375 0.041666666666666664
0 0.6536458333333334 0.4060185185185185 0.026041666666666668 0.04537037037037037
0 0.7190104166666667 0.45694444444444443 0.027604166666666666 0.04722222222222222
0 0.4703125 0.4152777777777778 0.023958333333333335 0.04537037037037037
0 0.22317708333333333 0.34675925925925927 0.024479166666666666 0.04351851851851852
0 0.16588541666666667 0.2763888888888889 0.024479166666666666 0.04351851851851852
0 0.44088541666666664 0.5805555555555556 0.024479166666666666 0.044444444444444446
0 0.5583333333333333 0.5680555555555555 0.025 0.04537037037037037
0 0.6848958333333334 0.43657407407407406 0.027083333333333334 0.04537037037037037
0 0.34010416666666665 0.35648148148148145 0.025 0.044444444444444446
0 0.73359375 0.22037037037037038 0.0265625 0.046296296296296294
0 0.44869791666666664 0.30277777777777776 0.024479166666666666 0.044444444444444446
0 0.52265625 0.5212962962962963 0.024479166666666666 0.046296296296296294
0 0.76875 0.4361111111111111 0.028125 0.04814814814814815
0 0.43359375 0.33796296296296297 0.024479166666666666 0.044444444444444446
0 0.38776041666666666 0.4685185185185185 0.024479166666666666 0.04259259259259259
0 0.4830729166666667 0.35648148148148145 0.024479166666666666 0.044444444444444446
0 0.3971354166666667 0.21805555555555556 0.0234375 0.04351851851851852
0 0.19817708333333334 0.48148148148148145 0.025520833333333333 0.044444444444444446
0 0.21901041666666668 0.1986111111111111 0.025520833333333333 0.04351851851851852
0 0.46197916666666666 0.37546296296296294 0.023958333333333335 0.04351851851851852
0 0.5098958333333333 0.6569444444444444 0.026041666666666668 0.04722222222222222
0 0.38177083333333334 0.663425925925926 0.026041666666666668 0.04722222222222222
0 0.3145833333333333 0.1935185185185185 0.023958333333333335 0.04259259259259259
0 0.17942708333333332 0.20972222222222223 0.024479166666666666 0.041666666666666664
0 0.4401041666666667 0.6259259259259259 0.026041666666666668 0.046296296296296294
0 0.3953125 0.538425925925926 0.025 0.04537037037037037
0 0.30807291666666664 0.8101851851851852 0.0265625 0.04814814814814815
0 0.46171875 0.5175925925925926 0.024479166666666666 0.044444444444444446
0 0.4354166666666667 0.38055555555555554 0.025 0.046296296296296294
0 0.71796875 0.5611111111111111 0.027604166666666666 0.05
0 0.33984375 0.5615740740740741 0.025520833333333333 0.04537037037037037
0 0.3765625 0.4305555555555556 0.023958333333333335 0.04259259259259259
0 0.54765625 0.3611111111111111 0.025520833333333333 0.044444444444444446
0 0.5578125 0.41759259259259257 0.025 0.046296296296296294
0 0.3380208333333333 0.6236111111111111 0.025 0.04537037037037037
0 0.5109375 0.48194444444444445 0.025 0.04537037037037037
0 0.4627604166666667 0.33425925925925926 0.024479166666666666 0.044444444444444446
0 0.4075520833333333 0.4337962962962963 0.025520833333333333 0.04537037037037037
0 0.52265625 0.4425925925925926 0.025520833333333333 0.046296296296296294
0 0.41484375 0.5138888888888888 0.024479166666666666 0.044444444444444446
0 0.5348958333333333 0.28194444444444444 0.025 0.04537037037037037
0 0.51796875 0.6148148148148148 0.025520833333333333 0.046296296296296294
0 0.64296875 0.5388888888888889 0.0265625 0.04814814814814815
0 0.4953125 0.4486111111111111 0.025 0.04537037037037037
0 0.3151041666666667 0.6402777777777777 0.025 0.04537037037037037
0 0.5651041666666666 0.6134259259259259 0.025 0.04537037037037037
0 0.4080729166666667 0.3449074074074074 0.024479166666666666 0.04351851851851852
0 0.30026041666666664 0.5055555555555555 0.0265625 0.046296296296296294
0 0.2786458333333333 0.32685185185185184 0.023958333333333335 0.04259259259259259
0 0.3703125 0.5555555555555556 0.025 0.044444444444444446
0 0.73125 0.06712962962962964 0.026041666666666668 0.04537037037037037
0 0.49244791666666665 0.5444444444444444 0.024479166666666666 0.044444444444444446
0 0.49661458333333336 0.12685185185185185 0.024479166666666666 0.044444444444444446
0 0.5591145833333333 0.6583333333333333 0.025520833333333333 0.046296296296296294
0 0.5924479166666666 0.23287037037037037 0.025520833333333333 0.04537037037037037
0 0.484375 0.5861111111111111 0.023958333333333335 0.044444444444444446
0 0.22994791666666667 0.512962962962963 0.0265625 0.044444444444444446
0 0.34322916666666664 0.17175925925925925 0.023958333333333335 0.04351851851851852
0 0.3971354166666667 0.5842592592592593 0.025520833333333333 0.044444444444444446
0 0.54453125 0.46620370370370373 0.025520833333333333 0.04722222222222222
0 0.58671875 0.5902777777777778 0.025520833333333333 0.04722222222222222
0 0.5348958333333333 0.6708333333333333 0.026041666666666668 0.04722222222222222
0 0.6229166666666667 0.6606481481481481 0.025 0.04537037037037037
0 0.41770833333333335 0.47129629629629627 0.023958333333333335 0.044444444444444446
0 0.4388020833333333 0.5050925925925925 0.025520833333333333 0.04537037037037037
0 0.3453125 0.8347222222222223 0.026041666666666668 0.04722222222222222
0 0.2955729166666667 0.6921296296296297 0.025520833333333333 0.04537037037037037
0 0.49270833333333336 0.6273148148148148 0.026041666666666668 0.04722222222222222
0 0.46041666666666664 0.13240740740740742 0.023958333333333335 0.044444444444444446
0 0.3651041666666667 0.700925925925926 0.026041666666666668 0.04814814814814815
0 0.6763020833333333 0.5305555555555556 0.027604166666666666 0.05
0 0.7177083333333333 0.10324074074074074 0.026041666666666668 0.04537037037037037
0 0.65234375 0.6518518518518519 0.0265625 0.04814814814814815
0 0.4622395833333333 0.6486111111111111 0.025520833333333333 0.04722222222222222
0 0.26458333333333334 0.788425925925926 0.026041666666666668 0.04722222222222222
0 0.46536458333333336 0.5611111111111111 0.025520833333333333 0.046296296296296294
0 0.76015625 0.3763888888888889 0.027604166666666666 0.04722222222222222
0 0.3385416666666667 0.7361111111111112 0.027083333333333334 0.04814814814814815
0 0.2833333333333333 0.8194444444444444 0.026041666666666668 0.04814814814814815
0 0.7302083333333333 0.612037037037037 0.028125 0.04814814814814815
0 0.6895833333333333 0.26435185185185184 0.026041666666666668 0.04537037037037037
0 0.7299479166666667 0.6583333333333333 0.028645833333333332 0.05
0 0.5333333333333333 0.5597222222222222 0.026041666666666668 0.04722222222222222
0 0.5736979166666667 0.6953703703703704 0.025520833333333333 0.04814814814814815
0 0.19453125 0.18009259259259258 0.024479166666666666 0.04351851851851852
0 0.31328125 0.8532407407407407 0.0265625 0.049074074074074076
0 0.7708333333333334 0.5462962962962963 0.029166666666666667 0.04814814814814815
0 0.5075520833333333 0.7018518518518518 0.0265625 0.05
0 0.1640625 0.4425925925925926 0.026041666666666668 0.044444444444444446
0 0.33203125 0.8814814814814815 0.0265625 0.04814814814814815
0 0.6856770833333333 0.1162037037037037 0.025520833333333333 0.04537037037037037
0 0.2872395833333333 0.8671296296296296 0.0265625 0.04722222222222222
0 0.16744791666666667 0.5462962962962963 0.025520833333333333 0.044444444444444446
0 0.13984375 0.5342592592592592 0.0265625 0.044444444444444446
0 0.4046875 0.7300925925925926 0.026041666666666668 0.04722222222222222
0 0.7190104166666667 0.032407407407407406 0.025520833333333333 0.044444444444444446
0 0.46510416666666665 0.736574074074074 0.027083333333333334 0.049074074074074076
0 0.7125 0.6935185185185185 0.027083333333333334 0.04814814814814815
0 0.7893229166666667 0.3425925925925926 0.028645833333333332 0.04814814814814815
0 0.5755208333333334 0.13935185185185187 0.025 0.04537037037037037
0 0.5505208333333333 0.7731481481481481 0.027083333333333334 0.05
0 0.6940104166666666 0.03333333333333333 0.025520833333333333 0.044444444444444446
0 0.5872395833333334 0.7888888888888889 0.0265625 0.05
0 0.36953125 0.3541666666666667 0.025520833333333333 0.04537037037037037
0 0.30104166666666665 0.9157407407407407 0.026041666666666668 0.05
0 0.34296875 0.9231481481481482 0.027604166666666666 0.05