1 0.6591510416666666 0.6891574074074074 0.04955208333333334 0.10502777777777779
1 0.4627604166666667 0.6166666666666667 0.050520833333333334 0.053703703703703705
1 0.47760416666666666 0.637962962962963 0.04791666666666667 0.053703703703703705
1 0.41875 0.6958333333333333 0.051041666666666666 0.05092592592592592
1 0.4427083333333333 0.6722222222222223 0.04791666666666667 0.053703703703703705
1 0.5940104166666667 0.5583333333333333 0.0515625 0.05740740740740741
1 0.44947916666666665 0.5916666666666667 0.051041666666666666 0.053703703703703705
1 0.6083333333333333 0.5837962962962963 0.051041666666666666 0.05462962962962963
1 0.5731770833333333 0.5370370370370371 0.04635416666666667 0.06111111111111111
1 0.48515625 0.5643518518518519 0.04114583333333333 0.06944444444444445
1 0.36666666666666664 0.3226851851851852 0.03229166666666667 0.09537037037037037
1 0.48930208333333336 0.5315833333333333 0.04458333333333333 0.07732407407407407