1 0.4830729166666667 0.6615740740740741 0.050520833333333334 0.04537037037037037
1 0.47239583333333335 0.5773148148148148 0.028125 0.08796296296296297
1 0.421875 0.6875 0.05520833333333333 0.058333333333333334
1 0.48776041666666664 0.6268518518518519 0.049479166666666664 0.046296296296296294
1 0.5515625 0.5296296296296297 0.029166666666666667 0.08703703703703704
1 0.6091145833333333 0.5625 0.0453125 0.07314814814814814
1 0.575 0.5935185185185186 0.04583333333333333 0.07222222222222222
1 0.49583333333333335 0.5708333333333333 0.036458333333333336 0.08425925925925926
1 0.521875 0.5958333333333333 0.022916666666666665 0.08796296296296297
1 0.5770833333333333 0.5208333333333334 0.035416666666666666 0.08425925925925926
1 0.6864583333333333 0.6648148148148149 0.046875 0.09259259259259259
1 0.5948541666666666 0.538675925925926 0.04740104166666667 0.07931481481481481