1 0.5651041666666666 0.5851851851851851 0.051041666666666666 0.05740740740740741
1 0.5729166666666666 0.5347222222222222 0.052083333333333336 0.05092592592592592
1 0.5171875 0.6 0.04895833333333333 0.05740740740740741
1 0.4979166666666667 0.5421296296296296 0.04791666666666667 0.06018518518518518
1 0.4505208333333333 0.6041666666666666 0.040625 0.07685185185185185
1 0.5044270833333333 0.49583333333333335 0.0515625 0.05277777777777778
1 0.5354166666666667 0.48009259259259257 0.04583333333333333 0.05462962962962963
1 0.5338541666666666 0.44583333333333336 0.04895833333333333 0.05648148148148148
1 0.43125 0.6185185185185185 0.046875 0.07222222222222222
1 0.5377604166666666 0.5601851851851852 0.0515625 0.03888888888888889
1 0.47433333333333333 0.5334074074074074 0.051109375 0.06449074074074075
1 0.49143749999999997 0.5861018518518518 0.051625000000000004 0.059277777777777776