1 0.5236979166666667 0.6023148148148149 0.050520833333333334 0.04722222222222222
1 0.49973958333333335 0.5800925925925926 0.0484375 0.06574074074074074
1 0.3651041666666667 0.6921296296296297 0.04479166666666667 0.07685185185185185
1 0.5513020833333333 0.5365740740740741 0.03177083333333333 0.08611111111111111
1 0.3828125 0.6351851851851852 0.04895833333333333 0.05
1 0.35234375 0.7523148148148148 0.04739583333333333 0.075
1 0.4864583333333333 0.5560185185185185 0.04791666666666667 0.06574074074074074
1 0.3885416666666667 0.7175925925925926 0.030208333333333334 0.0962962962962963
1 0.6302083333333334 0.6157407407407407 0.04895833333333333 0.08518518518518518
1 0.41692708333333334 0.637962962962963 0.024479166666666666 0.09259259259259259
1 0.30911458333333336 0.4675925925925926 0.0265625 0.08888888888888889
1 0.343890625 0.6839722222222223 0.048942708333333335 0.07401851851851851