1 0.5552083333333333 0.562962962962963 0.04791666666666667 0.05925925925925926
1 0.4705729166666667 0.5504629629629629 0.04635416666666667 0.06759259259259259
1 0.49713541666666666 0.5097222222222222 0.0484375 0.05092592592592592
1 0.5192708333333333 0.5773148148148148 0.051041666666666666 0.04351851851851852
1 0.49635416666666665 0.4740740740740741 0.04791666666666667 0.06111111111111111
1 0.44192708333333336 0.5893518518518519 0.04114583333333333 0.07685185185185185
1 0.5114583333333333 0.5356481481481481 0.04895833333333333 0.05092592592592592
1 0.5549479166666667 0.5069444444444444 0.0359375 0.08425925925925926
1 0.5752604166666667 0.5083333333333333 0.0328125 0.08703703703703704
1 0.47552083333333334 0.6175925925925926 0.040625 0.07592592592592592
1 0.5013020833333334 0.624537037037037 0.044270833333333336 0.06574074074074074
1 0.45673958333333337 0.6078888888888889 0.04151041666666667 0.08153703703703703