1 0.5955885416666666 0.3262037037037037 0.04838541666666667 0.07442592592592592
1 0.2864583333333333 0.8027777777777778 0.06041666666666667 0.06851851851851852
1 0.488828125 0.47484259259259265 0.03544791666666667 0.09066666666666667
1 0.4440104166666667 0.6541666666666667 0.024479166666666666 0.09537037037037037
1 0.5205729166666667 0.5763888888888888 0.04010416666666667 0.07685185185185185
1 0.546875 0.5337962962962963 0.023958333333333335 0.08796296296296297
1 0.5841145833333333 0.5458333333333333 0.049479166666666664 0.06018518518518518
1 0.5192708333333333 0.5199074074074074 0.034375 0.08611111111111111
1 0.5294270833333333 0.4615740740740741 0.050520833333333334 0.03425925925925926
1 0.5835572916666667 0.5842592592592593 0.05044791666666667 0.05925925925925926
1 0.42265625 0.6810185185185185 0.0234375 0.09166666666666666
1 0.60078125 0.6037037037037037 0.0484375 0.06296296296296296