1 0.42682291666666666 0.6069444444444444 0.03802083333333333 0.0787037037037037
1 0.49895833333333334 0.5541666666666667 0.020833333333333332 0.08981481481481482
1 0.40546875 0.7800925925925926 0.024479166666666666 0.09907407407407408
1 0.5341145833333333 0.5648148148148148 0.049479166666666664 0.04259259259259259
1 0.5716145833333334 0.5648148148148148 0.0421875 0.07592592592592592
1 0.4390625 0.5805555555555556 0.034375 0.08518518518518518
1 0.5684895833333333 0.6541666666666667 0.043229166666666666 0.0787037037037037
1 0.5833333333333334 0.49537037037037035 0.041666666666666664 0.07592592592592592
1 0.5528645833333333 0.6018518518518519 0.0515625 0.044444444444444446
1 0.6119791666666666 0.49953703703703706 0.03958333333333333 0.08055555555555556
1 0.5467604166666666 0.5096574074074074 0.028348958333333334 0.09339814814814815
1 0.5771145833333333 0.5302685185185185 0.04334375 0.08023148148148149