1 0.5348958333333333 0.5745370370370371 0.036458333333333336 0.0824074074074074
1 0.44088541666666664 0.6175925925925926 0.0265625 0.09074074074074075
1 0.7473958333333334 0.6800925925925926 0.06145833333333333 0.04537037037037037
1 0.6247395833333333 0.5699074074074074 0.04635416666666667 0.0712962962962963
1 0.5041666666666667 0.5791666666666667 0.04375 0.0712962962962963
1 0.6341145833333334 0.5208333333333334 0.0453125 0.06944444444444445
1 0.49661458333333336 0.5125 0.0484375 0.06388888888888888
1 0.4973958333333333 0.6291666666666667 0.05 0.04351851851851852
1 0.56171875 0.5578703703703703 0.019270833333333334 0.09166666666666666
1 0.6572916666666667 0.5634259259259259 0.019791666666666666 0.09351851851851851
1 0.6671875 0.49722222222222223 0.040625 0.08333333333333333
1 0.49173958333333334 0.5582870370370371 0.04702083333333333 0.06676851851851852