0 0.228125 0.6333333333333333 0.027083333333333334 0.046296296296296294
0 0.29401041666666666 0.5847222222222223 0.025520833333333333 0.04351851851851852
0 0.12473958333333333 0.36574074074074076 0.0265625 0.040740740740740744
0 0.2716145833333333 0.5435185185185185 0.024479166666666666 0.040740740740740744
0 0.51875 0.1912037037037037 0.021875 0.03796296296296296
0 0.21510416666666668 0.5009259259259259 0.025 0.040740740740740744
0 0.22578125 0.7083333333333334 0.025520833333333333 0.044444444444444446
0 0.6765625 0.3699074074074074 0.023958333333333335 0.041666666666666664
0 0.23020833333333332 0.5625 0.023958333333333335 0.041666666666666664
0 0.21197916666666666 0.40555555555555556 0.022916666666666665 0.03888888888888889
0 0.6690104166666667 0.1287037037037037 0.022395833333333334 0.037037037037037035
0 0.178125 0.725462962962963 0.026041666666666668 0.04351851851851852
0 0.14479166666666668 0.6171296296296296 0.026041666666666668 0.04351851851851852
0 0.5747395833333333 0.674074074074074 0.025520833333333333 0.044444444444444446
0 0.2713541666666667 0.45416666666666666 0.022916666666666665 0.03981481481481482
0 0.24739583333333334 0.3837962962962963 0.022916666666666665 0.03796296296296296
0 0.13697916666666668 0.6990740740740741 0.026041666666666668 0.044444444444444446
0 0.7216145833333333 0.6472222222222223 0.027604166666666666 0.046296296296296294
0 0.6768229166666667 0.7310185185185185 0.025520833333333333 0.04537037037037037
0 0.16796875 0.6578703703703703 0.025520833333333333 0.04351851851851852
0 0.090625 0.6800925925925926 0.027083333333333334 0.04537037037037037
0 0.57109375 0.6129629629629629 0.0234375 0.04259259259259259
0 0.3268229166666667 0.387037037037037 0.0234375 0.03888888888888889
0 0.17552083333333332 0.5976851851851852 0.025 0.041666666666666664
0 0.6015625 0.12314814814814815 0.020833333333333332 0.037037037037037035
0 0.6041666666666666 0.7472222222222222 0.027083333333333334 0.04814814814814815
0 0.4817708333333333 0.18564814814814815 0.020833333333333332 0.03796296296296296
0 0.37005208333333334 0.4027777777777778 0.0234375 0.03888888888888889
0 0.37005208333333334 0.3537037037037037 0.022395833333333334 0.03888888888888889
0 0.5604166666666667 0.5745370370370371 0.022916666666666665 0.03981481481481482
0 0.39505208333333336 0.4625 0.0234375 0.041666666666666664
0 0.10833333333333334 0.6430555555555556 0.026041666666666668 0.04351851851851852
0 0.596875 0.2638888888888889 0.021875 0.03888888888888889
0 0.19869791666666667 0.7736111111111111 0.025520833333333333 0.04351851851851852
0 0.14921875 0.1736111111111111 0.021354166666666667 0.03796296296296296
0 0.6356770833333333 0.749537037037037 0.024479166666666666 0.04537037037037037
0 0.21119791666666668 0.35555555555555557 0.022395833333333334 0.037037037037037035
0 0.25859375 0.425462962962963 0.022395833333333334 0.03796296296296296
0 0.209375 0.5467592592592593 0.023958333333333335 0.03981481481481482
0 0.5104166666666666 0.2662037037037037 0.020833333333333332 0.03796296296296296
0 0.5682291666666667 0.1935185185185185 0.020833333333333332 0.037037037037037035
0 0.16953125 0.5583333333333333 0.024479166666666666 0.040740740740740744
0 0.24921875 0.7625 0.024479166666666666 0.04351851851851852
0 0.4005208333333333 0.3388888888888889 0.021875 0.03888888888888889
0 0.24244791666666668 0.3148148148148148 0.022395833333333334 0.03888888888888889
0 0.5377604166666666 0.5388888888888889 0.022395833333333334 0.03888888888888889
0 0.5692708333333333 0.08148148148148149 0.020833333333333332 0.037037037037037035
0 0.6315104166666666 0.29444444444444445 0.022395833333333334 0.040740740740740744
0 0.5966145833333333 0.45185185185185184 0.022395833333333334 0.03888888888888889
0 0.2552083333333333 0.7111111111111111 0.025 0.04259259259259259
0 0.4953125 0.5217592592592593 0.022916666666666665 0.03981481481481482
0 0.6453125 0.11666666666666667 0.020833333333333332 0.037037037037037035
0 0.46041666666666664 0.2828703703703704 0.020833333333333332 0.03796296296296296
0 0.43020833333333336 0.15555555555555556 0.021875 0.037037037037037035
0 0.45703125 0.5365740740740741 0.022395833333333334 0.03796296296296296
0 0.26927083333333335 0.7356481481481482 0.023958333333333335 0.04351851851851852
0 0.6622395833333333 0.775 0.025520833333333333 0.044444444444444446
0 0.5348958333333333 0.34953703703703703 0.021875 0.03796296296296296
0 0.5583333333333333 0.29398148148148145 0.021875 0.03981481481481482
0 0.43411458333333336 0.21157407407407408 0.021354166666666667 0.03611111111111111
0 0.29348958333333336 0.1699074074074074 0.022395833333333334 0.03981481481481482
0 0.6315104166666666 0.07777777777777778 0.021354166666666667 0.037037037037037035
0 0.24375 0.8148148148148148 0.026041666666666668 0.046296296296296294
0 0.16796875 0.14722222222222223 0.022395833333333334 0.03888888888888889
0 0.28828125 0.24027777777777778 0.021354166666666667 0.03796296296296296
0 0.44296875 0.25324074074074077 0.021354166666666667 0.03796296296296296
0 0.6184895833333334 0.3990740740740741 0.022395833333333334 0.040740740740740744
0 0.17109375 0.7708333333333334 0.025520833333333333 0.04351851851851852
0 0.4375 0.3189814814814815 0.021875 0.03796296296296296
0 0.5799479166666667 0.4217592592592593 0.022395833333333334 0.03796296296296296
0 0.6520833333333333 0.08425925925925926 0.020833333333333332 0.03518518518518519
0 0.621875 0.10694444444444444 0.020833333333333332 0.03611111111111111
0 0.17760416666666667 0.8111111111111111 0.027083333333333334 0.046296296296296294
0 0.6057291666666667 0.31296296296296294 0.021875 0.03888888888888889
0 0.5174479166666667 0.37824074074074077 0.021354166666666667 0.03981481481481482
0 0.26536458333333335 0.787962962962963 0.0234375 0.04259259259259259
0 0.2713541666666667 0.18472222222222223 0.021875 0.03796296296296296
0 0.5830729166666667 0.32175925925925924 0.021354166666666667 0.03796296296296296
0 0.60078125 0.08888888888888889 0.0203125 0.03518518518518519
0 0.5869791666666667 0.06481481481481481 0.020833333333333332 0.037037037037037035
0 0.5450520833333333 0.4689814814814815 0.022395833333333334 0.03796296296296296
0 0.44895833333333335 0.5013888888888889 0.021875 0.03796296296296296
0 0.5572916666666666 0.5152777777777777 0.022916666666666665 0.03981481481481482
0 0.5393229166666667 0.3921296296296296 0.021354166666666667 0.03796296296296296
0 0.21536458333333333 0.31712962962962965 0.022395833333333334 0.03796296296296296
0 0.5296875 0.5023148148148148 0.020833333333333332 0.03796296296296296
0 0.19427083333333334 0.32314814814814813 0.021875 0.037037037037037035
0 0.5666666666666667 0.48009259259259257 0.021875 0.03796296296296296
0 0.22526041666666666 0.27037037037037037 0.022395833333333334 0.03888888888888889
0 0.6182291666666667 0.3611111111111111 0.021875 0.037037037037037035
0 0.24713541666666666 0.24212962962962964 0.021354166666666667 0.03611111111111111
0 0.45651041666666664 0.39675925925925926 0.021354166666666667 0.03796296296296296
0 0.44505208333333335 0.17962962962962964 0.019270833333333334 0.03518518518518519
0 0.2682291666666667 0.23425925925925925 0.021875 0.03888888888888889
0 0.49192708333333335 0.4675925925925926 0.022395833333333334 0.03888888888888889
0 0.5973958333333333 0.3819444444444444 0.020833333333333332 0.03796296296296296
0 0.43125 0.3597222222222222 0.020833333333333332 0.03796296296296296
0 0.47630208333333335 0.5018518518518519 0.021354166666666667 0.03888888888888889
0 0.409375 0.39490740740740743 0.021875 0.03796296296296296
0 0.5783854166666667 0.362962962962963 0.021354166666666667 0.03888888888888889
0 0.22291666666666668 0.18703703703703703 0.020833333333333332 0.037037037037037035
0 0.24140625 0.13703703703703704 0.021354166666666667 0.037037037037037035
0 0.42109375 0.43796296296296294 0.022395833333333334 0.03888888888888889
0 0.16927083333333334 0.24166666666666667 0.021875 0.03888888888888889
0 0.1875 0.26064814814814813 0.021875 0.03796296296296296
0 0.48020833333333335 0.42083333333333334 0.021875 0.03796296296296296
0 0.24583333333333332 0.20601851851851852 0.021875 0.03611111111111111
0 0.259375 0.1527777777777778 0.020833333333333332 0.037037037037037035
0 0.24322916666666666 0.1726851851851852 0.021875 0.03611111111111111
0 0.19791666666666666 0.2875 0.022916666666666665 0.03611111111111111
0 0.1875 0.22314814814814815 0.021875 0.037037037037037035
0 0.20807291666666666 0.21944444444444444 0.0203125 0.03518518518518519
0 0.4700520833333333 0.4550925925925926 0.021354166666666667 0.03796296296296296
0 0.43515625 0.4722222222222222 0.021354166666666667 0.037037037037037035
0 0.44869791666666664 0.4356481481481482 0.022395833333333334 0.03796296296296296
0 0.20807291666666666 0.2537037037037037 0.021354166666666667 0.03888888888888889
0 0.5588541666666667 0.37175925925925923 0.020833333333333332 0.03796296296296296
0 0.22838541666666667 0.22453703703703703 0.021354166666666667 0.03796296296296296
0 0.43203125 0.4050925925925926 0.021354166666666667 0.03796296296296296
0 0.45338541666666665 0.4699074074074074 0.019270833333333334 0.03425925925925926