1 0.6145416666666667 0.5576388888888889 0.03044791666666667 0.0927962962962963
1 0.59296875 0.5643518518518519 0.0296875 0.08981481481481482
1 0.5005208333333333 0.586574074074074 0.021875 0.08981481481481482
1 0.4786458333333333 0.6388888888888888 0.03229166666666667 0.08703703703703704
1 0.5153645833333333 0.6365740740740741 0.03802083333333333 0.08425925925925926
1 0.5515625 0.5458333333333333 0.04479166666666667 0.075
1 0.45546875 0.6171296296296296 0.04739583333333333 0.06574074074074074
1 0.4649739583333333 0.5685185185185185 0.05026041666666667 0.06296296296296296
1 0.46510416666666665 0.5347222222222222 0.04791666666666667 0.058333333333333334
1 0.44895833333333335 0.5143518518518518 0.04791666666666667 0.058333333333333334
1 0.5895833333333333 0.5037037037037037 0.04895833333333333 0.040740740740740744
1 0.5647604166666667 0.5645185185185184 0.044947916666666664 0.08076851851851852