1 0.5950416666666667 0.32887962962962963 0.050145833333333334 0.07066666666666666
1 0.5289947916666666 0.5751296296296297 0.020791666666666667 0.09785185185185186
1 0.49296875 0.5689814814814815 0.0203125 0.08981481481481482
1 0.5059895833333333 0.6166666666666667 0.0234375 0.09074074074074075
1 0.4557291666666667 0.6050925925925926 0.01875 0.09166666666666666
1 0.47421875 0.6175925925925926 0.019270833333333334 0.09074074074074075
1 0.37265625 0.7231481481481481 0.019270833333333334 0.0962962962962963
1 0.3919270833333333 0.7189814814814814 0.0203125 0.09907407407407408
1 0.42083333333333334 0.5958333333333333 0.01875 0.09166666666666666
1 0.4268125 0.5332870370370371 0.05247916666666667 0.042499999999999996
1 0.32159895833333335 0.6892685185185184 0.03888020833333334 0.08582407407407407
1 0.43907291666666665 0.5916203703703704 0.019776041666666667 0.09435185185185185