1 0.5208333333333334 0.5726851851851852 0.04479166666666667 0.075
1 0.5216145833333333 0.6134259259259259 0.0421875 0.075
1 0.46197916666666666 0.5958333333333333 0.05 0.04722222222222222
1 0.41822916666666665 0.6046296296296296 0.03958333333333333 0.08148148148148149
1 0.475 0.6375 0.04791666666666667 0.05462962962962963
1 0.48333333333333334 0.549074074074074 0.04375 0.07037037037037037
1 0.55390625 0.5953703703703703 0.0265625 0.08888888888888889
1 0.42083333333333334 0.6708333333333333 0.029166666666666667 0.08981481481481482
1 0.26067708333333334 0.7476851851851852 0.05364583333333333 0.0787037037037037
1 0.43854166666666666 0.6731481481481482 0.028125 0.09259259259259259
1 0.40948958333333335 0.5764074074074074 0.040989583333333336 0.08060185185185186
1 0.5051354166666667 0.5573518518518519 0.045927083333333334 0.07543518518518519