0 0.7041614583333333 0.6423888888888889 0.028927083333333332 0.050527777777777776
0 0.3033854166666667 0.6027777777777777 0.024479166666666666 0.04259259259259259
0 0.325 0.5013888888888889 0.023958333333333335 0.041666666666666664
0 0.31979166666666664 0.21157407407407408 0.021875 0.03796296296296296
0 0.28229166666666666 0.45555555555555555 0.023958333333333335 0.040740740740740744
0 0.2716145833333333 0.6055555555555555 0.024479166666666666 0.04259259259259259
0 0.10442708333333334 0.737037037037037 0.027604166666666666 0.046296296296296294
0 0.240625 0.46111111111111114 0.023958333333333335 0.040740740740740744
0 0.6614583333333334 0.3685185185185185 0.023958333333333335 0.04259259259259259
0 0.6216145833333333 0.4287037037037037 0.0234375 0.03888888888888889
0 0.20859375 0.5078703703703704 0.024479166666666666 0.03981481481481482
0 0.6580729166666667 0.725462962962963 0.025520833333333333 0.04537037037037037
0 0.42265625 0.537962962962963 0.0234375 0.040740740740740744
0 0.48463541666666665 0.25324074074074077 0.021354166666666667 0.03796296296296296
0 0.509375 0.18888888888888888 0.020833333333333332 0.037037037037037035
0 0.5549479166666667 0.1925925925925926 0.0203125 0.037037037037037035
0 0.11744791666666667 0.36666666666666664 0.024479166666666666 0.040740740740740744
0 0.6028645833333334 0.38287037037037036 0.022395833333333334 0.03981481481481482
0 0.17682291666666666 0.5416666666666666 0.025520833333333333 0.04259259259259259
0 0.13697916666666668 0.33240740740740743 0.023958333333333335 0.03888888888888889
0 0.6552083333333333 0.12685185185185185 0.020833333333333332 0.037037037037037035
0 0.44166666666666665 0.33425925925925926 0.021875 0.03888888888888889
0 0.14010416666666667 0.1763888888888889 0.021875 0.03796296296296296
0 0.6486979166666667 0.7689814814814815 0.025520833333333333 0.04537037037037037
0 0.15963541666666667 0.15092592592592594 0.022395833333333334 0.03888888888888889
0 0.28203125 0.23935185185185184 0.022395833333333334 0.03796296296296296
0 0.6229166666666667 0.7439814814814815 0.023958333333333335 0.04351851851851852
0 0.56171875 0.34814814814814815 0.022395833333333334 0.03888888888888889
0 0.40234375 0.3851851851851852 0.021354166666666667 0.03888888888888889
0 0.19817708333333334 0.42407407407407405 0.0234375 0.03888888888888889
0 0.6453125 0.3287037037037037 0.021875 0.03888888888888889
0 0.08828125 0.6782407407407407 0.025520833333333333 0.04351851851851852
0 0.41692708333333334 0.3277777777777778 0.021354166666666667 0.03888888888888889
0 0.3697916666666667 0.487962962962963 0.022916666666666665 0.040740740740740744
0 0.22552083333333334 0.8115740740740741 0.025 0.04537037037037037
0 0.17838541666666666 0.8055555555555556 0.0265625 0.044444444444444446
0 0.24869791666666666 0.7842592592592592 0.025520833333333333 0.044444444444444446
0 0.18932291666666667 0.6662037037037037 0.025520833333333333 0.04351851851851852
0 0.20572916666666666 0.7018518518518518 0.025 0.044444444444444446
0 0.16510416666666666 0.46111111111111114 0.023958333333333335 0.03888888888888889
0 0.5729166666666666 0.7222222222222222 0.023958333333333335 0.044444444444444446
0 0.5940104166666667 0.12378703703703703 0.021354166666666667 0.037037037037037035
0 0.11015625 0.5805555555555556 0.025520833333333333 0.04259259259259259
0 0.1703125 0.7643518518518518 0.026041666666666668 0.04351851851851852
0 0.5947916666666667 0.7425925925925926 0.023958333333333335 0.04259259259259259
0 0.5716145833333334 0.6763888888888889 0.0234375 0.041666666666666664
0 0.12916666666666668 0.5527777777777778 0.025 0.04259259259259259
0 0.3921875 0.48842592592592593 0.021875 0.03981481481481482
0 0.23229166666666667 0.7157407407407408 0.025 0.04259259259259259
0 0.5604166666666667 0.0824074074074074 0.020833333333333332 0.03888888888888889
0 0.11979166666666667 0.6712962962962963 0.026041666666666668 0.04259259259259259
0 0.44817708333333334 0.2537037037037037 0.0203125 0.037037037037037035
0 0.5645833333333333 0.6370370370370371 0.023958333333333335 0.040740740740740744
0 0.16067708333333333 0.6620370370370371 0.025520833333333333 0.04259259259259259
0 0.5536458333333333 0.30462962962962964 0.020833333333333332 0.037037037037037035
0 0.42734375 0.2462962962962963 0.021354166666666667 0.037037037037037035
0 0.62265625 0.07685185185185185 0.0203125 0.037037037037037035
0 0.10494791666666667 0.6435185185185185 0.025520833333333333 0.04259259259259259
0 0.56328125 0.600925925925926 0.0234375 0.037037037037037035
0 0.14869791666666668 0.586574074074074 0.024479166666666666 0.041666666666666664
0 0.6432291666666666 0.08333333333333333 0.020833333333333332 0.03518518518518519
0 0.4942708333333333 0.5574074074074075 0.022916666666666665 0.037037037037037035
0 0.17942708333333332 0.3726851851851852 0.0234375 0.03796296296296296
0 0.57890625 0.06666666666666667 0.0203125 0.037037037037037035
0 0.21822916666666667 0.27175925925925926 0.022916666666666665 0.03796296296296296
0 0.4578125 0.16157407407407406 0.020833333333333332 0.03611111111111111
0 0.47604166666666664 0.18333333333333332 0.020833333333333332 0.037037037037037035
0 0.22161458333333334 0.7620370370370371 0.0234375 0.04259259259259259
0 0.43046875 0.48194444444444445 0.022395833333333334 0.03981481481481482
0 0.19739583333333333 0.7703703703703704 0.023958333333333335 0.04259259259259259
0 0.5848958333333333 0.2574074074074074 0.020833333333333332 0.037037037037037035
0 0.5440104166666667 0.41064814814814815 0.021354166666666667 0.03611111111111111
0 0.596875 0.3212962962962963 0.021875 0.03888888888888889
0 0.6338541666666667 0.11435185185185186 0.020833333333333332 0.03611111111111111
0 0.19739583333333333 0.3490740740740741 0.022916666666666665 0.03888888888888889
0 0.2638020833333333 0.18796296296296297 0.021354166666666667 0.037037037037037035
0 0.6223958333333334 0.2726851851851852 0.020833333333333332 0.03611111111111111
0 0.15911458333333334 0.6222222222222222 0.024479166666666666 0.040740740740740744
0 0.13046875 0.6236111111111111 0.024479166666666666 0.041666666666666664
0 0.42552083333333335 0.4115740740740741 0.021875 0.03796296296296296
0 0.19010416666666666 0.2884259259259259 0.021875 0.03796296296296296
0 0.25026041666666665 0.7402777777777778 0.024479166666666666 0.041666666666666664
0 0.26145833333333335 0.2337962962962963 0.021875 0.03796296296296296
0 0.16848958333333333 0.41759259259259257 0.0234375 0.037037037037037035
0 0.18125 0.3282407407407407 0.022916666666666665 0.03796296296296296
0 0.6190104166666667 0.30833333333333335 0.022395833333333334 0.03888888888888889
0 0.2328125 0.1398148148148148 0.020833333333333332 0.037037037037037035
0 0.16015625 0.24351851851851852 0.022395833333333334 0.03888888888888889
0 0.5934895833333333 0.09140740740740741 0.0203125 0.03836111111111111
0 0.25104166666666666 0.1550925925925926 0.021875 0.03796296296296296
0 0.24036458333333333 0.24074074074074073 0.022395833333333334 0.03888888888888889
0 0.45625 0.5027777777777778 0.021875 0.03888888888888889
0 0.23932291666666666 0.20601851851851852 0.022395833333333334 0.03611111111111111
0 0.44088541666666664 0.21851851851851853 0.021354166666666667 0.03518518518518519
0 0.4890625 0.4439814814814815 0.021875 0.03796296296296296
0 0.4705729166666667 0.42407407407407405 0.022395833333333334 0.03888888888888889
0 0.5505208333333333 0.4439814814814815 0.022916666666666665 0.03796296296296296
0 0.51875 0.5509259259259259 0.021875 0.037037037037037035
0 0.4815260416666666 0.5274907407407408 0.022427083333333334 0.040157407407407406
0 0.457609375 0.1973240740740741 0.022515624999999997 0.039101851851851846
0 0.6142552083333332 0.1083888888888889 0.021223958333333334 0.039
0 0.1796875 0.22037037037037038 0.020833333333333332 0.037037037037037035
0 0.55390625 0.5111111111111111 0.021354166666666667 0.037037037037037035
0 0.45729166666666665 0.4625 0.021875 0.03796296296296296
0 0.21458333333333332 0.18935185185185185 0.021875 0.03796296296296296
0 0.22083333333333333 0.22592592592592592 0.020833333333333332 0.037037037037037035
0 0.5036458333333333 0.5231203703703704 0.021875 0.03894444444444445
0 0.5285 0.5160833333333333 0.022619791666666667 0.03958333333333333
0 0.57578125 0.29444444444444445 0.0203125 0.037037037037037035
0 0.60078125 0.2851851851851852 0.021354166666666667 0.037037037037037035
0 0.17942708333333332 0.25972222222222224 0.021354166666666667 0.03796296296296296
0 0.2015625 0.2523148148148148 0.021875 0.03796296296296296
0 0.43463541666666666 0.4439814814814815 0.021354166666666667 0.03796296296296296
0 0.5427239583333333 0.48055555555555557 0.02294791666666667 0.037037037037037035
0 0.47708333333333336 0.48657407407407405 0.021875 0.03981481481481482
0 0.5598958333333334 0.5703703703703704 0.022916666666666665 0.037037037037037035
0 0.49994791666666666 0.48550000000000004 0.022817708333333336 0.040212962962962964
0 0.20104166666666667 0.21944444444444444 0.020833333333333332 0.037037037037037035
0 0.234375 0.17407407407407408 0.021875 0.037037037037037035
0 0.5427083333333333 0.5467592592592593 0.021875 0.03796296296296296