1 0.34453125 0.662962962962963 0.034895833333333334 0.08703703703703704
1 0.5645833333333333 0.5578703703703703 0.04895833333333333 0.05462962962962963
1 0.6259479166666666 0.6281111111111112 0.05397916666666667 0.04880555555555555
1 0.490625 0.5444444444444444 0.025 0.09074074074074075
1 0.46458333333333335 0.6462962962962963 0.04479166666666667 0.07407407407407407
1 0.5377604166666666 0.5453703703703704 0.043229166666666666 0.07222222222222222
1 0.5059895833333333 0.575 0.022395833333333334 0.09074074074074075
1 0.62421875 0.5597222222222222 0.05260416666666667 0.04537037037037037
1 0.5559895833333334 0.5972222222222222 0.050520833333333334 0.04259259259259259
1 0.6044270833333333 0.6597222222222222 0.0421875 0.08055555555555556
1 0.6510416666666666 0.6662037037037037 0.053125 0.03796296296296296
1 0.6209479166666667 0.5922314814814815 0.05290104166666666 0.04516666666666667