1 0.60859375 0.5342592592592592 0.034895833333333334 0.08888888888888889
1 0.5861979166666667 0.5263888888888889 0.03697916666666667 0.08425925925925926
1 0.4322916666666667 0.6712962962962963 0.046875 0.06296296296296296
1 0.4171875 0.6148148148148148 0.05 0.05185185185185185
1 0.41041666666666665 0.6550925925925926 0.04895833333333333 0.06574074074074074
1 0.2643229166666667 0.7537037037037037 0.0515625 0.06851851851851852
1 0.5265625 0.5699074074074074 0.046875 0.06574074074074074
1 0.625 0.55 0.036458333333333336 0.08888888888888889
1 0.5690104166666666 0.5847222222222223 0.03697916666666667 0.0824074074074074
1 0.43020833333333336 0.711574074074074 0.046875 0.06574074074074074
1 0.41015625 0.5851851851851851 0.050520833333333334 0.05
1 0.4627604166666667 0.7013888888888888 0.0265625 0.09537037037037037