1 0.5947916666666667 0.6046666666666667 0.04479166666666667 0.07400925925925926
1 0.5786458333333333 0.5513888888888889 0.051041666666666666 0.04351851851851852
1 0.6213177083333333 0.6013518518518519 0.046651041666666664 0.07479629629629629
1 0.5766927083333333 0.6688796296296297 0.05546875 0.03961111111111111
1 0.6544270833333333 0.611574074074074 0.025520833333333333 0.08981481481481482
1 0.6164427083333333 0.5467592592592593 0.04523958333333333 0.07685185185185185
1 0.28818750000000004 0.7198425925925925 0.032625 0.09483333333333334
1 0.30911458333333336 0.8032407407407407 0.043229166666666666 0.08055555555555556
1 0.31276041666666665 0.6981481481481482 0.027604166666666666 0.09074074074074075
1 0.3296875 0.6851851851851852 0.026041666666666668 0.09259259259259259
1 0.323078125 0.824324074074074 0.04693229166666667 0.0851574074074074
1 0.5762239583333333 0.6158333333333333 0.04679166666666667 0.07980555555555556