1 0.6135416666666667 0.4583333333333333 0.05 0.05555555555555555
1 0.50625 0.5935185185185186 0.051041666666666666 0.05555555555555555
1 0.6096354166666667 0.5365740740740741 0.0484375 0.06759259259259259
1 0.6323541666666667 0.5879629629629629 0.04700520833333333 0.07222222222222222
1 0.5880208333333333 0.5958333333333333 0.035416666666666666 0.08425925925925926
1 0.6059895833333333 0.49953703703703706 0.049479166666666664 0.058333333333333334
1 0.38671875 0.687962962962963 0.0296875 0.09074074074074075
1 0.41744791666666664 0.7027777777777777 0.0453125 0.07407407407407407
1 0.5638020833333334 0.5902777777777778 0.033854166666666664 0.0824074074074074
1 0.6510416666666666 0.6027777777777777 0.04479166666666667 0.07592592592592592
1 0.34921875 0.8060185185185185 0.0515625 0.04537037037037037
1 0.6185468749999999 0.5641574074074074 0.04918229166666667 0.07068518518518518