1 0.5205729166666667 0.5731481481481482 0.044270833333333336 0.07407407407407407
1 0.4622395833333333 0.5953703703703703 0.050520833333333334 0.04814814814814815
1 0.41822916666666665 0.6041666666666666 0.040625 0.0824074074074074
1 0.5213541666666667 0.6134259259259259 0.042708333333333334 0.075
1 0.475 0.6375 0.04791666666666667 0.05462962962962963
1 0.5544270833333333 0.5944444444444444 0.0265625 0.08888888888888889
1 0.48333333333333334 0.5486111111111112 0.04375 0.0712962962962963
1 0.42083333333333334 0.6712962962962963 0.029166666666666667 0.09074074074074075
1 0.43828125 0.6731481481481482 0.027604166666666666 0.09074074074074075
1 0.26197916666666665 0.7509259259259259 0.04791666666666667 0.06481481481481481
1 0.5044947916666667 0.5581666666666667 0.04309895833333333 0.07560185185185185
1 0.40926562499999997 0.5766666666666667 0.04183333333333333 0.0811111111111111