1 0.45725520833333333 0.5760555555555555 0.04084895833333334 0.07962962962962963
1 0.35502083333333334 0.6944444444444444 0.050078125 0.06428703703703705
1 0.346875 0.7888888888888889 0.041666666666666664 0.07407407407407407
1 0.34051041666666665 0.6708333333333333 0.047098958333333336 0.06944444444444445
1 0.41640625 0.6319444444444444 0.04740104166666667 0.06388888888888888
1 0.3958333333333333 0.6171296296296296 0.04895833333333333 0.06388888888888888
1 0.30152604166666663 0.8002037037037038 0.05096875 0.075
1 0.5544270833333333 0.5481481481481482 0.049479166666666664 0.037037037037037035
1 0.40167708333333335 0.7284444444444444 0.037135416666666664 0.09048148148148148
1 0.41822916666666665 0.700925925925926 0.023958333333333335 0.09259259259259259
1 0.45755208333333336 0.36712962962962964 0.025520833333333333 0.08611111111111111
1 0.25052083333333336 0.7240740740740741 0.04375 0.07777777777777778
1 0.45546875 0.5298888888888889 0.04010416666666667 0.07592592592592592
1 0.6096354166666667 0.5745370370370371 0.050520833333333334 0.04537037037037037
1 0.49296875 0.6018518518518519 0.018229166666666668 0.08888888888888889
1 0.37805208333333334 0.7638888888888888 0.05297916666666667 0.04814814814814815
1 0.3145833333333333 0.6652777777777777 0.046875 0.075
1 0.5104166666666666 0.3560185185185185 0.019791666666666666 0.08981481481481482
1 0.528125 0.5782407407407407 0.04895833333333333 0.03611111111111111
1 0.4393229166666667 0.7310185185185185 0.021354166666666667 0.09537037037037037
1 0.32853645833333334 0.8484166666666666 0.0484375 0.07777777777777778
1 0.43359375 0.524537037037037 0.043229166666666666 0.075
1 0.4625 0.2490740740740741 0.019791666666666666 0.08703703703703704
1 0.39375 0.8041666666666667 0.05 0.04722222222222222
1 0.43359375 0.23148148148148148 0.019270833333333334 0.08888888888888889
1 0.5244791666666667 0.5208333333333334 0.046875 0.06018518518518518
1 0.31276041666666665 0.9194444444444444 0.03802083333333333 0.08703703703703704
1 0.465625 0.606925925925926 0.042005208333333335 0.08262037037037037
1 0.359046875 0.7260925925925925 0.05317708333333333 0.06513888888888889
1 0.31503125 0.8261851851851851 0.04915625 0.07785185185185185