0 0.667828125 0.7813055555555555 0.02726041666666667 0.0500462962962963
0 0.34140625 0.7847222222222222 0.025520833333333333 0.04537037037037037
0 0.5921875 0.7777777777777778 0.026041666666666668 0.046296296296296294
0 0.6359375 0.7657407407407407 0.025 0.044444444444444446
0 0.215625 0.7754629629629629 0.026041666666666668 0.04537037037037037
0 0.18072916666666666 0.8037037037037037 0.026041666666666668 0.044444444444444446
0 0.3658854166666667 0.7449074074074075 0.024479166666666666 0.04351851851851852
0 0.10651041666666666 0.7361111111111112 0.027604166666666666 0.046296296296296294
0 0.7033854166666667 0.687037037037037 0.0265625 0.046296296296296294
0 0.5700520833333333 0.7055555555555556 0.024479166666666666 0.044444444444444446
0 0.17213541666666668 0.7638888888888888 0.0265625 0.044444444444444446
0 0.6018229166666667 0.7384259259259259 0.024479166666666666 0.04537037037037037
0 0.6598958333333333 0.6976851851851852 0.025 0.04537037037037037
0 0.08984375 0.6777777777777778 0.025520833333333333 0.044444444444444446
0 0.5770833333333333 0.5569444444444445 0.022916666666666665 0.041666666666666664
0 0.4236979166666667 0.5370370370370371 0.0234375 0.040740740740740744
0 0.5541302083333334 0.5574074074074075 0.023885416666666666 0.040740740740740744
0 0.6518229166666667 0.42685185185185187 0.0234375 0.040740740740740744
0 0.3619791666666667 0.6819444444444445 0.023958333333333335 0.041666666666666664
0 0.28880208333333335 0.6935185185185185 0.024479166666666666 0.04259259259259259
0 0.22708333333333333 0.6949074074074074 0.025 0.04351851851851852
0 0.6046875 0.5166666666666667 0.023958333333333335 0.04259259259259259
0 0.5044270833333333 0.5046296296296297 0.022395833333333334 0.040740740740740744
0 0.28984375 0.4532407407407407 0.0234375 0.03981481481481482
0 0.2638020833333333 0.6777777777777778 0.0234375 0.04259259259259259
0 0.11901041666666666 0.36574074074074076 0.024479166666666666 0.040740740740740744
0 0.3265625 0.5023148148148148 0.023958333333333335 0.041666666666666664
0 0.64375 0.6208333333333333 0.025 0.04351851851851852
0 0.16015625 0.6217592592592592 0.025520833333333333 0.041666666666666664
0 0.39427083333333335 0.48842592592592593 0.021875 0.03981481481481482
0 0.37083333333333335 0.487962962962963 0.022916666666666665 0.040740740740740744
0 0.33515625 0.6768518518518518 0.0234375 0.04259259259259259
0 0.6375 0.3611111111111111 0.022916666666666665 0.03888888888888889
0 0.10625 0.6439814814814815 0.026041666666666668 0.04351851851851852
0 0.24427083333333333 0.6208333333333333 0.025 0.041666666666666664
0 0.72890625 0.3768518518518518 0.024479166666666666 0.04259259259259259
0 0.21015625 0.5074074074074074 0.024479166666666666 0.040740740740740744
0 0.3046875 0.6018518518518519 0.023958333333333335 0.040740740740740744
0 0.4703125 0.28194444444444444 0.021875 0.03796296296296296
0 0.6330729166666667 0.30648148148148147 0.022395833333333334 0.03888888888888889
0 0.5424479166666667 0.4648148148148148 0.022395833333333334 0.03888888888888889
0 0.16614583333333333 0.46064814814814814 0.023958333333333335 0.03981481481481482
0 0.26510416666666664 0.45092592592592595 0.021875 0.03888888888888889
0 0.17864583333333334 0.5412037037037037 0.025 0.041666666666666664
0 0.6075520833333333 0.2898148148148148 0.021354166666666667 0.03888888888888889
0 0.11145833333333334 0.5805555555555556 0.025 0.04259259259259259
0 0.27317708333333335 0.6055555555555555 0.0234375 0.04259259259259259
0 0.13177083333333334 0.6236111111111111 0.025 0.041666666666666664
0 0.57421875 0.38935185185185184 0.022395833333333334 0.03981481481481482
0 0.19973958333333333 0.42314814814814816 0.0234375 0.03888888888888889
0 0.13828125 0.33101851851851855 0.0234375 0.03796296296296296
0 0.7049479166666667 0.21064814814814814 0.022395833333333334 0.03981481481481482
0 0.41901041666666666 0.32685185185185184 0.021354166666666667 0.03888888888888889
0 0.29401041666666666 0.24259259259259258 0.022395833333333334 0.03888888888888889
0 0.32083333333333336 0.2111111111111111 0.021875 0.03888888888888889
0 0.5395833333333333 0.33425925925925926 0.021875 0.03888888888888889
0 0.5096354166666667 0.1884259259259259 0.021354166666666667 0.03611111111111111
0 0.4322916666666667 0.49907407407407406 0.021875 0.03888888888888889
0 0.6583333333333333 0.2708333333333333 0.021875 0.03796296296296296
0 0.7046875 0.08796296296296297 0.021875 0.037037037037037035
0 0.15 0.5851851851851851 0.025 0.040740740740740744
0 0.14166666666666666 0.17685185185185184 0.021875 0.037037037037037035
0 0.4859375 0.2513888888888889 0.020833333333333332 0.03611111111111111
0 0.13072916666666667 0.5523148148148148 0.025 0.041666666666666664
0 0.5450520833333333 0.11712962962962963 0.0203125 0.03796296296296296
0 0.1609375 0.15092592592592594 0.022916666666666665 0.03888888888888889
0 0.6893229166666667 0.18055555555555555 0.021354166666666667 0.037037037037037035
0 0.18098958333333334 0.37222222222222223 0.0234375 0.037037037037037035
0 0.6794270833333333 0.24722222222222223 0.021354166666666667 0.037037037037037035
0 0.6565104166666667 0.12731481481481483 0.021354166666666667 0.03611111111111111
0 0.58984375 0.16898148148148148 0.021354166666666667 0.03796296296296296
0 0.45 0.2537037037037037 0.020833333333333332 0.037037037037037035
0 0.4778645833333333 0.4666666666666667 0.021354166666666667 0.037037037037037035
0 0.21901041666666668 0.27314814814814814 0.022395833333333334 0.03888888888888889
0 0.634375 0.2518518518518518 0.021875 0.03888888888888889
0 0.16979166666666667 0.41712962962962963 0.023958333333333335 0.03796296296296296
0 0.42864583333333334 0.2449074074074074 0.020833333333333332 0.03611111111111111
0 0.19921875 0.3486111111111111 0.0234375 0.03796296296296296
0 0.5950520833333334 0.12361111111111112 0.021354166666666667 0.03796296296296296
0 0.4354166666666667 0.4601851851851852 0.021875 0.03888888888888889
0 0.5466145833333333 0.42824074074074076 0.022395833333333334 0.03796296296296296
0 0.19244791666666666 0.2884259259259259 0.022395833333333334 0.03796296296296296
0 0.4453125 0.4148148148148148 0.021875 0.03888888888888889
0 0.49557291666666664 0.38472222222222224 0.021354166666666667 0.03796296296296296
0 0.6513020833333333 0.18703703703703703 0.021354166666666667 0.037037037037037035
0 0.32005208333333335 0.6444444444444445 0.0234375 0.040740740740740744
0 0.28515625 0.21203703703703702 0.022395833333333334 0.037037037037037035
0 0.16145833333333334 0.24305555555555555 0.021875 0.03796296296296296
0 0.1828125 0.3282407407407407 0.022916666666666665 0.03796296296296296
0 0.25390625 0.21944444444444444 0.022395833333333334 0.037037037037037035
0 0.4890625 0.42453703703703705 0.020833333333333332 0.03796296296296296
0 0.6627604166666666 0.22407407407407406 0.021354166666666667 0.037037037037037035
0 0.56171875 0.08287037037037037 0.0203125 0.03796296296296296
0 0.47682291666666665 0.18333333333333332 0.021354166666666667 0.037037037037037035
0 0.6236979166666666 0.07731481481481481 0.0203125 0.03611111111111111
0 0.4588541666666667 0.16111111111111112 0.020833333333333332 0.03518518518518519
0 0.45703125 0.4550925925925926 0.0203125 0.03796296296296296
0 0.6442708333333333 0.08425925925925926 0.020833333333333332 0.03518518518518519
0 0.18098958333333334 0.25925925925925924 0.021354166666666667 0.037037037037037035
0 0.58046875 0.06805555555555555 0.0203125 0.03611111111111111
0 0.26927083333333335 0.18796296296296297 0.021875 0.037037037037037035
0 0.534375 0.39814814814814814 0.021875 0.037037037037037035
0 0.23515625 0.13148148148148148 0.021354166666666667 0.037037037037037035
0 0.2518229166666667 0.15694444444444444 0.021354166666666667 0.03796296296296296
0 0.63046875 0.21712962962962962 0.021354166666666667 0.03611111111111111
0 0.44166666666666665 0.21851851851851853 0.020833333333333332 0.03518518518518519
0 0.6356770833333333 0.11435185185185186 0.0203125 0.03611111111111111
0 0.4666666666666667 0.4166666666666667 0.020833333333333332 0.037037037037037035
0 0.45755208333333336 0.19583333333333333 0.0203125 0.03611111111111111
0 0.18125 0.2199074074074074 0.020833333333333332 0.03611111111111111
0 0.20260416666666667 0.2523148148148148 0.021875 0.03796296296296296
0 0.5950520833333334 0.08981481481481482 0.0203125 0.03518518518518519
0 0.6145833333333334 0.10740740740740741 0.019791666666666666 0.037037037037037035
0 0.21536458333333333 0.19027777777777777 0.021354166666666667 0.03796296296296296
0 0.23072916666666668 0.16574074074074074 0.020833333333333332 0.037037037037037035
0 0.6138020833333333 0.1962962962962963 0.021354166666666667 0.037037037037037035
0 0.20208333333333334 0.21898148148148147 0.020833333333333332 0.03796296296296296
0 0.23723958333333334 0.19907407407407407 0.021354166666666667 0.037037037037037035
0 0.51640625 0.37407407407407406 0.0203125 0.03518518518518519
0 0.22213541666666667 0.22453703703703703 0.021354166666666667 0.03796296296296296