1 0.5549479166666667 0.3912037037037037 0.0359375 0.0824074074074074
1 0.5526041666666667 0.5814814814814815 0.04375 0.07592592592592592
1 0.35520833333333335 0.5152777777777777 0.03125 0.08981481481481482
1 0.4231770833333333 0.5203703703703704 0.04114583333333333 0.07407407407407407
1 0.35859375 0.6532407407407408 0.0421875 0.07685185185185185
1 0.48541666666666666 0.5944444444444444 0.030208333333333334 0.08888888888888889
1 0.5333333333333333 0.5282407407407408 0.04479166666666667 0.075
1 0.5104166666666666 0.6162037037037037 0.030208333333333334 0.08796296296296297
1 0.48489583333333336 0.6527777777777778 0.04791666666666667 0.06296296296296296
1 0.3333333333333333 0.6560185185185186 0.0375 0.08425925925925926
1 0.4161458333333333 0.5583333333333333 0.03958333333333333 0.07962962962962963
1 0.4796875 0.5009259259259259 0.051041666666666666 0.04814814814814815
1 0.37135416666666665 0.5212962962962963 0.028125 0.08518518518518518
1 0.6010416666666667 0.5648148148148148 0.052083333333333336 0.03518518518518519
1 0.44877083333333334 0.6037314814814815 0.027755208333333333 0.08893518518518519
1 0.3941614583333333 0.5007685185185186 0.029989583333333333 0.09105555555555556
1 0.38028125 0.5939814814814814 0.05119270833333334 0.05462962962962963
1 0.5408854166666667 0.3699074074074074 0.03697916666666667 0.08425925925925926
1 0.34661458333333334 0.4703703703703704 0.043229166666666666 0.07407407407407407
1 0.5863489583333333 0.5314814814814814 0.05186458333333333 0.03518518518518519
1 0.46197916666666666 0.5810185185185185 0.029166666666666667 0.08796296296296297
1 0.5817708333333333 0.3837962962962963 0.03125 0.08611111111111111
1 0.48590104166666664 0.5370370370370371 0.04888541666666667 0.044444444444444446
1 0.18645833333333334 0.8157407407407408 0.03958333333333333 0.08888888888888889
1 0.4661458333333333 0.675 0.051041666666666666 0.05555555555555555
1 0.61328125 0.5967592592592592 0.0546875 0.03796296296296296
1 0.42526041666666664 0.45231481481481484 0.05082291666666667 0.041666666666666664
1 0.36223958333333334 0.6921296296296297 0.043229166666666666 0.08055555555555556
1 0.44084375 0.504712962962963 0.045390625000000004 0.0720462962962963
1 0.5365729166666667 0.5668425925925926 0.04502083333333333 0.07743518518518518