1 0.466234375 0.5787037037037037 0.052265624999999996 0.03888888888888889
1 0.4583333333333333 0.611574074074074 0.051041666666666666 0.03796296296296296
1 0.3580729166666667 0.5351851851851852 0.050520833333333334 0.044444444444444446
1 0.466390625 0.6416666666666667 0.052572916666666664 0.040740740740740744
1 0.3059895833333333 0.6726851851851852 0.050520833333333334 0.04351851851851852
1 0.3388177083333333 0.6586388888888889 0.04840625 0.0623611111111111
1 0.4515625 0.5523148148148148 0.052083333333333336 0.03981481481481482
1 0.4192708333333333 0.6194444444444445 0.03229166666666667 0.08703703703703704
1 0.340625 0.48842592592592593 0.04375 0.0712962962962963
1 0.37265625 0.4842592592592593 0.044270833333333336 0.06481481481481481
1 0.3658854166666667 0.5731481481481482 0.050520833333333334 0.05740740740740741
1 0.3953125 0.44351851851851853 0.04375 0.07222222222222222
1 0.340796875 0.6237685185185184 0.04721354166666667 0.0623611111111111
1 0.40651041666666665 0.513425925925926 0.0296875 0.08796296296296297
1 0.3919270833333333 0.5305555555555556 0.028645833333333332 0.08703703703703704
1 0.42473958333333334 0.4439814814814815 0.030729166666666665 0.0824074074074074
1 0.37083333333333335 0.6912037037037037 0.03229166666666667 0.08425925925925926
1 0.4030833333333333 0.5982037037037037 0.036546875 0.08714814814814816
1 0.5236979166666667 0.4671296296296296 0.034895833333333334 0.08425925925925926
1 0.45 0.6791666666666667 0.051041666666666666 0.04351851851851852
1 0.50234375 0.5 0.021354166666666667 0.09074074074074075
1 0.3890625 0.7092592592592593 0.036458333333333336 0.08703703703703704
1 0.5236979166666667 0.5421296296296296 0.0265625 0.08981481481481482
1 0.32482812499999997 0.7187685185185185 0.04341145833333333 0.08653703703703704
1 0.28469791666666666 0.6370370370370371 0.05168229166666667 0.04259259259259259
1 0.54921875 0.4777777777777778 0.025520833333333333 0.08888888888888889
1 0.296875 0.7296296296296296 0.040625 0.07777777777777778
1 0.48671875 0.4759259259259259 0.0203125 0.08888888888888889
1 0.33522916666666663 0.7470370370370369 0.04025 0.08555555555555557
1 0.349546875 0.5926851851851852 0.048052083333333336 0.0631574074074074