1 0.5294270833333333 0.6032407407407407 0.049479166666666664 0.04537037037037037
1 0.45651041666666664 0.4981481481481482 0.044270833333333336 0.05
1 0.48456770833333335 0.4444444444444444 0.04857291666666667 0.05555555555555555
1 0.48802083333333335 0.412962962962963 0.046875 0.05555555555555555
1 0.45724479166666665 0.5626018518518519 0.033239583333333336 0.08816666666666667
1 0.4947708333333333 0.6000833333333334 0.028125 0.09444444444444444
1 0.4466145833333333 0.6 0.028645833333333332 0.08518518518518518
1 0.4309895833333333 0.6888888888888889 0.04739583333333333 0.06666666666666667
1 0.43125 0.6197037037037036 0.029166666666666667 0.09125925925925926
1 0.3966145833333333 0.5675925925925925 0.050520833333333334 0.05555555555555555
1 0.553859375 0.5824074074074074 0.05196875 0.046296296296296294
1 0.44583333333333336 0.4736111111111111 0.04895833333333333 0.05462962962962963
1 0.47333333333333333 0.5513888888888889 0.03000520833333333 0.08796296296296297
1 0.5234375 0.6351851851851852 0.052083333333333336 0.04259259259259259
1 0.40390625 0.6217592592592592 0.028645833333333332 0.08981481481481482
1 0.46875 0.6425925925925926 0.027083333333333334 0.09259259259259259
1 0.5114583333333333 0.5157407407407407 0.021875 0.09074074074074075
1 0.4981770833333333 0.3888888888888889 0.04739583333333333 0.053703703703703705
1 0.44453125 0.42916666666666664 0.043229166666666666 0.06944444444444445
1 0.38984375 0.5393518518518519 0.050520833333333334 0.06018518518518518
1 0.527421875 0.4867592592592593 0.022916666666666665 0.09485185185185185
1 0.49140625 0.513425925925926 0.019270833333333334 0.09166666666666666
1 0.3338541666666667 0.7101851851851851 0.05 0.05
1 0.40703125 0.6759259259259259 0.043229166666666666 0.07407407407407407
1 0.4625 0.7060185185185185 0.052083333333333336 0.04537037037037037
1 0.36614583333333334 0.6712962962962963 0.023958333333333335 0.09259259259259259
1 0.5782291666666667 0.5541666666666667 0.041463541666666666 0.08055555555555556
1 0.54765625 0.5201851851851852 0.022395833333333334 0.09351851851851851
1 0.33619791666666665 0.7430555555555556 0.049479166666666664 0.05092592592592592
1 0.4791458333333333 0.34675925925925927 0.049953125 0.041666666666666664