1 0.5364583333333334 0.6018518518518519 0.05 0.03888888888888889
1 0.50078125 0.4444444444444444 0.04635416666666667 0.05925925925925926
1 0.5551041666666666 0.5763888888888888 0.05427083333333334 0.03796296296296296
1 0.45989583333333334 0.34675925925925927 0.042708333333333334 0.0787037037037037
1 0.43333333333333335 0.6046296296296296 0.03333333333333333 0.08518518518518518
1 0.4765625 0.5722777777777778 0.025 0.0927037037037037
1 0.5080729166666667 0.5032407407407408 0.034895833333333334 0.08611111111111111
1 0.4515625 0.6092592592592593 0.03125 0.08518518518518518
1 0.5268229166666667 0.6324074074074074 0.05260416666666667 0.03888888888888889
1 0.5005208333333333 0.3990740740740741 0.04479166666666667 0.06851851851851852
1 0.4984375 0.5981481481481481 0.03854166666666667 0.08333333333333333
1 0.56346875 0.5231481481481481 0.044645833333333336 0.07222222222222222
1 0.5338541666666666 0.4935185185185185 0.019791666666666666 0.08888888888888889
1 0.5494791666666666 0.45787037037037037 0.025 0.08796296296296297
1 0.41692708333333334 0.5902777777777778 0.03697916666666667 0.08796296296296297
1 0.4778645833333333 0.2916666666666667 0.034895833333333334 0.07962962962962963
1 0.32890625 0.7125 0.043229166666666666 0.0787037037037037
1 0.46901041666666665 0.4305555555555556 0.030729166666666665 0.08518518518518518
1 0.5934895833333333 0.33611111111111114 0.0359375 0.08518518518518518
1 0.5877604166666667 0.5652777777777778 0.03802083333333333 0.08611111111111111
1 0.5041666666666667 0.30092592592592593 0.026041666666666668 0.08518518518518518
1 0.5169270833333334 0.27870370370370373 0.027604166666666666 0.08518518518518518
1 0.48046875 0.24212962962962964 0.04635416666666667 0.04351851851851852
1 0.3221354166666667 0.6560185185185186 0.0515625 0.03611111111111111
1 0.3028645833333333 0.7152777777777778 0.0359375 0.08425925925925926
1 0.4515625 0.6652777777777777 0.04895833333333333 0.058333333333333334
1 0.336203125 0.7435925925925926 0.04428125 0.08319444444444445
1 0.5064166666666667 0.3727777777777778 0.04317708333333334 0.07333333333333333
1 0.46640625 0.3758148148148148 0.04167708333333333 0.0763888888888889
1 0.492828125 0.5182777777777778 0.03609375 0.08478703703703704