1 0.3885416666666667 0.549537037037037 0.036458333333333336 0.08611111111111111
1 0.6052083333333333 0.2777777777777778 0.05 0.03888888888888889
1 0.5182291666666666 0.6149074074074075 0.04614583333333333 0.07777777777777778
1 0.4752604166666667 0.5092592592592593 0.05260416666666667 0.03888888888888889
1 0.58515625 0.3837962962962963 0.049479166666666664 0.03611111111111111
1 0.3697916666666667 0.6166666666666667 0.0375 0.08518518518518518
1 0.5213541666666667 0.5532407407407407 0.03229166666666667 0.09166666666666666
1 0.33515625 0.6546296296296297 0.024479166666666666 0.08888888888888889
1 0.5973958333333333 0.3304814814814815 0.041666666666666664 0.0787037037037037
1 0.30546875 0.47962962962962963 0.0328125 0.08888888888888889
1 0.534375 0.3976851851851852 0.046875 0.06574074074074074
1 0.3625 0.6907407407407408 0.04479166666666667 0.07592592592592592
1 0.58359375 0.5662037037037037 0.0484375 0.06759259259259259
1 0.3307291666666667 0.5027777777777778 0.027083333333333334 0.08888888888888889
1 0.4889010416666667 0.538425925925926 0.05175520833333334 0.03425925925925926
1 0.36875 0.5643518518518519 0.035416666666666666 0.08055555555555556
1 0.46328125 0.5726851851851852 0.0546875 0.03425925925925926
1 0.42526041666666664 0.5648148148148148 0.03802083333333333 0.07407407407407407
1 0.5906927083333334 0.4125925925925926 0.053265625 0.03425925925925926
1 0.5856770833333333 0.5259259259259259 0.04635416666666667 0.07037037037037037
1 0.5041666666666667 0.40324074074074073 0.034375 0.08425925925925926
1 0.3458333333333333 0.48564814814814816 0.026041666666666668 0.08796296296296297
1 0.33307291666666666 0.5796296296296296 0.03697916666666667 0.08333333333333333
1 0.44505208333333335 0.6648148148148149 0.03177083333333333 0.08703703703703704
1 0.5270833333333333 0.4476851851851852 0.04583333333333333 0.06759259259259259
1 0.4908854166666667 0.6087962962962963 0.028645833333333332 0.09537037037037037
1 0.41045833333333337 0.643787037037037 0.049479166666666664 0.05979629629629629
1 0.40859375 0.4976851851851852 0.034895833333333334 0.08611111111111111
1 0.53828125 0.4898148148148148 0.050520833333333334 0.044444444444444446
1 0.545203125 0.5433425925925925 0.03854166666666667 0.09351851851851851
1 0.46432291666666664 0.6611111111111111 0.0296875 0.09074074074074075
1 0.6218229166666667 0.503 0.041666666666666664 0.09351851851851851
1 0.6453125 0.43225925925925923 0.025822916666666664 0.09337962962962962
1 0.42582291666666666 0.7221296296296296 0.0526875 0.04610185185185185
1 0.4038072916666666 0.6828703703703703 0.052083333333333336 0.06944444444444445
1 0.6200520833333333 0.3790462962962963 0.028645833333333332 0.09074074074074075
1 0.3625 0.4699074074074074 0.026041666666666668 0.09537037037037037
1 0.6307291666666667 0.3402777777777778 0.028125 0.08981481481481482
1 0.6609375 0.3254814814814815 0.034375 0.08333333333333333
1 0.44895833333333335 0.6027777777777777 0.053125 0.03518518518518519
1 0.5663229166666667 0.4486111111111111 0.0546875 0.041666666666666664
1 0.3140625 0.6668611111111111 0.021875 0.0962962962962963
1 0.3411458333333333 0.7763888888888889 0.04791666666666667 0.06018518518518518
1 0.30390625 0.6125 0.0421875 0.07685185185185185
1 0.36109375 0.7569444444444444 0.050312499999999996 0.058333333333333334
1 0.5755520833333333 0.6333333333333333 0.053187500000000006 0.03888888888888889
1 0.6403645833333333 0.2814814814814815 0.0296875 0.08703703703703704
1 0.6526041666666667 0.25277777777777777 0.028125 0.08888888888888889
1 0.71328125 0.3282407407407407 0.05364583333333333 0.05277777777777778
1 0.7200520833333334 0.4097222222222222 0.0265625 0.08981481481481482
1 0.6424479166666667 0.5675925925925925 0.0484375 0.07037037037037037
1 0.6941614583333333 0.3541666666666667 0.052083333333333336 0.03981481481481482
1 0.4903645833333333 0.6828703703703703 0.0484375 0.062037037037037036
1 0.3421875 0.4212962962962963 0.04375 0.07037037037037037
1 0.62734375 0.22361111111111112 0.0390625 0.07685185185185185
1 0.303125 0.763425925925926 0.023958333333333335 0.09351851851851851
1 0.18802083333333333 0.8541666666666666 0.046875 0.0824074074074074
1 0.29921875 0.4398148148148148 0.0359375 0.07962962962962963
1 0.49270833333333336 0.375 0.03229166666666667 0.08148148148148149
1 0.22135416666666666 0.8800925925925925 0.021875 0.10092592592592593
1 0.30494791666666665 0.8268518518518518 0.0453125 0.08333333333333333
1 0.69609375 0.4152777777777778 0.0203125 0.08981481481481482
1 0.5799635416666666 0.32480555555555557 0.041177083333333336 0.07632407407407409
1 0.20260416666666667 0.9013888888888889 0.021875 0.10092592592592593
1 0.23463541666666668 0.9300925925925926 0.03177083333333333 0.09351851851851851
1 0.6322760416666667 0.4772222222222222 0.041666666666666664 0.08907407407407408
1 0.5338645833333333 0.6343055555555556 0.04388020833333333 0.07796296296296297
1 0.39076041666666667 0.5035648148148149 0.039984374999999996 0.08347222222222223
1 0.5698593750000001 0.58775 0.04955729166666667 0.06726851851851852
1 0.5870468750000001 0.49532407407407414 0.047838541666666665 0.07185185185185185