1 0.655671875 0.6074074074074074 0.054052083333333334 0.04259259259259259
1 0.33421875 0.6944444444444444 0.038223958333333335 0.08148148148148149
1 0.32526041666666666 0.7296296296296296 0.033854166666666664 0.09074074074074075
1 0.5955729166666667 0.5977870370370371 0.043229166666666666 0.0859074074074074
1 0.65703125 0.5407407407407407 0.0421875 0.07962962962962963
1 0.3640625 0.6578703703703703 0.04375 0.07685185185185185
1 0.684375 0.27314814814814814 0.051041666666666666 0.03888888888888889
1 0.3893229166666667 0.5111111111111111 0.0484375 0.05
1 0.6619791666666667 0.3087962962962963 0.05416666666666667 0.03796296296296296
1 0.33800520833333336 0.6305555555555555 0.051078124999999995 0.040740740740740744
1 0.7746354166666667 0.6001851851851853 0.054484375 0.06517592592592593
1 0.7182291666666667 0.20462962962962963 0.025 0.08703703703703704
1 0.575 0.3625 0.040625 0.0787037037037037
1 0.74921875 0.6157407407407407 0.05677083333333333 0.06296296296296296
1 0.5447916666666667 0.37175925925925923 0.0375 0.08055555555555556
1 0.40208333333333335 0.6481481481481481 0.04479166666666667 0.07222222222222222
1 0.525 0.5541666666666667 0.04583333333333333 0.06759259259259259
1 0.3541666666666667 0.2439814814814815 0.029166666666666667 0.0787037037037037
1 0.65 0.6787037037037037 0.052083333333333336 0.04259259259259259
1 0.69921875 0.5203703703703704 0.034895833333333334 0.08703703703703704
1 0.745421875 0.6506481481481482 0.054385416666666665 0.0605462962962963
1 0.64375 0.3388888888888889 0.051041666666666666 0.037037037037037035
1 0.7536458333333333 0.7138888888888889 0.05 0.07592592592592592
1 0.30544270833333337 0.8036296296296296 0.032828125 0.09351851851851851
1 0.781546875 0.5282407407407408 0.05892708333333333 0.03981481481481482
1 0.37057291666666664 0.4837962962962963 0.0453125 0.06574074074074074
1 0.6458333333333334 0.6435185185185185 0.05416666666666667 0.04259259259259259
1 0.4010416666666667 0.5671296296296297 0.025 0.08611111111111111
1 0.6859739583333333 0.5441944444444444 0.04069791666666667 0.09024074074074073
1 0.33828125 0.6013888888888889 0.05260416666666667 0.03981481481481482
1 0.7044270833333334 0.32546296296296295 0.022395833333333334 0.09166666666666666
1 0.6346354166666667 0.5814814814814815 0.0515625 0.044444444444444446
1 0.3809895833333333 0.5986111111111111 0.04114583333333333 0.07314814814814814
1 0.8205729166666667 0.6800925925925926 0.0390625 0.09722222222222222
1 0.5239583333333333 0.5166666666666667 0.046875 0.07037037037037037
1 0.6255208333333333 0.399537037037037 0.0375 0.08611111111111111
1 0.6559895833333333 0.48703703703703705 0.0515625 0.037037037037037035
1 0.67890625 0.36018518518518516 0.0328125 0.08518518518518518
1 0.528125 0.6212962962962963 0.025 0.09259259259259259
1 0.78828125 0.6833333333333333 0.024479166666666666 0.09444444444444444
1 0.6208333333333333 0.5518518518518518 0.052083333333333336 0.05
1 0.38333333333333336 0.24351851851851852 0.04375 0.06296296296296296
1 0.36484375 0.711574074074074 0.034895833333333334 0.08981481481481482
1 0.6854166666666667 0.24074074074074073 0.05 0.04259259259259259
1 0.7263020833333333 0.6680555555555555 0.0546875 0.058333333333333334
1 0.49973958333333335 0.6425925925925926 0.04739583333333333 0.05925925925925926
1 0.342640625 0.8216388888888889 0.051953125 0.06597222222222222
1 0.5989583333333334 0.4111111111111111 0.03854166666666667 0.08148148148148149
1 0.54765625 0.5958333333333333 0.019270833333333334 0.08981481481481482
1 0.4236979166666667 0.49809259259259264 0.030729166666666665 0.08876851851851852
1 0.7302083333333333 0.449537037037037 0.05 0.06944444444444445
1 0.8174479166666667 0.7421296296296296 0.04635416666666667 0.09537037037037037
1 0.7192708333333333 0.2953703703703704 0.022916666666666665 0.08703703703703704
1 0.422328125 0.6884259259259259 0.052994791666666666 0.03611111111111111
1 0.7765625 0.4930555555555556 0.05625 0.03611111111111111
1 0.32578125 0.28379629629629627 0.027604166666666666 0.0824074074074074
1 0.36354166666666665 0.5504629629629629 0.04791666666666667 0.03611111111111111
1 0.3333333333333333 0.8708333333333333 0.04791666666666667 0.06944444444444445
1 0.6833333333333333 0.2111111111111111 0.05 0.04259259259259259
1 0.7296875 0.7643518518518518 0.05416666666666667 0.06574074074074074
1 0.38697916666666665 0.31203703703703706 0.019791666666666666 0.09074074074074075
1 0.8502604166666666 0.7087962962962963 0.0234375 0.09907407407407408
1 0.34739583333333335 0.4777777777777778 0.046875 0.06666666666666667
1 0.5940104166666667 0.3712962962962963 0.0359375 0.07592592592592592
1 0.2981770833333333 0.8930555555555556 0.0296875 0.09166666666666666
1 0.3418541666666667 0.7885555555555556 0.052265624999999996 0.07031481481481482
1 0.29873437500000005 0.75425 0.03496875 0.0970462962962963
1 0.5888020833333333 0.6268518518518519 0.044270833333333336 0.07962962962962963
1 0.7873645833333334 0.5741574074074074 0.055447916666666666 0.06592592592592593
1 0.8104947916666667 0.7785185185185185 0.047322916666666666 0.09543518518518518