1 0.5139635416666667 0.6101574074074074 0.04043229166666666 0.07967592592592593
1 0.37109375 0.6152777777777778 0.0453125 0.06759259259259259
1 0.6052083333333333 0.2722222222222222 0.04895833333333333 0.044444444444444446
1 0.6604583333333333 0.32685185185185184 0.037578125000000004 0.07962962962962963
1 0.4791666666666667 0.3819444444444444 0.04479166666666667 0.07314814814814814
1 0.5236979166666667 0.39814814814814814 0.0484375 0.06851851851851852
1 0.6252604166666667 0.42962962962962964 0.0359375 0.08703703703703704
1 0.6013020833333333 0.32685185185185184 0.04010416666666667 0.08333333333333333
1 0.6113489583333334 0.5044351851851852 0.047447916666666666 0.07314814814814814
1 0.5552083333333333 0.39675925925925926 0.04791666666666667 0.06759259259259259
1 0.4847447916666667 0.3354537037037037 0.053125 0.04814814814814815
1 0.34921875 0.6888055555555556 0.0359375 0.08871296296296297
1 0.41015625 0.5680555555555555 0.04635416666666667 0.06944444444444445
1 0.5065104166666666 0.47962962962962963 0.0453125 0.05925925925925926
1 0.3990677083333333 0.5076296296296297 0.0484375 0.06111111111111111
1 0.44505208333333335 0.45046296296296295 0.0296875 0.08425925925925926
1 0.33177083333333335 0.6143518518518518 0.036458333333333336 0.08981481481481482
1 0.5010416666666667 0.2972222222222222 0.051041666666666666 0.04259259259259259
1 0.5101822916666666 0.5343703703703704 0.037031249999999995 0.0817037037037037
1 0.40965104166666666 0.6537037037037037 0.05158854166666667 0.046296296296296294
1 0.4421875 0.670675925925926 0.03333333333333333 0.08827777777777777
1 0.4236979166666667 0.4597222222222222 0.03697916666666667 0.07685185185185185
1 0.36432291666666666 0.572 0.04635416666666667 0.06481481481481481
1 0.46197916666666666 0.6675925925925926 0.03229166666666667 0.08703703703703704
1 0.5046875 0.4444444444444444 0.04791666666666667 0.05555555555555555
1 0.4044270833333333 0.6875 0.0515625 0.04537037037037037
1 0.46309374999999997 0.30403703703703705 0.040281250000000005 0.0795
1 0.5546875 0.5643518518518519 0.052083333333333336 0.03611111111111111
1 0.5747812499999999 0.5336203703703704 0.045390625000000004 0.07280555555555555
1 0.5545260416666667 0.4824074074074074 0.050520833333333334 0.03888888888888889
1 0.4822916666666667 0.6060185185185185 0.023958333333333335 0.09166666666666666
1 0.34401041666666665 0.7851851851851852 0.05260416666666667 0.03888888888888889
1 0.6130208333333333 0.3819444444444444 0.020833333333333332 0.08981481481481482
1 0.44487499999999996 0.5794722222222223 0.05260416666666667 0.04334259259259259
1 0.581671875 0.5967592592592592 0.05397395833333333 0.03796296296296296
1 0.6413593750000001 0.2802222222222222 0.031671875 0.0882314814814815
1 0.31354166666666666 0.725925925925926 0.05 0.040740740740740744
1 0.44817708333333334 0.612037037037037 0.050520833333333334 0.037037037037037035
1 0.5294270833333333 0.6263888888888889 0.03802083333333333 0.0824074074074074
1 0.2911458333333333 0.7652777777777777 0.04375 0.07314814814814814
1 0.467203125 0.5036574074074075 0.05002604166666667 0.05009259259259259
1 0.3341145833333333 0.7523148148148148 0.0515625 0.03981481481481482
1 0.6307291666666667 0.3425925925925926 0.020833333333333332 0.09259259259259259
1 0.6543177083333334 0.2538148148148148 0.031552083333333335 0.08911111111111111
1 0.4552083333333333 0.5449074074074074 0.05 0.03611111111111111
1 0.6930416666666667 0.3541666666666667 0.05171354166666667 0.03981481481481482
1 0.5783854166666667 0.425462962962963 0.050520833333333334 0.03611111111111111
1 0.4236979166666667 0.7282407407407407 0.049479166666666664 0.05092592592592592
1 0.7130208333333333 0.3277777777777778 0.05416666666666667 0.05185185185185185
1 0.4893645833333334 0.6809722222222223 0.05059895833333334 0.06583333333333333
1 0.31197916666666664 0.6930092592592593 0.053125 0.03981481481481482
1 0.58225 0.4543888888888889 0.05325520833333333 0.03611111111111111
1 0.6266093749999999 0.22233333333333333 0.041567708333333335 0.07526851851851853
1 0.6408854166666667 0.5648148148148148 0.04739583333333333 0.07037037037037037
1 0.26796875 0.774074074074074 0.043229166666666666 0.07962962962962963
1 0.7197916666666667 0.4111111111111111 0.027083333333333334 0.09074074074074075
1 0.35785937500000004 0.6515648148148149 0.03690625 0.08206481481481481
1 0.28828125 0.35 0.04010416666666667 0.07407407407407407
1 0.30807291666666664 0.8375 0.0484375 0.075
1 0.22213541666666667 0.8800925925925925 0.0234375 0.10092592592592593
1 0.1890625 0.8541666666666666 0.046875 0.0824074074074074
1 0.4645364583333333 0.24349074074074076 0.031151041666666667 0.08523148148148148
1 0.5847395833333333 0.318537037037037 0.04197395833333333 0.07780555555555556
1 0.6955729166666667 0.4148148148148148 0.0203125 0.08888888888888889
1 0.41653645833333336 0.5261944444444444 0.048171874999999996 0.06535185185185186
1 0.5971302083333333 0.5250185185185186 0.04844791666666667 0.07404629629629629
1 0.5028229166666667 0.3826851851851852 0.04331770833333334 0.06906481481481481
1 0.20260416666666667 0.9004629629629629 0.022916666666666665 0.10277777777777777
1 0.23463541666666668 0.9291666666666667 0.03177083333333333 0.09166666666666666
1 0.4939427083333333 0.5502777777777778 0.03606770833333333 0.08278703703703703