1 0.694046875 0.3541666666666667 0.053723958333333335 0.03981481481481482
1 0.6520833333333333 0.2537037037037037 0.028125 0.09074074074074075
1 0.6268229166666667 0.22453703703703703 0.0390625 0.07685185185185185
1 0.63984375 0.2810185185185185 0.0296875 0.08611111111111111
1 0.6606822916666667 0.3257222222222222 0.03802604166666667 0.08187962962962964
1 0.48988020833333334 0.6851851851851852 0.051640625 0.05740740740740741
1 0.4432291666666667 0.6653425925925927 0.034375 0.08968518518518519
1 0.34869791666666666 0.687962962962963 0.033854166666666664 0.08518518518518518
1 0.40989583333333335 0.6481481481481481 0.051041666666666666 0.05185185185185185
1 0.3614583333333333 0.5763888888888888 0.04895833333333333 0.05648148148148148
1 0.44698437500000004 0.46131481481481484 0.048734374999999996 0.059657407407407416
1 0.40625 0.5148148148148148 0.046875 0.07222222222222222
1 0.4244791666666667 0.7222222222222222 0.05 0.044444444444444446
1 0.6052083333333333 0.27870370370370373 0.05 0.03888888888888889
1 0.4739947916666667 0.5106481481481482 0.05364583333333333 0.03981481481481482
1 0.5791979166666666 0.3263240740740741 0.042328125 0.07592592592592592
1 0.5684895833333333 0.4486111111111111 0.0515625 0.041666666666666664
1 0.5838541666666667 0.5657407407407408 0.04895833333333333 0.06666666666666667
1 0.585453125 0.38472222222222224 0.052161458333333334 0.03611111111111111
1 0.4510416666666667 0.6069444444444444 0.053125 0.03611111111111111
1 0.5856770833333333 0.5263888888888889 0.04635416666666667 0.06574074074074074
1 0.57615625 0.6337962962962963 0.05230729166666667 0.04351851851851852
1 0.4908854166666667 0.29212962962962963 0.03697916666666667 0.0712962962962963
1 0.52265625 0.5523148148148148 0.0328125 0.08796296296296297
1 0.40390625 0.6847222222222222 0.0515625 0.05462962962962963
1 0.3684895833333333 0.6180555555555556 0.0453125 0.058333333333333334
1 0.5168541666666667 0.6177222222222222 0.04427604166666667 0.07751851851851851
1 0.5375 0.49027777777777776 0.05 0.03981481481481482
1 0.46432291666666664 0.575 0.0546875 0.03518518518518519
1 0.4277916666666667 0.5692499999999999 0.04025 0.0866574074074074
1 0.7130208333333333 0.3282407407407407 0.05416666666666667 0.05277777777777778
1 0.5359375 0.4009259259259259 0.04791666666666667 0.07962962962962963
1 0.5278645833333333 0.4486111111111111 0.04739583333333333 0.0712962962962963
1 0.4700885416666667 0.339537037037037 0.03125 0.08808333333333333
1 0.6321093750000001 0.47883333333333333 0.03921875 0.08544444444444445
1 0.640625 0.5643518518518519 0.046875 0.0712962962962963
1 0.49713541666666666 0.3851851851851852 0.0359375 0.09259259259259259
1 0.6302083333333334 0.3388888888888889 0.027083333333333334 0.08888888888888889
1 0.5907760416666666 0.41448148148148145 0.05342708333333333 0.03585185185185185
1 0.4627604166666667 0.6638888888888889 0.0328125 0.08888888888888889
1 0.49140625 0.6064814814814815 0.028645833333333332 0.09074074074074075
1 0.47552083333333334 0.47824074074074074 0.051041666666666666 0.04537037037037037
1 0.5456145833333333 0.5433148148148148 0.03839583333333333 0.08478703703703704
1 0.4888385416666667 0.5393518518518519 0.051640625 0.03425925925925926
1 0.31302083333333336 0.725925925925926 0.051041666666666666 0.040740740740740744
1 0.6454635416666666 0.43280555555555555 0.025296875 0.09153703703703704
1 0.31276041666666665 0.6953703703703704 0.05260416666666667 0.040740740740740744
1 0.6197916666666666 0.3798888888888889 0.0300625 0.08889814814814816
1 0.33489583333333334 0.7537037037037037 0.053125 0.03888888888888889
1 0.7200520833333334 0.4101851851851852 0.0265625 0.09074074074074075
1 0.28984375 0.7625 0.04635416666666667 0.06944444444444445
1 0.4270833333333333 0.3623703703703704 0.019791666666666666 0.09008333333333333
1 0.34401041666666665 0.787962962962963 0.0515625 0.037037037037037035
1 0.4453489583333334 0.36448148148148146 0.019869791666666668 0.0882314814814815
1 0.35624479166666667 0.6421203703703704 0.05313020833333334 0.06760185185185186
1 0.28828125 0.35 0.04010416666666667 0.07407407407407407
1 0.1890625 0.8541666666666666 0.046875 0.0824074074074074
1 0.6955729166666667 0.4152777777777778 0.0203125 0.08981481481481482
1 0.221875 0.8805555555555555 0.022916666666666665 0.1
1 0.30833333333333335 0.8375 0.04895833333333333 0.075
1 0.20260416666666667 0.9004629629629629 0.023958333333333335 0.10277777777777777
1 0.23411458333333332 0.9296296296296296 0.03177083333333333 0.09259259259259259
1 0.5997864583333333 0.33269444444444446 0.041088541666666666 0.07807407407407407
1 0.61990625 0.5027962962962963 0.03669270833333334 0.08522222222222223
1 0.532875 0.6351296296296297 0.04423958333333333 0.08182407407407408
1 0.57175 0.5882592592592593 0.04959895833333334 0.06593518518518518
1 0.4209375 0.5310648148148148 0.042895833333333334 0.07387962962962964
1 0.5898489583333333 0.49650925925925926 0.046473958333333336 0.07308333333333333
1 0.5074062500000001 0.40872222222222226 0.03708854166666666 0.08341666666666667
1 0.47813541666666665 0.3753611111111111 0.038427083333333334 0.08182407407407408