1 0.4944270833333333 0.6121296296296297 0.04253645833333333 0.07734259259259259
1 0.5822916666666667 0.6314814814814815 0.04895833333333333 0.05185185185185185
1 0.5940104166666667 0.5504629629629629 0.050520833333333334 0.062037037037037036
1 0.5044114583333333 0.33564814814814814 0.049442708333333335 0.03981481481481482
1 0.4744791666666667 0.6013888888888889 0.042708333333333334 0.075
1 0.47213541666666664 0.6726851851851852 0.0453125 0.06944444444444445
1 0.4942708333333333 0.2722222222222222 0.023958333333333335 0.08333333333333333
1 0.59453125 0.3148148148148148 0.0484375 0.05185185185185185
1 0.47421875 0.2777777777777778 0.024479166666666666 0.08518518518518518
1 0.5393229166666667 0.6032407407407407 0.0484375 0.06944444444444445
1 0.6268229166666667 0.3693518518518518 0.04114583333333333 0.07574074074074073
1 0.5825520833333333 0.47453703703703703 0.05364583333333333 0.049074074074074076
1 0.63203125 0.5064814814814815 0.050520833333333334 0.06296296296296296
1 0.4703125 0.4648148148148148 0.027083333333333334 0.08333333333333333
1 0.3364739583333333 0.6224074074074074 0.0484375 0.06481481481481481
1 0.35833333333333334 0.6489166666666667 0.036458333333333336 0.08981481481481482
1 0.380640625 0.5900277777777778 0.026911458333333336 0.09302777777777778
1 0.37734375 0.5046296296296297 0.033854166666666664 0.08703703703703704
1 0.41302083333333334 0.5101851851851852 0.026041666666666668 0.08703703703703704
1 0.6296875 0.5643518518518519 0.027083333333333334 0.09351851851851851
1 0.510328125 0.5330277777777778 0.03524479166666667 0.0876574074074074
1 0.52265625 0.2759259259259259 0.028645833333333332 0.08148148148148149
1 0.5271354166666666 0.36527777777777776 0.0490625 0.058333333333333334
1 0.48321354166666663 0.4953425925925926 0.033578125 0.08697222222222223
1 0.42890625 0.49027777777777776 0.025520833333333333 0.08796296296296297
1 0.5885416666666666 0.4074074074074074 0.04895833333333333 0.06851851851851852
1 0.399390625 0.53975 0.026911458333333336 0.09062037037037038
1 0.5747760416666666 0.35648148148148145 0.050453125 0.044444444444444446
1 0.5453802083333333 0.5334537037037037 0.052223958333333334 0.03863888888888889
1 0.43828125 0.5842592592592593 0.019270833333333334 0.08703703703703704
1 0.3333333333333333 0.6912037037037037 0.0375 0.0824074074074074
1 0.325 0.7282407407407407 0.034375 0.09166666666666666
1 0.501875 0.495212962962963 0.035557291666666664 0.0884537037037037
1 0.6950520833333333 0.3939814814814815 0.050520833333333334 0.062037037037037036
1 0.4359375 0.6768518518518518 0.04895833333333333 0.05555555555555555
1 0.6497395833333334 0.5787037037037037 0.0265625 0.0962962962962963
1 0.6525 0.41345370370370366 0.036458333333333336 0.08518518518518518
1 0.3651041666666667 0.7092592592592593 0.030208333333333334 0.09259259259259259
1 0.5778645833333333 0.5055555555555555 0.049479166666666664 0.046296296296296294
1 0.5804010416666666 0.5746944444444444 0.049338541666666666 0.06419444444444444
1 0.5528645833333333 0.29212962962962963 0.050520833333333334 0.05092592592592592
1 0.7036458333333333 0.32175925925925924 0.04895833333333333 0.06574074074074074
1 0.7239583333333334 0.4064814814814815 0.040625 0.08518518518518518
1 0.6815104166666667 0.4425925925925926 0.0515625 0.05925925925925926
1 0.49375 0.3925925925925926 0.022916666666666665 0.08888888888888889
1 0.6002916666666667 0.4488055555555555 0.05149479166666667 0.050527777777777776
1 0.4192708333333333 0.6055555555555555 0.01875 0.09074074074074075
1 0.3047239583333334 0.8041944444444444 0.03430729166666667 0.0937037037037037
1 0.5426197916666666 0.42141666666666666 0.04878645833333333 0.07752777777777778
1 0.34293229166666667 0.8194444444444444 0.053578125000000004 0.06666666666666667
1 0.45107812500000005 0.5219166666666666 0.025833333333333333 0.08913888888888888
1 0.29661458333333335 0.7543518518518519 0.03177083333333333 0.095
1 0.40066145833333333 0.6362685185185185 0.019515624999999998 0.09289814814814815
1 0.6192708333333333 0.6291666666666667 0.025 0.09351851851851851
1 0.684375 0.35509259259259257 0.05416666666666667 0.03796296296296296
1 0.5464427083333334 0.3213888888888889 0.04927083333333333 0.0515462962962963
1 0.3319270833333333 0.8717592592592592 0.05072916666666667 0.06944444444444445
1 0.3234375 0.2810185185185185 0.028125 0.08425925925925926
1 0.7190104166666667 0.586574074074074 0.0515625 0.06018518518518518
1 0.5227239583333333 0.40555555555555556 0.045453125 0.06666666666666667
1 0.6427083333333333 0.687037037037037 0.020833333333333332 0.09444444444444444
1 0.298109375 0.8960185185185185 0.033921875 0.09895370370370371
1 0.4693229166666667 0.5707129629629629 0.044828124999999996 0.07710185185185185
1 0.5532447916666666 0.5826851851851852 0.04816145833333333 0.06722222222222221
1 0.5045 0.6377499999999999 0.04559375 0.07574074074074073
1 0.34109375 0.7878703703703703 0.054135416666666665 0.06660185185185186
1 0.5572552083333334 0.43821296296296297 0.047989583333333335 0.07641666666666667
1 0.7407135416666667 0.4142592592592592 0.037328125000000004 0.08592592592592592
1 0.33571354166666667 0.5868518518518518 0.05080208333333334 0.06346296296296297
1 0.6182708333333333 0.4038055555555556 0.03941145833333334 0.08499999999999999