1 0.4661458333333333 0.4097222222222222 0.04895833333333333 0.03981481481481482
1 0.7454010416666667 0.4060185185185185 0.05434375 0.03611111111111111
1 0.47552083333333334 0.37546296296296294 0.046875 0.05462962962962963
1 0.4942708333333333 0.2462962962962963 0.019791666666666666 0.08518518518518518
1 0.62734375 0.48842592592592593 0.0515625 0.05092592592592592
1 0.35703125 0.649074074074074 0.033854166666666664 0.09074074074074075
1 0.5319583333333333 0.2199074074074074 0.03896354166666667 0.075
1 0.6979166666666666 0.3851851851851852 0.035416666666666666 0.08518518518518518
1 0.5059895833333333 0.4162037037037037 0.025520833333333333 0.08981481481481482
1 0.6463541666666667 0.4425925925925926 0.041666666666666664 0.07592592592592592
1 0.7491822916666667 0.37265740740740744 0.05565625 0.03986111111111111
1 0.60390625 0.5625 0.0515625 0.058333333333333334
1 0.5917760416666666 0.30498148148148146 0.04978125 0.054407407407407404
1 0.33567708333333335 0.5842592592592593 0.0484375 0.06666666666666667
1 0.396703125 0.6381574074074075 0.040281250000000005 0.08664814814814814
1 0.32473958333333336 0.7273148148148149 0.033854166666666664 0.09166666666666666
1 0.54375 0.24861111111111112 0.041666666666666664 0.06944444444444445
1 0.3338541666666667 0.6925925925925925 0.036458333333333336 0.08333333333333333
1 0.6448802083333334 0.5097222222222222 0.05017708333333334 0.05648148148148148
1 0.59296875 0.5217592592592593 0.05364583333333333 0.05648148148148148
1 0.4859375 0.4703703703703704 0.03333333333333333 0.08518518518518518
1 0.36432291666666666 0.7074074074074074 0.030729166666666665 0.09074074074074075
1 0.5877604166666667 0.6208333333333333 0.04635416666666667 0.062037037037037036
1 0.4134322916666667 0.5111574074074073 0.03728125 0.08157407407407406
1 0.40963541666666664 0.42824074074074076 0.024479166666666666 0.08611111111111111
1 0.5704635416666667 0.3638888888888889 0.030510416666666665 0.08703703703703704
1 0.3065104166666667 0.799074074074074 0.03177083333333333 0.09259259259259259
1 0.43203125 0.40046296296296297 0.025520833333333333 0.08611111111111111
1 0.49973958333333335 0.6416666666666667 0.04739583333333333 0.05740740740740741
1 0.64375 0.18564814814814815 0.01875 0.08796296296296297
1 0.4080729166666667 0.5476851851851852 0.03697916666666667 0.08611111111111111
1 0.5197499999999999 0.4279537037037037 0.027161458333333333 0.09110185185185185
1 0.68046875 0.43657407407407406 0.027604166666666666 0.08796296296296297
1 0.6614583333333334 0.17175925925925925 0.020833333333333332 0.08796296296296297
1 0.5906614583333333 0.587212962962963 0.05409375 0.06262037037037037
1 0.68828125 0.6199074074074075 0.05364583333333333 0.05277777777777778
1 0.3828125 0.5113796296296296 0.021875 0.08942592592592592
1 0.7932291666666667 0.387037037037037 0.03333333333333333 0.09074074074074075
1 0.6966145833333334 0.46574074074074073 0.028645833333333332 0.08888888888888889
1 0.6580729166666667 0.5638888888888889 0.021354166666666667 0.09259259259259259
1 0.6072916666666667 0.17862037037037037 0.017708333333333333 0.08871296296296297
1 0.5981614583333333 0.3617685185185185 0.030755208333333332 0.08757407407407407
1 0.6393229166666666 0.5810185185185185 0.0203125 0.08796296296296297
1 0.7768229166666667 0.45185185185185184 0.025520833333333333 0.09444444444444444
1 0.29635416666666664 0.7550462962962964 0.03125 0.0936111111111111
1 0.5283854166666667 0.6189814814814815 0.025520833333333333 0.09166666666666666
1 0.4747395833333333 0.2824074074074074 0.019270833333333334 0.08518518518518518
1 0.6760416666666667 0.5606481481481481 0.020833333333333332 0.09537037037037037
1 0.4432291666666667 0.4689814814814815 0.01875 0.08981481481481482
1 0.7380208333333333 0.3435185185185185 0.053125 0.044444444444444446
1 0.5481770833333334 0.5925925925925926 0.019270833333333334 0.09074074074074075
1 0.42196354166666666 0.6848333333333333 0.05330208333333333 0.03588888888888889
1 0.37770312500000003 0.5884722222222222 0.036661458333333334 0.08249999999999999
1 0.5799010416666667 0.42685185185185187 0.04625520833333333 0.06296296296296296
1 0.6260416666666667 0.19451851851851854 0.01875 0.08902777777777779
1 0.7346354166666667 0.4675925925925926 0.024479166666666666 0.08888888888888889
1 0.71796875 0.4648148148148148 0.025520833333333333 0.09074074074074075
1 0.5119791666666667 0.30185185185185187 0.01875 0.08888888888888889
1 0.6231770833333333 0.6444444444444445 0.0203125 0.0962962962962963
1 0.3330572916666667 0.8708333333333333 0.050546875 0.0712962962962963
1 0.3428229166666667 0.8205925925925927 0.05330208333333333 0.06851851851851852
1 0.46067708333333335 0.4777129629629629 0.019270833333333334 0.09431481481481481
1 0.574828125 0.20416666666666666 0.048614583333333336 0.03796296296296296
1 0.7190104166666667 0.5949074074074074 0.0359375 0.09166666666666666
1 0.7552083333333334 0.4652777777777778 0.025 0.08981481481481482
1 0.6434895833333333 0.6736111111111112 0.021354166666666667 0.09537037037037037
1 0.32447916666666665 0.2773148148148148 0.027083333333333334 0.0824074074074074
1 0.3401875 0.7870833333333332 0.050875000000000004 0.0649074074074074
1 0.29765625 0.8916666666666667 0.0296875 0.09259259259259259
1 0.33611979166666667 0.6213425925925925 0.05001041666666666 0.06621296296296297