1 0.35911458333333335 0.7925925925925926 0.0484375 0.053703703703703705
1 0.41302083333333334 0.7819444444444444 0.052083333333333336 0.049074074074074076
1 0.28339583333333335 0.7671296296296296 0.05325520833333333 0.03981481481481482
1 0.690625 0.3560185185185185 0.053125 0.03796296296296296
1 0.4869791666666667 0.7449074074074075 0.04791666666666667 0.06759259259259259
1 0.5744791666666667 0.5949074074074074 0.052083333333333336 0.05092592592592592
1 0.44427083333333334 0.7300925925925926 0.04583333333333333 0.062037037037037036
1 0.41901041666666666 0.7435185185185185 0.049479166666666664 0.05925925925925926
1 0.5783854166666667 0.35324074074074074 0.04635416666666667 0.06574074074074074
1 0.62421875 0.3060185185185185 0.04635416666666667 0.0712962962962963
1 0.278125 0.7333333333333333 0.051041666666666666 0.044444444444444446
1 0.35234375 0.7541666666666667 0.0515625 0.03796296296296296
1 0.36012500000000003 0.6119444444444444 0.034828125 0.08835185185185185
1 0.4344375 0.6316018518518518 0.0296875 0.09074074074074075
1 0.42039062499999996 0.6481481481481481 0.033359375 0.0935
1 0.5783854166666667 0.5305555555555556 0.050520833333333334 0.04259259259259259
1 0.48333333333333334 0.7018518518518518 0.051041666666666666 0.05555555555555555
1 0.38723958333333336 0.5523148148148148 0.049479166666666664 0.03796296296296296
1 0.7130208333333333 0.32685185185185184 0.05416666666666667 0.05
1 0.44973958333333336 0.5513888888888889 0.04739583333333333 0.075
1 0.3731770833333333 0.6925925925925925 0.0421875 0.08148148148148149
1 0.516796875 0.5825277777777778 0.043229166666666666 0.08055555555555556
1 0.4863958333333333 0.6020277777777778 0.03658854166666667 0.08737962962962964
1 0.4973958333333333 0.4152777777777778 0.03229166666666667 0.08796296296296297
1 0.45859375 0.4861111111111111 0.04635416666666667 0.06296296296296296
1 0.6778645833333333 0.4162037037037037 0.022395833333333334 0.08796296296296297
1 0.3966145833333333 0.612212962962963 0.0265625 0.09386111111111112
1 0.5049479166666667 0.3707407407407407 0.03697916666666667 0.08592592592592592
1 0.5763020833333333 0.6439814814814815 0.0453125 0.0824074074074074
1 0.45859375 0.6537037037037037 0.0203125 0.09074074074074075
1 0.5703125 0.43472222222222223 0.052083333333333336 0.03981481481481482
1 0.46532291666666664 0.3573148148148148 0.053536458333333335 0.04611111111111111
1 0.3768229166666667 0.5171296296296296 0.0515625 0.03796296296296296
1 0.71796875 0.4115740740740741 0.0203125 0.08796296296296297
1 0.6229166666666667 0.4708333333333333 0.04479166666666667 0.08055555555555556
1 0.5551041666666666 0.46009259259259255 0.054375 0.04537037037037037
1 0.6091145833333333 0.6319444444444444 0.0203125 0.09537037037037037
1 0.44140625 0.4101851851851852 0.027604166666666666 0.08333333333333333
1 0.5763020833333333 0.4060185185185185 0.050520833333333334 0.03981481481481482
1 0.596875 0.21851851851851853 0.04895833333333333 0.06851851851851852
1 0.5768229166666666 0.2875 0.044270833333333336 0.06759259259259259
1 0.6556354166666666 0.32592592592592595 0.0310625 0.08333333333333333
1 0.42578125 0.48436111111111113 0.03697916666666667 0.08539814814814815
1 0.46171875 0.4134259259259259 0.027604166666666666 0.0824074074074074
1 0.6072916666666667 0.3861111111111111 0.025 0.09074074074074075
1 0.628125 0.5462962962962963 0.034375 0.09074074074074075
1 0.49947916666666664 0.30694444444444446 0.04895833333333333 0.05462962962962963
1 0.6981770833333333 0.4162037037037037 0.0203125 0.08981481481481482
1 0.3515625 0.21805555555555556 0.025 0.0824074074074074
1 0.3494791666666667 0.5726851851851852 0.030208333333333334 0.08796296296296297
1 0.58453125 0.5658333333333333 0.0534375 0.04462962962962963
1 0.6276041666666666 0.6481481481481481 0.019791666666666666 0.09444444444444444
1 0.32578125 0.8092592592592592 0.0265625 0.0962962962962963
1 0.536328125 0.6388888888888888 0.040364583333333336 0.08148148148148149
1 0.5375 0.5314814814814814 0.041666666666666664 0.07777777777777778
1 0.22864583333333333 0.8824074074074074 0.03125 0.09259259259259259
1 0.21015625 0.8925925925925926 0.027604166666666666 0.09259259259259259
1 0.48541666666666666 0.4337037037037037 0.030208333333333334 0.08444444444444445
1 0.6061979166666667 0.4957407407407407 0.0396875 0.08258333333333333
1 0.37128125 0.6393333333333333 0.03452604166666667 0.08978703703703704
1 0.6189114583333333 0.3384259259259259 0.04655729166666667 0.06758333333333333
1 0.46777604166666664 0.5355925925925926 0.044656249999999995 0.0714074074074074
1 0.5203125 0.35509259259259257 0.035416666666666666 0.08055555555555556
1 0.63125 0.27824074074074073 0.04583333333333333 0.06944444444444445
1 0.4359375 0.5736111111111111 0.04583333333333333 0.07314814814814814
1 0.6058385416666667 0.2418703703703704 0.04591666666666667 0.06960185185185186
1 0.414609375 0.45775925925925925 0.039953125 0.08055555555555556
1 0.394875 0.6987129629629629 0.037333333333333336 0.09002777777777778
1 0.526203125 0.6083333333333333 0.04198958333333334 0.08148148148148149
1 0.5717135416666667 0.4973981481481482 0.052796875 0.044787037037037035