0 0.6888020833333334 0.6840740740740741 0.027984375 0.05200925925925926
0 0.5861979166666667 0.6935185185185185 0.025520833333333333 0.046296296296296294
0 0.340625 0.7620370370370371 0.027083333333333334 0.046296296296296294
0 0.10703125 0.7356481481481482 0.028645833333333332 0.04722222222222222
0 0.3307291666666667 0.5921296296296297 0.026041666666666668 0.041666666666666664
0 0.3651041666666667 0.37037037037037035 0.023958333333333335 0.040740740740740744
0 0.21770833333333334 0.7717592592592593 0.028125 0.04537037037037037
0 0.1203125 0.36666666666666664 0.025 0.040740740740740744
0 0.2716145833333333 0.5685185185185185 0.025520833333333333 0.04259259259259259
0 0.615625 0.43796296296296294 0.023958333333333335 0.04259259259259259
0 0.6018229166666667 0.8018518518518518 0.0265625 0.04814814814814815
0 0.25807291666666665 0.6287037037037037 0.0265625 0.044444444444444446
0 0.5153645833333333 0.2712962962962963 0.022395833333333334 0.040740740740740744
0 0.7046875 0.08842592592592592 0.021875 0.03796296296296296
0 0.14010416666666667 0.3314814814814815 0.023958333333333335 0.03888888888888889
0 0.18229166666666666 0.8009259259259259 0.027083333333333334 0.046296296296296294
0 0.3802083333333333 0.6907407407407408 0.025 0.04259259259259259
0 0.6302083333333334 0.7449074074074075 0.026041666666666668 0.04537037037037037
0 0.21171875 0.5064814814814815 0.025520833333333333 0.040740740740740744
0 0.16770833333333332 0.45925925925925926 0.023958333333333335 0.03888888888888889
0 0.31302083333333336 0.4486111111111111 0.023958333333333335 0.03981481481481482
0 0.6252604166666667 0.7888888888888889 0.022395833333333334 0.04259259259259259
0 0.58515625 0.22546296296296298 0.021354166666666667 0.03796296296296296
0 0.10807291666666667 0.6425925925925926 0.025520833333333333 0.04259259259259259
0 0.26765625 0.45193518518518516 0.02578645833333333 0.04058333333333333
0 0.5688229166666667 0.6037685185185185 0.02530729166666667 0.04379629629629629
0 0.22708333333333333 0.2212962962962963 0.020833333333333332 0.037037037037037035
0 0.6559895833333333 0.12916666666666668 0.0203125 0.03611111111111111
0 0.6171875 0.2763888888888889 0.021875 0.03611111111111111
0 0.4859375 0.5578703703703703 0.021875 0.03796296296296296
0 0.44635416666666666 0.6421296296296296 0.022916666666666665 0.03981481481481482
0 0.21953125 0.2722222222222222 0.021354166666666667 0.037037037037037035
0 0.6598958333333333 0.29444444444444445 0.021875 0.037037037037037035
0 0.18203125 0.37222222222222223 0.0234375 0.037037037037037035
0 0.5557291666666667 0.0875 0.01875 0.03611111111111111
0 0.47213541666666664 0.19768518518518519 0.0203125 0.03611111111111111
0 0.39578125 0.6272962962962964 0.026828124999999998 0.04323148148148148
0 0.49973958333333335 0.4476851851851852 0.021354166666666667 0.03796296296296296
0 0.6822916666666666 0.22546296296296298 0.020833333333333332 0.03425925925925926
0 0.64375 0.2726851851851852 0.021875 0.03796296296296296
0 0.13264062499999998 0.6240277777777778 0.028354166666666666 0.0494537037037037
0 0.7151041666666667 0.2412037037037037 0.022916666666666665 0.03981481481481482
0 0.17317708333333334 0.7620370370370371 0.0265625 0.044444444444444446
0 0.32760416666666664 0.25555555555555554 0.022916666666666665 0.03888888888888889
0 0.09010416666666667 0.6759259259259259 0.026041666666666668 0.044444444444444446
0 0.3265625 0.21435185185185185 0.021875 0.03981481481481482
0 0.11223958333333334 0.5796296296296296 0.025520833333333333 0.04259259259259259
0 0.6645833333333333 0.7814814814814814 0.026041666666666668 0.046296296296296294
0 0.6276041666666666 0.36342592592592593 0.021875 0.03981481481481482
0 0.6471354166666666 0.075 0.021354166666666667 0.037037037037037035
0 0.5765625 0.30972222222222223 0.021875 0.03796296296296296
0 0.5088541666666667 0.3824074074074074 0.021875 0.03888888888888889
0 0.7033854166666667 0.2074074074074074 0.022395833333333334 0.037037037037037035
0 0.42682291666666666 0.21898148148148147 0.021354166666666667 0.03796296296296296
0 0.6661458333333333 0.33611111111111114 0.022916666666666665 0.03888888888888889
0 0.54921875 0.43842592592592594 0.022395833333333334 0.03981481481481482
0 0.43385416666666665 0.5712962962962963 0.021875 0.037037037037037035
0 0.14270833333333333 0.1787037037037037 0.021875 0.037037037037037035
0 0.18125 0.2587962962962963 0.020833333333333332 0.03611111111111111
0 0.43440104166666665 0.37310185185185185 0.024067708333333333 0.040935185185185186
0 0.4786458333333333 0.23703703703703705 0.021875 0.03888888888888889
0 0.5510416666666667 0.3435185185185185 0.021875 0.03888888888888889
0 0.5578125 0.49212962962962964 0.021875 0.03981481481481482
0 0.13218229166666667 0.5526018518518518 0.025822916666666664 0.04396296296296296
0 0.16119791666666666 0.6217592592592592 0.025520833333333333 0.041666666666666664
0 0.15052083333333333 0.5851851851851851 0.025 0.040740740740740744
0 0.57890625 0.36574074074074076 0.021354166666666667 0.03888888888888889
0 0.4109375 0.5763888888888888 0.022916666666666665 0.03981481481481482
0 0.421984375 0.6125462962962962 0.024885416666666667 0.043611111111111114
0 0.6174479166666667 0.3125 0.022395833333333334 0.03981481481481482
0 0.5559895833333334 0.5601851851851852 0.022395833333333334 0.03888888888888889
0 0.20026041666666666 0.34953703703703703 0.0234375 0.03796296296296296
0 0.467640625 0.6142777777777777 0.023817708333333333 0.04337037037037037
0 0.38776041666666666 0.4689814814814815 0.022395833333333334 0.03981481481481482
0 0.17942708333333332 0.5402777777777777 0.025520833333333333 0.041666666666666664
0 0.19348958333333333 0.28935185185185186 0.022395833333333334 0.03796296296296296
0 0.478125 0.46064814814814814 0.021875 0.03981481481481482
0 0.45598958333333334 0.4583333333333333 0.021354166666666667 0.03888888888888889
0 0.1703125 0.41712962962962963 0.023958333333333335 0.03796296296296296
0 0.2453125 0.4398148148148148 0.022916666666666665 0.03888888888888889
0 0.184375 0.3277777777777778 0.022916666666666665 0.037037037037037035
0 0.39739583333333334 0.5087962962962963 0.022916666666666665 0.03981481481481482
0 0.6018229166666667 0.17546296296296296 0.021354166666666667 0.03796296296296296
0 0.41380208333333335 0.38935185185185184 0.022395833333333334 0.03796296296296296
0 0.42161458333333335 0.5407407407407407 0.022395833333333334 0.03888888888888889
0 0.5221354166666666 0.4583333333333333 0.021354166666666667 0.03888888888888889
0 0.39817708333333335 0.5462962962962963 0.022395833333333334 0.040740740740740744
0 0.45 0.2064814814814815 0.020833333333333332 0.037037037037037035
0 0.4625 0.5680555555555555 0.021875 0.03796296296296296
0 0.5447343750000001 0.5298240740740741 0.02384375 0.041129629629629634
0 0.44480729166666666 0.60475 0.024364583333333335 0.04049074074074074
0 0.29973958333333334 0.20462962962962963 0.021354166666666667 0.037037037037037035
0 0.4705729166666667 0.40879629629629627 0.021354166666666667 0.03796296296296296
0 0.6770833333333334 0.26157407407407407 0.021875 0.03796296296296296
0 0.24479166666666666 0.2013888888888889 0.021875 0.03796296296296296
0 0.20238541666666665 0.2560648148148148 0.022479166666666665 0.03805555555555556
0 0.540625 0.13842592592592592 0.020833333333333332 0.03611111111111111
0 0.4366614583333333 0.44200925925925927 0.02332291666666667 0.041416666666666664
0 0.16197916666666667 0.2449074074074074 0.021875 0.03796296296296296
0 0.17864583333333334 0.22083333333333333 0.021875 0.03796296296296296
0 0.26953125 0.1912037037037037 0.022395833333333334 0.03796296296296296
0 0.41640625 0.3472222222222222 0.021354166666666667 0.037037037037037035
0 0.6013020833333333 0.12268518518518519 0.021354166666666667 0.03796296296296296
0 0.2203125 0.18518518518518517 0.021875 0.037037037037037035
0 0.5174479166666667 0.11712962962962963 0.0203125 0.03796296296296296
0 0.6325520833333333 0.12175925925925926 0.021354166666666667 0.03796296296296296
0 0.68828125 0.18055555555555555 0.021354166666666667 0.037037037037037035
0 0.24635416666666668 0.16620370370370371 0.021875 0.03611111111111111
0 0.6604166666666667 0.2388888888888889 0.021875 0.037037037037037035
0 0.44427083333333334 0.17175925925925925 0.020833333333333332 0.03611111111111111
0 0.5348958333333333 0.49212962962962964 0.020833333333333332 0.03796296296296296
0 0.4479166666666667 0.4041666666666667 0.020833333333333332 0.03796296296296296
0 0.6416666666666667 0.22175925925925927 0.021875 0.03796296296296296
0 0.478125 0.16435185185185186 0.020833333333333332 0.03611111111111111
0 0.62421875 0.07916666666666666 0.0203125 0.03611111111111111
0 0.16276041666666666 0.1537037037037037 0.022395833333333334 0.03888888888888889
0 0.27057291666666666 0.15416666666666667 0.021354166666666667 0.03611111111111111
0 0.60078125 0.060648148148148145 0.0203125 0.03796296296296296
0 0.56796875 0.06111111111111111 0.0203125 0.03518518518518519
0 0.2421875 0.13240740740740742 0.021875 0.037037037037037035