1 0.40029687500000005 0.8452407407407407 0.052083333333333336 0.06349074074074074
1 0.65390625 0.6995370370370371 0.0453125 0.08425925925925926
1 0.35651041666666666 0.861574074074074 0.034895833333333334 0.09351851851851851
1 0.35208333333333336 0.7699074074074074 0.04479166666666667 0.06944444444444445
1 0.6148802083333333 0.6481481481481481 0.052671875 0.04814814814814815
1 0.3067708333333333 0.8305555555555556 0.027083333333333334 0.09814814814814815
1 0.3859375 0.7833333333333333 0.040625 0.07962962962962963
1 0.43046875 0.6199074074074075 0.043229166666666666 0.0787037037037037
1 0.48984375 0.6930555555555555 0.050520833333333334 0.03611111111111111
1 0.7330729166666666 0.6 0.044270833333333336 0.08703703703703704
1 0.533296875 0.6041666666666666 0.04368229166666667 0.075
1 0.5916666666666667 0.3787037037037037 0.04895833333333333 0.04259259259259259
1 0.6770833333333334 0.2847222222222222 0.051041666666666666 0.04351851851851852
1 0.37135416666666665 0.5574074074074075 0.025 0.08888888888888889
1 0.3610833333333333 0.7217592592592592 0.05007291666666667 0.04537037037037037
1 0.32786458333333335 0.8138888888888889 0.0296875 0.09444444444444444
1 0.4875 0.6601851851851852 0.05 0.03333333333333333
1 0.5221354166666666 0.6525277777777778 0.0234375 0.09210185185185185
1 0.7281093750000001 0.6787685185185186 0.028088541666666668 0.09617592592592593
1 0.31765104166666663 0.9142407407407407 0.025927083333333333 0.09930555555555555
1 0.5020833333333333 0.25972222222222224 0.022916666666666665 0.08425925925925926
1 0.47708333333333336 0.5962962962962963 0.05 0.03333333333333333
1 0.5377604166666666 0.5476851851851852 0.027604166666666666 0.08981481481481482
1 0.6692708333333334 0.39814814814814814 0.029166666666666667 0.09074074074074075
1 0.48463541666666665 0.3592592592592593 0.0453125 0.05925925925925926
1 0.3890625 0.5425925925925926 0.023958333333333335 0.08888888888888889
1 0.6268229166666667 0.2967592592592593 0.04635416666666667 0.04722222222222222
1 0.5981770833333333 0.2569444444444444 0.04635416666666667 0.062037037037037036
1 0.428375 0.5472222222222223 0.04633854166666666 0.06666666666666667
1 0.4520677083333334 0.6615092592592592 0.022880208333333332 0.09339814814814815
1 0.5986302083333332 0.5262314814814815 0.051421875 0.054935185185185184
1 0.6515625 0.2537037037037037 0.05 0.046296296296296294
1 0.4427083333333333 0.2337962962962963 0.017708333333333333 0.08611111111111111
1 0.70859375 0.6352500000000001 0.021354166666666667 0.09826851851851852
1 0.5138020833333333 0.21712962962962962 0.0234375 0.08611111111111111
1 0.5979166666666667 0.4425925925925926 0.052083333333333336 0.040740740740740744
1 0.684375 0.5254629629629629 0.019791666666666666 0.09351851851851851
1 0.5377604166666666 0.23564814814814813 0.0203125 0.08611111111111111
1 0.45755208333333336 0.41759259259259257 0.0484375 0.05
1 0.5822916666666667 0.49398148148148147 0.04375 0.07314814814814814
1 0.6603281249999999 0.45506481481481487 0.03316145833333333 0.08789814814814816
1 0.5643229166666667 0.6006203703703703 0.0203125 0.09321296296296297
1 0.5231770833333333 0.47685185185185186 0.033854166666666664 0.08703703703703704
1 0.5427083333333333 0.38842592592592595 0.020833333333333332 0.09351851851851851
1 0.6234010416666667 0.5801851851851852 0.03222395833333333 0.09
1 0.41453124999999996 0.5052129629629629 0.03316145833333333 0.08710185185185185
1 0.4890625 0.4203703703703704 0.03333333333333333 0.08518518518518518
1 0.6901041666666666 0.6240740740740741 0.019791666666666666 0.09444444444444444
1 0.4855052083333333 0.6287037037037037 0.05121354166666667 0.03333333333333333
1 0.47239583333333335 0.20092592592592592 0.034375 0.08148148148148149
1 0.6052604166666666 0.587037037037037 0.029755208333333335 0.09382407407407407
1 0.6526041666666667 0.5254629629629629 0.023958333333333335 0.09537037037037037
1 0.5744791666666667 0.29583333333333334 0.019791666666666666 0.08981481481481482
1 0.6355885416666667 0.5368796296296297 0.027432291666666667 0.09599074074074074
1 0.59296875 0.3175925925925926 0.019270833333333334 0.09444444444444444
1 0.51015625 0.3773148148148148 0.028645833333333332 0.08981481481481482
1 0.6705729166666666 0.6069444444444444 0.019270833333333334 0.09722222222222222
1 0.5208333333333334 0.4152777777777778 0.028125 0.0824074074074074
1 0.6273072916666667 0.4772222222222222 0.050453125 0.05296296296296297
1 0.5817708333333333 0.6017592592592592 0.020833333333333332 0.0961111111111111
1 0.4765260416666666 0.48182407407407407 0.026109375 0.08956481481481482
1 0.49609375 0.50475 0.0203125 0.09259259259259259
1 0.43970312500000003 0.47064814814814815 0.023161458333333333 0.08833333333333333
1 0.6424479166666667 0.3484537037037037 0.020036458333333333 0.09271296296296296
1 0.457796875 0.4803425925925926 0.023921875 0.09215740740740741
1 0.6247395833333333 0.3582407407407407 0.019270833333333334 0.08981481481481482
1 0.34482812500000004 0.8402314814814815 0.038109375 0.09583333333333334
1 0.44308854166666667 0.566 0.04965625 0.061796296296296294
1 0.6625364583333333 0.6678611111111111 0.04392708333333333 0.08487962962962962
1 0.485109375 0.21525925925925926 0.036671875 0.0842037037037037