1 0.29460416666666667 0.8039074074074074 0.05057291666666666 0.06481481481481481
1 0.2890625 0.9138888888888889 0.041666666666666664 0.08888888888888889
1 0.74765625 0.21342592592592594 0.05364583333333333 0.03981481481481482
1 0.610953125 0.8049814814814815 0.055640625 0.06813888888888889
1 0.3533854166666667 0.6472222222222223 0.049479166666666664 0.05740740740740741
1 0.3981145833333333 0.7659444444444444 0.035812500000000004 0.09217592592592593
1 0.3333333333333333 0.44583333333333336 0.021875 0.08796296296296297
1 0.4861979166666667 0.7023148148148148 0.05260416666666667 0.04537037037037037
1 0.7096354166666666 0.6944444444444444 0.05364583333333333 0.05555555555555555
1 0.35958854166666665 0.7731481481481481 0.05269270833333333 0.03888888888888889
1 0.7579114583333334 0.6541666666666667 0.032489583333333336 0.09351851851851851
1 0.5560989583333333 0.1501111111111111 0.047609374999999995 0.06133333333333333
1 0.73040625 0.7472222222222222 0.034770833333333334 0.0962962962962963
1 0.3494791666666667 0.4708333333333333 0.020833333333333332 0.09166666666666666
1 0.6614583333333334 0.12974074074074074 0.03854166666666667 0.08425925925925926
1 0.37890625 0.5953703703703703 0.049479166666666664 0.05740740740740741
1 0.36796875 0.48518518518518516 0.0203125 0.09074074074074075
1 0.778125 0.5745092592592593 0.021875 0.09900925925925927
1 0.721875 0.6509259259259259 0.05520833333333333 0.06481481481481481
1 0.5911458333333334 0.1962962962962963 0.05 0.044444444444444446
1 0.4166666666666667 0.5967592592592592 0.04375 0.06388888888888888
1 0.4635416666666667 0.16889814814814816 0.035416666666666666 0.08518518518518518
1 0.38567708333333334 0.46435185185185185 0.022395833333333334 0.08611111111111111
1 0.70234375 0.21944444444444444 0.04739583333333333 0.06481481481481481
1 0.415625 0.5157407407407407 0.051041666666666666 0.04259259259259259
1 0.3703125 0.7398148148148148 0.051041666666666666 0.040740740740740744
1 0.4171875 0.19444444444444445 0.04895833333333333 0.03888888888888889
1 0.74296875 0.37592592592592594 0.05677083333333333 0.040740740740740744
1 0.4856770833333333 0.6648148148148149 0.050520833333333334 0.037037037037037035
1 0.7065833333333333 0.7580462962962964 0.038921875 0.09572222222222222
1 0.38644791666666667 0.30771296296296297 0.04308854166666667 0.07167592592592592
1 0.4083333333333333 0.5486111111111112 0.051041666666666666 0.04351851851851852
1 0.5188125 0.1711388888888889 0.043229166666666666 0.07222222222222222
1 0.4583333333333333 0.525 0.052083333333333336 0.05555555555555555
1 0.440625 0.6111111111111112 0.051041666666666666 0.06111111111111111
1 0.44869791666666664 0.6785 0.0234375 0.09658333333333334
1 0.6247395833333333 0.1763611111111111 0.019270833333333334 0.08975000000000001
1 0.7645833333333333 0.5175925925925926 0.052083333333333336 0.06111111111111111
1 0.6498385416666667 0.15246296296296297 0.039260416666666666 0.08269444444444445
1 0.5685520833333333 0.737037037037037 0.05560416666666667 0.05925925925925926
1 0.380359375 0.37623148148148144 0.033854166666666664 0.08981481481481482
1 0.65546875 0.749537037037037 0.03697916666666667 0.09537037037037037
1 0.7671875 0.4324074074074074 0.04583333333333333 0.07777777777777778
1 0.3725572916666666 0.6699074074074074 0.05071875 0.05462962962962963
1 0.4011927083333333 0.26446296296296296 0.022395833333333334 0.08703703703703704
1 0.43046875 0.6845185185185185 0.027567708333333333 0.0960462962962963
1 0.639484375 0.6747962962962962 0.049984375 0.07212962962962964
1 0.6395677083333333 0.5667314814814816 0.04996354166666667 0.06864814814814815
1 0.6885416666666667 0.6106481481481482 0.052083333333333336 0.06759259259259259
1 0.7157083333333334 0.5259074074074074 0.05016145833333333 0.07404629629629629
1 0.6203125 0.6013888888888889 0.051041666666666666 0.06018518518518518
1 0.5841145833333333 0.4689814814814815 0.050520833333333334 0.05648148148148148
1 0.65903125 0.5307962962962963 0.034734375 0.09307407407407407
1 0.6677083333333333 0.47453703703703703 0.04791666666666667 0.05092592592592592
1 0.59453125 0.5078703703703704 0.050520833333333334 0.05092592592592592
1 0.49973958333333335 0.5194907407407408 0.044270833333333336 0.07685185185185185
1 0.7175572916666667 0.48609259259259263 0.048651041666666665 0.07775
1 0.5436354166666667 0.4243148148148148 0.036223958333333334 0.08566666666666667
1 0.5471354166666667 0.5842592592592593 0.0484375 0.05925925925925926
1 0.59296875 0.562962962962963 0.05260416666666667 0.06296296296296296
1 0.5434895833333333 0.6467592592592593 0.028645833333333332 0.09351851851851851
1 0.7533385416666667 0.45517592592592593 0.04895833333333333 0.07777777777777778
1 0.5260416666666666 0.6273148148148148 0.028125 0.08981481481481482
1 0.6307291666666667 0.4986111111111111 0.036458333333333336 0.08796296296296297
1 0.53984375 0.3453703703703704 0.0328125 0.08703703703703704
1 0.547125 0.5453518518518519 0.04884895833333334 0.05923148148148148
1 0.5802083333333333 0.6768518518518518 0.027083333333333334 0.09074074074074075
1 0.6264114583333333 0.7185185185185186 0.036333333333333336 0.0984074074074074
1 0.59421875 0.3827129629629629 0.04155729166666667 0.07844444444444444
1 0.5200520833333333 0.41712962962962963 0.0328125 0.08611111111111111
1 0.4921875 0.6032407407407407 0.027083333333333334 0.09166666666666666
1 0.5635416666666667 0.33564814814814814 0.026041666666666668 0.09166666666666666
1 0.5098958333333333 0.6023148148148149 0.027083333333333334 0.08981481481481482
1 0.6655833333333334 0.44155555555555553 0.051994791666666665 0.05533333333333333
1 0.5622395833333333 0.6662037037037037 0.027604166666666666 0.09351851851851851
1 0.49713541666666666 0.40694444444444444 0.0234375 0.08981481481481482
1 0.721875 0.3060185185185185 0.029166666666666667 0.08981481481481482
1 0.6955729166666667 0.40324074074074073 0.05260416666666667 0.06018518518518518
1 0.4674479166666667 0.5462962962962963 0.049479166666666664 0.06296296296296296
1 0.6119791666666666 0.27824074074074073 0.042708333333333334 0.0787037037037037
1 0.6692708333333334 0.3559722222222222 0.020833333333333332 0.09712962962962964
1 0.6719635416666667 0.6328240740740741 0.05194270833333334 0.07254629629629629
1 0.5750989583333334 0.28476851851851853 0.025197916666666667 0.08991666666666667
1 0.65703125 0.28564814814814815 0.049479166666666664 0.05277777777777778
1 0.5489739583333333 0.47993518518518524 0.05003645833333333 0.052453703703703704
1 0.6302083333333334 0.3685185185185185 0.03854166666666667 0.08888888888888889
1 0.47317708333333336 0.6023148148148149 0.0265625 0.08796296296296297
1 0.5588541666666667 0.39814814814814814 0.03854166666666667 0.09444444444444444
1 0.70475 0.33155555555555555 0.024874999999999998 0.09613888888888888
1 0.44453125 0.46064814814814814 0.0234375 0.0824074074074074
1 0.37856770833333336 0.7020462962962963 0.05400520833333333 0.04406481481481482
1 0.6354166666666666 0.31342592592592594 0.051041666666666666 0.04537037037037037
1 0.49713541666666666 0.3490740740740741 0.0515625 0.05740740740740741
1 0.5114583333333333 0.2962962962962963 0.042708333333333334 0.07592592592592592
1 0.40729166666666666 0.4152777777777778 0.030208333333333334 0.08425925925925926
1 0.4869791666666667 0.28055555555555556 0.021875 0.08703703703703704
1 0.684359375 0.23869444444444446 0.04996354166666667 0.05702777777777778
1 0.46380208333333334 0.4532407407407407 0.027604166666666666 0.08796296296296297
1 0.4119791666666667 0.6824074074074075 0.026041666666666668 0.09259259259259259
1 0.4239583333333333 0.4212962962962963 0.028125 0.08703703703703704
1 0.6760416666666667 0.2662037037037037 0.046875 0.05277777777777778
1 0.7159114583333334 0.41711111111111115 0.05151041666666667 0.0638611111111111
1 0.49046354166666667 0.20566666666666666 0.03800520833333333 0.07908333333333332
1 0.3958333333333333 0.37962962962962965 0.030208333333333334 0.08888888888888889
1 0.46927083333333336 0.2828703703703704 0.022916666666666665 0.08796296296296297
1 0.7375 0.28703703703703703 0.029166666666666667 0.09259259259259259
1 0.628953125 0.43597222222222226 0.034984375 0.0904537037037037
1 0.45598958333333334 0.3814814814814815 0.03802083333333333 0.08333333333333333
1 0.5416666666666666 0.25266666666666665 0.04479166666666667 0.059037037037037034
1 0.47177604166666665 0.20062037037037037 0.036656249999999994 0.08273148148148148
1 0.4357552083333333 0.2810185185185185 0.050359375 0.03425925925925926
1 0.4390625 0.3398148148148148 0.020833333333333332 0.09259259259259259
1 0.6432291666666666 0.21687962962962962 0.021442708333333334 0.09160185185185186
1 0.50859375 0.2324074074074074 0.024479166666666666 0.09259259259259259
1 0.4370677083333333 0.25092592592592594 0.05018229166666666 0.03148148148148148
1 0.41953125 0.3365740740740741 0.022395833333333334 0.09166666666666666
1 0.4783854166666667 0.4097222222222222 0.0203125 0.08796296296296297
1 0.6769739583333333 0.7420648148148148 0.0326875 0.1029074074074074
1 0.5527760416666666 0.2214722222222222 0.05034375 0.042944444444444445
1 0.43046875 0.2222222222222222 0.0484375 0.03518518518518519
1 0.593640625 0.6208518518518519 0.05646875 0.0564537037037037
1 0.5965 0.6889166666666666 0.029453125 0.09252777777777778
1 0.6908333333333334 0.3416666666666667 0.027494791666666667 0.09259259259259259
1 0.6337604166666666 0.7862592592592592 0.05453645833333333 0.07124074074074074
1 0.662890625 0.6636018518518519 0.051640625 0.07564814814814814
1 0.7006927083333333 0.5864814814814815 0.051229166666666666 0.07124074074074074
1 0.7471718749999999 0.5791388888888889 0.047510416666666666 0.08739814814814816
1 0.6901562499999999 0.5317592592592593 0.04916145833333333 0.07491666666666666
1 0.734984375 0.4711666666666667 0.047098958333333336 0.07564814814814814
1 0.592859375 0.4304074074074074 0.043791666666666666 0.0763888888888889
1 0.5633229166666667 0.524787037037037 0.05081770833333333 0.06096296296296297
1 0.503 0.47961111111111115 0.04338020833333334 0.06610185185185186
1 0.6021562500000001 0.35071296296296295 0.038421875 0.083
1 0.6036041666666667 0.2497222222222222 0.04296875 0.07932407407407407
1 0.566625 0.17627777777777778 0.0466875 0.060231481481481476
1 0.52903125 0.3059074074074074 0.04172916666666667 0.07564814814814814