1 0.3075833333333333 0.8101759259259259 0.05541145833333334 0.04423148148148148
1 0.72371875 0.33442592592592596 0.041109375000000004 0.07625
1 0.394796875 0.7447222222222222 0.05358333333333333 0.044444444444444446
1 0.43254166666666666 0.741824074074074 0.022614583333333334 0.10051851851851852
1 0.5729166666666666 0.6736111111111112 0.021875 0.09537037037037037
1 0.5921875 0.6666666666666666 0.022916666666666665 0.09259259259259259
1 0.7388020833333333 0.6828703703703703 0.0390625 0.08796296296296297
1 0.39479166666666665 0.4217592592592593 0.019791666666666666 0.08981481481481482
1 0.660140625 0.6930555555555555 0.054661458333333336 0.058333333333333334
1 0.416953125 0.6931481481481482 0.0453125 0.07592592592592592
1 0.5002604166666667 0.6268518518518519 0.03802083333333333 0.08333333333333333
1 0.52721875 0.6058333333333333 0.022640625 0.095
1 0.6950833333333333 0.36435185185185187 0.036000000000000004 0.08611111111111111
1 0.6798906250000001 0.6671296296296296 0.049359375 0.07685185185185185
1 0.47331249999999997 0.5985092592592592 0.03461979166666666 0.08960185185185185
1 0.6184895833333334 0.590962962962963 0.022890625 0.09575925925925927
1 0.5471354166666667 0.5893518518518519 0.0234375 0.08796296296296297
1 0.71015625 0.6314814814814815 0.03697916666666667 0.08703703703703704
1 0.62578125 0.6537037037037037 0.0515625 0.040740740740740744
1 0.42109375 0.4583333333333333 0.0359375 0.07777777777777778
1 0.7388020833333333 0.5937962962962963 0.05119791666666666 0.0774537037037037
1 0.636640625 0.5890833333333334 0.02255208333333333 0.0966851851851852
1 0.5823854166666667 0.5695555555555556 0.020833333333333332 0.09259259259259259
1 0.5627604166666667 0.5615740740740741 0.021354166666666667 0.09166666666666666
1 0.65546875 0.5851851851851851 0.022395833333333334 0.09259259259259259
1 0.5104166666666666 0.3509259259259259 0.019791666666666666 0.09259259259259259
1 0.6759635416666666 0.5772314814814814 0.025156249999999998 0.09335185185185184
1 0.696875 0.6046296296296296 0.035416666666666666 0.09074074074074075
1 0.7252291666666667 0.6553425925925925 0.04016666666666667 0.09032407407407407
1 0.45338541666666665 0.27546296296296297 0.024479166666666666 0.08055555555555556
1 0.43109895833333334 0.6361111111111111 0.05159895833333333 0.053703703703703705
1 0.42291666666666666 0.6064814814814815 0.04791666666666667 0.05555555555555555
1 0.571875 0.4449074074074074 0.029166666666666667 0.08981481481481482
1 0.6015625 0.5630555555555555 0.021875 0.09814814814814815
1 0.7213541666666666 0.4828703703703704 0.04895833333333333 0.07685185185185185
1 0.42213541666666665 0.40819444444444447 0.03802083333333333 0.0824074074074074
1 0.4466458333333333 0.41203703703703703 0.039125 0.07962962962962963
1 0.4650104166666667 0.3913888888888889 0.03229166666666667 0.08518518518518518
1 0.5309895833333333 0.4685185185185185 0.04739583333333333 0.07037037037037037
1 0.5455729166666666 0.38287037037037036 0.0328125 0.08796296296296297
1 0.7038020833333333 0.5034351851851853 0.04510416666666666 0.0827962962962963
1 0.4635416666666667 0.537962962962963 0.05416666666666667 0.037037037037037035
1 0.5122552083333333 0.5476851851851852 0.052083333333333336 0.03796296296296296
1 0.6869999999999999 0.5214907407407408 0.04691145833333333 0.08187037037037037
1 0.4822916666666667 0.3578703703703704 0.0375 0.08981481481481482
1 0.5963541666666666 0.5032407407407408 0.052083333333333336 0.041666666666666664
1 0.6403645833333333 0.5254629629629629 0.05260416666666667 0.04351851851851852
1 0.47239583333333335 0.5074074074074074 0.051041666666666666 0.03518518518518519
1 0.496875 0.4578981481481481 0.042708333333333334 0.08050925925925927
1 0.5286458333333334 0.513425925925926 0.052083333333333336 0.03981481481481482
1 0.6221354166666667 0.3351851851851852 0.049479166666666664 0.040740740740740744
1 0.42421875 0.33611111111111114 0.049479166666666664 0.06481481481481481
1 0.5466145833333333 0.3101851851851852 0.043229166666666666 0.06851851851851852
1 0.4822916666666667 0.3074074074074074 0.040625 0.07592592592592592
1 0.6140625 0.4398148148148148 0.052083333333333336 0.05185185185185185
1 0.6478125 0.37578703703703703 0.049791666666666665 0.060833333333333336
1 0.5794270833333334 0.3388888888888889 0.0390625 0.08148148148148149
1 0.6369791666666667 0.4601851851851852 0.05416666666666667 0.05555555555555555
1 0.5109375 0.28703703703703703 0.04791666666666667 0.044444444444444446
1 0.5933072916666667 0.39664814814814814 0.050520833333333334 0.058333333333333334
1 0.6208333333333333 0.387037037037037 0.051041666666666666 0.06296296296296296
1 0.60625 0.27824074074074073 0.052083333333333336 0.03611111111111111
1 0.5114583333333333 0.2574074074074074 0.046875 0.04259259259259259
1 0.6153645833333333 0.30694444444444446 0.05260416666666667 0.03796296296296296
1 0.5010416666666667 0.4148148148148148 0.04895833333333333 0.05555555555555555
1 0.46582291666666664 0.47685185185185186 0.049479166666666664 0.037037037037037035
1 0.6783333333333333 0.43069444444444444 0.05354166666666667 0.05583333333333333
1 0.5335677083333333 0.4088425925925926 0.03276041666666667 0.0862037037037037
1 0.6546614583333333 0.4818055555555556 0.055156250000000004 0.05861111111111111
1 0.44320312500000003 0.3483148148148148 0.04597395833333333 0.06416666666666666