1 0.40036458333333336 0.8468425925925926 0.05065625 0.06278703703703704
1 0.35625 0.8625 0.034375 0.09351851851851851
1 0.4895833333333333 0.6930555555555555 0.051041666666666666 0.03611111111111111
1 0.3854166666666667 0.7833333333333333 0.03854166666666667 0.08148148148148149
1 0.4309895833333333 0.6212962962962963 0.043229166666666666 0.07962962962962963
1 0.305609375 0.8288518518518518 0.029406250000000002 0.09474074074074074
1 0.6672499999999999 0.5996851851851852 0.048046875 0.07840740740740741
1 0.3493229166666667 0.7666018518518518 0.051354166666666666 0.07605555555555556
1 0.37228125 0.5569444444444445 0.026859375 0.08796296296296297
1 0.70703125 0.5745370370370371 0.034895833333333334 0.09166666666666666
1 0.4869791666666667 0.6601851851851852 0.05 0.03333333333333333
1 0.6174479166666667 0.6226851851851852 0.044270833333333336 0.08055555555555556
1 0.5221354166666666 0.6523148148148148 0.022395833333333334 0.09351851851851851
1 0.5036458333333333 0.25787037037037036 0.021875 0.08425925925925926
1 0.73359375 0.4810185185185185 0.05364583333333333 0.062037037037037036
1 0.58515625 0.6180555555555556 0.0421875 0.0824074074074074
1 0.3612604166666667 0.7217592592592592 0.049609375 0.04537037037037037
1 0.328125 0.8142037037037038 0.030208333333333334 0.09507407407407407
1 0.5411458333333333 0.4398148148148148 0.03958333333333333 0.08148148148148149
1 0.3885416666666667 0.5425925925925926 0.023958333333333335 0.08888888888888889
1 0.47682291666666665 0.5962962962962963 0.050520833333333334 0.03333333333333333
1 0.5182291666666666 0.2175925925925926 0.03333333333333333 0.07962962962962963
1 0.31692708333333336 0.9162037037037037 0.024479166666666666 0.09351851851851851
1 0.4280625 0.5451111111111111 0.04674479166666667 0.0661388888888889
1 0.5521458333333332 0.5884259259259259 0.04700520833333333 0.0712962962962963
1 0.6041666666666666 0.25555555555555554 0.04479166666666667 0.07222222222222222
1 0.51875 0.3888888888888889 0.026041666666666668 0.09259259259259259
1 0.44869791666666664 0.23333333333333334 0.018229166666666668 0.08148148148148149
1 0.4903645833333333 0.3675925925925926 0.0390625 0.07777777777777778
1 0.484375 0.6287037037037037 0.04791666666666667 0.03333333333333333
1 0.58203125 0.4583333333333333 0.0453125 0.07222222222222222
1 0.45882812500000003 0.4179537037037037 0.04971875 0.04867592592592593
1 0.5774583333333333 0.5516018518518518 0.04613020833333333 0.07172222222222221
1 0.45272395833333334 0.6632407407407407 0.02315625 0.09685185185185184
1 0.5817708333333333 0.29583333333333334 0.023958333333333335 0.09351851851851851
1 0.48671875 0.20833333333333334 0.027604166666666666 0.08703703703703704
1 0.5050416666666666 0.4217592592592593 0.031953125 0.08611111111111111
1 0.4979166666666667 0.4992407407407407 0.023958333333333335 0.09291666666666666
1 0.7213541666666666 0.3472222222222222 0.03854166666666667 0.08333333333333333
1 0.5815104166666667 0.5032407407407408 0.043229166666666666 0.07314814814814814
1 0.4826666666666667 0.47437037037037044 0.029463541666666666 0.09074074074074075
1 0.709375 0.24027777777777778 0.042708333333333334 0.0787037037037037
1 0.6753229166666667 0.19722222222222222 0.05065104166666667 0.05185185185185185
1 0.71796875 0.3934814814814815 0.04114583333333333 0.08425925925925926
1 0.41510416666666666 0.5032407407407408 0.028125 0.0787037037037037
1 0.47161458333333334 0.2 0.024479166666666666 0.08518518518518518
1 0.6598958333333333 0.24351851851851852 0.04895833333333333 0.06296296296296296
1 0.6848958333333334 0.4203703703703704 0.03854166666666667 0.09074074074074075
1 0.6625 0.5519537037037037 0.03854166666666667 0.08478703703703704
1 0.6294270833333333 0.30324074074074076 0.0484375 0.06759259259259259
1 0.4390625 0.47032407407407406 0.023958333333333335 0.08878703703703704
1 0.5963541666666666 0.31296296296296294 0.025 0.09259259259259259
1 0.6759114583333333 0.4522129629629629 0.040359374999999996 0.0859074074074074
1 0.6505781249999999 0.48076851851851854 0.024885416666666667 0.09487037037037037
1 0.45703125 0.4790833333333333 0.0234375 0.0915
1 0.6293854166666667 0.560712962962963 0.04705729166666666 0.07076851851851852
1 0.6340572916666667 0.4614074074074074 0.022395833333333334 0.1
1 0.66171875 0.3726851851851852 0.04739583333333333 0.06759259259259259
1 0.6947916666666667 0.5231481481481481 0.028125 0.09074074074074075
1 0.6130208333333333 0.47824074074074074 0.022916666666666665 0.09351851851851851
1 0.6853020833333333 0.28425925925925927 0.03958333333333333 0.08333333333333333
1 0.7246458333333333 0.45287962962962963 0.05449479166666667 0.06090740740740741
1 0.6692812499999999 0.2978888888888889 0.040640625 0.08467592592592593
1 0.3434375 0.8394074074074074 0.039036458333333336 0.09583333333333334
1 0.7015625 0.2657407407407407 0.041666666666666664 0.08333333333333333
1 0.7010572916666666 0.40055555555555555 0.04378125 0.09
1 0.442421875 0.5663518518518518 0.050192708333333336 0.06362037037037037
1 0.65015625 0.3515462962962963 0.050192708333333336 0.06526851851851852
1 0.6399322916666667 0.32882407407407405 0.050192708333333336 0.06939814814814815
1 0.6120468750000001 0.5444537037037037 0.04740104166666667 0.06939814814814815