1 0.3817447916666667 0.24641666666666667 0.048749999999999995 0.062425925925925926
1 0.5890625 0.24861111111111112 0.027083333333333334 0.08611111111111111
1 0.6822916666666666 0.23981481481481481 0.04895833333333333 0.053703703703703705
1 0.587953125 0.5009259259259259 0.05090625 0.05925925925925926
1 0.5203125 0.21805555555555556 0.023958333333333335 0.08611111111111111
1 0.46536458333333336 0.6703703703703704 0.04739583333333333 0.07037037037037037
1 0.7369791666666666 0.2652777777777778 0.03125 0.08796296296296297
1 0.6677083333333333 0.29398148148148145 0.04375 0.07314814814814814
1 0.3619791666666667 0.4875 0.04791666666666667 0.06018518518518518
1 0.6759739583333333 0.39821296296296294 0.05298958333333333 0.05358333333333333
1 0.7018229166666666 0.287962962962963 0.0515625 0.053703703703703705
1 0.53828125 0.2199074074074074 0.022395833333333334 0.08611111111111111
1 0.49765625 0.6731481481481482 0.0484375 0.07037037037037037
1 0.6817708333333333 0.600925925925926 0.027083333333333334 0.0962962962962963
1 0.7892864583333333 0.4817592592592592 0.056703125 0.050805555555555555
1 0.7359375 0.48333333333333334 0.05416666666666667 0.05185185185185185
1 0.42890625 0.7055555555555556 0.049479166666666664 0.05925925925925926
1 0.37942708333333336 0.6287037037037037 0.0484375 0.06851851851851852
1 0.72578125 0.7685185185185185 0.05260416666666667 0.06481481481481481
1 0.44609375 0.4777777777777778 0.022395833333333334 0.09074074074074075
1 0.4010416666666667 0.5537037037037037 0.04791666666666667 0.06111111111111111
1 0.3885416666666667 0.3148148148148148 0.023958333333333335 0.08703703703703704
1 0.38229166666666664 0.7263888888888889 0.04791666666666667 0.06759259259259259
1 0.4244791666666667 0.812037037037037 0.052083333333333336 0.05740740740740741
1 0.75078125 0.7222222222222222 0.0515625 0.07037037037037037
1 0.7273958333333332 0.43796296296296294 0.055625 0.046296296296296294
1 0.43411458333333336 0.7462962962962963 0.050520833333333334 0.053703703703703705
1 0.3628645833333334 0.5213611111111112 0.04969270833333333 0.0628425925925926
1 0.81328125 0.6800925925925926 0.0453125 0.08796296296296297
1 0.39609375 0.4513888888888889 0.022395833333333334 0.08611111111111111
1 0.690625 0.45416666666666666 0.019791666666666666 0.09351851851851851
1 0.41380208333333335 0.45231481481481484 0.0203125 0.08796296296296297
1 0.8057968750000001 0.7760833333333333 0.04791666666666667 0.09351851851851851
1 0.33619791666666665 0.8791666666666667 0.0515625 0.05648148148148148
1 0.43697916666666664 0.7837962962962963 0.05 0.05277777777777778
1 0.5856770833333333 0.5574074074074075 0.0359375 0.08333333333333333
1 0.6119791666666666 0.5523148148148148 0.023958333333333335 0.09537037037037037
1 0.6520833333333333 0.7189814814814814 0.05520833333333333 0.041666666666666664
1 0.69375 0.3282407407407407 0.051041666666666666 0.03611111111111111
1 0.36484375 0.5828703703703704 0.04739583333333333 0.062037037037037036
1 0.6536458333333334 0.6527777777777778 0.057291666666666664 0.040740740740740744
1 0.37994791666666666 0.7611111111111111 0.049479166666666664 0.06111111111111111
1 0.7319427083333333 0.403212962962963 0.05430729166666667 0.05271296296296296
1 0.33932291666666664 0.6097222222222223 0.044270833333333336 0.07685185185185185
1 0.346875 0.8328703703703704 0.05 0.06388888888888888
1 0.6466145833333333 0.6828703703703703 0.058854166666666666 0.03981481481481482
1 0.6434895833333333 0.5833333333333334 0.05364583333333333 0.03888888888888889
1 0.5067552083333333 0.7390092592592593 0.052609375 0.06790740740740742
1 0.7394791666666667 0.6600648148148148 0.05604166666666666 0.05716666666666667
1 0.7189895833333334 0.6926574074074074 0.057291666666666664 0.04259259259259259
1 0.38673437499999996 0.5296944444444445 0.04944791666666667 0.06864814814814815
1 0.31197916666666664 0.8069444444444445 0.03125 0.09537037037037037
1 0.6950520833333333 0.36018518518518516 0.050520833333333334 0.03518518518518519
1 0.3484375 0.7972222222222223 0.051041666666666666 0.06666666666666667
1 0.3263020833333333 0.7291666666666666 0.04114583333333333 0.08425925925925926
1 0.7836666666666667 0.5833333333333334 0.058994791666666664 0.05555555555555555
1 0.7714583333333334 0.6131851851851852 0.057291666666666664 0.06018518518518518
1 0.33522395833333335 0.6500555555555555 0.046218749999999996 0.0744537037037037
1 0.6419270833333334 0.6157407407407407 0.05572916666666667 0.037037037037037035
1 0.2994791666666667 0.8893518518518518 0.029166666666666667 0.09351851851851851
1 0.8440104166666667 0.7087962962962963 0.0234375 0.10092592592592593
1 0.4315104166666667 0.5064814814814815 0.0234375 0.08703703703703704
1 0.2984375 0.7560185185185185 0.022916666666666665 0.09537037037037037
1 0.77578125 0.5435185185185185 0.05572916666666667 0.05185185185185185
1 0.77440625 0.508425925925926 0.05965625 0.04981481481481481
1 0.7828125 0.6860833333333334 0.025 0.0994537037037037
1 0.7422760416666667 0.6284259259259259 0.055385416666666666 0.06426851851851852
1 0.5049114583333333 0.7013148148148147 0.05058854166666667 0.07437037037037036
1 0.33514583333333337 0.6918055555555556 0.045723958333333335 0.07437037037037036
1 0.8159791666666667 0.7410925925925926 0.044265624999999996 0.09512037037037037