1 0.6739739583333333 0.5563703703703704 0.057671875000000004 0.05327777777777778
1 0.6692708333333334 0.5861111111111111 0.053125 0.04814814814814815
1 0.6984375 0.1111111111111111 0.046875 0.07222222222222222
1 0.44973958333333336 0.20555555555555555 0.04635416666666667 0.053703703703703705
1 0.31327604166666667 0.3520740740740741 0.049463541666666666 0.048601851851851854
1 0.30546875 0.18055555555555555 0.0359375 0.07777777777777778
1 0.5682291666666667 0.6078703703703704 0.053125 0.04537037037037037
1 0.6252604166666667 0.6907407407407408 0.050520833333333334 0.06666666666666667
1 0.5953958333333333 0.1285462962962963 0.04183333333333333 0.08085185185185184
1 0.26223958333333336 0.1865740740740741 0.04010416666666667 0.075
1 0.6716145833333333 0.6597222222222222 0.05260416666666667 0.05648148148148148
1 0.5388333333333333 0.23417592592592593 0.03808333333333334 0.07947222222222222
1 0.6690104166666667 0.6240740740740741 0.05260416666666667 0.05
1 0.7395833333333334 0.25462962962962965 0.040625 0.08518518518518518
1 0.5977083333333333 0.33564814814814814 0.04729166666666666 0.07314814814814814
1 0.5986510416666667 0.291287037037037 0.05040625 0.06373148148148149
1 0.5153645833333333 0.5925925925925926 0.050520833333333334 0.044444444444444446
1 0.296875 0.3768518518518518 0.05 0.040740740740740744
1 0.7317187500000001 0.1453796296296296 0.048854166666666664 0.07219444444444445
1 0.2125 0.5231481481481481 0.029166666666666667 0.08703703703703704
1 0.5611979166666666 0.5546296296296296 0.034895833333333334 0.08518518518518518
1 0.5125 0.29074074074074074 0.03125 0.08333333333333333
1 0.5802083333333333 0.6425925925925926 0.051041666666666666 0.03888888888888889
1 0.7440572916666667 0.16608333333333333 0.048526041666666665 0.07126851851851852
1 0.5661458333333333 0.17444444444444446 0.020833333333333332 0.09148148148148148
1 0.40390625 0.2199074074074074 0.0421875 0.06388888888888888
1 0.5575520833333333 0.674074074074074 0.05260416666666667 0.04814814814814815
1 0.29612499999999997 0.8571574074074074 0.0485 0.07357407407407407
1 0.5979687499999999 0.16858333333333334 0.04052083333333333 0.07790740740740741
1 0.6330729166666667 0.7361111111111112 0.0515625 0.06481481481481481
1 0.70078125 0.2967592592592593 0.03802083333333333 0.0824074074074074
1 0.23463541666666668 0.5392314814814815 0.024479166666666666 0.09328703703703704
1 0.559375 0.30277777777777776 0.03125 0.09074074074074075
1 0.5166666666666667 0.625462962962963 0.053125 0.05092592592592592
1 0.4503333333333333 0.23797222222222222 0.049630208333333335 0.05923148148148148
1 0.29973958333333334 0.7129629629629629 0.0515625 0.04259259259259259
1 0.49322916666666666 0.49953703703703706 0.046875 0.07314814814814814
1 0.3651041666666667 0.36666666666666664 0.05 0.03518518518518519
1 0.5643229166666667 0.3560185185185185 0.0359375 0.08055555555555556
1 0.6026041666666667 0.5898148148148148 0.035416666666666666 0.08703703703703704
1 0.6315624999999999 0.1945925925925926 0.03895833333333333 0.08362962962962962
1 0.24427083333333333 0.7055555555555556 0.021875 0.09814814814814815
1 0.5393229166666667 0.4847222222222222 0.03697916666666667 0.08796296296296297
1 0.30120833333333336 0.4101851851851852 0.051369791666666664 0.044444444444444446
1 0.6653645833333334 0.6916666666666667 0.050520833333333334 0.05925925925925926
1 0.6794270833333333 0.29444444444444445 0.03802083333333333 0.07962962962962963
1 0.61640625 0.17962962962962964 0.03697916666666667 0.07777777777777778
1 0.2609375 0.7888888888888889 0.040625 0.08148148148148149
1 0.4549479166666667 0.6666666666666666 0.05364583333333333 0.03888888888888889
1 0.3927083333333333 0.8314814814814815 0.052083333333333336 0.03888888888888889
1 0.2859375 0.6782407407407407 0.04895833333333333 0.03981481481481482
1 0.3494791666666667 0.23935185185185184 0.035416666666666666 0.0824074074074074
1 0.67890625 0.21574074074074073 0.025520833333333333 0.08888888888888889
1 0.51484375 0.7277777777777777 0.028645833333333332 0.09259259259259259
1 0.47671874999999997 0.27205555555555555 0.050317708333333336 0.055212962962962964
1 0.3536458333333333 0.5685185185185185 0.04895833333333333 0.05555555555555555
1 0.36432291666666666 0.3162037037037037 0.028645833333333332 0.08611111111111111
1 0.2833333333333333 0.5 0.05 0.07407407407407407
1 0.5052083333333334 0.33611111111111114 0.041666666666666664 0.07222222222222222
1 0.4981770833333333 0.538425925925926 0.04635416666666667 0.0712962962962963
1 0.4666666666666667 0.5171296296296296 0.026041666666666668 0.08981481481481482
1 0.39088541666666665 0.27824074074074073 0.04114583333333333 0.075
1 0.4322916666666667 0.7444444444444445 0.04583333333333333 0.05740740740740741
1 0.5330729166666667 0.5314814814814814 0.033854166666666664 0.08518518518518518
1 0.44114583333333335 0.28564814814814815 0.046875 0.03981481481481482
1 0.55625 0.7060185185185185 0.05 0.05092592592592592
1 0.3076666666666667 0.4463611111111111 0.052828125000000004 0.05198148148148148
1 0.29375 0.8952037037037037 0.046875 0.07373148148148148
1 0.29105729166666666 0.2538518518518519 0.031072916666666665 0.08362962962962962
1 0.47890625 0.4134259259259259 0.03697916666666667 0.08425925925925926
1 0.43359375 0.3148148148148148 0.04739583333333333 0.03888888888888889
1 0.3463541666666667 0.5319444444444444 0.052083333333333336 0.058333333333333334
1 0.4861979166666667 0.6847222222222222 0.030729166666666665 0.09351851851851851
1 0.48125 0.6055555555555555 0.020833333333333332 0.08333333333333333
1 0.3310625 0.7659814814814815 0.04111979166666667 0.08412962962962962
1 0.48125 0.75 0.04895833333333333 0.037037037037037035
1 0.4507291666666667 0.802324074074074 0.049374999999999995 0.058305555555555555
1 0.4321510416666667 0.7815740740740741 0.04867708333333333 0.05907407407407407
1 0.6510052083333334 0.20021296296296295 0.03444791666666667 0.08746296296296295
1 0.2507447916666667 0.6048425925925927 0.02663541666666667 0.09487037037037037
1 0.6977291666666667 0.22175 0.026713541666666667 0.08978703703703704
1 0.35963541666666665 0.4 0.04739583333333333 0.03888888888888889
1 0.3796875 0.6467592592592593 0.040625 0.08425925925925926
1 0.3380208333333333 0.4935185185185185 0.05520833333333333 0.05555555555555555
1 0.37118229166666666 0.7535462962962963 0.04739583333333333 0.08703703703703704
1 0.44427083333333334 0.6027777777777777 0.020833333333333332 0.08333333333333333
1 0.4661458333333333 0.3347222222222222 0.0375 0.07314814814814814
1 0.34713541666666664 0.6263888888888889 0.0421875 0.08055555555555556
1 0.35598958333333336 0.6999722222222222 0.03697916666666667 0.09074074074074075
1 0.25494791666666666 0.5166666666666667 0.0265625 0.08703703703703704
1 0.28835416666666663 0.5419722222222223 0.0453125 0.075
1 0.6557760416666666 0.25699074074074074 0.029942708333333335 0.09153703703703704
1 0.36484375 0.4356481481481482 0.049479166666666664 0.04351851851851852
1 0.31666666666666665 0.5453703703703704 0.030208333333333334 0.08518518518518518
1 0.33984375 0.7175925925925926 0.0328125 0.09259259259259259
1 0.3546875 0.46574074074074073 0.046875 0.05185185185185185
1 0.42421875 0.3662037037037037 0.0421875 0.07685185185185185
1 0.4169635416666667 0.6144166666666667 0.04434375 0.07698148148148148
1 0.36728124999999995 0.8052037037037038 0.044270833333333336 0.07685185185185185
1 0.7156614583333333 0.22003703703703703 0.02715625 0.09193518518518519
1 0.3796875 0.5319444444444444 0.030208333333333334 0.08981481481481482
1 0.44765625 0.512962962962963 0.025520833333333333 0.09444444444444444
1 0.2677083333333333 0.7328703703703704 0.027083333333333334 0.09351851851851851
1 0.39036458333333335 0.500462962962963 0.027604166666666666 0.09537037037037037
1 0.39817708333333335 0.42083333333333334 0.028645833333333332 0.10092592592592593
1 0.4080729166666667 0.49398148148148147 0.027604166666666666 0.09166666666666666
1 0.43828125 0.4023148148148148 0.0265625 0.09351851851851851
1 0.39088541666666665 0.3333333333333333 0.03802083333333333 0.09074074074074075
1 0.3049427083333333 0.6185185185185185 0.026041666666666668 0.09196296296296295
1 0.39694270833333334 0.2515 0.04284375 0.07337037037037036
1 0.5720781250000001 0.2456388888888889 0.04728645833333334 0.0672037037037037
1 0.4630208333333333 0.600462962962963 0.020833333333333332 0.08981481481481482
1 0.4309895833333333 0.524074074074074 0.024479166666666666 0.09444444444444444
1 0.29324479166666667 0.2042037037037037 0.036432291666666665 0.08048148148148149
1 0.332296875 0.8518981481481481 0.030192708333333332 0.10008333333333333
1 0.5940833333333334 0.23425925925925925 0.04650520833333334 0.06296296296296296
1 0.45989583333333334 0.39444444444444443 0.03125 0.07962962962962963
1 0.4166666666666667 0.43472222222222223 0.023958333333333335 0.08425925925925926
1 0.3207447916666667 0.6342314814814815 0.026041666666666668 0.09408333333333334
1 0.2712291666666667 0.5968888888888889 0.024213541666666668 0.09378703703703704
1 0.45390625 0.7 0.0515625 0.03888888888888889
1 0.31267187500000004 0.7982777777777778 0.024479166666666666 0.10185185185185185
1 0.2881927083333334 0.6151203703703704 0.027604166666666666 0.09225
1 0.2921875 0.7805555555555556 0.020833333333333332 0.1037037037037037
1 0.4175364583333333 0.6901759259259259 0.0203125 0.09394444444444444
1 0.2853333333333333 0.46482407407407406 0.047364583333333335 0.06450925925925927
1 0.41510416666666666 0.5745370370370371 0.04375 0.08055555555555556
1 0.3932291666666667 0.6217592592592592 0.040625 0.0824074074074074
1 0.37161458333333336 0.6763888888888889 0.03697916666666667 0.08611111111111111
1 0.49389062499999997 0.3599074074074074 0.04507291666666667 0.07198148148148148
1 0.49121875 0.42712962962962964 0.04278125 0.07605555555555556
1 0.6123020833333332 0.3541296296296296 0.048890625 0.07130555555555557
1 0.3605 0.25328703703703703 0.03367708333333333 0.08289814814814815
1 0.7147447916666666 0.1266388888888889 0.04878645833333333 0.07368518518518519
1 0.7497135416666667 0.19610185185185183 0.05310416666666666 0.0698425925925926
1 0.4004375 0.766 0.026338541666666666 0.10438888888888888