1 0.6123489583333334 0.8101851851851852 0.056546874999999996 0.06481481481481481
1 0.5622760416666667 0.7680555555555556 0.054760416666666666 0.05277777777777778
1 0.6315104166666666 0.7861111111111111 0.049479166666666664 0.06666666666666667
1 0.33177083333333335 0.9004629629629629 0.04895833333333333 0.06759259259259259
1 0.45255729166666664 0.7675925925925926 0.0546875 0.05740740740740741
1 0.33567708333333335 0.8662037037037037 0.050520833333333334 0.058333333333333334
1 0.28368229166666664 0.8597222222222223 0.05278645833333333 0.04351851851851852
1 0.7096354166666666 0.6930555555555555 0.05364583333333333 0.05462962962962963
1 0.7300729166666666 0.7467592592592592 0.0330625 0.09537037037037037
1 0.46896354166666665 0.719824074074074 0.05165104166666667 0.060342592592592594
1 0.3289947916666666 0.8189814814814815 0.053828125 0.04351851851851852
1 0.30625 0.7856481481481481 0.04791666666666667 0.07685185185185185
1 0.7223958333333333 0.649074074074074 0.05416666666666667 0.06111111111111111
1 0.75703125 0.6557777777777778 0.0296875 0.09674074074074074
1 0.36953125 0.8657407407407407 0.0296875 0.09444444444444444
1 0.28706770833333334 0.9184351851851852 0.041630208333333335 0.0945462962962963
1 0.27105729166666664 0.8064166666666667 0.04308854166666667 0.09112037037037037
1 0.706609375 0.75825 0.03677604166666667 0.09855555555555555
1 0.6536458333333334 0.75 0.0375 0.09444444444444444
1 0.24713541666666666 0.6986111111111111 0.03177083333333333 0.09351851851851851
1 0.34401041666666665 0.7092592592592593 0.050520833333333334 0.053703703703703705
1 0.30703125 0.7277777777777777 0.04739583333333333 0.05
1 0.648203125 0.2986111111111111 0.052661458333333334 0.04537037037037037
1 0.5359375 0.6962962962962963 0.029166666666666667 0.09074074074074075
1 0.39817708333333335 0.6726851851851852 0.0484375 0.05648148148148148
1 0.7643229166666666 0.5175925925925926 0.0515625 0.05925925925925926
1 0.61640625 0.2884259259259259 0.0390625 0.0787037037037037
1 0.27005208333333336 0.7379629629629629 0.03177083333333333 0.09259259259259259
1 0.24453125 0.4935185185185185 0.0390625 0.07962962962962963
1 0.3497395833333333 0.7824074074074074 0.0453125 0.08518518518518518
1 0.7471354166666667 0.5796296296296296 0.044270833333333336 0.08333333333333333
1 0.42161458333333335 0.6259259259259259 0.04635416666666667 0.06666666666666667
1 0.40286458333333336 0.41759259259259257 0.03697916666666667 0.08518518518518518
1 0.42290625 0.45555555555555555 0.029151041666666665 0.08518518518518518
1 0.45390625 0.5879629629629629 0.0484375 0.05
1 0.39296875 0.7203703703703703 0.0421875 0.08518518518518518
1 0.32395833333333335 0.4842592592592593 0.04895833333333333 0.04814814814814815
1 0.41660416666666666 0.5406481481481481 0.022791666666666665 0.0905462962962963
1 0.5843125 0.6472222222222223 0.053000000000000005 0.040740740740740744
1 0.347421875 0.6440092592592592 0.049479166666666664 0.058333333333333334
1 0.3238958333333333 0.3802685185185185 0.024874999999999998 0.09016666666666666
1 0.3729166666666667 0.7772314814814815 0.041666666666666664 0.08148148148148149
1 0.5841145833333333 0.3074074074074074 0.019270833333333334 0.08888888888888889
1 0.22942708333333334 0.45645370370370375 0.0265625 0.08703703703703704
1 0.4681770833333333 0.6532222222222223 0.029057291666666665 0.0916388888888889
1 0.2609375 0.6606481481481481 0.026041666666666668 0.09351851851851851
1 0.24244791666666668 0.3787962962962963 0.04768229166666667 0.06947222222222223
1 0.6399010416666666 0.6768333333333334 0.05167708333333333 0.07218518518518519
1 0.7437968749999999 0.2375 0.055296875 0.03796296296296296
1 0.55625 0.42407407407407405 0.04895833333333333 0.05
1 0.5166666666666667 0.43425925925925923 0.042708333333333334 0.07407407407407407
1 0.74296875 0.3773148148148148 0.05572916666666667 0.03981481481481482
1 0.6671875 0.48842592592592593 0.05 0.05277777777777778
1 0.43540104166666665 0.6854259259259259 0.031213541666666667 0.09492592592592593
1 0.28098958333333335 0.4583333333333333 0.0390625 0.07592592592592592
1 0.42083333333333334 0.7435185185185185 0.022916666666666665 0.09074074074074075
1 0.6911458333333333 0.5393518518518519 0.053125 0.06944444444444445
1 0.778125 0.5726851851851852 0.021875 0.09351851851851851
1 0.625671875 0.7200648148148148 0.037807291666666666 0.09569444444444444
1 0.53203125 0.38425925925925924 0.050520833333333334 0.044444444444444446
1 0.5666666666666667 0.2013888888888889 0.041666666666666664 0.07685185185185185
1 0.5570520833333333 0.6205648148148148 0.05472395833333333 0.037037037037037035
1 0.4973958333333333 0.2587962962962963 0.04791666666666667 0.03611111111111111
1 0.34765625 0.5893518518518519 0.034895833333333334 0.08425925925925926
1 0.24635416666666668 0.5587962962962963 0.025 0.09537037037037037
1 0.6765625 0.7435185185185185 0.03125 0.0962962962962963
1 0.2911458333333333 0.6430555555555556 0.03333333333333333 0.09537037037037037
1 0.5440104166666667 0.5888888888888889 0.0515625 0.03518518518518519
1 0.7156822916666666 0.5285 0.05011458333333333 0.07552777777777778
1 0.44355208333333335 0.4156018518518519 0.027046875 0.09351851851851851
1 0.40381770833333336 0.36443518518518514 0.045921875 0.06558333333333333
1 0.6296875 0.4050925925925926 0.046875 0.06944444444444445
1 0.4713541666666667 0.23055555555555557 0.04791666666666667 0.04814814814814815
1 0.7252604166666666 0.29814814814814816 0.0359375 0.08888888888888889
1 0.5130208333333334 0.21296296296296297 0.04479166666666667 0.05555555555555555
1 0.32083333333333336 0.5425925925925926 0.023958333333333335 0.09259259259259259
1 0.76640625 0.43472222222222223 0.0453125 0.0787037037037037
1 0.2721354166666667 0.6018518518518519 0.025520833333333333 0.0962962962962963
1 0.7008541666666667 0.587037037037037 0.05260416666666667 0.07222222222222222
1 0.7005208333333334 0.22175925925925927 0.03854166666666667 0.08611111111111111
1 0.34375 0.3393796296296296 0.027083333333333334 0.08981481481481482
1 0.61328125 0.24537037037037038 0.0390625 0.07962962962962963
1 0.7167656250000001 0.48673148148148143 0.0484375 0.06944444444444445
1 0.4552083333333333 0.29212962962962963 0.03958333333333333 0.0787037037037037
1 0.28619791666666666 0.5532407407407407 0.022395833333333334 0.09166666666666666
1 0.55546875 0.6872592592592592 0.028645833333333332 0.0977037037037037
1 0.6604166666666667 0.45787037037037037 0.051041666666666666 0.05462962962962963
1 0.242015625 0.3211851851851852 0.04861979166666666 0.05533333333333333
1 0.5447916666666667 0.46435185185185185 0.051041666666666666 0.04537037037037037
1 0.69453125 0.40370370370370373 0.0515625 0.05925925925925926
1 0.6014114583333333 0.5688240740740741 0.050520833333333334 0.0712962962962963
1 0.26927083333333335 0.5236111111111111 0.023958333333333335 0.10092592592592593
1 0.30234375 0.5337962962962963 0.0234375 0.09351851851851851
1 0.46536458333333336 0.39204629629629634 0.022395833333333334 0.09029629629629629
1 0.4791666666666667 0.3111111111111111 0.034375 0.07592592592592592
1 0.5432291666666667 0.35648148148148145 0.05 0.044444444444444446
1 0.4322916666666667 0.37407407407407406 0.022916666666666665 0.08703703703703704
1 0.37604166666666666 0.3584907407407408 0.029166666666666667 0.08921296296296295
1 0.5486979166666667 0.49537037037037035 0.0515625 0.044444444444444446
1 0.482921875 0.3985925925925926 0.021875 0.0923425925925926
1 0.6221354166666667 0.1685185185185185 0.0296875 0.08148148148148149
1 0.6273333333333333 0.5596111111111111 0.048421874999999996 0.07477777777777778
1 0.696078125 0.3353611111111111 0.03590104166666667 0.08738888888888889
1 0.5982760416666667 0.709287037037037 0.022593750000000003 0.0999351851851852
1 0.35911458333333335 0.35332407407407407 0.027604166666666666 0.08888888888888889
1 0.4127604166666667 0.32037037037037036 0.0453125 0.06111111111111111
1 0.4004739583333333 0.26296296296296295 0.0484375 0.05740740740740741
1 0.6626718749999999 0.6619814814814815 0.05260416666666667 0.07685185185185185
1 0.7526302083333333 0.45839814814814817 0.04797395833333333 0.07886111111111112
1 0.2552552083333333 0.4126296296296296 0.032380208333333334 0.08771296296296296
1 0.5796354166666667 0.7110833333333334 0.022807291666666667 0.10178703703703704
1 0.5647760416666666 0.5222222222222223 0.052468749999999995 0.03888888888888889
1 0.312625 0.636 0.03308333333333333 0.09051851851851853
1 0.7095260416666667 0.3139537037037037 0.03468229166666667 0.08716666666666667
1 0.6442708333333333 0.2183425925925926 0.025609375 0.09102777777777778
1 0.467796875 0.2 0.049140625 0.05555555555555555
1 0.5510729166666667 0.5561759259259259 0.05260416666666667 0.03611111111111111
1 0.6627447916666667 0.13044444444444445 0.04215104166666667 0.08125925925925927
1 0.7159479166666666 0.41975 0.05272916666666667 0.0623611111111111
1 0.45 0.6648148148148149 0.027083333333333334 0.09074074074074075
1 0.6706979166666667 0.25860185185185186 0.0388125 0.08081481481481481
1 0.2791666666666667 0.19907407407407407 0.04895833333333333 0.03518518518518519
1 0.39186458333333335 0.769 0.040072916666666666 0.08373148148148149
1 0.6354166666666666 0.4337962962962963 0.04895833333333333 0.06574074074074074
1 0.5783854166666667 0.22546296296296298 0.03802083333333333 0.07685185185185185
1 0.6013020833333333 0.22685185185185186 0.03802083333333333 0.08518518518518518
1 0.34063541666666663 0.6753518518518519 0.052468749999999995 0.05508333333333334
1 0.2220625 0.3690740740740741 0.04998958333333334 0.07124074074074074
1 0.4077708333333333 0.2890185185185185 0.047098958333333336 0.062425925925925926
1 0.649875 0.14983333333333332 0.044619791666666665 0.07932407407407407
1 0.6829270833333333 0.23503703703703704 0.041312499999999995 0.08225925925925927
1 0.679 0.3474074074074074 0.0318125 0.09107407407407407
1 0.5951354166666667 0.6022685185185186 0.05081770833333333 0.06462962962962962
1 0.6878854166666667 0.6114537037037037 0.05288020833333333 0.07124074074074074
1 0.672390625 0.6349537037037037 0.051640625 0.06977777777777777
1 0.7339739583333333 0.4689907407407407 0.048630208333333334 0.07803703703703704