1 0.6976197916666667 0.7713611111111112 0.054890625 0.07249074074074074
1 0.6286458333333333 0.7777777777777778 0.05416666666666667 0.05
1 0.46927083333333336 0.8087962962962963 0.040625 0.08425925925925926
1 0.7515625 0.6888888888888889 0.053125 0.06481481481481481
1 0.3028645833333333 0.8666666666666667 0.0515625 0.05185185185185185
1 0.69609375 0.7162037037037037 0.049479166666666664 0.08796296296296297
1 0.3059895833333333 0.8337962962962963 0.050520833333333334 0.05462962962962963
1 0.5734375 0.7384259259259259 0.052083333333333336 0.04537037037037037
1 0.7731770833333333 0.6101851851851852 0.043229166666666666 0.08333333333333333
1 0.359640625 0.7967777777777778 0.036984375 0.09911111111111112
1 0.39817708333333335 0.7865740740740741 0.0515625 0.05648148148148148
1 0.28775520833333335 0.7514166666666666 0.036994791666666665 0.09722222222222222
1 0.7471354166666667 0.6476851851851851 0.05364583333333333 0.06944444444444445
1 0.2265625 0.5092592592592593 0.03125 0.08703703703703704
1 0.63203125 0.7435185185185185 0.05572916666666667 0.04814814814814815
1 0.4057395833333333 0.746287037037037 0.05314583333333334 0.05558333333333333
1 0.4395833333333333 0.3648148148148148 0.023958333333333335 0.08518518518518518
1 0.45390625 0.6958333333333333 0.03802083333333333 0.08981481481481482
1 0.3515416666666667 0.7323888888888889 0.050046875000000005 0.07412037037037036
1 0.39765625 0.7175925925925926 0.0515625 0.05925925925925926
1 0.2546875 0.5314814814814814 0.025 0.08888888888888889
1 0.7666666666666667 0.538425925925926 0.05 0.0712962962962963
1 0.684375 0.6268518518518519 0.021875 0.0962962962962963
1 0.303375 0.6435185185185185 0.05365104166666667 0.04259259259259259
1 0.4825520833333333 0.7125 0.033854166666666664 0.09166666666666666
1 0.6283854166666667 0.41759259259259257 0.0453125 0.07777777777777778
1 0.2635416666666667 0.7111111111111111 0.026041666666666668 0.09814814814814815
1 0.50390625 0.6486111111111111 0.050520833333333334 0.03981481481481482
1 0.5109375 0.4273148148148148 0.03854166666666667 0.0824074074074074
1 0.42291666666666666 0.49953703703703706 0.022916666666666665 0.08981481481481482
1 0.45390625 0.6472222222222223 0.0421875 0.07222222222222222
1 0.3234375 0.6810185185185185 0.05 0.041666666666666664
1 0.5559895833333334 0.6287037037037037 0.050520833333333334 0.05185185185185185
1 0.6486979166666667 0.6402777777777777 0.05260416666666667 0.06574074074074074
1 0.6427083333333333 0.7138888888888889 0.052083333333333336 0.05
1 0.6458333333333334 0.6726851851851852 0.052083333333333336 0.058333333333333334
1 0.293484375 0.6990833333333333 0.038036458333333335 0.08889814814814816
1 0.5455729166666666 0.42407407407407405 0.03697916666666667 0.08518518518518518
1 0.6893385416666666 0.4504722222222222 0.04846875 0.07501851851851851
1 0.31536458333333334 0.7703703703703704 0.0234375 0.09814814814814815
1 0.52890625 0.27824074074074073 0.021354166666666667 0.08611111111111111
1 0.4122395833333333 0.6662037037037037 0.04739583333333333 0.06574074074074074
1 0.71953125 0.6027777777777777 0.05260416666666667 0.06481481481481481
1 0.5692604166666667 0.7032314814814815 0.05730729166666667 0.04723148148148148
1 0.7330729166666666 0.5231481481481481 0.021354166666666667 0.09259259259259259
1 0.753640625 0.19026851851851853 0.05419270833333333 0.06758333333333333
1 0.3611979166666667 0.6666666666666666 0.0265625 0.09259259259259259
1 0.7135416666666666 0.5398425925925926 0.020833333333333332 0.09634259259259259
1 0.2703125 0.5120277777777777 0.027083333333333334 0.0870462962962963
1 0.32733333333333337 0.17452777777777778 0.04533333333333334 0.07316666666666666
1 0.296875 0.44166666666666665 0.030208333333333334 0.08518518518518518
1 0.5963541666666666 0.6800925925925926 0.053125 0.04351851851851852
1 0.4544270833333333 0.3449074074074074 0.024479166666666666 0.08981481481481482
1 0.6744791666666666 0.5370370370370371 0.021875 0.09259259259259259
1 0.5963541666666666 0.35648148148148145 0.051041666666666666 0.04259259259259259
1 0.742953125 0.3393703703703704 0.04215625 0.08237037037037036
1 0.3424479166666667 0.3060185185185185 0.021354166666666667 0.08796296296296297
1 0.554171875 0.5935092592592592 0.05208854166666667 0.05556481481481481
1 0.33255208333333336 0.7782407407407408 0.024479166666666666 0.09537037037037037
1 0.6348958333333333 0.3638888888888889 0.05 0.06666666666666667
1 0.40963541666666664 0.6231481481481481 0.04739583333333333 0.06111111111111111
1 0.7330729166666666 0.46064814814814814 0.05260416666666667 0.05462962962962963
1 0.37838541666666664 0.663425925925926 0.025520833333333333 0.09537037037037037
1 0.46901041666666665 0.5958333333333333 0.050520833333333334 0.04537037037037037
1 0.27344270833333334 0.6055555555555555 0.02813541666666667 0.09259259259259259
1 0.7361979166666667 0.3912037037037037 0.03177083333333333 0.08796296296296297
1 0.6934895833333333 0.5259259259259259 0.021354166666666667 0.09444444444444444
1 0.43645833333333334 0.5652777777777778 0.04895833333333333 0.03796296296296296
1 0.6755208333333333 0.37407407407407406 0.021875 0.09814814814814815
1 0.7453125 0.25833333333333336 0.04375 0.08518518518518518
1 0.48984375 0.6189814814814815 0.050520833333333334 0.04351851851851852
1 0.42421875 0.31758333333333333 0.03594270833333334 0.08519444444444445
1 0.7174479166666666 0.3939814814814815 0.030729166666666665 0.09351851851851851
1 0.6322916666666667 0.5347222222222222 0.034375 0.0824074074074074
1 0.5520833333333334 0.2212962962962963 0.05 0.03518518518518519
1 0.34739583333333335 0.5097222222222222 0.03854166666666667 0.07314814814814814
1 0.5197916666666667 0.5768518518518518 0.051041666666666666 0.046296296296296294
1 0.7130208333333333 0.2986111111111111 0.027083333333333334 0.09166666666666666
1 0.7481666666666666 0.15973148148148147 0.05366666666666667 0.07131481481481482
1 0.36666666666666664 0.29583333333333334 0.025 0.08425925925925926
1 0.565625 0.16064814814814815 0.01875 0.08796296296296297
1 0.6979166666666666 0.39491666666666664 0.027083333333333334 0.09537037037037037
1 0.7208385416666666 0.21481481481481482 0.03335416666666667 0.08705555555555555
1 0.6559895833333333 0.5287037037037037 0.0234375 0.09259259259259259
1 0.45286458333333335 0.25046296296296294 0.0484375 0.058333333333333334
1 0.6098958333333333 0.6189814814814815 0.036458333333333336 0.08796296296296297
1 0.30911458333333336 0.2361111111111111 0.04739583333333333 0.05555555555555555
1 0.49140625 0.4222222222222222 0.03802083333333333 0.08333333333333333
1 0.5669322916666667 0.3042037037037037 0.021364583333333336 0.09174074074074073
1 0.28098958333333335 0.20462962962962963 0.04635416666666667 0.053703703703703705
1 0.3010364583333333 0.5847222222222223 0.03644791666666667 0.0824074074074074
1 0.46223437500000003 0.2916666666666667 0.048442708333333334 0.05740740740740741
1 0.38151562499999997 0.5097314814814815 0.04948958333333333 0.05649074074074074
1 0.6533958333333333 0.29767592592592595 0.032828125 0.08610185185185185
1 0.48463541666666665 0.3814814814814815 0.03802083333333333 0.08518518518518518
1 0.30494791666666665 0.49907407407407406 0.050520833333333334 0.037037037037037035
1 0.54765625 0.27870370370370373 0.021354166666666667 0.08888888888888889
1 0.68828125 0.30324074074074076 0.022395833333333334 0.0824074074074074
1 0.6078072916666667 0.1824074074074074 0.04167708333333333 0.07037037037037037
1 0.3065104166666667 0.5310185185185186 0.049479166666666664 0.03981481481481482
1 0.341921875 0.586574074074074 0.036984375 0.08611111111111111
1 0.6799479166666667 0.21481481481481482 0.022395833333333334 0.08888888888888889
1 0.6208333333333333 0.2953703703703704 0.03333333333333333 0.08703703703703704
1 0.66484375 0.2518796296296296 0.023442708333333333 0.09080555555555556
1 0.565890625 0.4824074074074074 0.04115625 0.07777777777777778
1 0.6984375 0.11064814814814815 0.04895833333333333 0.06944444444444445
1 0.6260416666666667 0.4740740740740741 0.052083333333333336 0.046296296296296294
1 0.4002604166666667 0.29953703703703705 0.044270833333333336 0.06759259259259259
1 0.6447916666666667 0.21341666666666667 0.028125 0.08796296296296297
1 0.4114583333333333 0.25462962962962965 0.04583333333333333 0.04259259259259259
1 0.37864583333333335 0.2601851851851852 0.029166666666666667 0.07962962962962963
1 0.5817708333333333 0.26851851851851855 0.019791666666666666 0.08888888888888889
1 0.5963541666666666 0.12407407407407407 0.04479166666666667 0.07037037037037037
1 0.5908854166666667 0.5273148148148148 0.05260416666666667 0.05277777777777778
1 0.38385416666666666 0.5773148148148148 0.03125 0.08796296296296297
1 0.6263020833333334 0.21805555555555556 0.03177083333333333 0.08796296296296297
1 0.354421875 0.2263888888888889 0.03490625 0.08056481481481483
1 0.6992239583333333 0.22640740740740742 0.022401041666666666 0.09358333333333332
1 0.6005208333333333 0.26296296296296295 0.020833333333333332 0.08888888888888889
1 0.5695572916666667 0.5518611111111111 0.052656249999999995 0.05000925925925926
1 0.60234375 0.5 0.05677083333333333 0.053703703703703705
1 0.7138281249999999 0.7058425925925925 0.04547916666666666 0.09014814814814814
1 0.7266354166666668 0.6338148148148148 0.05227604166666667 0.07435185185185185
1 0.35703125 0.5990833333333333 0.0359375 0.09074074074074075
1 0.6505208333333333 0.6032407407407407 0.04791666666666667 0.07685185185185185
1 0.7119791666666667 0.12638888888888888 0.05416666666666667 0.06944444444444445
1 0.324484375 0.20834259259259258 0.041671875000000004 0.07409259259259258
1 0.5972500000000001 0.5947870370370371 0.03502604166666667 0.09107407407407407
1 0.41432291666666665 0.5949074074074074 0.050520833333333334 0.062037037037037036
1 0.7354166666666667 0.14166666666666666 0.04583333333333333 0.06481481481481481
1 0.48878125 0.7983055555555555 0.04182291666666667 0.0855
1 0.31888020833333336 0.5896666666666667 0.03972916666666667 0.08271296296296296
1 0.766625 0.4985925925925926 0.050708333333333334 0.0771388888888889
1 0.6578906250000001 0.4098425925925926 0.022479166666666665 0.09664814814814815
1 0.7574739583333333 0.32109259259259254 0.04600520833333333 0.08457407407407408
1 0.5962031250000001 0.16170370370370368 0.04652604166666666 0.07062962962962963