1 0.5083541666666667 0.7615648148148149 0.038223958333333335 0.09722222222222222
1 0.5940104166666667 0.7189814814814814 0.043229166666666666 0.08055555555555556
1 0.3697708333333333 0.8555277777777778 0.05144270833333333 0.06912037037037037
1 0.26640625 0.7912037037037037 0.04114583333333333 0.09722222222222222
1 0.6911458333333333 0.736574074074074 0.053125 0.05277777777777778
1 0.24557291666666667 0.6962962962962963 0.0328125 0.09259259259259259
1 0.399890625 0.8605092592592593 0.04396875 0.09162037037037038
1 0.32708333333333334 0.8930555555555556 0.05 0.058333333333333334
1 0.6309895833333333 0.7444444444444445 0.0546875 0.046296296296296294
1 0.5841145833333333 0.6824074074074075 0.04114583333333333 0.08333333333333333
1 0.2911458333333333 0.7847222222222222 0.034375 0.09722222222222222
1 0.44738020833333336 0.7743981481481482 0.052057291666666665 0.06787037037037037
1 0.32421875 0.9268518518518518 0.0515625 0.06111111111111111
1 0.6453125 0.36666666666666664 0.04375 0.07592592592592592
1 0.26796875 0.7402777777777778 0.0421875 0.08796296296296297
1 0.31843229166666664 0.8380185185185185 0.046234375 0.07418518518518519
1 0.6761354166666667 0.6797222222222222 0.052083333333333336 0.08055555555555556
1 0.24192708333333332 0.49907407407407406 0.04635416666666667 0.07222222222222222
1 0.25729166666666664 0.6680555555555555 0.034375 0.09351851851851851
1 0.5412708333333334 0.6632870370370371 0.045036458333333335 0.07342592592592592
1 0.3533854166666667 0.8023148148148148 0.0453125 0.0787037037037037
1 0.43020833333333336 0.7435185185185185 0.04479166666666667 0.08148148148148149
1 0.7063906249999999 0.6028055555555555 0.050520833333333334 0.0700925925925926
1 0.63984375 0.712037037037037 0.050520833333333334 0.04814814814814815
1 0.7393697916666666 0.601712962962963 0.0469375 0.08175925925925925
1 0.48011458333333334 0.7047962962962963 0.027760416666666666 0.09564814814814815
1 0.7715364583333333 0.5842314814814815 0.029166666666666667 0.09722222222222222
1 0.69309375 0.3320925925925926 0.03532291666666666 0.08464814814814815
1 0.285203125 0.6488888888888888 0.025427083333333333 0.09592592592592591
1 0.6190104166666667 0.2861111111111111 0.0421875 0.08148148148148149
1 0.284375 0.9194444444444444 0.03333333333333333 0.08703703703703704
1 0.5856770833333333 0.3453703703703704 0.04635416666666667 0.07037037037037037
1 0.282234375 0.8578703703703704 0.054046875 0.041666666666666664
1 0.4981770833333333 0.3824074074074074 0.04114583333333333 0.08333333333333333
1 0.37113541666666666 0.7867037037037037 0.045234375 0.0802962962962963
1 0.34609375 0.3421296296296296 0.0234375 0.08981481481481482
1 0.63046875 0.6712962962962963 0.05260416666666667 0.05740740740740741
1 0.7614583333333333 0.5263888888888889 0.05416666666666667 0.05462962962962963
1 0.6348958333333333 0.6157407407407407 0.04375 0.08148148148148149
1 0.54609375 0.6165277777777778 0.04739583333333333 0.0787037037037037
1 0.25240625 0.40803703703703703 0.043229166666666666 0.07685185185185185
1 0.7236979166666667 0.29814814814814816 0.04010416666666667 0.08518518518518518
1 0.5265625 0.37962962962962965 0.01875 0.0962962962962963
1 0.7 0.2212962962962963 0.03333333333333333 0.09074074074074075
1 0.24973958333333332 0.5587962962962963 0.022395833333333334 0.08796296296296297
1 0.4046875 0.700925925925926 0.03125 0.08888888888888889
1 0.6695 0.3190277777777778 0.03704166666666667 0.08666666666666666
1 0.7393229166666667 0.649074074074074 0.0421875 0.07222222222222222
1 0.49557291666666664 0.6439814814814815 0.0390625 0.09166666666666666
1 0.3703125 0.7171296296296297 0.03229166666666667 0.09351851851851851
1 0.38070833333333337 0.6816018518518518 0.032385416666666667 0.09175925925925925
1 0.27109375 0.5194444444444445 0.022395833333333334 0.09444444444444444
1 0.28489583333333335 0.5550925925925926 0.020833333333333332 0.09351851851851851
1 0.26875 0.6064814814814815 0.019791666666666666 0.0962962962962963
1 0.33947916666666667 0.7257870370370371 0.05083333333333333 0.06268518518518519
1 0.5979166666666667 0.624537037037037 0.051041666666666666 0.04722222222222222
1 0.5765 0.2800925925925926 0.041796875 0.075
1 0.3078125 0.7282407407407407 0.040625 0.07685185185185185
1 0.47578125 0.4587962962962963 0.028645833333333332 0.08796296296296297
1 0.46328125 0.39305555555555555 0.04010416666666667 0.0787037037037037
1 0.3619791666666667 0.3554907407407408 0.022916666666666665 0.09061111111111111
1 0.3963541666666667 0.37407407407407406 0.023958333333333335 0.08703703703703704
1 0.5583333333333333 0.5634259259259259 0.052083333333333336 0.04351851851851852
1 0.4198177083333333 0.6761203703703704 0.035234375000000005 0.0835925925925926
1 0.3426927083333334 0.6519537037037038 0.047890625 0.06687962962962964
1 0.41510416666666666 0.3768518518518518 0.026041666666666668 0.09074074074074075
1 0.37161458333333336 0.4740740740740741 0.030729166666666665 0.08703703703703704
1 0.6950520833333333 0.537962962962963 0.050520833333333334 0.05555555555555555
1 0.54375 0.275 0.01875 0.09444444444444444
1 0.5471354166666667 0.3997685185185185 0.021354166666666667 0.09722222222222222
1 0.37838541666666664 0.3725648148148148 0.022395833333333334 0.09142592592592592
1 0.3921875 0.5888888888888889 0.035416666666666666 0.08518518518518518
1 0.40546875 0.6203703703703703 0.03697916666666667 0.07962962962962963
1 0.27786458333333336 0.4310185185185185 0.027604166666666666 0.09351851851851851
1 0.74140625 0.4976851851851852 0.05260416666666667 0.041666666666666664
1 0.30755208333333334 0.6314814814814815 0.027604166666666666 0.09444444444444444
1 0.6835364583333334 0.2350833333333333 0.03477604166666667 0.08867592592592592
1 0.48981250000000004 0.5816296296296296 0.039802083333333335 0.08725000000000001
1 0.399375 0.7681018518518518 0.03104166666666667 0.09731481481481481
1 0.31796875 0.42453703703703705 0.034895833333333334 0.08425925925925926
1 0.5072916666666667 0.3296296296296296 0.04583333333333333 0.05925925925925926
1 0.32265625 0.5537037037037037 0.024479166666666666 0.09259259259259259
1 0.41302083333333334 0.5097222222222222 0.035416666666666666 0.08611111111111111
1 0.45208333333333334 0.524537037037037 0.04791666666666667 0.05277777777777778
1 0.6354166666666666 0.5115740740740741 0.042708333333333334 0.08055555555555556
1 0.44973958333333336 0.2861111111111111 0.04114583333333333 0.07407407407407407
1 0.4625 0.6985833333333333 0.026041666666666668 0.09652777777777778
1 0.4627604166666667 0.6157407407407407 0.033854166666666664 0.08518518518518518
1 0.40598958333333335 0.4412037037037037 0.049479166666666664 0.058333333333333334
1 0.34765625 0.5893518518518519 0.033854166666666664 0.08981481481481482
1 0.7252604166666666 0.4583333333333333 0.05364583333333333 0.044444444444444446
1 0.56328125 0.19771296296296295 0.0390625 0.08148148148148149
1 0.38833333333333336 0.5392685185185185 0.03791666666666667 0.08410185185185184
1 0.6013645833333333 0.20558333333333334 0.0328125 0.09166666666666666
1 0.34088541666666666 0.4708333333333333 0.04635416666666667 0.062037037037037036
1 0.29192708333333334 0.4555277777777778 0.0234375 0.09069444444444445
1 0.4283854166666667 0.5833333333333334 0.04114583333333333 0.08333333333333333
1 0.4309895833333333 0.3736111111111111 0.0234375 0.08611111111111111
1 0.5046875 0.2986111111111111 0.046875 0.058333333333333334
1 0.7411458333333333 0.24537037037037038 0.05520833333333333 0.037037037037037035
1 0.30390625 0.5375 0.021354166666666667 0.09907407407407408
1 0.32459375 0.49079629629629623 0.05231770833333334 0.05937037037037037
1 0.43776041666666665 0.45185185185185184 0.050520833333333334 0.046296296296296294
1 0.6449166666666667 0.21397222222222223 0.027822916666666666 0.09450925925925925
1 0.23730208333333333 0.33894444444444444 0.049609375 0.05751851851851852
1 0.3541666666666667 0.5324074074074074 0.046875 0.037037037037037035
1 0.6248020833333333 0.16702777777777778 0.030859375 0.08960185185185185
1 0.40520833333333334 0.31712962962962965 0.04791666666666667 0.03425925925925926
1 0.5119791666666667 0.2152777777777778 0.04479166666666667 0.058333333333333334
1 0.46822916666666664 0.22685185185185186 0.04791666666666667 0.04814814814814815
1 0.495125 0.25277777777777777 0.0535 0.04259259259259259
1 0.6622395833333333 0.13194444444444445 0.0453125 0.07685185185185185
1 0.4734375 0.29583333333333334 0.046875 0.06388888888888888
1 0.39791666666666664 0.2574074074074074 0.051041666666666666 0.02962962962962963
1 0.44192708333333336 0.48657407407407405 0.0453125 0.041666666666666664
1 0.5166666666666667 0.6101851851851852 0.025 0.0962962962962963
1 0.46458333333333335 0.19953703703703704 0.04791666666666667 0.04722222222222222
1 0.40630208333333334 0.28535185185185186 0.052187500000000005 0.03300925925925926
1 0.6506354166666667 0.15316666666666665 0.043984375 0.07300925925925926
1 0.2786458333333333 0.19907407407407407 0.04895833333333333 0.03518518518518519
1 0.49390625 0.7432314814814815 0.03566145833333333 0.09777777777777777
1 0.6390625 0.2916666666666667 0.041666666666666664 0.08148148148148149
1 0.23932291666666666 0.4671296296296296 0.049479166666666664 0.06944444444444445
1 0.330203125 0.8100648148148148 0.04597395833333333 0.07714814814814815
1 0.3340677083333333 0.6821203703703704 0.04683333333333333 0.06569444444444444
1 0.43697395833333336 0.6576759259259259 0.0378125 0.08555555555555557
1 0.6853229166666667 0.6519537037037038 0.048984375 0.07714814814814815
1 0.691765625 0.5793888888888888 0.0515625 0.0664537037037037
1 0.5650156249999999 0.6741018518518518 0.040390625 0.09089814814814814
1 0.6144270833333334 0.24405555555555555 0.040390625 0.08478703703703704
1 0.66878125 0.25475 0.03222395833333333 0.08631481481481482
1 0.7111041666666666 0.3143240740740741 0.038671875 0.08631481481481482
1 0.57275 0.22227777777777777 0.040390625 0.08249999999999999
1 0.565875 0.3601574074074074 0.050703124999999995 0.06339814814814815
1 0.46060416666666665 0.3498425925925926 0.047265625 0.07791666666666668
1 0.23545833333333333 0.39911111111111114 0.045546875 0.07562037037037037