1 0.31756770833333337 0.7833611111111111 0.03958333333333333 0.08981481481481482
1 0.35784895833333336 0.6469166666666666 0.04277604166666667 0.0808611111111111
1 0.313734375 0.6143518518518518 0.050520833333333334 0.05648148148148148
1 0.33708333333333335 0.7158981481481481 0.036458333333333336 0.08759259259259258
1 0.3450520833333333 0.4638888888888889 0.0453125 0.05740740740740741
1 0.38697916666666665 0.6814814814814815 0.0375 0.09259259259259259
1 0.39479166666666665 0.6157407407407407 0.03958333333333333 0.07407407407407407
1 0.6211979166666667 0.675 0.04135416666666667 0.08703703703703704
1 0.7747916666666667 0.81725 0.046598958333333336 0.10117592592592592
1 0.3640625 0.4388888888888889 0.040625 0.07222222222222222
1 0.7330729166666666 0.17685185185185184 0.034895833333333334 0.09259259259259259
1 0.28796875 0.6661111111111111 0.05121354166666667 0.05333333333333334
1 0.4427083333333333 0.6689537037037038 0.04791666666666667 0.07567592592592592
1 0.728125 0.3699074074074074 0.052083333333333336 0.05462962962962963
1 0.38619791666666664 0.7620370370370371 0.03697916666666667 0.08333333333333333
1 0.6377083333333334 0.25025 0.03465104166666667 0.08518518518518518
1 0.5645677083333334 0.3498425925925926 0.04066145833333333 0.08117592592592593
1 0.32852604166666666 0.587037037037037 0.050796875 0.053703703703703705
1 0.3764583333333333 0.8456203703703703 0.05083333333333333 0.06432407407407408
1 0.41302083333333334 0.5879629629629629 0.03333333333333333 0.08333333333333333
1 0.17760416666666667 0.6824074074074075 0.020833333333333332 0.0962962962962963
1 0.3577447916666667 0.517712962962963 0.042984375 0.07567592592592592
1 0.6519635416666667 0.6835462962962963 0.025729166666666668 0.09895370370370371
1 0.5816510416666667 0.7531203703703704 0.03149479166666667 0.09919444444444445
1 0.5997395833333333 0.25092592592592594 0.0484375 0.06481481481481481
1 0.23958333333333334 0.5018518518518519 0.051041666666666666 0.03518518518518519
1 0.4283854166666667 0.8180555555555555 0.03177083333333333 0.08981481481481482
1 0.575796875 0.21108333333333335 0.047359375 0.0610462962962963
1 0.6809895833333334 0.4050925925925926 0.044270833333333336 0.08055555555555556
1 0.5692343750000001 0.6736111111111112 0.04277604166666667 0.08425925925925926
1 0.5958333333333333 0.6708333333333333 0.034375 0.08796296296296297
1 0.5973437500000001 0.8223425925925926 0.05628645833333333 0.05296296296296297
1 0.6091145833333333 0.4777777777777778 0.04739583333333333 0.07592592592592592
1 0.3324479166666666 0.855212962962963 0.041979166666666665 0.08808333333333333
1 0.6524114583333334 0.34891666666666665 0.042046875000000004 0.08117592592592593
1 0.29791666666666666 0.7055555555555556 0.05 0.05185185185185185
1 0.3138020833333333 0.5208333333333334 0.027604166666666666 0.08981481481481482
1 0.3541666666666667 0.7930555555555555 0.042708333333333334 0.08611111111111111
1 0.7084010416666667 0.19173148148148147 0.027984375 0.0908611111111111
1 0.6911458333333333 0.3498148148148148 0.046875 0.0725925925925926
1 0.70234375 0.4494444444444444 0.021354166666666667 0.09703703703703703
1 0.72421875 0.3087962962962963 0.05260416666666667 0.05648148148148148
1 0.6159895833333333 0.3313611111111111 0.0378125 0.08123148148148149
1 0.26328125 0.7486111111111111 0.03177083333333333 0.09722222222222222
1 0.4747395833333333 0.4513888888888889 0.044270833333333336 0.07685185185185185
1 0.4204166666666667 0.4962962962962963 0.033125 0.08518518518518518
1 0.68125 0.48076851851851854 0.021875 0.0963611111111111
1 0.3625 0.5875277777777778 0.030208333333333334 0.09074074074074075
1 0.23333333333333334 0.47314814814814815 0.051041666666666666 0.037037037037037035
1 0.4744791666666667 0.500462962962963 0.041666666666666664 0.0787037037037037
1 0.6033854166666667 0.7599074074074075 0.033296875 0.09747222222222222
1 0.5643229166666667 0.28379629629629627 0.0484375 0.06759259259259259
1 0.6905729166666668 0.19923148148148148 0.030312500000000003 0.09104629629629629
1 0.26803645833333334 0.45562037037037034 0.04927083333333333 0.05765740740740741
1 0.6750885416666667 0.7400277777777778 0.040453125 0.08747222222222222
1 0.6890989583333333 0.29515740740740737 0.034932291666666664 0.08697222222222223
1 0.226109375 0.5478981481481482 0.04597395833333333 0.06802777777777777
1 0.41744791666666664 0.7638888888888888 0.022395833333333334 0.09814814814814815
1 0.6244791666666667 0.5319444444444444 0.058333333333333334 0.03981481481481482
1 0.6677083333333333 0.2689814814814815 0.020833333333333332 0.08611111111111111
1 0.49322916666666666 0.6240740740740741 0.04895833333333333 0.05
1 0.29401041666666666 0.5175925925925926 0.022395833333333334 0.08703703703703704
1 0.5421875 0.6046296296296296 0.05 0.05925925925925926
1 0.19055729166666666 0.5789537037037037 0.04652604166666666 0.07777777777777778
1 0.25703125 0.5319444444444444 0.049479166666666664 0.03611111111111111
1 0.224703125 0.6449074074074074 0.047328125000000006 0.07314814814814814
1 0.6461302083333333 0.7737037037037037 0.03496354166666667 0.09740740740740741
1 0.43203125 0.5680555555555555 0.025520833333333333 0.08796296296296297
1 0.44817708333333334 0.8138888888888889 0.03177083333333333 0.09444444444444444
1 0.28107812499999996 0.7642314814814815 0.03368229166666667 0.09326851851851853
1 0.6434895833333333 0.5939814814814814 0.021354166666666667 0.09722222222222222
1 0.3966145833333333 0.47784259259259265 0.0265625 0.08876851851851852
1 0.5484375 0.3377777777777778 0.03854166666666667 0.08518518518518518
1 0.746875 0.6486111111111111 0.057291666666666664 0.05092592592592592
1 0.6267552083333333 0.7790092592592593 0.034687499999999996 0.10099074074074073
1 0.6408489583333333 0.5023148148148148 0.05566145833333334 0.03981481481481482
1 0.654984375 0.40876851851851853 0.03378645833333334 0.08789814814814816
1 0.378125 0.4023148148148148 0.042708333333333334 0.075
1 0.5810260416666666 0.6148148148148148 0.052671875 0.053703703703703705
1 0.46979166666666666 0.6666666666666666 0.042708333333333334 0.07222222222222222
1 0.7410781249999999 0.20935185185185184 0.04180729166666666 0.08537037037037037
1 0.7333333333333333 0.7842592592592592 0.053125 0.07962962962962963
1 0.52078125 0.28888888888888886 0.034479166666666665 0.08518518518518518
1 0.4166666666666667 0.37916666666666665 0.040625 0.075
1 0.5905885416666667 0.575 0.052015625 0.05925925925925926
1 0.4088541666666667 0.2340462962962963 0.024651041666666665 0.08833333333333333
1 0.74296875 0.7421296296296296 0.05677083333333333 0.05648148148148148
1 0.4897395833333333 0.5939814814814814 0.050312499999999996 0.04722222222222222
1 0.4434895833333333 0.4222222222222222 0.044270833333333336 0.07222222222222222
1 0.33151041666666664 0.5171296296296296 0.028645833333333332 0.08981481481481482
1 0.527484375 0.33287037037037037 0.03461979166666666 0.08611111111111111
1 0.7200520833333334 0.472962962962963 0.021354166666666667 0.09777777777777777
1 0.4285572916666667 0.26049074074074074 0.020661458333333334 0.0876574074074074
1 0.5716145833333334 0.41108333333333336 0.019270833333333334 0.09252777777777778
1 0.5612499999999999 0.5576574074074074 0.050625 0.05321296296296296
1 0.38333333333333336 0.5152777777777777 0.035416666666666666 0.08055555555555556
1 0.32916666666666666 0.19675925925925927 0.021875 0.08611111111111111
1 0.7817708333333333 0.75 0.027083333333333334 0.10185185185185185
1 0.73359375 0.6925925925925925 0.05677083333333333 0.05
1 0.5928125000000001 0.33539814814814817 0.03729166666666666 0.08191666666666667
1 0.29765625 0.22314814814814815 0.022395833333333334 0.08518518518518518
1 0.728125 0.40879629629629627 0.04895833333333333 0.075
1 0.4630208333333333 0.2512685185185185 0.020833333333333332 0.08993518518518519
1 0.6412135416666668 0.32910185185185187 0.03972395833333333 0.09178703703703703
1 0.22890625 0.4013888888888889 0.04739583333333333 0.06574074074074074
1 0.7761458333333333 0.587037037037037 0.054375 0.06111111111111111
1 0.7859375 0.6819444444444445 0.05625 0.049074074074074076
1 0.19505208333333332 0.687037037037037 0.0203125 0.09074074074074075
1 0.3375 0.40185185185185185 0.042708333333333334 0.07222222222222222
1 0.21666666666666667 0.7097222222222223 0.035416666666666666 0.08796296296296297
1 0.700640625 0.13632407407407407 0.053578125000000004 0.04673148148148148
1 0.5432291666666667 0.6662037037037037 0.029166666666666667 0.09166666666666666
1 0.2965260416666667 0.6358333333333334 0.04930729166666667 0.055
1 0.44427083333333334 0.512962962962963 0.021875 0.08888888888888889
1 0.4453125 0.27725 0.017708333333333333 0.0915462962962963
1 0.80234375 0.763824074074074 0.025520833333333333 0.10543518518518519
1 0.6230208333333334 0.5928703703703704 0.02625 0.09203703703703704
1 0.296875 0.16712962962962963 0.04479166666666667 0.05092592592592592
1 0.8234375 0.7658333333333334 0.023958333333333335 0.10388888888888889
1 0.31328125 0.2101851851851852 0.0234375 0.08518518518518518
1 0.19583333333333333 0.8388888888888889 0.020833333333333332 0.09259259259259259
1 0.17682291666666666 0.8416666666666667 0.019270833333333334 0.09444444444444444
1 0.31415104166666663 0.8407685185185185 0.047046875 0.07956481481481482
1 0.22092187500000002 0.6138611111111112 0.04621354166666667 0.07092592592592592
1 0.4385052083333333 0.7048703703703704 0.047364583333333335 0.07469444444444445
1 0.40145312499999997 0.6946851851851852 0.037432291666666666 0.09235185185185185
1 0.370515625 0.7812685185185185 0.03972395833333333 0.08760185185185185
1 0.29793749999999997 0.7795648148148148 0.037432291666666666 0.09371296296296296
1 0.20569270833333334 0.5968981481481481 0.04851041666666667 0.07469444444444445
1 0.3529427083333333 0.6987592592592592 0.03590625 0.08963888888888889
1 0.23835416666666667 0.42374074074074075 0.047364583333333335 0.0665462962962963
1 0.28858333333333336 0.43698148148148147 0.05003645833333333 0.06043518518518518
1 0.40451041666666665 0.40370370370370373 0.03896354166666667 0.07945370370370371
1 0.4633333333333333 0.43256481481481485 0.04507291666666667 0.07876851851851852
1 0.596453125 0.4556481481481482 0.046984374999999995 0.08149074074074074
1 0.5819375 0.26687037037037037 0.04851041666666667 0.06519444444444444