1 0.19229687499999998 0.6501388888888888 0.029348958333333335 0.09499074074074075
1 0.5768333333333333 0.5671296296296297 0.039046875 0.08981481481481482
1 0.24583333333333332 0.6671296296296296 0.03229166666666667 0.08796296296296297
1 0.5627604166666667 0.20462962962962963 0.033854166666666664 0.08148148148148149
1 0.3282864583333333 0.7326481481481482 0.04407291666666667 0.0826574074074074
1 0.619828125 0.6413796296296297 0.04590625 0.0809074074074074
1 0.6572291666666668 0.5329537037037038 0.049875 0.0714537037037037
1 0.22239583333333332 0.6731481481481482 0.03229166666666667 0.0962962962962963
1 0.16458333333333333 0.6546296296296297 0.03958333333333333 0.08703703703703704
1 0.615625 0.7074074074074074 0.03958333333333333 0.08888888888888889
1 0.3815572916666667 0.44537037037037036 0.051041666666666666 0.04259259259259259
1 0.7721354166666666 0.5791666666666667 0.0515625 0.06388888888888888
1 0.6507291666666667 0.6173240740740741 0.034359375 0.09166666666666666
1 0.3303125 0.8388333333333334 0.03557291666666666 0.09728703703703703
1 0.6984375 0.47314814814814815 0.04791666666666667 0.08518518518518518
1 0.20880729166666667 0.6141481481481481 0.028645833333333332 0.09687037037037037
1 0.5210781250000001 0.6018888888888888 0.04234375 0.08076851851851852
1 0.31588541666666664 0.5962962962962963 0.0453125 0.06666666666666667
1 0.5723958333333333 0.3648148148148148 0.03958333333333333 0.08333333333333333
1 0.16818229166666668 0.698962962962963 0.041755208333333335 0.08866666666666667
1 0.36171875 0.7976851851851852 0.04739583333333333 0.07685185185185185
1 0.44463541666666667 0.5828703703703704 0.046875 0.07314814814814814
1 0.6432291666666666 0.43842592592592594 0.05 0.0712962962962963
1 0.41484375 0.549537037037037 0.027604166666666666 0.09166666666666666
1 0.22265625 0.5930555555555556 0.027604166666666666 0.09722222222222222
1 0.3546875 0.6 0.029166666666666667 0.08888888888888889
1 0.32347395833333337 0.6421296296296296 0.04903125 0.05648148148148148
1 0.37864583333333335 0.5407407407407407 0.04479166666666667 0.07407407407407407
1 0.57421875 0.6856481481481481 0.0453125 0.08611111111111111
1 0.73359375 0.3509259259259259 0.05572916666666667 0.03518518518518519
1 0.59884375 0.4087037037037037 0.04876041666666667 0.06893518518518518
1 0.6903020833333334 0.6036111111111111 0.0326875 0.09239814814814816
1 0.684375 0.6949074074074074 0.03125 0.09166666666666666
1 0.240625 0.5087962962962963 0.04479166666666667 0.0712962962962963
1 0.40703125 0.8083333333333333 0.0515625 0.05555555555555555
1 0.27057291666666666 0.6430555555555556 0.0296875 0.09537037037037037
1 0.47942708333333334 0.6893518518518519 0.033854166666666664 0.08796296296296297
1 0.6247395833333333 0.5560185185185185 0.0546875 0.041666666666666664
1 0.3927083333333333 0.7759259259259259 0.052083333333333336 0.044444444444444446
1 0.3763020833333333 0.5833333333333334 0.03697916666666667 0.07962962962962963
1 0.37126562500000004 0.48194444444444445 0.051041666666666666 0.04722222222222222
1 0.59453125 0.3055555555555556 0.028645833333333332 0.08703703703703704
1 0.6606770833333333 0.700925925925926 0.03177083333333333 0.09444444444444444
1 0.7327656250000001 0.6990740740740741 0.0578125 0.05740740740740741
1 0.352328125 0.7348796296296296 0.04215104166666667 0.08566666666666667
1 0.7697916666666667 0.43657407407407406 0.03229166666666667 0.09166666666666666
1 0.4979166666666667 0.6791666666666667 0.03125 0.09166666666666666
1 0.7474427083333333 0.6467592592592593 0.056338541666666665 0.058333333333333334
1 0.518015625 0.2944907407407408 0.044182291666666665 0.07601851851851851
1 0.22942708333333334 0.7523148148148148 0.043229166666666666 0.0787037037037037
1 0.6847604166666666 0.21530555555555556 0.0515625 0.05092592592592592
1 0.7354427083333334 0.22870370370370371 0.048906250000000005 0.07407407407407407
1 0.44127083333333333 0.720925925925926 0.04711979166666667 0.07319444444444444
1 0.7113333333333334 0.19160185185185186 0.03620833333333333 0.08875925925925926
1 0.668328125 0.6068333333333333 0.03561458333333333 0.09514814814814815
1 0.6294270833333333 0.37824074074074077 0.04114583333333333 0.0787037037037037
1 0.16822916666666668 0.7537037037037037 0.03958333333333333 0.07592592592592592
1 0.7432552083333334 0.7393518518518518 0.0578125 0.05648148148148148
1 0.38125 0.8527777777777777 0.05416666666666667 0.03888888888888889
1 0.7253489583333333 0.1708148148148148 0.03299479166666667 0.08608333333333333
1 0.28915104166666666 0.5593703703703704 0.043932291666666665 0.07755555555555556
1 0.5510572916666666 0.676962962962963 0.038515625000000005 0.08912037037037036
1 0.7341145833333333 0.5388888888888889 0.027604166666666666 0.09259259259259259
1 0.5735833333333333 0.514 0.037786458333333335 0.08681481481481482
1 0.7848958333333333 0.6814814814814815 0.057291666666666664 0.05185185185185185
1 0.3206614583333333 0.6754629629629629 0.050703124999999995 0.05092592592592592
1 0.36676562500000004 0.6567685185185185 0.04915625 0.06609259259259259
1 0.7575520833333333 0.40185185185185185 0.0359375 0.0962962962962963
1 0.77446875 0.8145925925925925 0.042692708333333336 0.1014074074074074
1 0.7809895833333333 0.7486111111111111 0.027604166666666666 0.10092592592592593
1 0.6838541666666667 0.27870370370370373 0.03854166666666667 0.08888888888888889
1 0.27307291666666667 0.7027777777777777 0.0534375 0.046296296296296294
1 0.6255208333333333 0.7987685185185185 0.029166666666666667 0.10124999999999999
1 0.7028645833333333 0.38472222222222224 0.05260416666666667 0.03981481481481482
1 0.4419427083333333 0.4916018518518518 0.027817708333333333 0.09208333333333334
1 0.7348072916666666 0.7886203703703704 0.05416666666666667 0.08796296296296297
1 0.746875 0.48613888888888884 0.027083333333333334 0.09814814814814815
1 0.17771354166666667 0.7985277777777777 0.0326875 0.09259259259259259
1 0.77109375 0.5186296296296297 0.034895833333333334 0.09166666666666666
1 0.62421875 0.31527777777777777 0.04114583333333333 0.0787037037037037
1 0.5359375 0.38472222222222224 0.03125 0.08981481481481482
1 0.4685729166666667 0.6307222222222222 0.050687499999999996 0.06449074074074075
1 0.32109375 0.5296296296296297 0.027604166666666666 0.09074074074074075
1 0.38177083333333334 0.7300925925925926 0.04791666666666667 0.06018518518518518
1 0.55 0.5189814814814815 0.035416666666666666 0.08796296296296297
1 0.33515625 0.5435185185185185 0.025520833333333333 0.09259259259259259
1 0.37473958333333335 0.888425925925926 0.05364583333333333 0.03796296296296296
1 0.19661458333333334 0.7402777777777778 0.024479166666666666 0.08796296296296297
1 0.22447916666666667 0.5324074074074074 0.046875 0.06666666666666667
1 0.6091145833333333 0.5902777777777778 0.05677083333333333 0.03796296296296296
1 0.66796875 0.7842592592592592 0.028645833333333332 0.09814814814814815
1 0.18046875 0.5087962962962963 0.04635416666666667 0.06574074074074074
1 0.6940104166666666 0.4273148148148148 0.050520833333333334 0.05092592592592592
1 0.46380208333333334 0.5 0.028645833333333332 0.08888888888888889
1 0.5544270833333333 0.33101851851851855 0.024479166666666666 0.08981481481481482
1 0.5835052083333333 0.6259259259259259 0.0546875 0.040740740740740744
1 0.19192708333333333 0.5675925925925925 0.04739583333333333 0.07222222222222222
1 0.8026041666666667 0.7601851851851852 0.026041666666666668 0.10185185185185185
1 0.6932291666666667 0.7467592592592592 0.03125 0.10092592592592593
1 0.5481770833333334 0.6 0.027604166666666666 0.0962962962962963
1 0.2890520833333333 0.6363148148148149 0.028109375 0.09032407407407407
1 0.672828125 0.17862037037037037 0.052083333333333336 0.05092592592592592
1 0.4044270833333333 0.4828703703703704 0.03697916666666667 0.08055555555555556
1 0.6036458333333333 0.4675925925925926 0.025 0.0962962962962963
1 0.38984375 0.6879444444444445 0.054223958333333336 0.04958333333333333
1 0.156546875 0.8517407407407407 0.05059375 0.07200000000000001
1 0.5739583333333333 0.28888888888888886 0.026041666666666668 0.08333333333333333
1 0.42792708333333335 0.5186111111111111 0.030390625 0.08723148148148148
1 0.6221354166666667 0.48518518518518516 0.024479166666666666 0.0962962962962963
1 0.73515625 0.40555555555555556 0.033854166666666664 0.08333333333333333
1 0.48125 0.2814814814814815 0.030208333333333334 0.08518518518518518
1 0.5934895833333333 0.7662037037037037 0.05364583333333333 0.03981481481481482
1 0.6458229166666667 0.7934351851851852 0.029151041666666665 0.09830555555555556
1 0.8229166666666666 0.7643518518518518 0.025 0.10092592592592593
1 0.19088541666666667 0.8319444444444445 0.025520833333333333 0.09722222222222222
1 0.6013020833333333 0.8339722222222222 0.035078124999999995 0.09719444444444444
1 0.3109375 0.8310185185185185 0.03229166666666667 0.08796296296296297
1 0.64140625 0.6981481481481482 0.030729166666666665 0.07962962962962963
1 0.27421875 0.19398148148148148 0.027604166666666666 0.0787037037037037
1 0.2942708333333333 0.1865740740740741 0.03333333333333333 0.08055555555555556
1 0.44869791666666664 0.7717592592592593 0.05260416666666667 0.04537037037037037
1 0.28278125000000004 0.7902777777777777 0.03860416666666667 0.08981481481481482
1 0.309578125 0.7459074074074075 0.04425520833333333 0.07867592592592593
1 0.2694010416666667 0.7707314814814815 0.04125 0.09166666666666666
1 0.29604166666666665 0.8154166666666667 0.038671875 0.09700925925925925
1 0.34352083333333333 0.8616296296296296 0.03566145833333333 0.09777777777777777
1 0.45308333333333334 0.6947314814814814 0.04683333333333333 0.07867592592592593
1 0.5134531250000001 0.5721296296296297 0.042109375 0.08861111111111111
1 0.4554479166666667 0.6064999999999999 0.048984375 0.06569444444444444
1 0.6685989583333334 0.5106388888888889 0.04894791666666667 0.07103703703703704
1 0.7141093749999999 0.4919814814814815 0.042109375 0.08097222222222222
1 0.585640625 0.7122962962962963 0.047265625 0.07714814814814815
1 0.5883177083333333 0.3822962962962963 0.048749999999999995 0.07418518518518519
1 0.5279947916666666 0.31839814814814815 0.04296875 0.08005555555555555
1 0.6637135416666666 0.26625 0.04420833333333333 0.083
1 0.6988333333333333 0.29232407407407407 0.03759375 0.0925462962962963