1 0.3672916666666667 0.5712962962962963 0.051875 0.05
1 0.7812864583333333 0.7575648148148147 0.056317708333333334 0.07080555555555555
1 0.7817552083333333 0.6494166666666666 0.05475520833333333 0.07203703703703704
1 0.30442708333333335 0.8375 0.028645833333333332 0.09537037037037037
1 0.37083333333333335 0.8198148148148148 0.05 0.06851851851851852
1 0.7984375 0.825 0.05 0.08148148148148149
1 0.7174479166666666 0.34629629629629627 0.030729166666666665 0.08888888888888889
1 0.405015625 0.7631203703703703 0.04024479166666666 0.08919444444444444
1 0.365 0.7317870370370371 0.045625 0.08025
1 0.4197916666666667 0.5440462962962963 0.04791666666666667 0.06574074074074074
1 0.7385416666666667 0.3416666666666667 0.03125 0.09259259259259259
1 0.7546875 0.8236111111111111 0.04479166666666667 0.08796296296296297
1 0.42223958333333333 0.7476851851851852 0.04302083333333333 0.0824074074074074
1 0.32864583333333336 0.7625 0.04583333333333333 0.08611111111111111
1 0.394046875 0.685212962962963 0.04211979166666667 0.08586111111111111
1 0.85390625 0.8152777777777778 0.0296875 0.09537037037037037
1 0.30859375 0.6134259259259259 0.03802083333333333 0.08611111111111111
1 0.22057291666666667 0.5504629629629629 0.04010416666666667 0.08055555555555556
1 0.7441822916666666 0.2773148148148148 0.052953125000000004 0.06759259259259259
1 0.32680729166666667 0.6749351851851851 0.050484375000000005 0.06099074074074075
1 0.16692708333333334 0.6523148148148148 0.03802083333333333 0.09166666666666666
1 0.82890625 0.7689814814814815 0.0265625 0.09907407407407408
1 0.7669270833333334 0.5634259259259259 0.05572916666666667 0.05277777777777778
1 0.41119791666666666 0.6041666666666666 0.044270833333333336 0.08425925925925926
1 0.6940104166666666 0.3611111111111111 0.0296875 0.08518518518518518
1 0.3385416666666667 0.2263888888888889 0.036458333333333336 0.075
1 0.43139062499999997 0.6910185185185185 0.053125 0.03611111111111111
1 0.5568385416666667 0.612287037037037 0.052708333333333336 0.058638888888888886
1 0.2941822916666667 0.7316944444444444 0.04864583333333334 0.075
1 0.62734375 0.7893518518518519 0.04739583333333333 0.08425925925925926
1 0.4739583333333333 0.6620370370370371 0.053609375 0.03888888888888889
1 0.16197916666666667 0.8060185185185185 0.051041666666666666 0.062037037037037036
1 0.38307291666666665 0.612037037037037 0.043229166666666666 0.08518518518518518
1 0.7169270833333333 0.7180555555555556 0.04739583333333333 0.08425925925925926
1 0.8154010416666666 0.6466018518518519 0.051354166666666666 0.08543518518518518
1 0.3614583333333333 0.8495370370370371 0.04895833333333333 0.06759259259259259
1 0.815625 0.8518518518518519 0.05 0.07037037037037037
1 0.71921875 0.26296296296296295 0.0540625 0.06111111111111111
1 0.6621354166666666 0.8231481481481482 0.04864583333333334 0.07777777777777778
1 0.7068593750000001 0.7851203703703703 0.05399479166666667 0.07234259259259258
1 0.5557291666666667 0.3111111111111111 0.03229166666666667 0.08333333333333333
1 0.5125 0.5662037037037037 0.05416666666666667 0.03611111111111111
1 0.1625 0.5902777777777778 0.04583333333333333 0.075
1 0.34453125 0.8712962962962963 0.050520833333333334 0.06666666666666667
1 0.5335052083333333 0.6593796296296296 0.05458333333333333 0.04555555555555556
1 0.7208333333333333 0.47638888888888886 0.05416666666666667 0.06574074074074074
1 0.7557291666666667 0.3574074074074074 0.03229166666666667 0.09259259259259259
1 0.25859375 0.22916666666666666 0.03802083333333333 0.0787037037037037
1 0.6645833333333333 0.17175925925925925 0.046875 0.06759259259259259
1 0.7624635416666667 0.5962962962962963 0.05416666666666667 0.05555555555555555
1 0.19557291666666668 0.5967592592592592 0.044270833333333336 0.07314814814814814
1 0.6888385416666666 0.62025 0.05072916666666667 0.07469444444444445
1 0.28828125 0.6810185185185185 0.030729166666666665 0.09351851851851851
1 0.6846354166666667 0.47943518518518513 0.030729166666666665 0.09444444444444444
1 0.7721354166666666 0.5328703703703703 0.0546875 0.05277777777777778
1 0.33671875 0.6152777777777778 0.0234375 0.08981481481481482
1 0.2656614583333333 0.28425925925925927 0.04277604166666667 0.07592592592592592
1 0.820796875 0.700462962962963 0.060348958333333334 0.04722222222222222
1 0.3333333333333333 0.5546296296296296 0.05 0.05
1 0.2630208333333333 0.7601851851851852 0.022916666666666665 0.09444444444444444
1 0.8765625 0.7510833333333333 0.03958333333333333 0.09537037037037037
1 0.1890625 0.7087962962962963 0.025 0.09722222222222222
1 0.24375 0.3023148148148148 0.03125 0.08055555555555556
1 0.20885416666666667 0.30787037037037035 0.030208333333333334 0.08796296296296297
1 0.5439739583333334 0.5883611111111111 0.05058854166666667 0.06191666666666667
1 0.6671875 0.7388888888888889 0.028125 0.09259259259259259
1 0.47578125 0.5958333333333333 0.050520833333333334 0.03611111111111111
1 0.7736979166666667 0.3638888888888889 0.030729166666666665 0.09814814814814815
1 0.178125 0.5152777777777777 0.051041666666666666 0.03981481481481482
1 0.6888020833333334 0.30324074074074076 0.050520833333333334 0.03796296296296296
1 0.6647916666666667 0.674074074074074 0.05784895833333333 0.04259259259259259
1 0.18133854166666669 0.5458333333333333 0.053296875 0.03796296296296296
1 0.481109375 0.6930555555555555 0.0525 0.04437962962962963
1 0.3541666666666667 0.638425925925926 0.020833333333333332 0.09166666666666666
1 0.6119791666666666 0.6550925925925926 0.03958333333333333 0.08796296296296297
1 0.45546875 0.5277777777777778 0.033854166666666664 0.08518518518518518
1 0.206109375 0.7907407407407407 0.044515624999999996 0.07962962962962963
1 0.22604166666666667 0.4837962962962963 0.04895833333333333 0.06018518518518518
1 0.22421875 0.6972222222222222 0.025520833333333333 0.09074074074074075
1 0.15963541666666667 0.7453703703703703 0.04635416666666667 0.07222222222222222
1 0.5973958333333333 0.2949074074074074 0.036458333333333336 0.08055555555555556
1 0.2890625 0.24953703703703703 0.03333333333333333 0.08425925925925926
1 0.6925520833333334 0.2162037037037037 0.0496875 0.06759259259259259
1 0.3294270833333333 0.2671296296296296 0.028645833333333332 0.08611111111111111
1 0.8859375 0.8041666666666667 0.041666666666666664 0.09351851851851851
1 0.8594114583333333 0.7213888888888889 0.043333333333333335 0.09437962962962963
1 0.29244791666666664 0.2 0.0484375 0.053703703703703705
1 0.20885416666666667 0.6819444444444445 0.023958333333333335 0.09351851851851851
1 0.2721354166666667 0.38981481481481484 0.043229166666666666 0.07407407407407407
1 0.21041666666666667 0.21296296296296297 0.03854166666666667 0.07777777777777778
1 0.5066510416666666 0.6291388888888889 0.05149479166666667 0.03518518518518519
1 0.7385572916666666 0.4300277777777778 0.051078124999999995 0.07487962962962963
1 0.46484375 0.38657407407407407 0.021354166666666667 0.09166666666666666
1 0.22994791666666667 0.16296296296296298 0.0484375 0.053703703703703705
1 0.23697916666666666 0.21851851851851853 0.03958333333333333 0.07777777777777778
1 0.3927083333333333 0.5277777777777778 0.04895833333333333 0.04814814814814815
1 0.28072916666666664 0.8153981481481481 0.022916666666666665 0.09907407407407408
1 0.69640625 0.7278055555555555 0.04802083333333333 0.08339814814814814
1 0.31223958333333335 0.2657407407407407 0.028645833333333332 0.08333333333333333
1 0.72734375 0.5685185185185185 0.033854166666666664 0.08888888888888889
1 0.6736979166666667 0.36898148148148147 0.0265625 0.09166666666666666
1 0.62265625 0.2814814814814815 0.021354166666666667 0.08703703703703704
1 0.7272552083333333 0.19728703703703704 0.042359375 0.08136111111111112
1 0.15838541666666667 0.85 0.0553125 0.03888888888888889
1 0.71171875 0.1412037037037037 0.05260416666666667 0.03796296296296296
1 0.44817708333333334 0.48009259259259257 0.0453125 0.06574074074074074
1 0.46015625 0.3263888888888889 0.050520833333333334 0.03981481481481482
1 0.15677083333333333 0.6986111111111111 0.04583333333333333 0.07314814814814814
1 0.44296875 0.3888888888888889 0.0234375 0.08703703703703704
1 0.4552083333333333 0.6319444444444444 0.052083333333333336 0.04537037037037037
1 0.18567708333333333 0.9138888888888889 0.03697916666666667 0.08703703703703704
1 0.9171875 0.7810185185185186 0.025 0.10277777777777777
1 0.5838541666666667 0.3523148148148148 0.027083333333333334 0.08796296296296297
1 0.7731770833333333 0.4638888888888889 0.028645833333333332 0.09814814814814815
1 0.636703125 0.711574074074074 0.042708333333333334 0.08981481481481482
1 0.45208333333333334 0.7560185185185185 0.020833333333333332 0.09537037037037037
1 0.19765625 0.7652777777777777 0.0453125 0.0787037037037037
1 0.4830729166666667 0.2800925925925926 0.049479166666666664 0.049074074074074076
1 0.8927083333333333 0.6791666666666667 0.05 0.08796296296296297
1 0.2565104166666667 0.175 0.049479166666666664 0.05555555555555555
1 0.6858489583333333 0.1862962962962963 0.04927083333333333 0.06136111111111111
1 0.5635885416666666 0.3523148148148148 0.03115625 0.08611111111111111
1 0.7591822916666667 0.66525 0.054828125 0.06752777777777778
1 0.23003645833333333 0.3168240740740741 0.031109374999999998 0.08537037037037037
1 0.7658854166666667 0.7813888888888889 0.058854166666666666 0.0724074074074074
1 0.2643229166666667 0.4217592592592593 0.0453125 0.075
1 0.32109375 0.7981481481481482 0.0484375 0.08148148148148149
1 0.3375 0.7356481481481482 0.04583333333333333 0.0787037037037037
1 0.428125 0.6162037037037037 0.042708333333333334 0.0824074074074074
1 0.380828125 0.7894166666666668 0.05271354166666666 0.06043518518518518
1 0.3787291666666667 0.6682037037037036 0.04240104166666667 0.08691666666666667
1 0.6319739583333334 0.7513888888888889 0.046984374999999995 0.08624074074074074
1 0.8197187499999999 0.6077592592592592 0.05500520833333333 0.08284259259259259
1 0.7878229166666666 0.7269351851851852 0.05844270833333333 0.06858333333333333
1 0.7337708333333333 0.5014907407407407 0.054239583333333334 0.06994444444444445
1 0.702640625 0.24106481481481484 0.05156770833333334 0.06790740740740742