0 0.6304583333333333 0.7410833333333333 0.027265625 0.051416666666666666
0 0.63359375 0.5504629629629629 0.027604166666666666 0.04537037037037037
0 0.23333333333333334 0.5625 0.029166666666666667 0.04722222222222222
0 0.5046875 0.2671296296296296 0.022916666666666665 0.03981481481481482
0 0.41041666666666665 0.3101851851851852 0.023958333333333335 0.04259259259259259
0 0.4197916666666667 0.4703703703703704 0.025 0.04259259259259259
0 0.4083333333333333 0.4356481481481482 0.023958333333333335 0.041666666666666664
0 0.18567708333333333 0.5050925925925925 0.0265625 0.04351851851851852
0 0.37526041666666665 0.3138888888888889 0.0234375 0.040740740740740744
0 0.4359375 0.2638888888888889 0.022916666666666665 0.03888888888888889
0 0.534375 0.25416666666666665 0.022916666666666665 0.03796296296296296
0 0.24557291666666667 0.3962962962962963 0.025520833333333333 0.04259259259259259
0 0.5026041666666666 0.5120370370370371 0.023958333333333335 0.040740740740740744
0 0.30833333333333335 0.48333333333333334 0.025 0.040740740740740744
0 0.528125 0.5097222222222222 0.023958333333333335 0.04351851851851852
0 0.21770833333333334 0.4601851851851852 0.025 0.040740740740740744
0 0.3026041666666667 0.4462962962962963 0.023958333333333335 0.040740740740740744
0 0.32421875 0.41759259259259257 0.0234375 0.040740740740740744
0 0.32526041666666666 0.3787037037037037 0.024479166666666666 0.03888888888888889
0 0.23958333333333334 0.43472222222222223 0.025 0.041666666666666664
0 0.43359375 0.3 0.022395833333333334 0.03888888888888889