1 0.3190104166666667 0.11666666666666667 0.049479166666666664 0.040740740740740744
1 0.6041666666666666 0.7736111111111111 0.051041666666666666 0.06018518518518518
1 0.625671875 0.6178425925925926 0.055510416666666666 0.05421296296296296
1 0.575 0.6268518518518519 0.053125 0.04814814814814815
1 0.7266302083333334 0.15799999999999997 0.03763541666666667 0.08452777777777779
1 0.44765625 0.5513888888888889 0.044270833333333336 0.08055555555555556
1 0.7252604166666666 0.2101851851851852 0.04010416666666667 0.07777777777777778
1 0.42630208333333336 0.6018518518518519 0.03177083333333333 0.09444444444444444
1 0.40859375 0.6078703703703704 0.028645833333333332 0.09166666666666666
1 0.4791666666666667 0.21342592592592594 0.046875 0.03981481481481482
1 0.7532395833333333 0.16210185185185186 0.04293229166666667 0.0816111111111111
1 0.4544270833333333 0.23657407407407408 0.0484375 0.041666666666666664
1 0.33151041666666664 0.19212962962962962 0.04739583333333333 0.04722222222222222
1 0.3924479166666667 0.7439814814814815 0.03802083333333333 0.08055555555555556
1 0.4895833333333333 0.35324074074074074 0.04375 0.06944444444444445
1 0.6346354166666667 0.7152777777777778 0.04635416666666667 0.08425925925925926
1 0.6734010416666667 0.5491018518518518 0.05618229166666667 0.06487037037037037
1 0.15911458333333334 0.5370370370370371 0.03177083333333333 0.09444444444444444
1 0.27682291666666664 0.16623148148148148 0.0359375 0.0824074074074074
1 0.571109375 0.5981481481481481 0.053677083333333334 0.04814814814814815
1 0.528125 0.3287037037037037 0.05520833333333333 0.05925925925925926
1 0.57109375 0.49027777777777776 0.05572916666666667 0.058333333333333334
1 0.40678125 0.43148148148148147 0.046890625 0.07037037037037037
1 0.45332812499999997 0.43184259259259256 0.024479166666666666 0.08981481481481482
1 0.4940104166666667 0.5449074074074074 0.0265625 0.09351851851851851
1 0.52659375 0.5634444444444444 0.04895833333333333 0.06481481481481481
1 0.14270833333333333 0.5175925925925926 0.029166666666666667 0.09444444444444444
1 0.50703125 0.625462962962963 0.050520833333333334 0.05277777777777778
1 0.24635416666666668 0.1912037037037037 0.046875 0.07314814814814814
1 0.61971875 0.5772962962962963 0.052083333333333336 0.05555555555555555
1 0.3799375 0.43539814814814815 0.042708333333333334 0.07222222222222222
1 0.5091145833333334 0.4273148148148148 0.025520833333333333 0.09351851851851851
1 0.6765625 0.6106481481481482 0.046875 0.049074074074074076
1 0.46067708333333335 0.15138888888888888 0.04635416666666667 0.05648148148148148
1 0.6295989583333333 0.21175925925925926 0.05190625 0.05685185185185185
1 0.4161458333333333 0.6875 0.05 0.07685185185185185
1 0.322234375 0.2474722222222222 0.026369791666666666 0.09310185185185185
1 0.24140625 0.1527777777777778 0.04114583333333333 0.07407407407407407
1 0.6723958333333333 0.6472222222222223 0.052083333333333336 0.05555555555555555
1 0.44375 0.1875 0.05 0.04722222222222222
1 0.6885416666666667 0.29212962962962963 0.035416666666666666 0.09351851851851851
1 0.46953125 0.41388888888888886 0.0265625 0.09444444444444444
1 0.6182291666666667 0.26805555555555555 0.041666666666666664 0.08611111111111111
1 0.8229166666666666 0.4722222222222222 0.03958333333333333 0.08518518518518518
1 0.3690104166666667 0.10694444444444444 0.04635416666666667 0.058333333333333334
1 0.4518229166666667 0.6240740740740741 0.033854166666666664 0.08888888888888889
1 0.49109895833333334 0.482287037037037 0.05321875 0.042833333333333334
1 0.6588541666666666 0.7796296296296297 0.05625 0.04259259259259259
1 0.39401041666666664 0.25972222222222224 0.05260416666666667 0.05277777777777778
1 0.18034895833333334 0.4525092592592592 0.034895833333333334 0.08703703703703704
1 0.3389583333333333 0.25678703703703704 0.028333333333333332 0.0895
1 0.3611614583333333 0.2375648148148148 0.02871875 0.0880925925925926
1 0.13333333333333333 0.6527777777777778 0.021875 0.0962962962962963
1 0.7824635416666667 0.09005555555555556 0.05555208333333333 0.04677777777777778
1 0.6979166666666666 0.13086111111111112 0.03333333333333333 0.09135185185185185
1 0.171875 0.562962962962963 0.029166666666666667 0.08888888888888889
1 0.32064583333333335 0.3732685185185185 0.05275520833333334 0.0405
1 0.37552083333333336 0.362962962962963 0.05625 0.053703703703703705
1 0.7208333333333333 0.44049074074074074 0.04375 0.08611111111111111
1 0.4048072916666667 0.12137962962962963 0.03398958333333334 0.08555555555555557
1 0.43984375 0.3763888888888889 0.043229166666666666 0.0712962962962963
1 0.7541666666666667 0.5143518518518518 0.035416666666666666 0.09166666666666666
1 0.25676041666666666 0.25221296296296297 0.04272395833333333 0.07293518518518519
1 0.6114947916666666 0.7205925925925926 0.04382291666666667 0.08796296296296297
1 0.6927083333333334 0.7541666666666667 0.05520833333333333 0.04537037037037037
1 0.37916666666666665 0.5037037037037037 0.020833333333333332 0.09259259259259259
1 0.23183854166666668 0.4245185185185185 0.030729166666666665 0.09074074074074075
1 0.7971354166666667 0.5675925925925925 0.05677083333333333 0.040740740740740744
1 0.40208333333333335 0.5087962962962963 0.026041666666666668 0.08981481481481482
1 0.4630208333333333 0.30092592592592593 0.030208333333333334 0.08888888888888889
1 0.7190104166666667 0.09814814814814815 0.0453125 0.06481481481481481
1 0.6559895833333333 0.1875 0.05260416666666667 0.03425925925925926
1 0.5291666666666667 0.4976851851851852 0.03333333333333333 0.09907407407407408
1 0.6723281249999999 0.5125185185185185 0.053796875 0.06021296296296296
1 0.43333333333333335 0.2851851851851852 0.030208333333333334 0.09074074074074075
1 0.3932291666666667 0.37962962962962965 0.051041666666666666 0.053703703703703705
1 0.66328125 0.2449074074074074 0.0328125 0.08611111111111111
1 0.31354166666666666 0.43333333333333335 0.026041666666666668 0.08518518518518518
1 0.4200520833333333 0.5125 0.028645833333333332 0.09351851851851851
1 0.44583333333333336 0.6810185185185185 0.04479166666666667 0.08796296296296297
1 0.7794270833333333 0.750462962962963 0.05364583333333333 0.06388888888888888
1 0.17135416666666667 0.6708333333333333 0.021875 0.09351851851851851
1 0.7359739583333333 0.3113148148148148 0.02403125 0.0948425925925926
1 0.59609375 0.47453703703703703 0.0515625 0.06388888888888888
1 0.2981770833333333 0.30833333333333335 0.050520833333333334 0.03888888888888889
1 0.7159739583333333 0.5679629629629629 0.04471354166666666 0.08797222222222223
1 0.58828125 0.8361111111111111 0.05572916666666667 0.06111111111111111
1 0.25025000000000003 0.4348518518518518 0.03229166666666667 0.09537037037037037
1 0.4901041666666667 0.4185185185185185 0.028125 0.09444444444444444
1 0.39739583333333334 0.3282407407407407 0.04895833333333333 0.05648148148148148
1 0.20651041666666667 0.43287037037037035 0.03802083333333333 0.08611111111111111
1 0.6927083333333334 0.6990740740740741 0.04895833333333333 0.07962962962962963
1 0.79375 0.5162037037037037 0.051041666666666666 0.06759259259259259
1 0.48802083333333335 0.2763888888888889 0.027083333333333334 0.09351851851851851
1 0.33046875 0.42916666666666664 0.025520833333333333 0.08796296296296297
1 0.33967187499999996 0.3195648148148148 0.040328125000000006 0.08314814814814815
1 0.38046875 0.5935185185185186 0.0296875 0.08888888888888889
1 0.7955729166666666 0.6949074074074074 0.043229166666666666 0.08425925925925926
1 0.7669270833333334 0.22314814814814815 0.0484375 0.07222222222222222
1 0.7919270833333333 0.43472222222222223 0.05677083333333333 0.05462962962962963
1 0.7661458333333333 0.6680555555555555 0.026041666666666668 0.09907407407407408
1 0.4171875 0.7337962962962963 0.041666666666666664 0.0787037037037037
1 0.7180729166666667 0.3376851851851852 0.026770833333333334 0.09574074074074075
1 0.6432291666666666 0.3087962962962963 0.026041666666666668 0.09351851851851851
1 0.44765625 0.7546296296296297 0.0265625 0.0962962962962963
1 0.39817708333333335 0.2324074074074074 0.0484375 0.05
1 0.78984375 0.6055555555555555 0.06302083333333333 0.040740740740740744
1 0.4622395833333333 0.09722222222222222 0.04739583333333333 0.05555555555555555
1 0.23340104166666667 0.3096203703703704 0.031114583333333334 0.08816666666666667
1 0.528125 0.6717592592592593 0.04791666666666667 0.08055555555555556
1 0.52421875 0.2708333333333333 0.0515625 0.041666666666666664
1 0.6765833333333333 0.4828703703703704 0.056088541666666665 0.05277777777777778
1 0.7528645833333333 0.2902777777777778 0.024479166666666666 0.09166666666666666
1 0.5171875 0.18009259259259258 0.022916666666666665 0.09537037037037037
1 0.5607135416666666 0.43262962962962964 0.05416666666666667 0.04351851851851852
1 0.20885416666666667 0.5513888888888889 0.05416666666666667 0.05462962962962963
1 0.22083333333333333 0.7351851851851852 0.041666666666666664 0.08888888888888889
1 0.40430208333333334 0.30075 0.050270833333333334 0.055212962962962964
1 0.6552083333333333 0.09861111111111111 0.036458333333333336 0.08055555555555556
1 0.2625 0.30882407407407403 0.025 0.08802777777777777
1 0.3658854166666667 0.1763888888888889 0.0453125 0.05277777777777778
1 0.34869791666666666 0.7490740740740741 0.0234375 0.0962962962962963
1 0.21588541666666666 0.5143518518518518 0.050520833333333334 0.049074074074074076
1 0.5309895833333333 0.37037037037037035 0.0484375 0.05925925925925926
1 0.8044270833333333 0.1537037037037037 0.0234375 0.09444444444444444
1 0.5552083333333333 0.55 0.04791666666666667 0.05740740740740741
1 0.49296875 0.6509259259259259 0.0515625 0.05555555555555555
1 0.7575520833333333 0.12268518518518519 0.04114583333333333 0.08796296296296297
1 0.80234375 0.6356481481481482 0.06302083333333333 0.041666666666666664
1 0.6470781250000001 0.1550925925925926 0.052484375 0.03425925925925926
1 0.8356770833333333 0.3037037037037037 0.0296875 0.09814814814814815
1 0.7127604166666667 0.6361111111111111 0.03177083333333333 0.07962962962962963
1 0.75703125 0.44305555555555554 0.034895833333333334 0.08981481481481482
1 0.5677083333333334 0.524537037037037 0.05 0.058333333333333334
1 0.67890625 0.44212962962962965 0.05677083333333333 0.03796296296296296
1 0.38333333333333336 0.6578703703703703 0.034375 0.08425925925925926
1 0.225 0.6416666666666667 0.04791666666666667 0.05740740740740741
1 0.7848958333333333 0.15601851851851853 0.023958333333333335 0.08796296296296297
1 0.28622916666666665 0.2485185185185185 0.023380208333333333 0.09333333333333334
1 0.7018229166666666 0.37453703703703706 0.028645833333333332 0.09166666666666666
1 0.7052083333333333 0.25555555555555554 0.041666666666666664 0.07962962962962963
1 0.5794270833333334 0.7041666666666667 0.0390625 0.08981481481481482
1 0.4856770833333333 0.6958333333333333 0.0484375 0.0712962962962963
1 0.2484375 0.5699074074074074 0.03229166666666667 0.08425925925925926
1 0.7971354166666667 0.2652777777777778 0.05572916666666667 0.041666666666666664
1 0.20989583333333334 0.5837962962962963 0.053125 0.05462962962962963
1 0.8438177083333334 0.4007685185185185 0.03034375 0.09412962962962963
1 0.49192708333333335 0.1398148148148148 0.0359375 0.053703703703703705
1 0.38958333333333334 0.16064814814814815 0.042708333333333334 0.06018518518518518
1 0.782015625 0.37083333333333335 0.06302083333333333 0.06018518518518518
1 0.34325 0.14015740740740742 0.05115104166666666 0.04677777777777778
1 0.7270833333333333 0.6685185185185185 0.026041666666666668 0.1
1 0.5958333333333333 0.19027777777777777 0.03125 0.08796296296296297
1 0.7419270833333333 0.737037037037037 0.024479166666666666 0.09814814814814815
1 0.19036458333333334 0.6694444444444444 0.022395833333333334 0.09259259259259259
1 0.20966666666666667 0.3799166666666667 0.04552083333333334 0.07142592592592592
1 0.29146354166666666 0.33969444444444447 0.050520833333333334 0.03981481481481482
1 0.20625 0.4847222222222222 0.05 0.04537037037037037
1 0.6197916666666666 0.3384259259259259 0.029166666666666667 0.08796296296296297
1 0.36386979166666666 0.31037037037037035 0.03333333333333333 0.09137962962962963
1 0.30546875 0.2404074074074074 0.0234375 0.09193518518518519
1 0.35 0.43148148148148147 0.025 0.07777777777777778
1 0.6661458333333333 0.32083333333333336 0.022916666666666665 0.09166666666666666
1 0.8007395833333334 0.29762037037037037 0.058770833333333335 0.051055555555555555
1 0.25546875 0.3685185185185185 0.049479166666666664 0.03888888888888889
1 0.3731770833333333 0.7643518518518518 0.0296875 0.08796296296296297
1 0.19583333333333333 0.7462962962962963 0.03958333333333333 0.08888888888888889
1 0.800765625 0.40938888888888886 0.058828125 0.05767592592592592
1 0.22369791666666666 0.6754629629629629 0.04739583333333333 0.05648148148148148
1 0.21979166666666666 0.611574074074074 0.046875 0.05277777777777778
1 0.58046875 0.3712962962962963 0.03802083333333333 0.07962962962962963
1 0.2912239583333333 0.4153888888888889 0.02900520833333333 0.09222222222222222
1 0.15260416666666668 0.6550925925925926 0.021875 0.08981481481481482
1 0.3390625 0.49675925925925923 0.051041666666666666 0.03611111111111111
1 0.724390625 0.48562037037037037 0.04253125 0.08246296296296296
1 0.5964947916666666 0.807138888888889 0.05653645833333333 0.06427777777777778
1 0.16171875 0.7490740740740741 0.049479166666666664 0.06296296296296296
1 0.15208333333333332 0.7967592592592593 0.05520833333333333 0.03611111111111111
1 0.84765625 0.7138888888888889 0.05364583333333333 0.06481481481481481
1 0.19479166666666667 0.8467592592592592 0.034375 0.09907407407407408
1 0.20774479166666668 0.8700277777777777 0.033942708333333335 0.09472222222222222
1 0.26575 0.42757407407407405 0.02792708333333333 0.09013888888888888
1 0.19395833333333332 0.3622592592592593 0.04558333333333333 0.0762037037037037
1 0.25554166666666667 0.21681481481481482 0.046187500000000006 0.06762037037037037
1 0.29010416666666666 0.1446296296296296 0.03984895833333334 0.08425925925925926
1 0.42157291666666663 0.10948148148148147 0.035317708333333336 0.08801851851851852
1 0.6042135416666666 0.2584074074074074 0.03894270833333333 0.08855555555555555
1 0.6789947916666667 0.1364351851851852 0.036145833333333335 0.09206481481481482
1 0.708359375 0.2227222222222222 0.046187500000000006 0.07727777777777778
1 0.814171875 0.3558148148148148 0.03320833333333333 0.09230555555555556
1 0.8378645833333334 0.4953518518518519 0.043166666666666666 0.0944537037037037
1 0.742171875 0.5455277777777777 0.03833854166666666 0.09391666666666668
1 0.7477552083333333 0.6394444444444445 0.025963541666666666 0.10036111111111111
1 0.814171875 0.7086759259259259 0.048906250000000005 0.08425925925925926
1 0.6568906250000001 0.699824074074074 0.053734375 0.07299074074074074
1 0.6522135416666667 0.5680740740740741 0.053432291666666666 0.0638611111111111
1 0.52225 0.5954444444444444 0.04951041666666667 0.06278703703703704
1 0.457953125 0.5307685185185186 0.043468749999999994 0.07942592592592593
1 0.6080833333333333 0.6550925925925926 0.054703125 0.04351851851851852
1 0.5448958333333334 0.3118333333333333 0.05011458333333333 0.05648148148148148