1 0.8120625 0.663425925925926 0.060578125000000003 0.04351851851851852
1 0.7575520833333333 0.5675925925925925 0.04635416666666667 0.08888888888888889
1 0.6065104166666667 0.7467592592592592 0.0515625 0.06759259259259259
1 0.7970468749999999 0.6240740740740741 0.058854166666666666 0.044444444444444446
1 0.6540937499999999 0.7045925925925927 0.05535416666666667 0.08339814814814814
1 0.653125 0.3101851851851852 0.051041666666666666 0.05925925925925926
1 0.5841145833333333 0.8356481481481481 0.05364583333333333 0.07314814814814814
1 0.83125 0.5319444444444444 0.028125 0.08981481481481482
1 0.37265625 0.3 0.0484375 0.04259259259259259
1 0.7946666666666666 0.5162685185185185 0.06120833333333333 0.05475925925925926
1 0.3481666666666667 0.7039907407407406 0.05363020833333333 0.06238888888888888
1 0.6682291666666667 0.5898148148148148 0.05416666666666667 0.04814814814814815
1 0.792203125 0.5492685185185185 0.05520833333333333 0.05185185185185185
1 0.6588541666666666 0.3541666666666667 0.04895833333333333 0.06018518518518518
1 0.5302083333333333 0.2726851851851852 0.053125 0.06759259259259259
1 0.640375 0.7341296296296297 0.05470833333333334 0.06826851851851852
1 0.7208333333333333 0.07777777777777778 0.04895833333333333 0.07037037037037037
1 0.36015625 0.6041666666666666 0.044270833333333336 0.0787037037037037
1 0.7174479166666666 0.5939814814814814 0.049479166666666664 0.06944444444444445
1 0.578359375 0.16320370370370368 0.045869791666666666 0.07837962962962963
1 0.7015625 0.37592592592592594 0.0375 0.08148148148148149
1 0.63203125 0.11296296296296296 0.0484375 0.06111111111111111
1 0.7486979166666666 0.6736111111111112 0.0265625 0.09907407407407408
1 0.38385416666666666 0.2662037037037037 0.04895833333333333 0.04537037037037037
1 0.3153020833333333 0.2612592592592593 0.025395833333333333 0.09287962962962963
1 0.7682291666666666 0.4439814814814815 0.059375 0.04722222222222222
1 0.7450052083333334 0.47475925925925927 0.04583333333333333 0.0824074074074074
1 0.71015625 0.6537037037037037 0.0265625 0.09444444444444444
1 0.330640625 0.679787037037037 0.052083333333333336 0.06666666666666667
1 0.46549999999999997 0.5662499999999999 0.04479166666666667 0.08333333333333333
1 0.4010416666666667 0.3611111111111111 0.0375 0.07592592592592592
1 0.5020833333333333 0.1125 0.04583333333333333 0.075
1 0.453125 0.6620370370370371 0.052083333333333336 0.05
1 0.240625 0.4111111111111111 0.04583333333333333 0.06481481481481481
1 0.44036458333333334 0.2611111111111111 0.0359375 0.08333333333333333
1 0.4176458333333333 0.6885185185185185 0.03945833333333334 0.08630555555555555
1 0.6132083333333332 0.6556666666666666 0.05558854166666667 0.04607407407407407
1 0.49557291666666664 0.21342592592592594 0.021354166666666667 0.08981481481481482
1 0.7072916666666667 0.4912037037037037 0.0375 0.08981481481481482
1 0.6934895833333333 0.7111111111111111 0.0515625 0.07407407407407407
1 0.3489583333333333 0.24537037037037038 0.019791666666666666 0.08518518518518518
1 0.4244791666666667 0.7523148148148148 0.05 0.0787037037037037
1 0.4622395833333333 0.17453703703703705 0.024479166666666666 0.09166666666666666
1 0.75859375 0.3384259259259259 0.05260416666666667 0.05277777777777778
1 0.32447916666666665 0.20833333333333334 0.03229166666666667 0.08888888888888889
1 0.5145833333333333 0.19675925925925927 0.019791666666666666 0.09166666666666666
1 0.5106770833333333 0.7046296296296296 0.05486979166666666 0.040740740740740744
1 0.3419270833333333 0.12731481481481483 0.027604166666666666 0.08981481481481482
1 0.4802916666666667 0.6224259259259259 0.05536979166666667 0.04115740740740741
1 0.66328125 0.5550925925925926 0.05260416666666667 0.04351851851851852
1 0.5739583333333333 0.24583333333333332 0.046875 0.07314814814814814
1 0.7419270833333333 0.4041666666666667 0.050520833333333334 0.06388888888888888
1 0.5192708333333333 0.41064814814814815 0.027083333333333334 0.09166666666666666
1 0.48828125 0.6685185185185185 0.049479166666666664 0.06666666666666667
1 0.3223958333333333 0.46435185185185185 0.05520833333333333 0.05648148148148148
1 0.6695781249999999 0.6574074074074074 0.057255208333333335 0.046296296296296294
1 0.5583333333333333 0.08148148148148149 0.05 0.05740740740740741
1 0.49914583333333334 0.5421296296296296 0.049338541666666666 0.07314814814814814
1 0.62421875 0.15833333333333333 0.0359375 0.08333333333333333
1 0.6841145833333333 0.43333333333333335 0.04739583333333333 0.07592592592592592
1 0.5419270833333333 0.3337962962962963 0.0359375 0.08425925925925926
1 0.6671875 0.1259259259259259 0.020833333333333332 0.08333333333333333
1 0.603375 0.6921296296296297 0.054671875 0.04722222222222222
1 0.62578125 0.3824074074074074 0.050520833333333334 0.05555555555555555
1 0.8247395833333333 0.7291388888888889 0.050520833333333334 0.08049074074074075
1 0.6848958333333334 0.09166666666666666 0.022916666666666665 0.08888888888888889
1 0.4830729166666667 0.387037037037037 0.0484375 0.053703703703703705
1 0.38177083333333334 0.4101851851851852 0.025 0.09259259259259259
1 0.37161458333333336 0.21388888888888888 0.04114583333333333 0.07037037037037037
1 0.6598958333333333 0.4875 0.05625 0.041666666666666664
1 0.559375 0.1712962962962963 0.042708333333333334 0.08333333333333333
1 0.72890625 0.300462962962963 0.0484375 0.06574074074074074
1 0.6716145833333333 0.6259259259259259 0.05364583333333333 0.046296296296296294
1 0.5240052083333333 0.6435833333333334 0.030296875 0.09457407407407407
1 0.42421875 0.40046296296296297 0.0296875 0.08425925925925926
1 0.6515625 0.1824074074074074 0.027083333333333334 0.08703703703703704
1 0.4205729166666667 0.3037037037037037 0.04635416666666667 0.06666666666666667
1 0.41770833333333335 0.1962962962962963 0.046875 0.07037037037037037
1 0.38723958333333336 0.5967592592592592 0.0296875 0.10462962962962963
1 0.5875 0.5351851851851852 0.051041666666666666 0.03888888888888889
1 0.46183854166666666 0.7106944444444444 0.05283854166666667 0.06213888888888889
1 0.7954583333333333 0.48518518518518516 0.060703125 0.04814814814814815
1 0.5098958333333333 0.5712962962962963 0.04583333333333333 0.07777777777777778
1 0.30388020833333335 0.5182962962962963 0.05625 0.06481481481481481
1 0.5395833333333333 0.6310185185185185 0.030208333333333334 0.09166666666666666
1 0.4276041666666667 0.1439814814814815 0.025 0.08611111111111111
1 0.5728541666666668 0.4166666666666667 0.051958333333333336 0.046296296296296294
1 0.5627604166666667 0.475462962962963 0.04635416666666667 0.0824074074074074
1 0.4078125 0.6074074074074074 0.029166666666666667 0.09814814814814815
1 0.4370260416666667 0.0969537037037037 0.033421875000000004 0.08463888888888889
1 0.2875 0.26435185185185184 0.035416666666666666 0.09166666666666666
1 0.2078125 0.4486111111111111 0.04375 0.07685185185185185
1 0.33619791666666665 0.36018518518518516 0.049479166666666664 0.040740740740740744
1 0.3307291666666667 0.1648148148148148 0.03125 0.08703703703703704
1 0.3380208333333333 0.40370370370370373 0.05 0.046296296296296294
1 0.44635416666666666 0.3958333333333333 0.023958333333333335 0.09722222222222222
1 0.6093333333333334 0.5013888888888889 0.05511979166666667 0.03611111111111111
1 0.3966145833333333 0.4412037037037037 0.028645833333333332 0.0824074074074074
1 0.46510416666666665 0.3087962962962963 0.041666666666666664 0.06944444444444445
1 0.49557291666666664 0.3055555555555556 0.019270833333333334 0.1
1 0.6627604166666666 0.7837962962962963 0.05572916666666667 0.05092592592592592
1 0.40898958333333335 0.09975925925925926 0.029437500000000002 0.09307407407407407
1 0.3743697916666667 0.7542592592592593 0.05388020833333333 0.06108333333333333
1 0.428125 0.6032407407407407 0.030208333333333334 0.0787037037037037
1 0.346875 0.8296296296296296 0.052083333333333336 0.06296296296296296
1 0.5127604166666667 0.3236111111111111 0.018229166666666668 0.09722222222222222
1 0.5736249999999999 0.38335185185185183 0.05350520833333334 0.04812037037037037
1 0.5466145833333333 0.5393518518518519 0.04635416666666667 0.0787037037037037
1 0.20182291666666666 0.7379629629629629 0.0421875 0.08518518518518518
1 0.6128750000000001 0.5927870370370371 0.032796874999999996 0.09182407407407407
1 0.48385416666666664 0.45 0.023958333333333335 0.09259259259259259
1 0.24521354166666667 0.587037037037037 0.048296875 0.07407407407407407
1 0.21669270833333334 0.36930555555555555 0.03744791666666667 0.08598148148148148
1 0.4609375 0.7453703703703703 0.04791666666666667 0.05
1 0.6328489583333333 0.5865277777777779 0.03444791666666667 0.09527777777777778
1 0.3697916666666667 0.3587962962962963 0.026041666666666668 0.08981481481481482
1 0.3229166666666667 0.6319444444444444 0.034375 0.09537037037037037
1 0.32369791666666664 0.7532407407407408 0.0390625 0.08796296296296297
1 0.24223958333333334 0.32439814814814816 0.027588541666666667 0.09208333333333334
1 0.4635416666666667 0.43842592592592594 0.021875 0.08981481481481482
1 0.63828125 0.07962962962962963 0.050520833333333334 0.05185185185185185
1 0.36354166666666665 0.12190740740740741 0.019791666666666666 0.09010185185185185
1 0.7770833333333333 0.7564814814814815 0.057291666666666664 0.05740740740740741
1 0.79778125 0.7087962962962963 0.05364583333333333 0.062037037037037036
1 0.45338541666666665 0.8074074074074075 0.043229166666666666 0.08148148148148149
1 0.30625 0.14027777777777778 0.022916666666666665 0.08981481481481482
1 0.7513020833333334 0.1259259259259259 0.024479166666666666 0.09074074074074075
1 0.55 0.2569444444444444 0.04479166666666667 0.0712962962962963
1 0.242796875 0.6394814814814814 0.042671875000000005 0.08771296296296296
1 0.8090364583333333 0.5895092592592592 0.057651041666666666 0.05310185185185185
1 0.27682291666666664 0.3282407407407407 0.049479166666666664 0.06574074074074074
1 0.594359375 0.5972870370370371 0.03247395833333334 0.09272222222222222
1 0.21588541666666666 0.913425925925926 0.033854166666666664 0.09166666666666666
1 0.72734375 0.6736111111111112 0.0234375 0.09351851851851851
1 0.2773802083333334 0.21574074074074073 0.05059375 0.06296296296296296
1 0.7815104166666667 0.1439814814814815 0.04739583333333333 0.07314814814814814
1 0.5739583333333333 0.6467592592592593 0.027083333333333334 0.09537037037037037
1 0.5622395833333333 0.11157407407407408 0.04635416666666667 0.058333333333333334
1 0.2825520833333333 0.3685185185185185 0.05260416666666667 0.05555555555555555
1 0.5328645833333333 0.17616666666666667 0.019682291666666667 0.0884074074074074
1 0.6158854166666666 0.22546296296296298 0.019270833333333334 0.09166666666666666
1 0.32434375 0.5730185185185185 0.050770833333333334 0.06877777777777778
1 0.34401041666666665 0.4824074074074074 0.059895833333333336 0.06296296296296296
1 0.36354166666666665 0.5310185185185186 0.020833333333333332 0.08981481481481482
1 0.7661458333333333 0.6824074074074075 0.029166666666666667 0.1
1 0.6924479166666667 0.7601851851851852 0.05364583333333333 0.04814814814814815
1 0.19817708333333334 0.649537037037037 0.022395833333333334 0.09537037037037037
1 0.21744791666666666 0.5162037037037037 0.0453125 0.07685185185185185
1 0.23575 0.5276851851851851 0.04725520833333333 0.07202777777777779
1 0.21354166666666666 0.6722222222222223 0.022916666666666665 0.08888888888888889
1 0.2638020833333333 0.2814814814814815 0.030729166666666665 0.08333333333333333
1 0.39947916666666666 0.8 0.046875 0.06851851851851852
1 0.18828125 0.7726851851851851 0.033854166666666664 0.08981481481481482
1 0.648671875 0.45112037037037034 0.053125 0.040740740740740744
1 0.7286458333333333 0.1763888888888889 0.020833333333333332 0.09537037037037037
1 0.85625 0.736574074074074 0.053125 0.0712962962962963
1 0.21640625 0.7981481481481482 0.0359375 0.07222222222222222
1 0.7341145833333333 0.7662037037037037 0.030729166666666665 0.09537037037037037
1 0.20729166666666668 0.8768518518518519 0.040625 0.08888888888888889
1 0.8473958333333333 0.6157407407407407 0.022916666666666665 0.10185185185185185
1 0.7809895833333333 0.05648148148148148 0.04635416666666667 0.07407407407407407
1 0.509375 0.7388888888888889 0.052083333333333336 0.037037037037037035
1 0.3921875 0.6833796296296296 0.028125 0.10092592592592593
1 0.8544270833333333 0.49027777777777776 0.034895833333333334 0.09722222222222222
1 0.17786458333333333 0.46064814814814814 0.0328125 0.09166666666666666
1 0.771875 0.08236111111111111 0.04896354166666667 0.07398148148148148
1 0.36480729166666664 0.8115925925925925 0.04792708333333333 0.06316666666666666
1 0.5951354166666667 0.8137962962962962 0.05411979166666667 0.07198148148148148
1 0.6021562500000001 0.7781759259259259 0.05577604166666667 0.06683333333333334
1 0.35922916666666665 0.731537037037037 0.05742708333333334 0.06316666666666666
1 0.41830729166666664 0.7840555555555555 0.047510416666666666 0.06977777777777777
1 0.32947916666666666 0.5291944444444444 0.04998958333333334 0.06683333333333334
1 0.35798958333333336 0.6419351851851851 0.0466875 0.0763888888888889
1 0.6341145833333334 0.4083333333333333 0.05260416666666667 0.06111111111111111
1 0.55071875 0.5864814814814815 0.04792708333333333 0.07712037037037038
1 0.44103125 0.5706851851851852 0.040901041666666665 0.08225925925925927
1 0.400953125 0.5291944444444444 0.045859375 0.07418518518518519
1 0.50940625 0.45758333333333334 0.03801041666666667 0.09107407407407407
1 0.48730208333333336 0.5178055555555555 0.048338541666666665 0.06903703703703704
1 0.45528124999999997 0.5097314814814815 0.05288020833333333 0.05875925925925926
1 0.43111458333333336 0.4876944444444445 0.05081770833333333 0.06610185185185186
1 0.42285416666666664 0.46308333333333335 0.051640625 0.062425925925925926
1 0.22454166666666667 0.46235185185185185 0.048338541666666665 0.07418518518518519
1 0.24230729166666667 0.556 0.048338541666666665 0.07344444444444444
1 0.5790208333333333 0.4766759259259259 0.045031249999999995 0.08373148148148149
1 0.532953125 0.3911111111111111 0.027265625 0.09327777777777778
1 0.48234375 0.35512037037037036 0.05081770833333333 0.06389814814814815
1 0.45548958333333334 0.2478888888888889 0.038421875 0.08739814814814816
1 0.478625 0.23099074074074075 0.025203125 0.09180555555555556
1 0.267921875 0.195 0.04998958333333334 0.06537037037037037
1 0.41417708333333336 0.2423796296296296 0.03594270833333334 0.08666666666666666
1 0.5158072916666667 0.1322037037037037 0.047510416666666666 0.07198148148148148
1 0.7209375 0.11531481481481481 0.05040104166666667 0.07491666666666666
1 0.7862135416666667 0.17700925925925926 0.049578125 0.0807962962962963
1 0.6618541666666666 0.5207407407407407 0.057015625 0.04260185185185185
1 0.7465520833333333 0.5879444444444445 0.04544791666666667 0.08593518518518518
1 0.7201093749999999 0.5214814814814815 0.043791666666666666 0.0852037037037037
1 0.41417708333333336 0.3327222222222222 0.0466875 0.07198148148148148
1 0.72940625 0.38046296296296295 0.05411979166666667 0.07491666666666666
1 0.59575 0.14983333333333332 0.044619791666666665 0.07491666666666666