0 0.65225 0.7770277777777779 0.028348958333333334 0.053703703703703705
0 0.6120989583333334 0.7615740740740741 0.027322916666666665 0.04537037037037037
0 0.18359375 0.7578703703703704 0.0265625 0.04537037037037037
0 0.634375 0.8078703703703703 0.026041666666666668 0.04722222222222222
0 0.22734375 0.7615740740740741 0.0265625 0.04537037037037037
0 0.6802083333333333 0.4546296296296296 0.023958333333333335 0.040740740740740744
0 0.5515625 0.6486111111111111 0.023958333333333335 0.041666666666666664
0 0.5734375 0.638425925925926 0.023958333333333335 0.04351851851851852
0 0.19348958333333333 0.7976851851851852 0.0265625 0.04537037037037037
0 0.5953125 0.7152777777777778 0.025 0.04537037037037037
0 0.10260416666666666 0.7087962962962963 0.028125 0.04537037037037037
0 0.09557291666666666 0.6694444444444444 0.0265625 0.04259259259259259
0 0.6765625 0.4125 0.022916666666666665 0.03981481481481482
0 0.16432291666666668 0.6189814814814815 0.025520833333333333 0.041666666666666664
0 0.65703125 0.4361111111111111 0.0234375 0.040740740740740744
0 0.11067708333333333 0.6337962962962963 0.025520833333333333 0.04351851851851852
0 0.27630208333333334 0.6273148148148148 0.025520833333333333 0.04351851851851852
0 0.56171875 0.5888888888888889 0.0234375 0.04259259259259259
0 0.28567708333333336 0.5625 0.0234375 0.041666666666666664
0 0.115625 0.5768518518518518 0.025 0.044444444444444446
0 0.259375 0.5652777777777778 0.023958333333333335 0.041666666666666664
0 0.52421875 0.55 0.022395833333333334 0.03888888888888889
0 0.67734375 0.21712962962962962 0.022395833333333334 0.03981481481481482
0 0.13619791666666667 0.5504629629629629 0.024479166666666666 0.041666666666666664
0 0.13697916666666668 0.6217592592592592 0.025 0.041666666666666664
0 0.20677083333333332 0.40046296296296297 0.023958333333333335 0.03981481481481482
0 0.15625 0.5824074074074074 0.025 0.040740740740740744
0 0.6403645833333333 0.26481481481481484 0.022395833333333334 0.03888888888888889
0 0.5403645833333334 0.5185185185185185 0.022395833333333334 0.03888888888888889
0 0.17057291666666666 0.4583333333333333 0.024479166666666666 0.040740740740740744
0 0.18463541666666666 0.5370370370370371 0.025520833333333333 0.04259259259259259
0 0.7140625 0.1486111111111111 0.022916666666666665 0.03981481481481482
0 0.12395833333333334 0.36574074074074076 0.025 0.040740740740740744
0 0.33229166666666665 0.6041666666666666 0.022916666666666665 0.041666666666666664
0 0.228125 0.5050925925925925 0.025 0.041666666666666664
0 0.14453125 0.3300925925925926 0.024479166666666666 0.03981481481481482
0 0.6169270833333333 0.17824074074074073 0.021354166666666667 0.03796296296296296
0 0.5947916666666667 0.40555555555555556 0.022916666666666665 0.03888888888888889
0 0.5580729166666667 0.549074074074074 0.022395833333333334 0.03888888888888889
0 0.47890625 0.5393518518518519 0.0234375 0.041666666666666664
0 0.2984375 0.22268518518518518 0.022916666666666665 0.03796296296296296
0 0.38333333333333336 0.6185185185185185 0.022916666666666665 0.03888888888888889
0 0.5213541666666667 0.41805555555555557 0.022916666666666665 0.03981481481481482
0 0.14479166666666668 0.1837962962962963 0.021875 0.03796296296296296
0 0.346875 0.2902777777777778 0.021875 0.03796296296296296
0 0.4036458333333333 0.20694444444444443 0.020833333333333332 0.03796296296296296
0 0.7018229166666666 0.08796296296296297 0.022395833333333334 0.037037037037037035
0 0.24036458333333333 0.26851851851851855 0.0234375 0.03888888888888889
0 0.27578125 0.35 0.024479166666666666 0.03888888888888889
0 0.16588541666666667 0.16111111111111112 0.022395833333333334 0.03888888888888889
0 0.5833333333333334 0.23842592592592593 0.021875 0.03796296296296296
0 0.43255208333333334 0.1837962962962963 0.0203125 0.03796296296296296
0 0.6447916666666667 0.1685185185185185 0.021875 0.03888888888888889
0 0.46119791666666665 0.16805555555555557 0.021354166666666667 0.03796296296296296
0 0.6932291666666667 0.16111111111111112 0.020833333333333332 0.037037037037037035
0 0.5153645833333333 0.27361111111111114 0.021354166666666667 0.03796296296296296
0 0.34010416666666665 0.25277777777777777 0.022916666666666665 0.037037037037037035
0 0.36041666666666666 0.6175925925925926 0.022916666666666665 0.040740740740740744
0 0.2591145833333333 0.18796296296296297 0.022395833333333334 0.03888888888888889
0 0.42890625 0.5791666666666667 0.022395833333333334 0.03796296296296296
0 0.6713541666666667 0.1699074074074074 0.021875 0.03796296296296296
0 0.5109375 0.3111111111111111 0.021875 0.03888888888888889
0 0.22369791666666666 0.21342592592592594 0.022395833333333334 0.03796296296296296
0 0.48203125 0.2263888888888889 0.022395833333333334 0.03796296296296296
0 0.5572916666666666 0.11435185185185186 0.020833333333333332 0.03796296296296296
0 0.1875 0.38564814814814813 0.022916666666666665 0.03796296296296296
0 0.18255208333333334 0.22361111111111112 0.0234375 0.03796296296296296
0 0.48072916666666665 0.3587962962962963 0.021875 0.03796296296296296
0 0.3190104166666667 0.5333333333333333 0.022395833333333334 0.040740740740740744
0 0.6481770833333333 0.05740740740740741 0.021354166666666667 0.037037037037037035
0 0.6296875 0.13425925925925927 0.021875 0.037037037037037035
0 0.29401041666666666 0.14814814814814814 0.022395833333333334 0.03888888888888889
0 0.4044270833333333 0.600925925925926 0.022395833333333334 0.03888888888888889
0 0.17135416666666667 0.4203703703703704 0.022916666666666665 0.037037037037037035
0 0.16432291666666668 0.24583333333333332 0.022395833333333334 0.03796296296296296
0 0.4348958333333333 0.44166666666666665 0.022916666666666665 0.040740740740740744
0 0.4557291666666667 0.39166666666666666 0.021875 0.037037037037037035
0 0.6833333333333333 0.1310185185185185 0.020833333333333332 0.03611111111111111
0 0.6578125 0.13564814814814816 0.021875 0.03796296296296296
0 0.5927083333333333 0.06805555555555555 0.020833333333333332 0.03796296296296296
0 0.18567708333333333 0.3523148148148148 0.0234375 0.03611111111111111
0 0.29583333333333334 0.1875 0.022916666666666665 0.03611111111111111
0 0.353125 0.5810185185185185 0.021875 0.03981481481481482
0 0.1796875 0.3111111111111111 0.022916666666666665 0.037037037037037035
0 0.4434895833333333 0.5504629629629629 0.022395833333333334 0.03796296296296296
0 0.37734375 0.36574074074074076 0.022395833333333334 0.03888888888888889
0 0.4359375 0.36018518518518516 0.021875 0.03888888888888889
0 0.6354166666666666 0.08657407407407407 0.020833333333333332 0.03611111111111111
0 0.580625 0.09639814814814815 0.021671875 0.04094444444444444
0 0.17682291666666666 0.2777777777777778 0.0234375 0.037037037037037035
0 0.40989583333333335 0.562037037037037 0.021875 0.03888888888888889
0 0.35859375 0.412962962962963 0.022395833333333334 0.03888888888888889
0 0.41458333333333336 0.4027777777777778 0.021875 0.03888888888888889
0 0.3375 0.5550925925925926 0.022916666666666665 0.03981481481481482
0 0.42734375 0.5268518518518519 0.022395833333333334 0.03888888888888889
0 0.3390625 0.46111111111111114 0.022916666666666665 0.040740740740740744
0 0.5609375 0.07962962962962963 0.020833333333333332 0.03518518518518519
0 0.3380208333333333 0.49953703703703706 0.022916666666666665 0.03981481481481482
0 0.42161458333333335 0.2902777777777778 0.021354166666666667 0.03796296296296296
0 0.6143229166666667 0.07942592592592593 0.021354166666666667 0.04033333333333333
0 0.375 0.5833333333333334 0.019791666666666666 0.037037037037037035
0 0.46380208333333334 0.33055555555555555 0.021354166666666667 0.037037037037037035
0 0.40989583333333335 0.46296296296296297 0.021875 0.03888888888888889
0 0.44375 0.3226851851851852 0.021875 0.03796296296296296
0 0.38229166666666664 0.5226851851851851 0.021875 0.03796296296296296
0 0.48463541666666665 0.3125 0.0203125 0.03611111111111111
0 0.36666666666666664 0.549074074074074 0.021875 0.037037037037037035
0 0.396875 0.42916666666666664 0.021875 0.03796296296296296
0 0.65390625 0.10416666666666667 0.0203125 0.03425925925925926
0 0.38177083333333334 0.4023148148148148 0.021875 0.03796296296296296
0 0.4015625 0.4986111111111111 0.020833333333333332 0.03796296296296296
0 0.3815104166666667 0.48148148148148145 0.022395833333333334 0.03888888888888889
0 0.37578125 0.44074074074074077 0.021354166666666667 0.037037037037037035
0 0.4630208333333333 0.29444444444444445 0.020833333333333332 0.03518518518518519
0 0.3924479166666667 0.5671851851851851 0.0203125 0.04549074074074074
0 0.4434791666666667 0.28576851851851853 0.021333333333333333 0.038203703703703705
0 0.3633489583333333 0.5065648148148149 0.02253125 0.04460185185185185
0 0.40703125 0.5314814814814814 0.021354166666666667 0.03333333333333333
0 0.362046875 0.4703055555555556 0.022010416666666664 0.04062037037037037
0 0.3498177083333333 0.5324629629629629 0.015260416666666667 0.044564814814814814