1 0.8265260416666667 0.7284907407407407 0.053197916666666664 0.07860185185185185
1 0.8084635416666667 0.6643518518518519 0.05963541666666667 0.03981481481481482
1 0.7229166666666667 0.6819166666666667 0.020833333333333332 0.09722222222222222
1 0.8038958333333334 0.5944444444444444 0.05771875 0.037037037037037035
1 0.7893229166666667 0.5574074074074075 0.0609375 0.044444444444444446
1 0.6609375 0.7865740740740741 0.05625 0.03981481481481482
1 0.74296875 0.675425925925926 0.021354166666666667 0.1
1 0.61015625 0.7398148148148148 0.0515625 0.07777777777777778
1 0.662890625 0.5966574074074074 0.05706770833333333 0.04259259259259259
1 0.6661197916666667 0.663324074074074 0.056343750000000005 0.037037037037037035
1 0.6935625000000001 0.7158518518518519 0.052270833333333336 0.07344444444444444
1 0.66640625 0.6308333333333332 0.054984374999999995 0.03661111111111111
1 0.4122395833333333 0.5351851851851852 0.033854166666666664 0.09074074074074075
1 0.39921875 0.7310185185185185 0.04739583333333333 0.06944444444444445
1 0.50703125 0.7342592592592593 0.0484375 0.053703703703703705
1 0.3111979166666667 0.26944444444444443 0.0484375 0.06296296296296296
1 0.348375 0.7742037037037037 0.04674479166666667 0.0743425925925926
1 0.44609375 0.5736111111111111 0.0515625 0.03796296296296296
1 0.64140625 0.5363055555555556 0.05260416666666667 0.05277777777777778
1 0.38958333333333334 0.2791666666666667 0.04791666666666667 0.05277777777777778
1 0.40572916666666664 0.13055555555555556 0.04791666666666667 0.05185185185185185
1 0.4479166666666667 0.4888888888888889 0.053125 0.04259259259259259
1 0.22046354166666668 0.26919444444444446 0.05238020833333333 0.050499999999999996
1 0.40651041666666665 0.17777777777777778 0.04010416666666667 0.07777777777777778
1 0.45677083333333335 0.7787037037037037 0.053125 0.037037037037037035
1 0.46015625 0.6814814814814815 0.03802083333333333 0.08703703703703704
1 0.7971354166666667 0.6273148148148148 0.058854166666666666 0.03796296296296296
1 0.3575520833333333 0.5115740740740741 0.025520833333333333 0.09166666666666666
1 0.4961145833333333 0.19130555555555556 0.03229166666666667 0.09166666666666666
1 0.43020833333333336 0.7083333333333334 0.052083333333333336 0.03888888888888889
1 0.7102708333333333 0.5944907407407407 0.04866145833333334 0.07787962962962963
1 0.3385416666666667 0.8055555555555556 0.04583333333333333 0.07407407407407407
1 0.3484375 0.5768518518518518 0.028125 0.10185185185185185
1 0.30755208333333334 0.30092592592592593 0.0515625 0.05925925925925926
1 0.4126197916666667 0.23333333333333334 0.04934895833333333 0.05
1 0.6104166666666667 0.6217592592592592 0.040625 0.0824074074074074
1 0.21769791666666669 0.23926851851851855 0.05206770833333333 0.0525462962962963
1 0.4583333333333333 0.4337962962962963 0.029166666666666667 0.09722222222222222
1 0.3514791666666667 0.3578703703703704 0.05191666666666667 0.03981481481481482
1 0.76328125 0.6824074074074075 0.0234375 0.09814814814814815
1 0.380625 0.16947222222222222 0.035359375 0.08194444444444444
1 0.4981770833333333 0.6921296296296297 0.0515625 0.05648148148148148
1 0.4825520833333333 0.6282407407407408 0.04010416666666667 0.07685185185185185
1 0.40677083333333336 0.6412037037037037 0.053125 0.03611111111111111
1 0.6912604166666667 0.7587592592592592 0.054875 0.06137962962962964
1 0.7747395833333334 0.7555555555555555 0.05572916666666667 0.05
1 0.36171875 0.3162037037037037 0.050520833333333334 0.05648148148148148
1 0.17161458333333332 0.45092592592592595 0.0296875 0.09444444444444444
1 0.5960364583333334 0.8050277777777778 0.05141145833333333 0.07672222222222222
1 0.17477604166666666 0.5671111111111111 0.035453124999999995 0.09236111111111112
1 0.64746875 0.7029537037037038 0.051005208333333336 0.06702777777777778
1 0.2952447916666667 0.1846851851851852 0.048567708333333334 0.05324074074074074
1 0.41796875 0.674074074074074 0.05260416666666667 0.037037037037037035
1 0.5905208333333333 0.20462962962962963 0.03521354166666667 0.09126851851851851
1 0.5002604166666667 0.5444444444444444 0.0515625 0.044444444444444446
1 0.462109375 0.6094907407407407 0.04921875 0.0699074074074074
1 0.69521875 0.541537037037037 0.05572916666666667 0.05925925925925926
1 0.55234375 0.5532407407407407 0.0234375 0.09722222222222222
1 0.7469895833333333 0.5171296296296296 0.05647395833333334 0.03611111111111111
1 0.52334375 0.23287037037037037 0.031057291666666667 0.08981481481481482
1 0.4119791666666667 0.6060185185185185 0.05 0.03611111111111111
1 0.796734375 0.7110740740740741 0.05667708333333333 0.05774074074074074
1 0.7418437499999999 0.3851851851851852 0.057645833333333334 0.03518518518518519
1 0.3006041666666667 0.12498148148148147 0.03833854166666666 0.08131481481481481
1 0.740625 0.5907407407407408 0.051041666666666666 0.08148148148148149
1 0.3494791666666667 0.6949074074074074 0.04791666666666667 0.075
1 0.42421875 0.35 0.0515625 0.05
1 0.2635416666666667 0.1625 0.021875 0.09166666666666666
1 0.42213541666666665 0.4115740740740741 0.050520833333333334 0.04722222222222222
1 0.5828125 0.47638888888888886 0.04479166666666667 0.07685185185185185
1 0.7125729166666667 0.14826851851851852 0.03411458333333333 0.08886111111111111
1 0.27347916666666666 0.259212962962963 0.04257291666666666 0.07806481481481482
1 0.371875 0.2047314814814815 0.036458333333333336 0.0824074074074074
1 0.30885416666666665 0.2324074074074074 0.04375 0.06851851851851852
1 0.21927083333333333 0.33425925925925926 0.052083333333333336 0.05740740740740741
1 0.16848958333333333 0.27824074074074073 0.025520833333333333 0.09166666666666666
1 0.7015625 0.2351851851851852 0.03958333333333333 0.08518518518518518
1 0.6619791666666667 0.2513888888888889 0.04895833333333333 0.062037037037037036
1 0.4041666666666667 0.7768518518518519 0.04583333333333333 0.07037037037037037
1 0.34206770833333333 0.08522222222222223 0.05005729166666666 0.04364814814814815
1 0.778125 0.37037037037037035 0.03958333333333333 0.09074074074074075
1 0.3902552083333333 0.09019444444444444 0.04925520833333333 0.05075925925925926
1 0.3893229166666667 0.42916666666666664 0.022395833333333334 0.08796296296296297
1 0.31588541666666664 0.37824074074074077 0.044270833333333336 0.06574074074074074
1 0.6125 0.5166666666666667 0.04895833333333333 0.07222222222222222
1 0.371875 0.4300925925925926 0.022916666666666665 0.09351851851851851
1 0.32135416666666666 0.5486111111111112 0.03125 0.09166666666666666
1 0.23307291666666666 0.49722222222222223 0.0359375 0.08888888888888889
1 0.2953125 0.08683333333333333 0.03802083333333333 0.08148148148148149
1 0.583515625 0.31815740740740744 0.03730208333333333 0.08630555555555555
1 0.42526041666666664 0.44907407407407407 0.049479166666666664 0.046296296296296294
1 0.6458333333333334 0.46805555555555556 0.05416666666666667 0.03611111111111111
1 0.20859375 0.45185185185185184 0.0296875 0.09444444444444444
1 0.7339218750000001 0.11988888888888888 0.021354166666666667 0.09074074074074075
1 0.30052083333333335 0.33101851851851855 0.052083333333333336 0.05648148148148148
1 0.4231770833333333 0.38055555555555554 0.0515625 0.046296296296296294
1 0.5377604166666666 0.49537037037037035 0.0515625 0.05925925925925926
1 0.45260416666666664 0.7421296296296296 0.051041666666666666 0.03611111111111111
1 0.44016145833333337 0.123 0.023510416666666666 0.09156481481481482
1 0.357546875 0.1220925925925926 0.051619791666666665 0.04841666666666666
1 0.2021302083333333 0.3788888888888889 0.05113541666666667 0.05889814814814815
1 0.15625 0.32407407407407407 0.030208333333333334 0.08888888888888889
1 0.3184895833333333 0.45694444444444443 0.0203125 0.09166666666666666
1 0.211875 0.1297962962962963 0.020630208333333334 0.08922222222222222
1 0.18755729166666668 0.287962962962963 0.025036458333333334 0.09094444444444444
1 0.5156145833333333 0.5690833333333334 0.05225520833333333 0.044444444444444446
1 0.42161458333333335 0.28703703703703703 0.025520833333333333 0.09074074074074075
1 0.44192708333333336 0.2824074074074074 0.021354166666666667 0.09259259259259259
1 0.742484375 0.45046296296296295 0.055802083333333335 0.03425925925925926
1 0.7465677083333334 0.4847222222222222 0.055635416666666666 0.03425925925925926
1 0.7028645833333333 0.656712962962963 0.021354166666666667 0.10138888888888889
1 0.64375 0.18396296296296297 0.035578125 0.08674074074074074
1 0.33541666666666664 0.48194444444444445 0.020833333333333332 0.09166666666666666
1 0.7339791666666666 0.41805555555555557 0.0578125 0.03611111111111111
1 0.5723958333333333 0.11805555555555555 0.030208333333333334 0.09166666666666666
1 0.19244791666666666 0.4457962962962963 0.028645833333333332 0.09259259259259259
1 0.19791666666666666 0.600925925925926 0.029166666666666667 0.0962962962962963
1 0.2451875 0.17833333333333332 0.020583333333333335 0.09740740740740741
1 0.24939583333333332 0.3414814814814815 0.04849479166666667 0.06399074074074074
1 0.6171875 0.23472222222222222 0.030208333333333334 0.09351851851851851
1 0.49858854166666666 0.08375 0.032588541666666665 0.0923425925925926
1 0.22570833333333334 0.29524074074074075 0.05078125 0.05185185185185185
1 0.6852864583333333 0.17592592592592593 0.05390625 0.05185185185185185
1 0.20466145833333332 0.2135925925925926 0.052625000000000005 0.053703703703703705
1 0.53359375 0.13796296296296295 0.050520833333333334 0.04259259259259259
1 0.5890625 0.3819444444444444 0.025 0.08981481481481482
1 0.6550104166666666 0.5654444444444444 0.05575 0.04755555555555555
1 0.240921875 0.40692592592592597 0.045572916666666664 0.06709259259259259
1 0.19959375000000001 0.7312314814814815 0.05230729166666667 0.05975925925925926
1 0.55703125 0.3162037037037037 0.03802083333333333 0.08796296296296297
1 0.7348125 0.31306481481481485 0.050875000000000004 0.07387962962962964
1 0.5732447916666668 0.21203703703703702 0.03125 0.08888888888888889
1 0.3377239583333333 0.22335185185185186 0.03802083333333333 0.08148148148148149
1 0.2234375 0.5407407407407407 0.034375 0.08518518518518518
1 0.35260416666666666 0.425462962962963 0.020833333333333332 0.10092592592592593
1 0.7765000000000001 0.31146296296296294 0.054036458333333336 0.05625
1 0.6042239583333333 0.12845370370370368 0.04315625 0.07847222222222222
1 0.23991666666666667 0.45164814814814813 0.041296875000000004 0.08293518518518518
1 0.39036458333333335 0.34074074074074073 0.022395833333333334 0.08888888888888889
1 0.6434322916666667 0.10025925925925926 0.030208333333333334 0.08611111111111111
1 0.4752604166666667 0.12546296296296297 0.0328125 0.08981481481481482
1 0.22038541666666667 0.75 0.048067708333333334 0.07037037037037037
1 0.6817239583333333 0.09069444444444445 0.032197916666666666 0.08991666666666667
1 0.7740729166666667 0.2773148148148148 0.05481770833333333 0.04722222222222222
1 0.7770833333333333 0.2439814814814815 0.05520833333333333 0.04537037037037037
1 0.6989583333333333 0.36033333333333334 0.03229166666666667 0.09132407407407407
1 0.513078125 0.6351388888888889 0.021989583333333333 0.09732407407407408
1 0.6450520833333333 0.3287037037037037 0.0203125 0.09259259259259259
1 0.5319270833333333 0.6269166666666667 0.020109375 0.09457407407407407
1 0.6643229166666667 0.3143518518518518 0.021354166666666667 0.09351851851851851
1 0.229984375 0.10843518518518519 0.021427083333333333 0.0927962962962963
1 0.5236979166666667 0.34629629629629627 0.0296875 0.08888888888888889
1 0.6796302083333334 0.4986111111111111 0.054281249999999996 0.03611111111111111
1 0.53671875 0.16950925925925925 0.05201041666666666 0.04372222222222222
1 0.8440104166666667 0.6203703703703703 0.024479166666666666 0.10185185185185185
1 0.6094427083333334 0.3100185185185185 0.0203125 0.09537037037037037
1 0.33894270833333334 0.1627777777777778 0.048942708333333335 0.048777777777777774
1 0.5479166666666667 0.37824074074074077 0.04791666666666667 0.06018518518518518
1 0.6265625 0.34270370370370373 0.019791666666666666 0.09467592592592593
1 0.8554895833333334 0.738824074074074 0.051041666666666666 0.07222222222222222
1 0.3684791666666667 0.6526111111111111 0.03271875 0.09259259259259259
1 0.4865260416666667 0.30899074074074073 0.019270833333333334 0.09624074074074074
1 0.2597760416666667 0.10205555555555555 0.043583333333333335 0.0710925925925926
1 0.46071875 0.30874074074074076 0.020390625 0.0934074074074074
1 0.5328125 0.07361111111111111 0.05 0.062037037037037036
1 0.22239583333333332 0.6342592592592593 0.042708333333333334 0.08333333333333333
1 0.48284895833333336 0.16557407407407407 0.034192708333333335 0.08783333333333333
1 0.45390625 0.5291666666666667 0.04739583333333333 0.03611111111111111
1 0.6604947916666667 0.4337962962962963 0.05536979166666667 0.03425925925925926
1 0.7125 0.05185185185185185 0.03229166666666667 0.08703703703703704
1 0.5994791666666667 0.05324074074074074 0.025 0.08981481481481482
1 0.7309895833333333 0.7679259259259259 0.030729166666666665 0.09722222222222222
1 0.19505208333333332 0.14722222222222223 0.019270833333333334 0.08703703703703704
1 0.21242708333333335 0.5705 0.033 0.08849074074074073
1 0.8059895833333334 0.5263888888888889 0.058854166666666666 0.04722222222222222
1 0.7403645833333333 0.24464814814814817 0.0265625 0.09299074074074075
1 0.6525364583333333 0.39951851851851855 0.054578125000000005 0.03518518518518519
1 0.46145833333333336 0.10522222222222222 0.030208333333333334 0.08816666666666667
1 0.6944583333333333 0.06224074074074074 0.03370833333333333 0.08743518518518519
1 0.36088020833333334 0.7502314814814814 0.04521354166666667 0.07641666666666667
1 0.3992604166666667 0.5113240740740741 0.03600520833333333 0.09080555555555556
1 0.5822135416666666 0.8301203703703703 0.053031249999999995 0.08037962962962963
1 0.6025885416666666 0.7698333333333333 0.052473958333333334 0.07194444444444445
1 0.6006354166666666 0.6524814814814814 0.044098958333333334 0.08733333333333333
1 0.6191927083333333 0.5892222222222222 0.03991145833333333 0.08782407407407407
1 0.75190625 0.5696203703703704 0.05023958333333333 0.07641666666666667
1 0.7242760416666666 0.33675 0.04968229166666667 0.06798148148148149
1 0.7126927083333333 0.2595092592592592 0.03991145833333333 0.08336111111111111
1 0.6644114583333334 0.09899074074074074 0.033213541666666666 0.08881481481481482
1 0.6277083333333333 0.11487037037037037 0.031260416666666666 0.08980555555555556
1 0.5970052083333334 0.1592777777777778 0.043541666666666666 0.07244444444444444
1 0.5442552083333333 0.09785185185185186 0.051354166666666666 0.06003703703703704
1 0.5051770833333333 0.22775 0.03405208333333333 0.08832407407407407
1 0.3551614583333333 0.2136111111111111 0.034890624999999995 0.08286111111111111
1 0.31776041666666666 0.13347222222222221 0.03991145833333333 0.07938888888888888
1 0.26319791666666664 0.3632037037037037 0.050796875 0.06152777777777778
1 0.16202083333333334 0.5418333333333333 0.038239583333333334 0.09129629629629629
1 0.5939374999999999 0.5038796296296297 0.047447916666666666 0.07690740740740741
1 0.63859375 0.7298888888888888 0.052473958333333334 0.07641666666666667
1 0.26765625 0.22403703703703703 0.04567708333333333 0.07302777777777779