1 0.5831354166666666 0.8275833333333333 0.052796875 0.0771388888888889
1 0.4015625 0.8680555555555556 0.052083333333333336 0.05648148148148148
1 0.7747395833333334 0.7546296296296297 0.05677083333333333 0.05185185185185185
1 0.35885416666666664 0.8791666666666667 0.046875 0.06759259259259259
1 0.3118125 0.8616296296296296 0.04895833333333333 0.06944444444444445
1 0.466203125 0.8189814814814815 0.05323958333333333 0.05462962962962963
1 0.4272447916666666 0.8430555555555556 0.05520833333333333 0.049074074074074076
1 0.8266302083333333 0.7271944444444445 0.05194791666666666 0.07475925925925926
1 0.7315104166666667 0.7699074074074074 0.0296875 0.09722222222222222
1 0.6608802083333334 0.7854537037037037 0.05921354166666667 0.04683333333333333
1 0.7979010416666666 0.7085277777777778 0.055239583333333335 0.05701851851851852
1 0.5119427083333333 0.7944166666666667 0.057213541666666666 0.06116666666666667
1 0.29270833333333335 0.7166666666666667 0.04479166666666667 0.07962962962962963
1 0.21777604166666667 0.7941296296296296 0.04471354166666666 0.0787037037037037
1 0.8546875 0.7379629629629629 0.051041666666666666 0.07037037037037037
1 0.24088541666666666 0.575 0.034895833333333334 0.09074074074074075
1 0.48880208333333336 0.7754629629629629 0.0515625 0.058333333333333334
1 0.3809791666666667 0.8217407407407408 0.049895833333333334 0.07866666666666666
1 0.37875000000000003 0.7327962962962963 0.04128645833333333 0.09014814814814814
1 0.165625 0.5861111111111111 0.030208333333333334 0.09259259259259259
1 0.195765625 0.7782870370370369 0.033364583333333336 0.09527777777777778
1 0.8101614583333333 0.6636203703703704 0.06094270833333334 0.042055555555555554
1 0.4317708333333333 0.7875 0.05 0.06574074074074074
1 0.3528645833333333 0.7773148148148148 0.0484375 0.0712962962962963
1 0.18463541666666666 0.4477314814814815 0.027604166666666666 0.09342592592592593
1 0.20394791666666665 0.5868888888888889 0.028125 0.09103703703703703
1 0.24115104166666665 0.46644444444444444 0.050005208333333336 0.06525925925925927
1 0.6926510416666667 0.7602037037037037 0.05774479166666667 0.05658333333333333
1 0.60078125 0.6847222222222222 0.0546875 0.04537037037037037
1 0.52734375 0.712037037037037 0.0359375 0.09074074074074075
1 0.40651041666666665 0.7432777777777778 0.0359375 0.09074074074074075
1 0.33595312499999996 0.7189814814814814 0.05469270833333333 0.04722222222222222
1 0.6927083333333334 0.7148148148148148 0.05 0.07592592592592592
1 0.5490833333333334 0.6253888888888889 0.043229166666666666 0.08518518518518518
1 0.84296875 0.6199074074074075 0.025520833333333333 0.10277777777777777
1 0.6330729166666667 0.3712962962962963 0.049479166666666664 0.06666666666666667
1 0.7638020833333333 0.6819444444444445 0.024479166666666666 0.09537037037037037
1 0.6050052083333333 0.7708888888888888 0.05167708333333333 0.07139814814814814
1 0.153125 0.5523148148148148 0.03125 0.09351851851851851
1 0.30891145833333333 0.6532129629629629 0.045947916666666665 0.08616666666666667
1 0.23678645833333334 0.4309907407407408 0.05159375 0.06024074074074074
1 0.7864583333333334 0.4185185185185185 0.026041666666666668 0.09259259259259259
1 0.39494270833333334 0.6425462962962963 0.03363541666666667 0.09064814814814816
1 0.34204687500000003 0.32239814814814816 0.047151041666666664 0.0709074074074074
1 0.7075520833333333 0.36712962962962964 0.0484375 0.06944444444444445
1 0.22482291666666668 0.26366666666666666 0.03166666666666666 0.08951851851851853
1 0.8005208333333333 0.29259259259259257 0.040625 0.08703703703703704
1 0.33784375 0.6861111111111111 0.0538125 0.04814814814814815
1 0.41125520833333334 0.4605740740740741 0.03084375 0.09151851851851853
1 0.20855208333333333 0.2115925925925926 0.041666666666666664 0.07962962962962963
1 0.79765625 0.6268518518518519 0.0578125 0.040740740740740744
1 0.6888020833333334 0.31157407407407406 0.0421875 0.0787037037037037
1 0.7380208333333333 0.5902777777777778 0.04895833333333333 0.07314814814814814
1 0.7911458333333333 0.35555555555555557 0.05520833333333333 0.040740740740740744
1 0.6040885416666666 0.6489259259259259 0.056088541666666665 0.046592592592592595
1 0.34609375 0.6226666666666667 0.04010416666666667 0.09074074074074075
1 0.5895833333333333 0.16666666666666666 0.021875 0.08703703703703704
1 0.34010416666666665 0.5736111111111111 0.05 0.058333333333333334
1 0.431453125 0.637962962962963 0.05167708333333333 0.06111111111111111
1 0.4576927083333333 0.7400092592592593 0.05183854166666667 0.05594444444444445
1 0.7865625 0.5555555555555556 0.059375 0.044444444444444446
1 0.20494791666666667 0.512962962962963 0.0515625 0.03888888888888889
1 0.6665156250000001 0.6606481481481481 0.055239583333333335 0.03981481481481482
1 0.37219270833333334 0.6676018518518518 0.046302083333333334 0.07153703703703704
1 0.6405208333333333 0.730175925925926 0.051265625 0.0727037037037037
1 0.35572916666666665 0.5305555555555556 0.052083333333333336 0.046296296296296294
1 0.3171875 0.3976851851851852 0.051041666666666666 0.05648148148148148
1 0.37421875 0.5939814814814814 0.0328125 0.09537037037037037
1 0.7484375 0.47962962962962963 0.05416666666666667 0.03888888888888889
1 0.21380208333333334 0.7189814814814814 0.03802083333333333 0.08425925925925926
1 0.52421875 0.4444444444444444 0.050520833333333334 0.04814814814814815
1 0.7669270833333334 0.15787037037037038 0.050520833333333334 0.06388888888888888
1 0.42890625 0.5425925925925926 0.044270833333333336 0.07222222222222222
1 0.7088541666666667 0.5884259259259259 0.04375 0.06944444444444445
1 0.37447916666666664 0.30324074074074076 0.03333333333333333 0.08981481481481482
1 0.49296875 0.6935185185185185 0.03802083333333333 0.09074074074074075
1 0.6233854166666667 0.5041666666666667 0.0509375 0.06388888888888888
1 0.71171875 0.19444444444444445 0.0328125 0.08518518518518518
1 0.7365416666666668 0.31396296296296294 0.026041666666666668 0.09391666666666668
1 0.18456770833333333 0.5877870370370369 0.02746875 0.09294444444444444
1 0.195859375 0.9071666666666667 0.04057291666666667 0.09211111111111112
1 0.20208333333333334 0.43203703703703705 0.025 0.09148148148148148
1 0.6002500000000001 0.586574074074074 0.035916666666666666 0.08796296296296297
1 0.6201354166666667 0.5845092592592592 0.036104166666666666 0.09123148148148148
1 0.28966666666666663 0.19910185185185186 0.02725 0.09079629629629629
1 0.6979166666666666 0.5361111111111111 0.05625 0.07592592592592592
1 0.7433645833333333 0.6727777777777778 0.021875 0.10092592592592593
1 0.2671875 0.4027777777777778 0.026041666666666668 0.08703703703703704
1 0.43645833333333334 0.4888888888888889 0.03333333333333333 0.0962962962962963
1 0.7497395833333333 0.4101851851851852 0.05364583333333333 0.046296296296296294
1 0.5125 0.19074074074074074 0.040625 0.07592592592592592
1 0.4649479166666667 0.34225925925925926 0.034895833333333334 0.09074074074074075
1 0.23723958333333334 0.21203703703703702 0.021354166666666667 0.08703703703703704
1 0.27390624999999996 0.21272222222222223 0.026979166666666665 0.09025925925925926
1 0.2911458333333333 0.11990740740740741 0.035416666666666666 0.0824074074074074
1 0.4502291666666667 0.6985555555555556 0.05260416666666667 0.049074074074074076
1 0.8059895833333334 0.5254629629629629 0.0578125 0.04537037037037037
1 0.70390625 0.6578703703703703 0.021354166666666667 0.09166666666666666
1 0.5475156250000001 0.17426851851851852 0.035171875 0.08294444444444445
1 0.5080729166666667 0.5699074074074074 0.049479166666666664 0.049074074074074076
1 0.6787291666666667 0.48001851851851846 0.055265625 0.05
1 0.20885416666666667 0.33611111111111114 0.035416666666666666 0.09074074074074075
1 0.746875 0.512962962962963 0.05416666666666667 0.03888888888888889
1 0.58984375 0.5111111111111111 0.044270833333333336 0.07407407407407407
1 0.38094791666666666 0.5106759259259259 0.05230729166666667 0.06004629629629629
1 0.6140625 0.11898148148148148 0.023958333333333335 0.08796296296296297
1 0.5700208333333333 0.3723888888888889 0.0421875 0.08611111111111111
1 0.66696875 0.6273148148148148 0.05570833333333333 0.03796296296296296
1 0.715625 0.11851851851851852 0.04375 0.07407407407407407
1 0.44166666666666665 0.09444444444444444 0.0375 0.07592592592592592
1 0.47942708333333334 0.612037037037037 0.0453125 0.07407407407407407
1 0.322 0.17546296296296296 0.02733333333333333 0.08425925925925926
1 0.50625 0.1050925925925926 0.040625 0.07314814814814814
1 0.34739583333333335 0.18194444444444444 0.0375 0.0787037037037037
1 0.7565104166666666 0.18935185185185185 0.058854166666666666 0.04722222222222222
1 0.7536458333333333 0.25601851851851853 0.053125 0.03981481481481482
1 0.45073437499999996 0.4406851851851852 0.05159375 0.052925925925925925
1 0.23307291666666666 0.4 0.050520833333333334 0.05185185185185185
1 0.675 0.17314814814814813 0.04583333333333333 0.06481481481481481
1 0.40208333333333335 0.3143518518518518 0.04479166666666667 0.07314814814814814
1 0.2559895833333333 0.21574074074074073 0.0234375 0.08703703703703704
1 0.5450520833333333 0.11851851851851852 0.04739583333333333 0.05740740740740741
1 0.22609895833333335 0.15462962962962962 0.05115625 0.04259259259259259
1 0.3354427083333333 0.25555555555555554 0.04692708333333333 0.06851851851851852
1 0.5424635416666667 0.47638888888888886 0.05263541666666667 0.03981481481481482
1 0.5549479166666667 0.5458333333333333 0.024479166666666666 0.09351851851851851
1 0.4578125 0.6675925925925926 0.04895833333333333 0.046296296296296294
1 0.6924479166666667 0.07407407407407407 0.043229166666666666 0.07407407407407407
1 0.6158854166666666 0.31342592592592594 0.0515625 0.062037037037037036
1 0.3606770833333333 0.11481481481481481 0.04010416666666667 0.08333333333333333
1 0.5809635416666666 0.5898703703703703 0.03484375 0.08899074074074075
1 0.4122395833333333 0.1726851851851852 0.03802083333333333 0.07314814814814814
1 0.23654166666666668 0.11851851851851852 0.04972916666666667 0.044444444444444446
1 0.6578125 0.2861111111111111 0.0375 0.08148148148148149
1 0.6453125 0.5314814814814814 0.053125 0.04814814814814815
1 0.30346875 0.17980555555555555 0.0288125 0.09109259259259259
1 0.5578958333333334 0.41165740740740736 0.036625 0.08997222222222222
1 0.4109375 0.5881296296296296 0.021875 0.09411111111111112
1 0.5231770833333333 0.5115740740740741 0.05260416666666667 0.05648148148148148
1 0.5338541666666666 0.2986111111111111 0.052083333333333336 0.062037037037037036
1 0.5221354166666666 0.4134259259259259 0.05260416666666667 0.04722222222222222
1 0.477375 0.42076851851851854 0.035994791666666665 0.0878425925925926
1 0.6682291666666667 0.14212962962962963 0.05 0.06388888888888888
1 0.3885416666666667 0.25 0.04791666666666667 0.06296296296296296
1 0.803171875 0.5939814814814814 0.05946354166666667 0.03796296296296296
1 0.39114583333333336 0.21064814814814814 0.04895833333333333 0.04722222222222222
1 0.47213541666666664 0.4842592592592593 0.049479166666666664 0.05
1 0.6332916666666667 0.11213888888888889 0.024041666666666666 0.0927962962962963
1 0.24016145833333333 0.3333333333333333 0.05115625 0.05185185185185185
1 0.7246041666666667 0.679324074074074 0.021354166666666667 0.09975925925925926
1 0.23151041666666666 0.36944444444444446 0.05364583333333333 0.05185185185185185
1 0.267953125 0.1297314814814815 0.03388541666666667 0.08353703703703703
1 0.5604166666666667 0.25833333333333336 0.04479166666666667 0.07222222222222222
1 0.4296979166666667 0.2523888888888889 0.05364583333333333 0.05185185185185185
1 0.4321041666666667 0.35082407407407407 0.04753645833333333 0.06316666666666666
1 0.44427083333333334 0.5962962962962963 0.046875 0.046296296296296294
1 0.6135416666666667 0.2638888888888889 0.05 0.040740740740740744
1 0.45078125 0.23472222222222222 0.05260416666666667 0.05277777777777778
1 0.5283854166666667 0.36898148148148147 0.0484375 0.05648148148148148
1 0.46510416666666665 0.14814814814814814 0.05 0.037037037037037035
1 0.4532864583333333 0.28874074074074074 0.05356770833333333 0.043666666666666666
1 0.38619791666666664 0.14722222222222223 0.0234375 0.08148148148148149
1 0.5075520833333333 0.24675925925925926 0.050520833333333334 0.03981481481481482
1 0.4138541666666667 0.13033333333333333 0.03895833333333333 0.07891666666666668
1 0.7758802083333334 0.22546296296296298 0.060703125 0.03611111111111111
1 0.4348958333333333 0.4009259259259259 0.051041666666666666 0.040740740740740744
1 0.663828125 0.5929814814814814 0.05584375 0.037037037037037035
1 0.4669270833333333 0.17824074074074073 0.050520833333333334 0.03981481481481482
1 0.47578125 0.2101851851851852 0.0515625 0.03888888888888889
1 0.7463541666666667 0.44722222222222224 0.053125 0.037037037037037035
1 0.5026041666666666 0.274537037037037 0.04895833333333333 0.03796296296296296
1 0.6583333333333333 0.5597222222222222 0.051041666666666666 0.03981481481481482
1 0.52034375 0.16365740740740742 0.039640625 0.08100925925925925
1 0.597421875 0.8044722222222223 0.05313020833333334 0.0708425925925926
1 0.7834583333333334 0.2843703703703704 0.04504166666666667 0.09236111111111112
1 0.6119114583333333 0.7365833333333334 0.05252604166666666 0.07137962962962963
1 0.5246666666666667 0.6229074074074075 0.04895833333333333 0.08333333333333333
1 0.22916666666666666 0.5537037037037037 0.03333333333333333 0.08888888888888889
1 0.35684375 0.15422222222222223 0.03868229166666667 0.07880555555555556
1 0.6504010416666667 0.7014351851851851 0.05041145833333334 0.0751388888888889
1 0.5874895833333333 0.36460185185185184 0.043062500000000004 0.0785
1 0.31742708333333336 0.8259444444444445 0.04920833333333333 0.07299074074074074
1 0.3622552083333333 0.8063518518518519 0.048906250000000005 0.07674074074074073
1 0.42127083333333337 0.7242407407407407 0.031697916666666666 0.09391666666666668
1 0.50896875 0.7019722222222222 0.038036458333333335 0.09123148148148148
1 0.424140625 0.10411111111111111 0.038640625 0.07942592592592593
1 0.348671875 0.2747777777777778 0.046489583333333334 0.06547222222222222
1 0.412671875 0.33623148148148146 0.047697916666666666 0.06708333333333334
1 0.486328125 0.3330092592592592 0.035015625 0.08748148148148148
1 0.49930729166666665 0.36306481481481484 0.03260416666666667 0.09069444444444445
1 0.53734375 0.33032407407407405 0.04951041666666667 0.060648148148148145
1 0.5856458333333333 0.3040277777777778 0.051921875 0.054203703703703705
1 0.63153125 0.33569444444444446 0.05011458333333333 0.06600925925925927
1 0.50096875 0.531037037037037 0.052223958333333334 0.052055555555555556
1 0.465953125 0.5396296296296296 0.032302083333333335 0.08533333333333333
1 0.49870312499999997 0.6236203703703703 0.046489583333333334 0.0762037037037037
1 0.7495677083333334 0.5651203703703704 0.05252604166666666 0.0740648148148148
1 0.7334166666666667 0.38533333333333336 0.052828125000000004 0.06225000000000001
1 0.6980989583333332 0.21600925925925926 0.035317708333333336 0.09176851851851851
1 0.664890625 0.11055555555555556 0.048 0.0665462962962963