0 0.5651041666666666 0.5518518518518518 0.022916666666666665 0.03888888888888889
0 0.3848958333333333 0.5699074074074074 0.023958333333333335 0.041666666666666664
0 0.5533854166666666 0.5166666666666667 0.021354166666666667 0.037037037037037035
0 0.6653645833333334 0.7032407407407407 0.024479166666666666 0.04351851851851852
0 0.5153645833333333 0.5060185185185185 0.021354166666666667 0.03796296296296296
0 0.5208333333333334 0.31851851851851853 0.020833333333333332 0.037037037037037035
0 0.6526041666666667 0.45046296296296295 0.022916666666666665 0.03796296296296296
0 0.69375 0.47962962962962963 0.023958333333333335 0.040740740740740744
0 0.5375 0.49212962962962964 0.021875 0.03796296296296296
0 0.62421875 0.49953703703703706 0.0234375 0.03981481481481482
0 0.49973958333333335 0.3060185185185185 0.019270833333333334 0.03611111111111111
0 0.7341145833333333 0.44675925925925924 0.024479166666666666 0.03981481481481482
0 0.5533854166666666 0.5833333333333334 0.022395833333333334 0.03888888888888889
0 0.5328125 0.5291666666666667 0.021875 0.03796296296296296
0 0.4317708333333333 0.29907407407407405 0.020833333333333332 0.037037037037037035
0 0.5700520833333333 0.6601851851851852 0.0234375 0.040740740740740744
0 0.6734375 0.43333333333333335 0.022916666666666665 0.03888888888888889
0 0.5682291666666667 0.6152777777777778 0.022916666666666665 0.03981481481481482
0 0.6588541666666666 0.6518518518518519 0.025 0.044444444444444446
0 0.36692708333333335 0.5263888888888889 0.021354166666666667 0.03796296296296296
0 0.53984375 0.29398148148148145 0.0203125 0.03611111111111111
0 0.48411458333333335 0.33287037037037037 0.021354166666666667 0.03796296296296296
0 0.40572916666666664 0.28564814814814815 0.021875 0.03796296296296296
0 0.3528645833333333 0.5555555555555556 0.022395833333333334 0.03888888888888889
0 0.5026041666666666 0.46805555555555556 0.021875 0.03796296296296296
0 0.63046875 0.7138888888888889 0.024479166666666666 0.044444444444444446
0 0.5765625 0.7050925925925926 0.025 0.04351851851851852
0 0.5763020833333333 0.5180555555555556 0.022395833333333334 0.03981481481481482
0 0.47994791666666664 0.29398148148148145 0.0203125 0.03611111111111111
0 0.4578125 0.29074074074074074 0.019791666666666666 0.037037037037037035
0 0.5182291666666666 0.2833333333333333 0.020833333333333332 0.037037037037037035
0 0.5911458333333334 0.6263888888888889 0.023958333333333335 0.041666666666666664
0 0.6838541666666667 0.39675925925925926 0.022916666666666665 0.03796296296296296
0 0.32578125 0.6361111111111111 0.0234375 0.040740740740740744
0 0.290625 0.6259259259259259 0.023958333333333335 0.040740740740740744
0 0.5270833333333333 0.45787037037037037 0.021875 0.03796296296296296
0 0.63203125 0.4166666666666667 0.022395833333333334 0.037037037037037035
0 0.6213541666666667 0.6574074074074074 0.023958333333333335 0.04259259259259259
0 0.39817708333333335 0.25277777777777777 0.0203125 0.037037037037037035
0 0.6848958333333334 0.5722222222222222 0.023958333333333335 0.04259259259259259
0 0.6252604166666667 0.4550925925925926 0.022395833333333334 0.03796296296296296
0 0.5369791666666667 0.2439814814814815 0.020833333333333332 0.03611111111111111
0 0.36354166666666665 0.5875 0.022916666666666665 0.03981481481481482
0 0.38828125 0.5305555555555556 0.022395833333333334 0.03888888888888889
0 0.70859375 0.36157407407407405 0.022395833333333334 0.03796296296296296
0 0.31614583333333335 0.6032407407407407 0.022916666666666665 0.03981481481481482
0 0.49713541666666666 0.26990740740740743 0.0203125 0.03611111111111111
0 0.5046875 0.35833333333333334 0.021875 0.03888888888888889
0 0.340625 0.6050925925925926 0.022916666666666665 0.03981481481481482
0 0.48489583333333336 0.4912037037037037 0.021875 0.03796296296296296
0 0.5471354166666667 0.3347222222222222 0.021354166666666667 0.03796296296296296
0 0.41953125 0.2537037037037037 0.0203125 0.037037037037037035
0 0.7104166666666667 0.43472222222222223 0.022916666666666665 0.03981481481481482
0 0.6291666666666667 0.6111111111111112 0.023958333333333335 0.04259259259259259
0 0.440625 0.26064814814814813 0.020833333333333332 0.03611111111111111
0 0.33125 0.5712962962962963 0.022916666666666665 0.03888888888888889
0 0.5135416666666667 0.24212962962962964 0.019791666666666666 0.03611111111111111
0 0.45234375 0.32592592592592595 0.021354166666666667 0.03888888888888889
0 0.483 0.24837962962962962 0.022244791666666666 0.0412037037037037
0 0.5505208333333333 0.37777777777777777 0.021875 0.03888888888888889
0 0.3341145833333333 0.5324074074074074 0.022395833333333334 0.03888888888888889
0 0.6606770833333333 0.5847222222222223 0.0234375 0.041666666666666664
0 0.60234375 0.35185185185185186 0.021354166666666667 0.03888888888888889
0 0.5783854166666667 0.3625 0.021354166666666667 0.03796296296296296
0 0.28125 0.38472222222222224 0.022916666666666665 0.03981481481481482
0 0.6119791666666666 0.7453703703703703 0.023958333333333335 0.04259259259259259
0 0.46119791666666665 0.2564814814814815 0.0203125 0.03518518518518519
0 0.496875 0.22175925925925927 0.019791666666666666 0.03425925925925926
0 0.6510416666666666 0.21944444444444444 0.020833333333333332 0.037037037037037035
0 0.36796875 0.3712962962962963 0.0234375 0.03888888888888889
0 0.3104166666666667 0.5583333333333333 0.023958333333333335 0.04259259259259259
0 0.296875 0.6625 0.025 0.041666666666666664
0 0.3919270833333333 0.3435185185185185 0.022395833333333334 0.03888888888888889
0 0.42682291666666666 0.2125 0.0203125 0.03611111111111111
0 0.48463541666666665 0.4361111111111111 0.022395833333333334 0.03888888888888889
0 0.6994791666666667 0.25601851851851853 0.022916666666666665 0.03796296296296296
0 0.4044270833333333 0.4634259259259259 0.022395833333333334 0.03981481481481482
0 0.2643229166666667 0.3648148148148148 0.022395833333333334 0.03888888888888889
0 0.63515625 0.25416666666666665 0.022395833333333334 0.03796296296296296
0 0.73046875 0.4050925925925926 0.0234375 0.03981481481481482
0 0.6901041666666666 0.28935185185185186 0.022916666666666665 0.03981481481481482
0 0.3815104166666667 0.28703703703703703 0.022395833333333334 0.03888888888888889
0 0.3533854166666667 0.4787037037037037 0.022395833333333334 0.040740740740740744
0 0.6473958333333333 0.38055555555555554 0.022916666666666665 0.03888888888888889
0 0.43255208333333334 0.5027777777777778 0.022395833333333334 0.040740740740740744
0 0.7471354166666667 0.3685185185185185 0.024479166666666666 0.040740740740740744
0 0.3734375 0.45740740740740743 0.021875 0.03888888888888889
0 0.46484375 0.3939814814814815 0.022395833333333334 0.03981481481481482
0 0.71640625 0.32546296296296295 0.0234375 0.03796296296296296
0 0.4510416666666667 0.21203703703703702 0.020833333333333332 0.037037037037037035
0 0.38671875 0.2101851851851852 0.0203125 0.037037037037037035
0 0.36484375 0.2412037037037037 0.021354166666666667 0.03796296296296296
0 0.40651041666666665 0.2199074074074074 0.0203125 0.03611111111111111
0 0.7078125 0.2050925925925926 0.022916666666666665 0.03981481481481482
0 0.58671875 0.3106481481481482 0.021354166666666667 0.03796296296296296
0 0.5252604166666667 0.3962962962962963 0.021354166666666667 0.037037037037037035
0 0.6455729166666667 0.1361111111111111 0.021354166666666667 0.037037037037037035
0 0.7098958333333333 0.15 0.021875 0.03888888888888889
0 0.6203125 0.2199074074074074 0.021875 0.03981481481481482
0 0.6671875 0.10601851851851851 0.019791666666666666 0.03425925925925926
0 0.48203125 0.1935185185185185 0.021354166666666667 0.037037037037037035
0 0.6091145833333333 0.1537037037037037 0.021354166666666667 0.037037037037037035
0 0.5364583333333334 0.20601851851851852 0.020833333333333332 0.03611111111111111
0 0.27005208333333336 0.3111111111111111 0.0234375 0.037037037037037035
0 0.3380208333333333 0.2111111111111111 0.021875 0.03888888888888889
0 0.30703125 0.15833333333333333 0.021354166666666667 0.037037037037037035
0 0.2734375 0.22268518518518518 0.022916666666666665 0.03796296296296296
0 0.6872395833333333 0.08287037037037037 0.0203125 0.03611111111111111
0 0.41510416666666666 0.17731481481481481 0.020833333333333332 0.03796296296296296
0 0.5940104166666667 0.09305555555555556 0.021354166666666667 0.03796296296296296
0 0.62578125 0.07222222222222222 0.0203125 0.037037037037037035
0 0.7135416666666666 0.07453703703703704 0.021875 0.03796296296296296
0 0.47239583333333335 0.14351851851851852 0.019791666666666666 0.037037037037037035
0 0.30546875 0.12129629629629629 0.021354166666666667 0.037037037037037035
0 0.60078125 0.060648148148148145 0.021354166666666667 0.03796296296296296
0 0.23645833333333333 0.16898148148148148 0.021875 0.03796296296296296
0 0.17864583333333334 0.19768518518518519 0.022916666666666665 0.03796296296296296
0 0.13515625 0.30462962962962964 0.024479166666666666 0.03888888888888889
0 0.14114583333333333 0.5555555555555556 0.026041666666666668 0.04259259259259259
0 0.71796875 0.8481481481481481 0.0265625 0.04814814814814815