0 0.6911458333333333 0.3638888888888889 0.022916666666666665 0.03888888888888889
0 0.6736979166666667 0.41574074074074074 0.0234375 0.040740740740740744
0 0.7060416666666666 0.33641666666666664 0.02354166666666667 0.04136111111111111
0 0.684375 0.31666666666666665 0.022916666666666665 0.03888888888888889
0 0.6885416666666667 0.4449074074074074 0.023958333333333335 0.03981481481481482
0 0.46119791666666665 0.375 0.021354166666666667 0.03888888888888889
0 0.6755208333333333 0.8111111111111111 0.026041666666666668 0.044444444444444446
0 0.3043385416666667 0.6370370370370371 0.025348958333333334 0.03888888888888889
0 0.47604166666666664 0.5194444444444445 0.021875 0.03888888888888889
0 0.29003645833333336 0.41814814814814816 0.022776041666666667 0.04
0 0.3802083333333333 0.2518518518518518 0.020833333333333332 0.037037037037037035
0 0.6979166666666666 0.4 0.022916666666666665 0.040740740740740744
0 0.6846354166666667 0.11990740740740741 0.021354166666666667 0.03611111111111111
0 0.3731770833333333 0.3958333333333333 0.022395833333333334 0.03796296296296296
0 0.6471354166666666 0.7314814814814815 0.0234375 0.04259259259259259
0 0.47682291666666665 0.33194444444444443 0.021354166666666667 0.03796296296296296
0 0.6231770833333333 0.7245370370370371 0.0234375 0.04351851851851852
0 0.6578125 0.37546296296296294 0.022916666666666665 0.03981481481481482
0 0.6841145833333333 0.7638888888888888 0.025520833333333333 0.046296296296296294
0 0.30026041666666664 0.36898148148148147 0.022395833333333334 0.03796296296296296
0 0.37552083333333336 0.2125 0.020833333333333332 0.03611111111111111
0 0.2578125 0.7032407407407407 0.023958333333333335 0.04351851851851852
0 0.5760416666666667 0.7217592592592592 0.025 0.04537037037037037
0 0.5901041666666667 0.7930555555555555 0.025 0.04537037037037037
0 0.72421875 0.45185185185185184 0.024479166666666666 0.04259259259259259
0 0.7033854166666667 0.2962962962962963 0.022395833333333334 0.037037037037037035
0 0.44114583333333335 0.39861111111111114 0.021875 0.03796296296296296
0 0.6502604166666667 0.41898148148148145 0.0234375 0.03981481481481482
0 0.6955729166666667 0.4828703703703704 0.0234375 0.041666666666666664
0 0.39427083333333335 0.2263888888888889 0.019791666666666666 0.03611111111111111
0 0.6432291666666666 0.8074074074074075 0.025 0.044444444444444446
0 0.49609375 0.31805555555555554 0.021354166666666667 0.03611111111111111
0 0.3390625 0.42314814814814816 0.022916666666666665 0.03888888888888889
0 0.3199635416666667 0.38910185185185187 0.023265625 0.03747222222222222
0 0.70546875 0.5717592592592593 0.025520833333333333 0.04351851851851852
0 0.38125 0.28888888888888886 0.021875 0.03888888888888889
0 0.4903645833333333 0.36064814814814816 0.022395833333333334 0.03981481481481482
0 0.68515625 0.0837962962962963 0.021354166666666667 0.03611111111111111
0 0.3177083333333333 0.5884259259259259 0.022916666666666665 0.03981481481481482
0 0.41432291666666665 0.21296296296296297 0.021354166666666667 0.037037037037037035
0 0.4552083333333333 0.3402777777777778 0.020833333333333332 0.03611111111111111
0 0.61015625 0.7703703703703704 0.0234375 0.04259259259259259
0 0.6674479166666667 0.29259259259259257 0.022395833333333334 0.03888888888888889
0 0.6700364583333334 0.3448425925925926 0.024442708333333334 0.043398148148148144
0 0.45286458333333335 0.5115740740740741 0.022395833333333334 0.03981481481481482
0 0.6333333333333333 0.7680555555555556 0.022916666666666665 0.04351851851851852
0 0.6671875 0.47175925925925927 0.023958333333333335 0.03981481481481482
0 0.4140625 0.40370370370370373 0.021875 0.03888888888888889
0 0.6966145833333334 0.25601851851851853 0.022395833333333334 0.03981481481481482
0 0.23229166666666667 0.7064814814814815 0.025 0.044444444444444446
0 0.70546875 0.6847222222222222 0.025520833333333333 0.04537037037037037
0 0.6598958333333333 0.7754629629629629 0.025 0.04351851851851852
0 0.30442708333333335 0.47453703703703703 0.0234375 0.03981481481481482
0 0.3104166666666667 0.4324074074074074 0.022916666666666665 0.03888888888888889
0 0.25677083333333334 0.4273148148148148 0.022916666666666665 0.03796296296296296
0 0.2609375 0.625462962962963 0.023958333333333335 0.041666666666666664
0 0.6286458333333333 0.6842592592592592 0.025 0.044444444444444446
0 0.7208333333333333 0.40694444444444444 0.023958333333333335 0.03981481481481482
0 0.28671875 0.5046296296296297 0.0234375 0.040740740740740744
0 0.279859375 0.38839814814814816 0.023265625 0.03975
0 0.3614583333333333 0.3638888888888889 0.020833333333333332 0.037037037037037035
0 0.5583333333333333 0.2861111111111111 0.020833333333333332 0.037037037037037035
0 0.36015625 0.2412037037037037 0.0203125 0.03611111111111111
0 0.40208333333333335 0.29814814814814816 0.020833333333333332 0.037037037037037035
0 0.26119791666666664 0.5847222222222223 0.0234375 0.03981481481481482
0 0.6 0.7314814814814815 0.022916666666666665 0.04259259259259259
0 0.3927083333333333 0.3458333333333333 0.021875 0.03796296296296296
0 0.7067708333333333 0.15092592592592594 0.021875 0.03518518518518519
0 0.265625 0.4601851851851852 0.022916666666666665 0.03888888888888889
0 0.33515625 0.5606481481481481 0.0234375 0.041666666666666664
0 0.2635416666666667 0.5310185185185186 0.022916666666666665 0.03981481481481482
0 0.2671875 0.6625 0.022916666666666665 0.03981481481481482
0 0.5098958333333333 0.5203703703703704 0.022916666666666665 0.03888888888888889
0 0.6854166666666667 0.5449074074074074 0.025 0.041666666666666664
0 0.24375 0.6555555555555556 0.025 0.04259259259259259
0 0.6591145833333333 0.6949074074074074 0.024479166666666666 0.04351851851851852
0 0.26328125 0.3638888888888889 0.022395833333333334 0.037037037037037035
0 0.478125 0.2962962962962963 0.021875 0.037037037037037035
0 0.6971354166666667 0.1814814814814815 0.022395833333333334 0.03888888888888889
0 0.4393229166666667 0.46574074074074073 0.022395833333333334 0.040740740740740744
0 0.7169270833333333 0.23981481481481481 0.022395833333333334 0.03888888888888889
0 0.57734375 0.2638888888888889 0.021354166666666667 0.03888888888888889
0 0.7247395833333333 0.3111111111111111 0.0234375 0.040740740740740744
0 0.43307291666666664 0.24027777777777778 0.021354166666666667 0.03796296296296296
0 0.41640625 0.17731481481481481 0.021354166666666667 0.03611111111111111
0 0.68515625 0.6574074074074074 0.024479166666666666 0.044444444444444446
0 0.284375 0.6189814814814815 0.023958333333333335 0.03981481481481482
0 0.21875 0.6078703703703704 0.025 0.04351851851851852
0 0.7380208333333333 0.37083333333333335 0.025 0.041666666666666664
0 0.24401041666666667 0.5555555555555556 0.024479166666666666 0.04259259259259259
0 0.6458333333333334 0.5421296296296296 0.025 0.04351851851851852
0 0.34010416666666665 0.3435185185185185 0.021875 0.037037037037037035
0 0.3380208333333333 0.21342592592592594 0.021875 0.03796296296296296
0 0.6575520833333334 0.09861111111111111 0.021354166666666667 0.03611111111111111
0 0.5734375 0.6796296296296296 0.025 0.044444444444444446
0 0.5348958333333333 0.2972222222222222 0.020833333333333332 0.03888888888888889
0 0.5473958333333333 0.16296296296296298 0.020833333333333332 0.037037037037037035
0 0.659375 0.6407407407407407 0.025 0.044444444444444446
0 0.22682291666666668 0.4351851851851852 0.024479166666666666 0.040740740740740744
0 0.59296875 0.11342592592592593 0.021354166666666667 0.03611111111111111
0 0.6416666666666667 0.8537037037037037 0.026041666666666668 0.046296296296296294
0 0.30703125 0.16203703703703703 0.021354166666666667 0.037037037037037035
0 0.6127604166666667 0.4689814814814815 0.0234375 0.03981481481481482
0 0.30546875 0.1259259259259259 0.021354166666666667 0.037037037037037035
0 0.5544270833333333 0.513425925925926 0.0234375 0.041666666666666664
0 0.653125 0.25 0.021875 0.03888888888888889
0 0.2703125 0.31342592592592594 0.022916666666666665 0.03796296296296296
0 0.61796875 0.3527777777777778 0.022395833333333334 0.03888888888888889
0 0.6330729166666667 0.6425925925925926 0.025520833333333333 0.044444444444444446
0 0.7127604166666667 0.07592592592592592 0.021354166666666667 0.037037037037037035
0 0.5213541666666667 0.12175925925925926 0.020833333333333332 0.03796296296296296
0 0.6104166666666667 0.16666666666666666 0.020833333333333332 0.037037037037037035
0 0.5640625 0.0699074074074074 0.020833333333333332 0.03796296296296296
0 0.2734375 0.225 0.022916666666666665 0.03888888888888889
0 0.25 0.7824074074074074 0.026041666666666668 0.044444444444444446
0 0.35911458333333335 0.7157407407407408 0.025520833333333333 0.04259259259259259
0 0.14244791666666667 0.5578703703703703 0.0265625 0.04351851851851852
0 0.23671875 0.17222222222222222 0.022395833333333334 0.03888888888888889
0 0.13567708333333334 0.30787037037037035 0.0234375 0.03981481481481482
0 0.17916666666666667 0.20046296296296295 0.022916666666666665 0.03796296296296296