0 0.70625 0.3347222222222222 0.022916666666666665 0.03796296296296296
0 0.6916666666666667 0.3638888888888889 0.022916666666666665 0.03888888888888889
0 0.3177083333333333 0.5180555555555556 0.022916666666666665 0.03981481481481482
0 0.6755208333333333 0.4152777777777778 0.022916666666666665 0.03981481481481482
0 0.6981770833333333 0.4 0.0234375 0.040740740740740744
0 0.70390625 0.29398148148148145 0.022395833333333334 0.03796296296296296
0 0.659375 0.37453703703703706 0.022916666666666665 0.03981481481481482
0 0.35598958333333336 0.6106481481481482 0.0234375 0.03981481481481482
0 0.6705729166666666 0.3425925925925926 0.0234375 0.03888888888888889
0 0.30703125 0.5532407407407407 0.022395833333333334 0.03981481481481482
0 0.30494791666666665 0.4888888888888889 0.0234375 0.040740740740740744
0 0.54765625 0.32083333333333336 0.021354166666666667 0.03796296296296296
0 0.5645833333333333 0.5166666666666667 0.022916666666666665 0.03888888888888889
0 0.5716145833333334 0.28888888888888886 0.021354166666666667 0.037037037037037035
0 0.6703125 0.4638888888888889 0.023958333333333335 0.040740740740740744
0 0.29296875 0.5847222222222223 0.021354166666666667 0.03981481481481482
0 0.5265625 0.3333333333333333 0.020833333333333332 0.037037037037037035
0 0.5661458333333333 0.5564814814814815 0.022916666666666665 0.03888888888888889
0 0.7247395833333333 0.3106481481481482 0.0234375 0.03981481481481482
0 0.6859375 0.3162037037037037 0.022916666666666665 0.03796296296296296
0 0.6236979166666666 0.5092592592592593 0.022395833333333334 0.040740740740740744
0 0.7213541666666666 0.40925925925925927 0.023958333333333335 0.040740740740740744
0 0.5799479166666667 0.34074074074074073 0.022395833333333334 0.03888888888888889
0 0.41354166666666664 0.5351851851851852 0.022916666666666665 0.040740740740740744
0 0.340625 0.5592592592592592 0.023958333333333335 0.040740740740740744
0 0.5888020833333333 0.5592592592592592 0.0234375 0.040740740740740744
0 0.5950520833333334 0.3680555555555556 0.021354166666666667 0.03796296296296296
0 0.3463541666666667 0.5175925925925926 0.022916666666666665 0.03888888888888889
0 0.690625 0.4439814814814815 0.022916666666666665 0.03981481481481482
0 0.6973958333333333 0.2550925925925926 0.021875 0.03981481481481482
0 0.6692708333333334 0.29259259259259257 0.022916666666666665 0.03888888888888889
0 0.28671875 0.6569444444444444 0.024479166666666666 0.041666666666666664
0 0.6481770833333333 0.44907407407407407 0.022395833333333334 0.03888888888888889
0 0.38229166666666664 0.2550925925925926 0.020833333333333332 0.03796296296296296
0 0.3104166666666667 0.6314814814814815 0.022916666666666665 0.040740740740740744
0 0.6216145833333333 0.46296296296296297 0.022395833333333334 0.03888888888888889
0 0.55 0.2847222222222222 0.020833333333333332 0.03611111111111111
0 0.57578125 0.5925925925925926 0.0234375 0.03888888888888889
0 0.5861979166666667 0.5046296296296297 0.022395833333333334 0.040740740740740744
0 0.3958333333333333 0.22870370370370371 0.020833333333333332 0.037037037037037035
0 0.3359375 0.5967592592592592 0.022916666666666665 0.03981481481481482
0 0.33177083333333335 0.6351851851851852 0.022916666666666665 0.037037037037037035
0 0.6348958333333333 0.5564814814814815 0.023958333333333335 0.04259259259259259
0 0.6515625 0.4125 0.021875 0.03796296296296296
0 0.2794270833333333 0.6199074074074075 0.0234375 0.041666666666666664
0 0.378125 0.5305555555555556 0.022916666666666665 0.040740740740740744
0 0.6794270833333333 0.8106481481481481 0.025520833333333333 0.04351851851851852
0 0.4161458333333333 0.21574074074074073 0.020833333333333332 0.037037037037037035
0 0.39765625 0.5097222222222222 0.022395833333333334 0.03981481481481482
0 0.6455729166666667 0.600925925925926 0.024479166666666666 0.04259259259259259
0 0.5963541666666666 0.46574074074074073 0.022916666666666665 0.03888888888888889
0 0.2825520833333333 0.5032407407407408 0.0234375 0.041666666666666664
0 0.5046875 0.32175925925925924 0.020833333333333332 0.03611111111111111
0 0.62265625 0.4115740740740741 0.022395833333333334 0.03981481481481482
0 0.6247395833333333 0.725925925925926 0.0234375 0.04259259259259259
0 0.6494791666666667 0.6925925925925925 0.023958333333333335 0.04259259259259259
0 0.3143229166666667 0.5898148148148148 0.021354166666666667 0.03888888888888889
0 0.6130208333333333 0.5907407407407408 0.023958333333333335 0.040740740740740744
0 0.5783854166666667 0.6314814814814815 0.024479166666666666 0.04259259259259259
0 0.6643229166666667 0.5361111111111111 0.024479166666666666 0.04259259259259259
0 0.7072916666666667 0.6842592592592592 0.025 0.044444444444444446
0 0.38359375 0.2912037037037037 0.021354166666666667 0.03796296296296296
0 0.68828125 0.7638888888888888 0.025520833333333333 0.044444444444444446
0 0.3770833333333333 0.2152777777777778 0.020833333333333332 0.03796296296296296
0 0.64921875 0.7361111111111112 0.0234375 0.044444444444444446
0 0.3625 0.2439814814814815 0.019791666666666666 0.03611111111111111
0 0.6981770833333333 0.48148148148148145 0.024479166666666666 0.04259259259259259
0 0.5924479166666666 0.788425925925926 0.025520833333333333 0.04537037037037037
0 0.54921875 0.36527777777777776 0.022395833333333334 0.03981481481481482
0 0.57734375 0.6726851851851852 0.024479166666666666 0.041666666666666664
0 0.36770833333333336 0.49537037037037035 0.022916666666666665 0.040740740740740744
0 0.44557291666666665 0.5217592592592593 0.0234375 0.041666666666666664
0 0.6260416666666667 0.6819444444444445 0.023958333333333335 0.04351851851851852
0 0.5955729166666667 0.7138888888888889 0.022395833333333334 0.040740740740740744
0 0.5716145833333334 0.711574074074074 0.0234375 0.041666666666666664
0 0.6080729166666666 0.7560185185185185 0.024479166666666666 0.04351851851851852
0 0.5604166666666667 0.48009259259259257 0.022916666666666665 0.03981481481481482
0 0.5786458333333333 0.2550925925925926 0.021875 0.03796296296296296
0 0.26171875 0.7083333333333334 0.0234375 0.044444444444444446
0 0.72421875 0.45 0.024479166666666666 0.04259259259259259
0 0.5234375 0.28379629629629627 0.021875 0.03981481481481482
0 0.7177083333333333 0.23796296296296296 0.022916666666666665 0.03888888888888889
0 0.66328125 0.774537037037037 0.024479166666666666 0.04537037037037037
0 0.6854166666666667 0.1175925925925926 0.021875 0.03518518518518519
0 0.40520833333333334 0.29953703703703705 0.020833333333333332 0.03796296296296296
0 0.6479166666666667 0.8078703703703703 0.025 0.04537037037037037
0 0.6856770833333333 0.08148148148148149 0.021354166666666667 0.03518518518518519
0 0.70234375 0.5643518518518519 0.025520833333333333 0.04351851851851852
0 0.7091145833333333 0.15046296296296297 0.021354166666666667 0.03611111111111111
0 0.684375 0.6587962962962963 0.023958333333333335 0.04537037037037037
0 0.42734375 0.4976851851851852 0.0234375 0.03981481481481482
0 0.6341145833333334 0.7689814814814815 0.024479166666666666 0.04351851851851852
0 0.53828125 0.5319444444444444 0.022395833333333334 0.03796296296296296
0 0.6255208333333333 0.3435185185185185 0.021875 0.03888888888888889
0 0.4348958333333333 0.24212962962962964 0.021875 0.03796296296296296
0 0.23619791666666667 0.7111111111111111 0.025520833333333333 0.044444444444444446
0 0.26796875 0.47685185185185186 0.024479166666666666 0.040740740740740744
0 0.3234375 0.4546296296296296 0.022916666666666665 0.040740740740740744
0 0.6981770833333333 0.18055555555555555 0.022395833333333334 0.03888888888888889
0 0.33932291666666664 0.21666666666666667 0.021354166666666667 0.03888888888888889
0 0.6549479166666666 0.2490740740740741 0.022395833333333334 0.03888888888888889
0 0.7390625 0.37083333333333335 0.025 0.041666666666666664
0 0.5473958333333333 0.1638888888888889 0.020833333333333332 0.037037037037037035
0 0.6580729166666667 0.09768518518518518 0.021354166666666667 0.03611111111111111
0 0.48072916666666665 0.2972222222222222 0.021875 0.03888888888888889
0 0.6471354166666666 0.8537037037037037 0.0265625 0.04814814814814815
0 0.41875 0.18009259259259258 0.020833333333333332 0.03611111111111111
0 0.5934895833333333 0.11481481481481481 0.021354166666666667 0.037037037037037035
0 0.30703125 0.1685185185185185 0.021354166666666667 0.037037037037037035
0 0.6114583333333333 0.16805555555555557 0.020833333333333332 0.03796296296296296
0 0.7135416666666666 0.07453703703703704 0.021875 0.03796296296296296
0 0.3078125 0.1310185185185185 0.021875 0.03796296296296296
0 0.52265625 0.125 0.021354166666666667 0.03888888888888889
0 0.35390625 0.3907407407407407 0.0234375 0.040740740740740744
0 0.5653645833333333 0.07268518518518519 0.021354166666666667 0.03796296296296296
0 0.2791666666666667 0.2972222222222222 0.021875 0.037037037037037035
0 0.2559895833333333 0.7861111111111111 0.0265625 0.046296296296296294
0 0.17994791666666668 0.20601851851851852 0.022395833333333334 0.03796296296296296
0 0.23828125 0.17685185185185184 0.022395833333333334 0.03888888888888889
0 0.13802083333333334 0.31296296296296294 0.023958333333333335 0.03888888888888889