0 0.6768229166666667 0.32175925925925924 0.022395833333333334 0.03796296296296296
0 0.6377604166666667 0.337037037037037 0.021354166666666667 0.037037037037037035
0 0.6671875 0.3560185185185185 0.020833333333333332 0.03796296296296296
0 0.6213541666666667 0.36064814814814816 0.021875 0.03796296296296296
0 0.6497395833333334 0.3800925925925926 0.022395833333333334 0.03981481481481482
0 0.578125 0.33796296296296297 0.020833333333333332 0.037037037037037035
0 0.5734375 0.4009259259259259 0.021875 0.03888888888888889
0 0.40286458333333336 0.48657407407407405 0.022395833333333334 0.03981481481481482
0 0.5510416666666667 0.4083333333333333 0.020833333333333332 0.037037037037037035
0 0.46875 0.37453703703703706 0.020833333333333332 0.03796296296296296
0 0.31171875 0.5879629629629629 0.0234375 0.040740740740740744
0 0.40234375 0.4060185185185185 0.021354166666666667 0.03796296296296296
0 0.57734375 0.5083333333333333 0.0234375 0.040740740740740744
0 0.5359375 0.32592592592592595 0.020833333333333332 0.037037037037037035
0 0.3184895833333333 0.6416666666666667 0.024479166666666666 0.040740740740740744
0 0.43645833333333334 0.4361111111111111 0.021875 0.03888888888888889
0 0.4830729166666667 0.4125 0.021354166666666667 0.03796296296296296
0 0.42265625 0.4671296296296296 0.021354166666666667 0.03796296296296296
0 0.5401041666666667 0.44351851851851853 0.020833333333333332 0.037037037037037035
0 0.41510416666666666 0.4337962962962963 0.021875 0.03796296296296296
0 0.5598958333333334 0.46805555555555556 0.020833333333333332 0.03796296296296296
0 0.5221354166666666 0.3537037037037037 0.021354166666666667 0.037037037037037035
0 0.46848958333333335 0.5018518518518519 0.022395833333333334 0.03888888888888889
0 0.38645833333333335 0.5550925925925926 0.021875 0.03796296296296296
0 0.6236979166666666 0.3976851851851852 0.021354166666666667 0.03796296296296296
0 0.49661458333333336 0.4513888888888889 0.021354166666666667 0.03981481481481482
0 0.27421875 0.6050925925925926 0.0234375 0.041666666666666664
0 0.459375 0.41064814814814815 0.020833333333333332 0.03796296296296296
0 0.5588541666666667 0.36574074074074076 0.020833333333333332 0.037037037037037035
0 0.5372395833333333 0.3787037037037037 0.021354166666666667 0.037037037037037035
0 0.5046875 0.3814814814814815 0.021875 0.03888888888888889
0 0.38255208333333335 0.5157407407407407 0.022395833333333334 0.040740740740740744
0 0.36041666666666666 0.24444444444444444 0.019791666666666666 0.03518518518518519
0 0.45390625 0.34953703703703703 0.021354166666666667 0.03796296296296296
0 0.33098958333333334 0.6060185185185185 0.022395833333333334 0.03796296296296296
0 0.65546875 0.3125 0.021354166666666667 0.03796296296296296
0 0.5372395833333333 0.48148148148148145 0.021354166666666667 0.037037037037037035
0 0.5635416666666667 0.5412037037037037 0.021875 0.03796296296296296
0 0.5950520833333334 0.4361111111111111 0.021354166666666667 0.03888888888888889
0 0.5119791666666667 0.5032407407407408 0.020833333333333332 0.03796296296296296
0 0.3815104166666667 0.5944444444444444 0.0234375 0.040740740740740744
0 0.38125 0.25555555555555554 0.020833333333333332 0.037037037037037035
0 0.49375 0.31574074074074077 0.020833333333333332 0.037037037037037035
0 0.3450520833333333 0.5731481481481482 0.0234375 0.03888888888888889
0 0.5328125 0.5171296296296296 0.020833333333333332 0.03611111111111111
0 0.2908854166666667 0.5717592592592593 0.0234375 0.03981481481481482
0 0.47630208333333335 0.3365740740740741 0.021354166666666667 0.03611111111111111
0 0.5515625 0.29444444444444445 0.020833333333333332 0.037037037037037035
0 0.5869791666666667 0.37175925925925923 0.020833333333333332 0.03611111111111111
0 0.2635416666666667 0.649074074074074 0.023958333333333335 0.040740740740740744
0 0.52890625 0.4134259259259259 0.0203125 0.03796296296296296
0 0.44635416666666666 0.5087962962962963 0.020833333333333332 0.03796296296296296
0 0.4265625 0.35185185185185186 0.021875 0.03888888888888889
0 0.5684895833333333 0.625462962962963 0.0234375 0.041666666666666664
0 0.5747395833333333 0.5856481481481481 0.022395833333333334 0.03981481481481482
0 0.2859375 0.6574074074074074 0.023958333333333335 0.040740740740740744
0 0.37604166666666666 0.2152777777777778 0.020833333333333332 0.03611111111111111
0 0.6901041666666666 0.3638888888888889 0.022916666666666665 0.040740740740740744
0 0.2747395833333333 0.7027777777777777 0.024479166666666666 0.044444444444444446
0 0.6002604166666666 0.40046296296296297 0.021354166666666667 0.03796296296296296
0 0.36432291666666666 0.5518518518518518 0.022395833333333334 0.03888888888888889
0 0.39505208333333336 0.22824074074074074 0.0203125 0.03611111111111111
0 0.5528645833333333 0.575462962962963 0.022395833333333334 0.03796296296296296
0 0.46380208333333334 0.44722222222222224 0.021354166666666667 0.03888888888888889
0 0.29583333333333334 0.6185185185185185 0.022916666666666665 0.040740740740740744
0 0.41510416666666666 0.21574074074074073 0.020833333333333332 0.037037037037037035
0 0.2565104166666667 0.6898148148148148 0.024479166666666666 0.044444444444444446
0 0.6197916666666666 0.3148148148148148 0.021875 0.03888888888888889
0 0.4401041666666667 0.5601851851851852 0.022916666666666665 0.03888888888888889
0 0.31484375 0.549537037037037 0.0234375 0.041666666666666664
0 0.51796875 0.46620370370370373 0.021354166666666667 0.03796296296296296
0 0.55546875 0.5083333333333333 0.021354166666666667 0.037037037037037035
0 0.40572916666666664 0.5347222222222222 0.022916666666666665 0.03981481481481482
0 0.48098958333333336 0.5537037037037037 0.022395833333333334 0.03888888888888889
0 0.5208333333333334 0.2861111111111111 0.020833333333333332 0.037037037037037035
0 0.46041666666666664 0.5375 0.021875 0.03796296296296296
0 0.6989583333333333 0.31527777777777777 0.022916666666666665 0.03981481481481482
0 0.5856770833333333 0.5513888888888889 0.022395833333333334 0.03981481481481482
0 0.6671875 0.2763888888888889 0.021875 0.03796296296296296
0 0.3815104166666667 0.39675925925925926 0.022395833333333334 0.03981481481481482
0 0.44609375 0.4708333333333333 0.021354166666666667 0.03796296296296296
0 0.47604166666666664 0.2967592592592593 0.020833333333333332 0.03796296296296296
0 0.5958333333333333 0.6574074074074074 0.023958333333333335 0.04259259259259259
0 0.5119791666666667 0.5416666666666666 0.021875 0.03518518518518519
0 0.2526041666666667 0.5902777777777778 0.023958333333333335 0.041666666666666664
0 0.6166666666666667 0.45046296296296295 0.022916666666666665 0.03981481481481482
0 0.38307291666666665 0.29259259259259257 0.022395833333333334 0.03888888888888889
0 0.40598958333333335 0.337037037037037 0.021354166666666667 0.03888888888888889
0 0.5575520833333333 0.3282407407407407 0.0203125 0.03611111111111111
0 0.5158854166666667 0.3194444444444444 0.0203125 0.03518518518518519
0 0.49244791666666665 0.5199074074074074 0.021354166666666667 0.03611111111111111
0 0.6408854166666667 0.4222222222222222 0.022395833333333334 0.03888888888888889
0 0.2328125 0.7027777777777777 0.025 0.044444444444444446
0 0.5770833333333333 0.6851851851851852 0.025 0.04259259259259259
0 0.553125 0.1787037037037037 0.020833333333333332 0.037037037037037035
0 0.43385416666666665 0.24259259259259258 0.020833333333333332 0.037037037037037035
0 0.5341145833333333 0.15694444444444444 0.0203125 0.03611111111111111
0 0.3046875 0.4930555555555556 0.022916666666666665 0.03981481481481482
0 0.675 0.7583333333333333 0.026041666666666668 0.046296296296296294
0 0.33828125 0.21666666666666667 0.021354166666666667 0.037037037037037035
0 0.6622395833333333 0.7962962962962963 0.025520833333333333 0.046296296296296294
0 0.41770833333333335 0.18101851851851852 0.020833333333333332 0.03611111111111111
0 0.6315104166666666 0.8074074074074075 0.025520833333333333 0.04814814814814815
0 0.5208333333333334 0.12685185185185185 0.020833333333333332 0.037037037037037035
0 0.665625 0.1111111111111111 0.020833333333333332 0.03518518518518519
0 0.7015625 0.2662037037037037 0.022916666666666665 0.03981481481481482
0 0.6658854166666667 0.19907407407407407 0.021354166666666667 0.03888888888888889
0 0.5911458333333334 0.11481481481481481 0.020833333333333332 0.037037037037037035
0 0.30546875 0.1699074074074074 0.021354166666666667 0.03611111111111111
0 0.2671875 0.4777777777777778 0.023958333333333335 0.040740740740740744
0 0.60234375 0.8027777777777778 0.025520833333333333 0.04814814814814815
0 0.6442708333333333 0.09907407407407408 0.020833333333333332 0.037037037037037035
0 0.3065104166666667 0.13194444444444445 0.021354166666666667 0.03611111111111111
0 0.2557291666666667 0.7759259259259259 0.027083333333333334 0.046296296296296294
0 0.27760416666666665 0.29768518518518516 0.020833333333333332 0.03796296296296296
0 0.68046875 0.6847222222222222 0.0265625 0.04537037037037037
0 0.23723958333333334 0.17731481481481481 0.021354166666666667 0.03796296296296296
0 0.17916666666666667 0.20555555555555555 0.021875 0.037037037037037035
0 0.5645833333333333 0.07453703703703704 0.020833333333333332 0.03796296296296296
0 0.13723958333333333 0.3125 0.0234375 0.03796296296296296