0 0.6213541666666667 0.3287037037037037 0.020833333333333332 0.037037037037037035
0 0.62265625 0.3648148148148148 0.021354166666666667 0.037037037037037035
0 0.6447916666666667 0.3287037037037037 0.021875 0.037037037037037035
0 0.6291666666666667 0.4013888888888889 0.021875 0.03796296296296296
0 0.60078125 0.4125 0.022395833333333334 0.03981481481481482
0 0.5802083333333333 0.3925925925925926 0.021875 0.037037037037037035
0 0.39453125 0.46111111111111114 0.021354166666666667 0.03888888888888889
0 0.44296875 0.26481481481481484 0.0203125 0.037037037037037035
0 0.5934895833333333 0.3416666666666667 0.021354166666666667 0.037037037037037035
0 0.5130208333333334 0.38981481481481484 0.020833333333333332 0.037037037037037035
0 0.24869791666666666 0.6731481481481482 0.0234375 0.040740740740740744
0 0.41354166666666664 0.48194444444444445 0.021875 0.03981481481481482
0 0.62421875 0.2935185185185185 0.0203125 0.037037037037037035
0 0.5270833333333333 0.475462962962963 0.021875 0.03796296296296296
0 0.49635416666666665 0.4337962962962963 0.021875 0.03796296296296296
0 0.4390625 0.40185185185185185 0.021875 0.03888888888888889
0 0.36744791666666665 0.4532407407407407 0.021354166666666667 0.03796296296296296
0 0.34479166666666666 0.5574074074074075 0.022916666666666665 0.040740740740740744
0 0.5393229166666667 0.3685185185185185 0.0203125 0.03518518518518519
0 0.23541666666666666 0.5736111111111111 0.023958333333333335 0.03981481481481482
0 0.6682291666666667 0.31666666666666665 0.021875 0.03888888888888889
0 0.4440104166666667 0.49398148148148147 0.022395833333333334 0.03796296296296296
0 0.6471354166666666 0.2851851851851852 0.021354166666666667 0.03888888888888889
0 0.44557291666666665 0.5319444444444444 0.022395833333333334 0.03981481481481482
0 0.2484375 0.6041666666666666 0.023958333333333335 0.03981481481481482
0 0.6018229166666667 0.37592592592592594 0.021354166666666667 0.037037037037037035
0 0.30833333333333335 0.5981481481481481 0.022916666666666665 0.040740740740740744
0 0.5486979166666667 0.4671296296296296 0.021354166666666667 0.03796296296296296
0 0.53828125 0.4027777777777778 0.022395833333333334 0.037037037037037035
0 0.6046875 0.30694444444444446 0.020833333333333332 0.03796296296296296
0 0.3416666666666667 0.2388888888888889 0.020833333333333332 0.037037037037037035
0 0.4234375 0.42824074074074076 0.021875 0.03796296296296296
0 0.5661458333333333 0.44305555555555554 0.020833333333333332 0.03796296296296296
0 0.3609375 0.4023148148148148 0.021875 0.03796296296296296
0 0.5182291666666666 0.43148148148148147 0.021875 0.03888888888888889
0 0.39505208333333336 0.5087962962962963 0.022395833333333334 0.03981481481481482
0 0.28854166666666664 0.5787037037037037 0.022916666666666665 0.040740740740740744
0 0.628125 0.4398148148148148 0.022916666666666665 0.040740740740740744
0 0.48411458333333335 0.4648148148148148 0.0203125 0.037037037037037035
0 0.5651041666666666 0.6884259259259259 0.025 0.04351851851851852
0 0.6580729166666667 0.3574074074074074 0.0234375 0.040740740740740744
0 0.37942708333333336 0.4199074074074074 0.021354166666666667 0.03796296296296296
0 0.26510416666666664 0.5745370370370371 0.022916666666666665 0.03981481481481482
0 0.3893229166666667 0.38796296296296295 0.021354166666666667 0.03888888888888889
0 0.46328125 0.475 0.021354166666666667 0.03888888888888889
0 0.4015625 0.42685185185185187 0.021875 0.03888888888888889
0 0.5752604166666667 0.31805555555555554 0.022395833333333334 0.03796296296296296
0 0.4518229166666667 0.4425925925925926 0.021354166666666667 0.03888888888888889
0 0.23151041666666666 0.6444444444444445 0.024479166666666666 0.04259259259259259
0 0.43255208333333334 0.46111111111111114 0.021354166666666667 0.037037037037037035
0 0.5135416666666667 0.5069444444444444 0.020833333333333332 0.03796296296296296
0 0.22526041666666666 0.6865740740740741 0.024479166666666666 0.041666666666666664
0 0.49166666666666664 0.5023148148148148 0.021875 0.03981481481481482
0 0.56953125 0.3541666666666667 0.021354166666666667 0.03796296296296296
0 0.3765625 0.48703703703703705 0.021875 0.03888888888888889
0 0.31692708333333336 0.5606481481481481 0.022395833333333334 0.03981481481481482
0 0.54921875 0.5069444444444444 0.022395833333333334 0.03981481481481482
0 0.57578125 0.7356481481481482 0.025520833333333333 0.04537037037037037
0 0.26458333333333334 0.5273148148148148 0.022916666666666665 0.03981481481481482
0 0.21692708333333333 0.7282407407407407 0.025520833333333333 0.04351851851851852
0 0.5911458333333334 0.44583333333333336 0.021875 0.03796296296296296
0 0.5677083333333334 0.6481481481481481 0.023958333333333335 0.040740740740740744
0 0.5411458333333333 0.5435185185185185 0.021875 0.03888888888888889
0 0.3453125 0.4361111111111111 0.021875 0.03888888888888889
0 0.6536458333333334 0.40925925925925927 0.022916666666666665 0.040740740740740744
0 0.32473958333333336 0.21574074074074073 0.021354166666666667 0.037037037037037035
0 0.41901041666666666 0.38425925925925924 0.021354166666666667 0.03888888888888889
0 0.20208333333333334 0.6759259259259259 0.025 0.04259259259259259
0 0.16796875 0.7449074074074075 0.025520833333333333 0.04351851851851852
0 0.48932291666666666 0.39537037037037037 0.021354166666666667 0.037037037037037035
0 0.4669270833333333 0.37546296296296294 0.021354166666666667 0.03981481481481482
0 0.47265625 0.4263888888888889 0.021354166666666667 0.03796296296296296
0 0.3294270833333333 0.27175925925925926 0.021354166666666667 0.03611111111111111
0 0.5143229166666666 0.16064814814814815 0.019270833333333334 0.03425925925925926
0 0.17421875 0.6731481481481482 0.025520833333333333 0.04259259259259259
0 0.5203125 0.34814814814814815 0.021875 0.037037037037037035
0 0.5403645833333334 0.4361111111111111 0.021354166666666667 0.037037037037037035
0 0.5471354166666667 0.6347222222222222 0.0234375 0.041666666666666664
0 0.4200520833333333 0.26666666666666666 0.0203125 0.037037037037037035
0 0.19296875 0.7175925925925926 0.024479166666666666 0.04259259259259259
0 0.36223958333333334 0.5305555555555556 0.021354166666666667 0.03888888888888889
0 0.45625 0.30324074074074076 0.021875 0.03796296296296296
0 0.56796875 0.7875 0.025520833333333333 0.04537037037037037
0 0.3026041666666667 0.2726851851851852 0.021875 0.03796296296296296
0 0.37109375 0.26435185185185184 0.021354166666666667 0.03796296296296296
0 0.45364583333333336 0.2324074074074074 0.020833333333333332 0.03518518518518519
0 0.1875 0.7689814814814815 0.026041666666666668 0.04351851851851852
0 0.5341145833333333 0.18194444444444444 0.0203125 0.03611111111111111
0 0.6096354166666667 0.4675925925925926 0.021354166666666667 0.03518518518518519
0 0.22838541666666667 0.5319444444444444 0.024479166666666666 0.041666666666666664
0 0.6286458333333333 0.7523148148148148 0.025 0.04537037037037037
0 0.40338541666666666 0.31527777777777777 0.021354166666666667 0.03981481481481482
0 0.53828125 0.2351851851851852 0.021354166666666667 0.03888888888888889
0 0.5018229166666667 0.1337962962962963 0.019270833333333334 0.03611111111111111
0 0.5072916666666667 0.23333333333333334 0.020833333333333332 0.037037037037037035
0 0.621875 0.7953703703703704 0.026041666666666668 0.044444444444444446
0 0.41822916666666665 0.5208333333333334 0.021875 0.03796296296296296
0 0.178125 0.6296296296296297 0.026041666666666668 0.04259259259259259
0 0.35260416666666666 0.20185185185185187 0.020833333333333332 0.037037037037037035
0 0.5536458333333333 0.5967592592592592 0.023958333333333335 0.03796296296296296
0 0.6375 0.10972222222222222 0.019791666666666666 0.03611111111111111
0 0.40572916666666664 0.18564814814814815 0.020833333333333332 0.03611111111111111
0 0.5130208333333334 0.6375 0.023958333333333335 0.041666666666666664
0 0.16197916666666667 0.7962962962962963 0.027083333333333334 0.044444444444444446
0 0.66875 0.27361111111111114 0.021875 0.03981481481481482
0 0.23255208333333333 0.7981481481481482 0.0265625 0.044444444444444446
0 0.2903645833333333 0.175 0.021354166666666667 0.037037037037037035
0 0.6286458333333333 0.7041666666666667 0.026041666666666668 0.04722222222222222
0 0.5671875 0.12546296296296297 0.019791666666666666 0.03611111111111111
0 0.4005208333333333 0.15046296296296297 0.020833333333333332 0.03611111111111111
0 0.6526041666666667 0.1361111111111111 0.020833333333333332 0.03518518518518519
0 0.2591145833333333 0.29212962962962963 0.022395833333333334 0.03796296296296296
0 0.2916666666666667 0.1375 0.020833333333333332 0.03611111111111111
0 0.6158854166666666 0.10833333333333334 0.0203125 0.037037037037037035
0 0.253125 0.4736111111111111 0.023958333333333335 0.03981481481481482
0 0.5455729166666666 0.09027777777777778 0.0203125 0.03796296296296296
0 0.57265625 0.8638888888888889 0.025520833333333333 0.04814814814814815
0 0.22109375 0.18009259259259258 0.022395833333333334 0.03796296296296296
0 0.165625 0.2023148148148148 0.022916666666666665 0.03796296296296296
0 0.12630208333333334 0.3060185185185185 0.0234375 0.03796296296296296