0 0.6578125 0.1814814814814815 0.020833333333333332 0.037037037037037035
0 0.6794270833333333 0.20601851851851852 0.0203125 0.03611111111111111
0 0.6375 0.2111111111111111 0.020833333333333332 0.03888888888888889
0 0.6369791666666667 0.16944444444444445 0.020833333333333332 0.037037037037037035
0 0.6044270833333333 0.20601851851851852 0.021354166666666667 0.03796296296296296
0 0.26328125 0.4847222222222222 0.022395833333333334 0.03796296296296296
0 0.27630208333333334 0.513425925925926 0.0234375 0.03981481481481482
0 0.5783854166666667 0.17916666666666667 0.021354166666666667 0.03611111111111111
0 0.5380208333333333 0.45185185185185184 0.021875 0.03888888888888889
0 0.3328125 0.5361111111111111 0.021875 0.03888888888888889
0 0.6075520833333333 0.17314814814814813 0.0203125 0.03518518518518519
0 0.44296875 0.4351851851851852 0.021354166666666667 0.037037037037037035
0 0.27005208333333336 0.5518518518518518 0.0234375 0.040740740740740744
0 0.5130208333333334 0.1587962962962963 0.019791666666666666 0.03611111111111111
0 0.5375 0.13287037037037036 0.020833333333333332 0.03611111111111111
0 0.3015625 0.5305555555555556 0.022916666666666665 0.040740740740740744
0 0.5705729166666667 0.13472222222222222 0.0203125 0.03611111111111111
0 0.6184895833333334 0.25462962962962965 0.021354166666666667 0.037037037037037035
0 0.30807291666666664 0.6 0.0234375 0.04259259259259259
0 0.28984375 0.5782407407407407 0.0234375 0.041666666666666664
0 0.5328125 0.16805555555555557 0.020833333333333332 0.03611111111111111
0 0.5567708333333333 0.16666666666666666 0.020833333333333332 0.037037037037037035
0 0.5455156250000001 0.1957037037037037 0.02228125 0.039546296296296295
0 0.33619791666666665 0.575462962962963 0.0234375 0.041666666666666664
0 0.6466145833333333 0.35185185185185186 0.022395833333333334 0.037037037037037035
0 0.3145833333333333 0.5606481481481481 0.022916666666666665 0.03981481481481482
0 0.246875 0.5601851851851852 0.023958333333333335 0.040740740740740744
0 0.6517291666666666 0.3900740740740741 0.02325 0.04312037037037037
0 0.5901041666666667 0.14675925925925926 0.020833333333333332 0.03611111111111111
0 0.65859375 0.2212962962962963 0.021354166666666667 0.037037037037037035
0 0.25338541666666664 0.5194444444444445 0.0234375 0.03888888888888889
0 0.5377604166666666 0.48935185185185187 0.022395833333333334 0.03981481481481482
0 0.48203125 0.43842592592592594 0.021354166666666667 0.03796296296296296
0 0.29453125 0.48935185185185187 0.0234375 0.03981481481481482
0 0.24713541666666666 0.6143518518518518 0.024479166666666666 0.041666666666666664
0 0.28020833333333334 0.4583333333333333 0.022916666666666665 0.03888888888888889
0 0.5155520833333334 0.46425 0.022765625 0.041462962962962965
0 0.23125 0.6453703703703704 0.023958333333333335 0.040740740740740744
0 0.21822916666666667 0.7282407407407407 0.026041666666666668 0.04537037037037037
0 0.523140625 0.2007962962962963 0.021281249999999998 0.04047222222222222
0 0.23072916666666668 0.5861111111111111 0.025 0.04259259259259259
0 0.5510416666666667 0.5324074074074074 0.022916666666666665 0.040740740740740744
0 0.57890625 0.7375 0.024479166666666666 0.04351851851851852
0 0.43125 0.47175925925925927 0.021875 0.03981481481481482
0 0.27903645833333335 0.288787037037037 0.023697916666666666 0.038685185185185184
0 0.6520833333333333 0.13657407407407407 0.020833333333333332 0.03611111111111111
0 0.29453125 0.26342592592592595 0.021354166666666667 0.03796296296296296
0 0.315625 0.25972222222222224 0.021875 0.03611111111111111
0 0.20338541666666668 0.674537037037037 0.024479166666666666 0.041666666666666664
0 0.5916666666666667 0.11064814814814815 0.020833333333333332 0.03611111111111111
0 0.67109375 0.35 0.022395833333333334 0.03888888888888889
0 0.4401041666666667 0.25324074074074077 0.020833333333333332 0.03796296296296296
0 0.6291666666666667 0.38287037037037036 0.021875 0.03796296296296296
0 0.24947916666666667 0.6708333333333333 0.023958333333333335 0.041666666666666664
0 0.49505208333333334 0.18935185185185185 0.0203125 0.03796296296296296
0 0.26328125 0.4356481481481482 0.022395833333333334 0.03796296296296296
0 0.35572916666666665 0.5462962962962963 0.022916666666666665 0.040740740740740744
0 0.6794270833333333 0.24305555555555555 0.021354166666666667 0.03981481481481482
0 0.45338541666666665 0.225 0.021354166666666667 0.037037037037037035
0 0.37734375 0.5333333333333333 0.0234375 0.04259259259259259
0 0.5200520833333333 0.42592592592592593 0.021354166666666667 0.03888888888888889
0 0.22890625 0.5305555555555556 0.024479166666666666 0.04259259259259259
0 0.6421875 0.2671296296296296 0.021875 0.03981481481481482
0 0.19453125 0.7138888888888889 0.024479166666666666 0.04259259259259259
0 0.5596354166666667 0.49027777777777776 0.022395833333333334 0.03981481481481482
0 0.2265625 0.687037037037037 0.025 0.04259259259259259
0 0.24479166666666666 0.4638888888888889 0.023958333333333335 0.03888888888888889
0 0.1703125 0.7430555555555556 0.026041666666666668 0.04351851851851852
0 0.17526041666666667 0.6717592592592593 0.0265625 0.04351851851851852
0 0.6236979166666666 0.7481481481481481 0.024479166666666666 0.04259259259259259
0 0.18880208333333334 0.7689814814814815 0.0265625 0.04351851851851852
0 0.49973958333333335 0.41435185185185186 0.021354166666666667 0.03981481481481482
0 0.4627604166666667 0.4203703703703704 0.021354166666666667 0.03888888888888889
0 0.5671875 0.10046296296296296 0.019791666666666666 0.03611111111111111
0 0.4765625 0.21435185185185185 0.020833333333333332 0.03796296296296296
0 0.4109375 0.4513888888888889 0.021875 0.03981481481481482
0 0.4083333333333333 0.538425925925926 0.023958333333333335 0.041666666666666664
0 0.55234375 0.5763888888888888 0.0234375 0.041666666666666664
0 0.6151041666666667 0.10972222222222222 0.020833333333333332 0.03796296296296296
0 0.5466145833333333 0.41712962962962963 0.022395833333333334 0.03981481481481482
0 0.6393229166666666 0.42083333333333334 0.022395833333333334 0.03981481481481482
0 0.5760416666666667 0.6930555555555555 0.023958333333333335 0.041666666666666664
0 0.61640625 0.41435185185185186 0.022395833333333334 0.03796296296296296
0 0.37473958333333335 0.49444444444444446 0.022395833333333334 0.03888888888888889
0 0.5723958333333333 0.7810185185185186 0.025 0.04537037037037037
0 0.32005208333333335 0.21481481481481482 0.021354166666666667 0.037037037037037035
0 0.3145833333333333 0.29583333333333334 0.022916666666666665 0.03796296296296296
0 0.5971354166666667 0.2490740740740741 0.021354166666666667 0.037037037037037035
0 0.6375 0.1111111111111111 0.020833333333333332 0.037037037037037035
0 0.425 0.41574074074074074 0.021875 0.03888888888888889
0 0.62265625 0.7935185185185185 0.025520833333333333 0.044444444444444446
0 0.6536458333333334 0.7333333333333333 0.023958333333333335 0.044444444444444446
0 0.49947916666666664 0.13472222222222222 0.019791666666666666 0.03611111111111111
0 0.5924479166666666 0.4101851851851852 0.022395833333333334 0.03888888888888889
0 0.2677083333333333 0.5902777777777778 0.023958333333333335 0.03981481481481482
0 0.25625 0.2916666666666667 0.021875 0.037037037037037035
0 0.5591145833333333 0.6625 0.0234375 0.041666666666666664
0 0.6731770833333334 0.4236111111111111 0.0234375 0.03981481481481482
0 0.17864583333333334 0.6282407407407408 0.026041666666666668 0.04351851851851852
0 0.70234375 0.22870370370370371 0.022395833333333334 0.03888888888888889
0 0.5786458333333333 0.6351851851851852 0.023958333333333335 0.04259259259259259
0 0.5755208333333334 0.33564814814814814 0.021875 0.03981481481481482
0 0.4203125 0.2675925925925926 0.020833333333333332 0.037037037037037035
0 0.3455729166666667 0.18981481481481483 0.021354166666666667 0.037037037037037035
0 0.60078125 0.32175925925925924 0.022395833333333334 0.03981481481481482
0 0.16354166666666667 0.7953703703703704 0.027083333333333334 0.046296296296296294
0 0.63203125 0.7078703703703704 0.024479166666666666 0.04351851851851852
0 0.54609375 0.09074074074074075 0.021354166666666667 0.03888888888888889
0 0.2838541666666667 0.4134259259259259 0.023958333333333335 0.03981481481481482
0 0.68046875 0.31296296296296294 0.022395833333333334 0.03888888888888889
0 0.23385416666666667 0.7972222222222223 0.027083333333333334 0.046296296296296294
0 0.2908854166666667 0.17407407407407408 0.021354166666666667 0.037037037037037035
0 0.3815104166666667 0.2013888888888889 0.021354166666666667 0.03796296296296296
0 0.29270833333333335 0.1375 0.021875 0.03611111111111111
0 0.5744791666666667 0.8574074074074074 0.026041666666666668 0.04814814814814815
0 0.3890625 0.3476851851851852 0.021875 0.03796296296296296
0 0.221875 0.17916666666666667 0.022916666666666665 0.03796296296296296
0 0.40130208333333334 0.15092592592592594 0.021354166666666667 0.037037037037037035
0 0.16640625 0.2013888888888889 0.0234375 0.03796296296296296
0 0.12682291666666667 0.3050925925925926 0.024479166666666666 0.03981481481481482