0 0.6731770833333334 0.14722222222222223 0.021354166666666667 0.037037037037037035
0 0.31796875 0.2212962962962963 0.021354166666666667 0.037037037037037035
0 0.3171875 0.5055555555555555 0.022916666666666665 0.040740740740740744
0 0.38229166666666664 0.5768518518518518 0.021875 0.03888888888888889
0 0.6494791666666667 0.1175925925925926 0.020833333333333332 0.03518518518518519
0 0.3372395833333333 0.5828703703703704 0.022395833333333334 0.03981481481481482
0 0.2703125 0.5055555555555555 0.022916666666666665 0.040740740740740744
0 0.42734375 0.5555555555555556 0.022395833333333334 0.03888888888888889
0 0.3026041666666667 0.55 0.022916666666666665 0.040740740740740744
0 0.34427083333333336 0.5462962962962963 0.022916666666666665 0.03888888888888889
0 0.27369791666666665 0.412962962962963 0.022395833333333334 0.03888888888888889
0 0.41432291666666665 0.5268518518518519 0.022395833333333334 0.03888888888888889
0 0.34427083333333336 0.5074074074074074 0.022916666666666665 0.03888888888888889
0 0.509375 0.5328703703703703 0.021875 0.03796296296296296
0 0.4661458333333333 0.5532407407407407 0.021875 0.03796296296296296
0 0.28489583333333335 0.475 0.022916666666666665 0.03888888888888889
0 0.49140625 0.5106481481481482 0.021354166666666667 0.03796296296296296
0 0.36041666666666666 0.5777777777777777 0.021875 0.03888888888888889
0 0.3203125 0.6175925925925926 0.022916666666666665 0.03888888888888889
0 0.33880208333333334 0.19166666666666668 0.021354166666666667 0.037037037037037035
0 0.5453125 0.5527777777777778 0.021875 0.03888888888888889
0 0.69609375 0.38842592592592595 0.022395833333333334 0.03981481481481482
0 0.33619791666666665 0.4310185185185185 0.022395833333333334 0.03981481481481482
0 0.3026041666666667 0.4273148148148148 0.022916666666666665 0.03981481481481482
0 0.5197916666666667 0.5666666666666667 0.022916666666666665 0.037037037037037035
0 0.2526041666666667 0.4393518518518518 0.023958333333333335 0.041666666666666664
0 0.24947916666666667 0.4777777777777778 0.023958333333333335 0.040740740740740744
0 0.45260416666666664 0.4986111111111111 0.021875 0.03796296296296296
0 0.54765625 0.5907407407407408 0.022395833333333334 0.03888888888888889
0 0.67265625 0.22870370370370371 0.021354166666666667 0.037037037037037035
0 0.6903645833333333 0.11805555555555555 0.021354166666666667 0.03611111111111111
0 0.5309895833333333 0.5231481481481481 0.021354166666666667 0.03888888888888889
0 0.5125 0.4949074074074074 0.020833333333333332 0.03796296296296296
0 0.39140625 0.5370370370370371 0.022395833333333334 0.03888888888888889
0 0.7106770833333333 0.1337962962962963 0.021354166666666667 0.03796296296296296
0 0.32135416666666666 0.399537037037037 0.021875 0.03796296296296296
0 0.31276041666666665 0.36712962962962964 0.022395833333333334 0.03796296296296296
0 0.28619791666666666 0.25462962962962965 0.021354166666666667 0.037037037037037035
0 0.29921875 0.28425925925925927 0.021354166666666667 0.037037037037037035
0 0.26484375 0.24351851851851852 0.021354166666666667 0.03888888888888889
0 0.6875 0.1986111111111111 0.021875 0.03611111111111111
0 0.29348958333333336 0.513425925925926 0.022395833333333334 0.03981481481481482
0 0.30963541666666666 0.4685185185185185 0.022395833333333334 0.03888888888888889
0 0.2869791666666667 0.31527777777777777 0.021875 0.03796296296296296
0 0.43984375 0.3648148148148148 0.022395833333333334 0.03888888888888889
0 0.6614583333333334 0.35509259259259257 0.022916666666666665 0.03981481481481482
0 0.48880208333333336 0.549074074074074 0.021354166666666667 0.037037037037037035
0 0.25 0.29444444444444445 0.021875 0.03888888888888889
0 0.3338541666666667 0.4759259259259259 0.021875 0.037037037037037035
0 0.24791666666666667 0.5175925925925926 0.023958333333333335 0.040740740740740744
0 0.44609375 0.5351851851851852 0.022395833333333334 0.03888888888888889
0 0.6854166666666667 0.5666666666666667 0.023958333333333335 0.04259259259259259
0 0.37135416666666665 0.3851851851851852 0.022916666666666665 0.03888888888888889
0 0.38125 0.6138888888888889 0.022916666666666665 0.03888888888888889
0 0.30052083333333335 0.5958333333333333 0.023958333333333335 0.041666666666666664
0 0.66328125 0.5476851851851852 0.024479166666666666 0.041666666666666664
0 0.39375 0.5009259259259259 0.022916666666666665 0.03888888888888889
0 0.6080729166666666 0.2152777777777778 0.021354166666666667 0.03611111111111111
0 0.31953125 0.5717592592592593 0.021354166666666667 0.03796296296296296
0 0.30625 0.33425925925925926 0.020833333333333332 0.037037037037037035
0 0.4049479166666667 0.6037037037037037 0.022395833333333334 0.040740740740740744
0 0.49505208333333334 0.47314814814814815 0.022395833333333334 0.03888888888888889
0 0.3497395833333333 0.6134259259259259 0.0234375 0.03981481481481482
0 0.24322916666666666 0.5662037037037037 0.025 0.041666666666666664
0 0.33932291666666664 0.33055555555555555 0.022395833333333334 0.03888888888888889
0 0.36432291666666666 0.21666666666666667 0.021354166666666667 0.037037037037037035
0 0.64140625 0.15138888888888888 0.021354166666666667 0.03611111111111111
0 0.5450520833333333 0.6375 0.022395833333333334 0.03981481481481482
0 0.4200520833333333 0.1986111111111111 0.021354166666666667 0.03796296296296296
0 0.45390625 0.5847222222222223 0.0234375 0.03981481481481482
0 0.3411458333333333 0.37962962962962965 0.022916666666666665 0.03888888888888889
0 0.7078125 0.09537037037037037 0.020833333333333332 0.03518518518518519
0 0.27447916666666666 0.36574074074074076 0.022916666666666665 0.03888888888888889
0 0.36796875 0.1814814814814815 0.021354166666666667 0.037037037037037035
0 0.2682291666666667 0.5606481481481481 0.023958333333333335 0.041666666666666664
0 0.5557291666666667 0.6976851851851852 0.023958333333333335 0.041666666666666664
0 0.36953125 0.43194444444444446 0.0234375 0.03981481481481482
0 0.6966145833333334 0.23287037037037037 0.021354166666666667 0.03611111111111111
0 0.3216145833333333 0.28703703703703703 0.021354166666666667 0.037037037037037035
0 0.5658854166666667 0.7375 0.024479166666666666 0.04351851851851852
0 0.271875 0.29398148148148145 0.020833333333333332 0.03796296296296296
0 0.23098958333333333 0.41574074074074074 0.024479166666666666 0.040740740740740744
0 0.4236979166666667 0.44074074074074077 0.0234375 0.040740740740740744
0 0.67265625 0.39444444444444443 0.022395833333333334 0.03888888888888889
0 0.5442708333333334 0.43472222222222223 0.022916666666666665 0.03981481481481482
0 0.5828125 0.20555555555555555 0.020833333333333332 0.037037037037037035
0 0.56484375 0.6194444444444445 0.0234375 0.040740740740740744
0 0.6109375 0.17777777777777778 0.020833333333333332 0.03518518518518519
0 0.40546875 0.5666666666666667 0.0234375 0.03888888888888889
0 0.4744791666666667 0.48935185185185187 0.020833333333333332 0.03796296296296296
0 0.48151041666666666 0.2023148148148148 0.0203125 0.03611111111111111
0 0.3963541666666667 0.1699074074074074 0.021875 0.03796296296296296
0 0.2903645833333333 0.14583333333333334 0.021354166666666667 0.03796296296296296
0 0.5013020833333334 0.1763888888888889 0.0203125 0.03425925925925926
0 0.3651041666666667 0.5222222222222223 0.022916666666666665 0.040740740740740744
0 0.42135416666666664 0.6263888888888889 0.023958333333333335 0.041666666666666664
0 0.28932291666666665 0.18287037037037038 0.022395833333333334 0.03796296296296296
0 0.41354166666666664 0.23703703703703705 0.021875 0.037037037037037035
0 0.20520833333333333 0.7199074074074074 0.025 0.041666666666666664
0 0.7106770833333333 0.2023148148148148 0.021354166666666667 0.03611111111111111
0 0.2296875 0.725462962962963 0.023958333333333335 0.04351851851851852
0 0.29348958333333336 0.3939814814814815 0.022395833333333334 0.03981481481481482
0 0.5854166666666667 0.7111111111111111 0.023958333333333335 0.04259259259259259
0 0.5651041666666666 0.5680555555555555 0.021875 0.03796296296296296
0 0.5356770833333333 0.4726851851851852 0.022395833333333334 0.03981481481481482
0 0.6494791666666667 0.40370370370370373 0.022916666666666665 0.03888888888888889
0 0.5026041666666666 0.21064814814814814 0.020833333333333332 0.03611111111111111
0 0.42421875 0.3925925925925926 0.022395833333333334 0.03888888888888889
0 0.4328125 0.48148148148148145 0.021875 0.03888888888888889
0 0.58828125 0.5611111111111111 0.0234375 0.04259259259259259
0 0.32708333333333334 0.5351851851851852 0.020833333333333332 0.037037037037037035
0 0.25390625 0.4009259259259259 0.022395833333333334 0.03888888888888889
0 0.5192708333333333 0.6023148148148149 0.023958333333333335 0.04351851851851852
0 0.5729166666666666 0.6685185185185185 0.023958333333333335 0.04259259259259259
0 0.18020833333333333 0.7055555555555556 0.026041666666666668 0.044444444444444446
0 0.21197916666666666 0.7592592592592593 0.025 0.044444444444444446
0 0.60859375 0.7291666666666666 0.024479166666666666 0.04351851851851852
0 0.64921875 0.5981481481481481 0.024479166666666666 0.04259259259259259
0 0.22994791666666667 0.6680555555555555 0.025520833333333333 0.04351851851851852
0 0.18255208333333334 0.5277777777777778 0.025520833333333333 0.04259259259259259
0 0.18463541666666666 0.7476851851851852 0.025520833333333333 0.04351851851851852
0 0.25338541666666664 0.7203703703703703 0.024479166666666666 0.044444444444444446
0 0.73125 0.08842592592592592 0.021875 0.03611111111111111
0 0.20364583333333333 0.5768518518518518 0.026041666666666668 0.04259259259259259
0 0.3536458333333333 0.6504629629629629 0.025 0.041666666666666664
0 0.58828125 0.7546296296296297 0.024479166666666666 0.044444444444444446
0 0.7190104166666667 0.5851851851851851 0.024479166666666666 0.04259259259259259
0 0.6760416666666667 0.2800925925925926 0.022916666666666665 0.03796296296296296
0 0.24869791666666666 0.6819444444444445 0.0234375 0.041666666666666664
0 0.17838541666666666 0.47129629629629627 0.0265625 0.040740740740740744
0 0.58671875 0.7986111111111112 0.024479166666666666 0.04351851851851852
0 0.23463541666666668 0.7712962962962963 0.025520833333333333 0.044444444444444446
0 0.53984375 0.21898148148148147 0.021354166666666667 0.03796296296296296
0 0.71796875 0.4675925925925926 0.024479166666666666 0.04259259259259259
0 0.21979166666666666 0.18703703703703703 0.022916666666666665 0.03888888888888889
0 0.6609375 0.6763888888888889 0.025 0.04351851851851852
0 0.56796875 0.8273148148148148 0.025520833333333333 0.04537037037037037
0 0.19140625 0.7888888888888889 0.027604166666666666 0.046296296296296294
0 0.16380208333333332 0.2074074074074074 0.0234375 0.03888888888888889
0 0.14817708333333332 0.5888888888888889 0.0265625 0.04259259259259259
0 0.12630208333333334 0.3087962962962963 0.024479166666666666 0.03981481481481482