0 0.5177083333333333 0.46574074074074073 0.021875 0.03888888888888889
0 0.6856770833333333 0.32546296296296295 0.022395833333333334 0.03796296296296296
0 0.5260416666666666 0.42962962962962964 0.021875 0.037037037037037035
0 0.5447916666666667 0.40694444444444444 0.022916666666666665 0.03796296296296296
0 0.6643229166666667 0.3111111111111111 0.021354166666666667 0.037037037037037035
0 0.7083333333333334 0.4537037037037037 0.022916666666666665 0.040740740740740744
0 0.2546875 0.43703703703703706 0.022916666666666665 0.03888888888888889
0 0.2778385416666667 0.5582870370370371 0.0243125 0.04560185185185185
0 0.540625 0.4861111111111111 0.020833333333333332 0.03888888888888889
0 0.25234375 0.5893518518518519 0.024479166666666666 0.04351851851851852
0 0.5213541666666667 0.5074074074074074 0.021875 0.040740740740740744
0 0.6229166666666667 0.3162037037037037 0.021875 0.03796296296296296
0 0.5408854166666667 0.5263888888888889 0.021354166666666667 0.03796296296296296
0 0.32473958333333336 0.46111111111111114 0.0234375 0.040740740740740744
0 0.49557291666666664 0.45740740740740743 0.021354166666666667 0.03888888888888889
0 0.24479166666666666 0.4041666666666667 0.022916666666666665 0.03981481481481482
0 0.6106770833333334 0.16342592592592592 0.021354166666666667 0.03611111111111111
0 0.5450520833333333 0.44907407407407407 0.022395833333333334 0.037037037037037035
0 0.27317708333333335 0.2810185185185185 0.022395833333333334 0.03796296296296296
0 0.2234375 0.42592592592592593 0.022916666666666665 0.03888888888888889
0 0.36822916666666666 0.16712962962962963 0.020833333333333332 0.03796296296296296
0 0.3572916666666667 0.4222222222222222 0.021875 0.037037037037037035
0 0.2708333333333333 0.41064814814814815 0.022916666666666665 0.03981481481481482
0 0.5973958333333333 0.3143518518518518 0.021875 0.03796296296296296
0 0.534375 0.3773148148148148 0.021875 0.03611111111111111
0 0.6622395833333333 0.14814814814814814 0.021354166666666667 0.037037037037037035
0 0.5471354166666667 0.562037037037037 0.0234375 0.040740740740740744
0 0.29765625 0.4148148148148148 0.0234375 0.040740740740740744
0 0.6872395833333333 0.18564814814814815 0.022395833333333334 0.03796296296296296
0 0.3921875 0.17685185185185184 0.020833333333333332 0.037037037037037035
0 0.29401041666666666 0.26157407407407407 0.022395833333333334 0.03796296296296296
0 0.31875 0.5481481481481482 0.022916666666666665 0.03888888888888889
0 0.678125 0.3680555555555556 0.022916666666666665 0.03981481481481482
0 0.28125 0.2324074074074074 0.021875 0.037037037037037035
0 0.24453125 0.736574074074074 0.024479166666666666 0.04537037037037037
0 0.30130208333333336 0.5796296296296296 0.0234375 0.040740740740740744
0 0.2552083333333333 0.5486111111111112 0.023958333333333335 0.03981481481481482
0 0.25026041666666665 0.18611111111111112 0.021354166666666667 0.037037037037037035
0 0.7190104166666667 0.4212962962962963 0.024479166666666666 0.040740740740740744
0 0.21979166666666666 0.3888888888888889 0.022916666666666665 0.03888888888888889
0 0.31145833333333334 0.16620370370370371 0.021875 0.03796296296296296
0 0.24947916666666667 0.2814814814814815 0.022916666666666665 0.037037037037037035
0 0.6317708333333333 0.36064814814814816 0.022916666666666665 0.03981481481481482
0 0.6369791666666667 0.1486111111111111 0.020833333333333332 0.03611111111111111
0 0.253125 0.4740740740740741 0.023958333333333335 0.03888888888888889
0 0.6671875 0.45416666666666666 0.022916666666666665 0.03981481481481482
0 0.56796875 0.7643518518518518 0.024479166666666666 0.04351851851851852
0 0.259375 0.3768518518518518 0.022916666666666665 0.03888888888888889
0 0.6216145833333333 0.6476851851851851 0.024479166666666666 0.04351851851851852
0 0.35625 0.19537037037037036 0.020833333333333332 0.037037037037037035
0 0.24869791666666666 0.3296296296296296 0.0234375 0.03888888888888889
0 0.5901041666666667 0.7888888888888889 0.025 0.044444444444444446
0 0.4984375 0.4976851851851852 0.021875 0.03981481481481482
0 0.5013020833333334 0.3625 0.021354166666666667 0.03796296296296296
0 0.33203125 0.16018518518518518 0.0203125 0.037037037037037035
0 0.6848958333333334 0.28425925925925927 0.021875 0.03888888888888889
0 0.58671875 0.35324074074074074 0.021354166666666667 0.03981481481481482
0 0.37578125 0.44074074074074077 0.021354166666666667 0.03888888888888889
0 0.4388020833333333 0.20324074074074075 0.021354166666666667 0.03796296296296296
0 0.6885416666666667 0.4759259259259259 0.022916666666666665 0.03888888888888889
0 0.3182291666666667 0.5018518518518519 0.023958333333333335 0.040740740740740744
0 0.5169270833333334 0.39675925925925926 0.022395833333333334 0.03796296296296296
0 0.58828125 0.6902777777777778 0.024479166666666666 0.04351851851851852
0 0.26328125 0.2518518518518518 0.021354166666666667 0.037037037037037035
0 0.23880208333333333 0.36574074074074076 0.022395833333333334 0.037037037037037035
0 0.5221354166666666 0.34814814814814815 0.022395833333333334 0.037037037037037035
0 0.6125 0.12407407407407407 0.020833333333333332 0.03518518518518519
0 0.6450520833333333 0.3287037037037037 0.021354166666666667 0.037037037037037035
0 0.5653645833333333 0.5851851851851851 0.0234375 0.04259259259259259
0 0.6091145833333333 0.6097222222222223 0.0234375 0.04351851851851852
0 0.3703125 0.21944444444444444 0.021875 0.03888888888888889
0 0.7096354166666666 0.23287037037037037 0.022395833333333334 0.03981481481481482
0 0.68671875 0.15092592592592594 0.021354166666666667 0.03518518518518519
0 0.24401041666666667 0.23564814814814813 0.022395833333333334 0.03796296296296296
0 0.3182291666666667 0.6041666666666666 0.023958333333333335 0.041666666666666664
0 0.7080729166666667 0.16620370370370371 0.021354166666666667 0.03796296296296296
0 0.4778645833333333 0.38472222222222224 0.022395833333333334 0.03981481481481482
0 0.20078125 0.412962962962963 0.024479166666666666 0.040740740740740744
0 0.7135416666666666 0.3 0.022916666666666665 0.037037037037037035
0 0.7057291666666666 0.35509259259259257 0.023958333333333335 0.041666666666666664
0 0.35885416666666664 0.4777777777777778 0.022916666666666665 0.040740740740740744
0 0.3263020833333333 0.42314814814814816 0.022395833333333334 0.03888888888888889
0 0.5544270833333333 0.3625 0.021354166666666667 0.03796296296296296
0 0.5377604166666666 0.32546296296296295 0.022395833333333334 0.03796296296296296
0 0.3763020833333333 0.5171296296296296 0.0234375 0.03981481481481482
0 0.7052083333333333 0.1300925925925926 0.021875 0.03611111111111111
0 0.3421875 0.3958333333333333 0.022916666666666665 0.03981481481481482
0 0.5682291666666667 0.8083333333333333 0.025 0.044444444444444446
0 0.5588541666666667 0.3277777777777778 0.021875 0.037037037037037035
0 0.27896875 0.1942962962962963 0.023567708333333333 0.038592592592592595
0 0.2520833333333333 0.5125 0.023958333333333335 0.03981481481481482
0 0.22161458333333334 0.18611111111111112 0.022395833333333334 0.03888888888888889
0 0.2625 0.21666666666666667 0.020833333333333332 0.03518518518518519
0 0.28229166666666666 0.6060185185185185 0.023958333333333335 0.041666666666666664
0 0.5544270833333333 0.6953703703703704 0.0234375 0.040740740740740744
0 0.7283854166666667 0.2574074074074074 0.0234375 0.03888888888888889
0 0.35078125 0.14537037037037037 0.021354166666666667 0.03888888888888889
0 0.56953125 0.662962962962963 0.024479166666666666 0.04259259259259259
0 0.6549479166666666 0.41898148148148145 0.0234375 0.03796296296296296
0 0.27057291666666666 0.16111111111111112 0.021354166666666667 0.037037037037037035
0 0.421875 0.1837962962962963 0.020833333333333332 0.03796296296296296
0 0.5729166666666666 0.7236111111111111 0.023958333333333335 0.041666666666666664
0 0.18020833333333333 0.7657407407407407 0.025 0.04259259259259259
0 0.21119791666666668 0.7435185185185185 0.025520833333333333 0.044444444444444446
0 0.21614583333333334 0.35462962962962963 0.022916666666666665 0.037037037037037035
0 0.5763020833333333 0.13333333333333333 0.021354166666666667 0.03888888888888889
0 0.6559895833333333 0.11712962962962963 0.021354166666666667 0.03425925925925926
0 0.47578125 0.4412037037037037 0.022395833333333334 0.03981481481481482
0 0.6333333333333333 0.11388888888888889 0.020833333333333332 0.03518518518518519
0 0.6309895833333333 0.4486111111111111 0.0234375 0.03981481481481482
0 0.29140625 0.1648148148148148 0.0203125 0.037037037037037035
0 0.7033854166666667 0.5078703703703704 0.025520833333333333 0.04351851851851852
0 0.5125 0.2935185185185185 0.021875 0.03888888888888889
0 0.61015625 0.8287037037037037 0.025520833333333333 0.046296296296296294
0 0.2390625 0.6972222222222222 0.025 0.04259259259259259
0 0.40729166666666666 0.4203703703703704 0.022916666666666665 0.040740740740740744
0 0.6481770833333333 0.5787037037037037 0.024479166666666666 0.044444444444444446
0 0.18098958333333334 0.46944444444444444 0.024479166666666666 0.040740740740740744
0 0.30520833333333336 0.2972222222222222 0.022916666666666665 0.03888888888888889
0 0.1859375 0.5236111111111111 0.025 0.041666666666666664
0 0.29401041666666666 0.1300925925925926 0.021354166666666667 0.03796296296296296
0 0.7067708333333333 0.6601851851851852 0.026041666666666668 0.046296296296296294
0 0.21744791666666666 0.7847222222222222 0.0265625 0.04537037037037037
0 0.6815104166666667 0.7611111111111111 0.025520833333333333 0.046296296296296294
0 0.6419270833333334 0.8138888888888889 0.025520833333333333 0.046296296296296294
0 0.7536458333333333 0.5421296296296296 0.026041666666666668 0.04351851851851852
0 0.7174479166666666 0.750462962962963 0.0265625 0.04722222222222222
0 0.7848958333333333 0.462037037037037 0.026041666666666668 0.044444444444444446
0 0.20130208333333333 0.6763888888888889 0.0265625 0.04537037037037037
0 0.19322916666666667 0.8032407407407407 0.026041666666666668 0.04537037037037037
0 0.15104166666666666 0.762962962962963 0.027083333333333334 0.046296296296296294
0 0.44765625 0.3458333333333333 0.022395833333333334 0.03981481481481482
0 0.4317708333333333 0.46805555555555556 0.022916666666666665 0.03981481481481482
0 0.165625 0.20555555555555555 0.022916666666666665 0.03888888888888889
0 0.15390625 0.6314814814814815 0.0265625 0.044444444444444446
0 0.42161458333333335 0.29074074074074074 0.022395833333333334 0.040740740740740744
0 0.13828125 0.5453703703703704 0.0265625 0.04259259259259259
0 0.49322916666666666 0.16342592592592592 0.021875 0.03796296296296296
0 0.5604166666666667 0.862037037037037 0.026041666666666668 0.04814814814814815
0 0.12864583333333332 0.30694444444444446 0.025 0.03981481481481482
0 0.80703125 0.5949074074074074 0.027604166666666666 0.04537037037037037