0 0.4557291666666667 0.5166666666666667 0.020833333333333332 0.037037037037037035
0 0.40175 0.5193148148148148 0.023286458333333333 0.04047222222222222
0 0.36666666666666664 0.5361111111111111 0.022916666666666665 0.040740740740740744
0 0.51875 0.4888888888888889 0.021875 0.03888888888888889
0 0.3807291666666667 0.5046296296296297 0.021875 0.040740740740740744
0 0.3497395833333333 0.5106481481481482 0.022395833333333334 0.03981481481481482
0 0.31197916666666664 0.6041666666666666 0.021875 0.03981481481481482
0 0.4859375 0.4888888888888889 0.019791666666666666 0.037037037037037035
0 0.48046875 0.43657407407407406 0.022395833333333334 0.03981481481481482
0 0.2552083333333333 0.4449074074074074 0.022916666666666665 0.03981481481481482
0 0.4984375 0.4583333333333333 0.020833333333333332 0.037037037037037035
0 0.44114583333333335 0.48842592592592593 0.021875 0.03796296296296296
0 0.46536458333333336 0.4787037037037037 0.021354166666666667 0.03888888888888889
0 0.5203125 0.4513888888888889 0.020833333333333332 0.03796296296296296
0 0.47630208333333335 0.5300925925925926 0.022395833333333334 0.03796296296296296
0 0.5388020833333333 0.5023148148148148 0.021354166666666667 0.03796296296296296
0 0.31536458333333334 0.5652777777777778 0.022395833333333334 0.03981481481481482
0 0.31953125 0.4962962962962963 0.022395833333333334 0.03888888888888889
0 0.3299479166666667 0.5328703703703703 0.022395833333333334 0.03981481481481482
0 0.35390625 0.6 0.022395833333333334 0.03888888888888889
0 0.3463541666666667 0.5564814814814815 0.021875 0.03888888888888889
0 0.33229166666666665 0.5888888888888889 0.021875 0.03888888888888889
0 0.5221354166666666 0.5268518518518519 0.022395833333333334 0.03888888888888889
0 0.3932291666666667 0.5615740740740741 0.022916666666666665 0.03981481481481482
0 0.37161458333333336 0.5726851851851852 0.0234375 0.03981481481481482
0 0.36171875 0.4773148148148148 0.022395833333333334 0.03981481481481482
0 0.6072916666666667 0.07546296296296297 0.020833333333333332 0.03611111111111111
0 0.5591145833333333 0.6361111111111111 0.0234375 0.03888888888888889
0 0.5127604166666667 0.29583333333333334 0.0203125 0.03796296296296296
0 0.3919270833333333 0.21712962962962962 0.0203125 0.03796296296296296
0 0.5481770833333334 0.5893518518518519 0.022395833333333334 0.03981481481481482
0 0.5807291666666666 0.09305555555555556 0.020833333333333332 0.03796296296296296
0 0.4552083333333333 0.26944444444444443 0.019791666666666666 0.037037037037037035
0 0.36666666666666664 0.23703703703703705 0.021875 0.037037037037037035
0 0.3067708333333333 0.5300925925925926 0.021875 0.03981481481481482
0 0.2015625 0.41435185185185186 0.023958333333333335 0.03981481481481482
0 0.52265625 0.2611111111111111 0.0203125 0.037037037037037035
0 0.4427083333333333 0.549537037037037 0.021875 0.03796296296296296
0 0.22864583333333333 0.42824074074074076 0.022916666666666665 0.03981481481481482
0 0.56953125 0.6013888888888889 0.022395833333333334 0.03796296296296296
0 0.5421875 0.45925925925925926 0.020833333333333332 0.037037037037037035
0 0.38307291666666665 0.4652777777777778 0.022395833333333334 0.041666666666666664
0 0.4986979166666667 0.26851851851851855 0.0203125 0.03518518518518519
0 0.2921875 0.6310185185185185 0.021875 0.03981481481481482
0 0.4140625 0.26157407407407407 0.020833333333333332 0.03611111111111111
0 0.29296875 0.5833333333333334 0.022395833333333334 0.03888888888888889
0 0.4625 0.3023148148148148 0.020833333333333332 0.03796296296296296
0 0.28880208333333335 0.46805555555555556 0.0234375 0.03981481481481482
0 0.5567708333333333 0.3921296296296296 0.021875 0.03981481481481482
0 0.5447916666666667 0.4222222222222222 0.021875 0.037037037037037035
0 0.585359375 0.7346851851851852 0.026744791666666667 0.04675925925925926
0 0.4666666666666667 0.23657407407407408 0.020833333333333332 0.03611111111111111
0 0.5794270833333334 0.675 0.0234375 0.040740740740740744
0 0.41848958333333336 0.19537037037037036 0.0203125 0.03518518518518519
0 0.6541666666666667 0.625 0.025 0.044444444444444446
0 0.6651041666666667 0.07777777777777778 0.020833333333333332 0.03518518518518519
0 0.5036458333333333 0.5555555555555556 0.022916666666666665 0.03888888888888889
0 0.43645833333333334 0.2523148148148148 0.019791666666666666 0.03611111111111111
0 0.41692708333333334 0.45694444444444443 0.022395833333333334 0.03981481481481482
0 0.55390625 0.5523148148148148 0.022395833333333334 0.03981481481481482
0 0.5888020833333333 0.5763888888888888 0.0234375 0.041666666666666664
0 0.5822916666666667 0.6328703703703704 0.022916666666666665 0.03796296296296296
0 0.43723958333333335 0.2962962962962963 0.0203125 0.037037037037037035
0 0.3815104166666667 0.14351851851851852 0.021354166666666667 0.037037037037037035
0 0.48723958333333334 0.29953703703703705 0.0203125 0.03796296296296296
0 0.42083333333333334 0.16157407407407406 0.020833333333333332 0.03611111111111111
0 0.6200520833333333 0.125 0.021354166666666667 0.037037037037037035
0 0.22109375 0.18935185185185185 0.022395833333333334 0.03796296296296296
0 0.5513020833333333 0.6736111111111112 0.0234375 0.041666666666666664
0 0.599125 0.11183333333333334 0.021166666666666667 0.04034259259259259
0 0.24791666666666667 0.28425925925925927 0.022916666666666665 0.037037037037037035
0 0.41171875 0.22824074074074074 0.021354166666666667 0.03611111111111111
0 0.5651041666666666 0.2824074074074074 0.021875 0.03888888888888889
0 0.25859375 0.48194444444444445 0.0234375 0.03981481481481482
0 0.47942708333333334 0.3902777777777778 0.022395833333333334 0.03981481481481482
0 0.21458333333333332 0.7421296296296296 0.025 0.04351851851851852
0 0.5609375 0.5097222222222222 0.022916666666666665 0.03981481481481482
0 0.5658854166666667 0.7092592592592593 0.024479166666666666 0.04259259259259259
0 0.44557291666666665 0.12731481481481483 0.0203125 0.03611111111111111
0 0.6888020833333334 0.03935185185185185 0.021354166666666667 0.03611111111111111
0 0.33697916666666666 0.6287037037037037 0.022916666666666665 0.040740740740740744
0 0.46458333333333335 0.1412037037037037 0.020833333333333332 0.03796296296296296
0 0.4197916666666667 0.49398148148148147 0.021875 0.03796296296296296
0 0.6328125 0.16111111111111112 0.021875 0.037037037037037035
0 0.24270833333333333 0.6944444444444444 0.025 0.040740740740740744
0 0.24921875 0.649074074074074 0.024479166666666666 0.04259259259259259
0 0.4627604166666667 0.4152777777777778 0.021354166666666667 0.03796296296296296
0 0.3890625 0.5995370370370371 0.022916666666666665 0.03981481481481482
0 0.6072916666666667 0.7060185185185185 0.023958333333333335 0.04351851851851852
0 0.26979166666666665 0.6263888888888889 0.022916666666666665 0.041666666666666664
0 0.421875 0.4060185185185185 0.022916666666666665 0.03981481481481482
0 0.21276041666666667 0.3541666666666667 0.0234375 0.03796296296296296
0 0.4200520833333333 0.5462962962962963 0.021354166666666667 0.037037037037037035
0 0.32369791666666664 0.4587962962962963 0.0234375 0.03981481481481482
0 0.5544270833333333 0.23703703703703705 0.0203125 0.037037037037037035
0 0.5901041666666667 0.38796296296296295 0.022916666666666665 0.03888888888888889
0 0.3143229166666667 0.6435185185185185 0.0234375 0.040740740740740744
0 0.18125 0.4726851851851852 0.023958333333333335 0.03981481481481482
0 0.24453125 0.7351851851851852 0.024479166666666666 0.044444444444444446
0 0.5283854166666667 0.36666666666666664 0.021354166666666667 0.03888888888888889
0 0.5794270833333334 0.3194444444444444 0.022395833333333334 0.03888888888888889
0 0.37005208333333334 0.624537037037037 0.024479166666666666 0.03981481481481482
0 0.4984375 0.5212962962962963 0.020833333333333332 0.037037037037037035
0 0.22213541666666667 0.39444444444444443 0.022395833333333334 0.03888888888888889
0 0.24947916666666667 0.324537037037037 0.022916666666666665 0.03796296296296296
0 0.7122395833333334 0.059722222222222225 0.021354166666666667 0.03611111111111111
0 0.4114583333333333 0.30324074074074076 0.021875 0.03796296296296296
0 0.30390625 0.2638888888888889 0.022395833333333334 0.037037037037037035
0 0.34791666666666665 0.15694444444444444 0.020833333333333332 0.03796296296296296
0 0.39895833333333336 0.11805555555555555 0.019791666666666666 0.03611111111111111
0 0.6442708333333333 0.6731481481481482 0.025 0.044444444444444446
0 0.5427083333333333 0.2833333333333333 0.019791666666666666 0.037037037037037035
0 0.3484375 0.44814814814814813 0.021875 0.03518518518518519
0 0.328125 0.21944444444444444 0.021875 0.03888888888888889
0 0.24947916666666667 0.19074074074074074 0.021875 0.03888888888888889
0 0.6778645833333333 0.7328703703703704 0.025520833333333333 0.04537037037037037
0 0.47604166666666664 0.26944444444444443 0.019791666666666666 0.037037037037037035
0 0.2078125 0.6787037037037037 0.025 0.044444444444444446
0 0.4 0.4023148148148148 0.022916666666666665 0.03981481481481482
0 0.69375 0.1310185185185185 0.021875 0.03796296296296296
0 0.6575520833333334 0.7578703703703704 0.024479166666666666 0.04537037037037037
0 0.1875 0.5263888888888889 0.025 0.041666666666666664
0 0.6346354166666667 0.7814814814814814 0.024479166666666666 0.044444444444444446
0 0.21953125 0.7837962962962963 0.025520833333333333 0.04351851851851852
0 0.3796875 0.1087962962962963 0.020833333333333332 0.03611111111111111
0 0.18411458333333333 0.7662037037037037 0.025520833333333333 0.04351851851851852
0 0.6096354166666667 0.7796296296296297 0.024479166666666666 0.046296296296296294
0 0.29453125 0.33240740740740743 0.022395833333333334 0.037037037037037035
0 0.42213541666666665 0.6180555555555556 0.024479166666666666 0.03981481481481482
0 0.13932291666666666 0.549537037037037 0.025520833333333333 0.041666666666666664
0 0.16484375 0.20833333333333334 0.0234375 0.03888888888888889
0 0.15859375 0.7648148148148148 0.0265625 0.046296296296296294
0 0.19583333333333333 0.8046296296296296 0.026041666666666668 0.044444444444444446
0 0.15651041666666668 0.6333333333333333 0.0265625 0.044444444444444446
0 0.7252604166666666 0.2847222222222222 0.0234375 0.03981481481481482
0 0.5296875 0.1527777777777778 0.020833333333333332 0.037037037037037035
0 0.6591145833333333 0.4703703703703704 0.024479166666666666 0.040740740740740744
0 0.128125 0.3106481481481482 0.025 0.03981481481481482
0 0.5692708333333333 0.8319444444444445 0.026041666666666668 0.04722222222222222
0 0.7434895833333334 0.3490740740740741 0.024479166666666666 0.040740740740740744
0 0.7799479166666666 0.5703703703703704 0.0265625 0.044444444444444446