0 0.2552083333333333 0.4439814814814815 0.022916666666666665 0.03981481481481482
0 0.6200520833333333 0.12638888888888888 0.021354166666666667 0.03611111111111111
0 0.3296875 0.5504629629629629 0.022916666666666665 0.03981481481481482
0 0.6729166666666667 0.3347222222222222 0.021875 0.03796296296296296
0 0.28880208333333335 0.6638888888888889 0.024479166666666666 0.03888888888888889
0 0.5942708333333333 0.15462962962962962 0.020833333333333332 0.037037037037037035
0 0.34661458333333334 0.5763888888888888 0.022395833333333334 0.03796296296296296
0 0.56953125 0.7481481481481481 0.024479166666666666 0.04259259259259259
0 0.65703125 0.7583333333333333 0.024479166666666666 0.044444444444444446
0 0.46953125 0.14305555555555555 0.0203125 0.03611111111111111
0 0.4981770833333333 0.2675925925925926 0.0203125 0.03518518518518519
0 0.4466145833333333 0.13055555555555556 0.0203125 0.037037037037037035
0 0.31484375 0.524074074074074 0.022395833333333334 0.03888888888888889
0 0.25390625 0.48564814814814816 0.022395833333333334 0.03981481481481482
0 0.27682291666666664 0.4777777777777778 0.022395833333333334 0.03888888888888889
0 0.5986979166666667 0.11018518518518519 0.0203125 0.03518518518518519
0 0.40390625 0.3638888888888889 0.0203125 0.037037037037037035
0 0.5236979166666667 0.387037037037037 0.021354166666666667 0.037037037037037035
0 0.5471354166666667 0.39444444444444443 0.021354166666666667 0.03888888888888889
0 0.38203125 0.3662037037037037 0.0203125 0.03796296296296296
0 0.3268229166666667 0.3138888888888889 0.021354166666666667 0.037037037037037035
0 0.334375 0.35324074074074074 0.021875 0.03796296296296296
0 0.26510416666666664 0.6606481481481481 0.022916666666666665 0.03981481481481482
0 0.3341145833333333 0.6328703703703704 0.024479166666666666 0.03981481481481482
0 0.27577083333333335 0.5921296296296297 0.024463541666666665 0.03981481481481482
0 0.5127604166666667 0.2986111111111111 0.0203125 0.03796296296296296
0 0.30104166666666665 0.5569444444444445 0.022916666666666665 0.03981481481481482
0 0.24166666666666667 0.6606481481481481 0.023958333333333335 0.041666666666666664
0 0.3216145833333333 0.4861111111111111 0.0234375 0.03888888888888889
0 0.3265625 0.5972222222222222 0.022916666666666665 0.03888888888888889
0 0.36744791666666665 0.3365740740740741 0.021354166666666667 0.03796296296296296
0 0.6075520833333333 0.07685185185185185 0.021354166666666667 0.037037037037037035
0 0.22916666666666666 0.4273148148148148 0.022916666666666665 0.03981481481481482
0 0.2596354166666667 0.625462962962963 0.0234375 0.041666666666666664
0 0.31744791666666666 0.42268518518518516 0.0234375 0.03981481481481482
0 0.23255208333333333 0.7 0.024479166666666666 0.04259259259259259
0 0.4627604166666667 0.30185185185185187 0.021354166666666667 0.03888888888888889
0 0.63515625 0.7791666666666667 0.024479166666666666 0.04537037037037037
0 0.5294270833333333 0.4273148148148148 0.021354166666666667 0.03611111111111111
0 0.20234375 0.41435185185185186 0.024479166666666666 0.03981481481481482
0 0.58125 0.09351851851851851 0.020833333333333332 0.037037037037037035
0 0.5494791666666666 0.45092592592592595 0.021875 0.037037037037037035
0 0.6330729166666667 0.16203703703703703 0.021354166666666667 0.037037037037037035
0 0.428125 0.16712962962962963 0.020833333333333332 0.03796296296296296
0 0.34010416666666665 0.5125 0.022916666666666665 0.03981481481481482
0 0.28880208333333335 0.4273148148148148 0.022395833333333334 0.03981481481481482
0 0.4119791666666667 0.3972222222222222 0.021875 0.03888888888888889
0 0.6927083333333334 0.13055555555555556 0.021875 0.037037037037037035
0 0.3380208333333333 0.2449074074074074 0.020833333333333332 0.03611111111111111
0 0.5640625 0.7055555555555556 0.023958333333333335 0.04259259259259259
0 0.29739583333333336 0.26435185185185184 0.021875 0.03796296296296296
0 0.35494791666666664 0.5393518518518519 0.022395833333333334 0.03796296296296296
0 0.6604166666666667 0.17453703703703705 0.021875 0.03796296296296296
0 0.2869791666666667 0.5087962962962963 0.022916666666666665 0.03981481481481482
0 0.6106770833333334 0.7782407407407408 0.024479166666666666 0.04537037037037037
0 0.41041666666666665 0.45925925925925926 0.022916666666666665 0.03888888888888889
0 0.43072916666666666 0.09768518518518518 0.020833333333333332 0.03611111111111111
0 0.6458333333333334 0.7101851851851851 0.023958333333333335 0.044444444444444446
0 0.3265625 0.2763888888888889 0.021875 0.03611111111111111
0 0.5947916666666667 0.7449074074074075 0.023958333333333335 0.041666666666666664
0 0.22395833333333334 0.39351851851851855 0.022916666666666665 0.03888888888888889
0 0.665625 0.0787037037037037 0.020833333333333332 0.03518518518518519
0 0.42604166666666665 0.13194444444444445 0.020833333333333332 0.03611111111111111
0 0.34765625 0.2875 0.0203125 0.03611111111111111
0 0.23046875 0.48518518518518516 0.0234375 0.040740740740740744
0 0.24244791666666668 0.600462962962963 0.0234375 0.03981481481481482
0 0.21536458333333333 0.7412037037037037 0.025520833333333333 0.04351851851851852
0 0.32421875 0.2152777777777778 0.021354166666666667 0.03611111111111111
0 0.25703125 0.5675925925925925 0.0234375 0.040740740740740744
0 0.5697916666666667 0.17083333333333334 0.020833333333333332 0.03796296296296296
0 0.5348958333333333 0.3 0.021875 0.03888888888888889
0 0.5700520833333333 0.6458333333333334 0.0234375 0.041666666666666664
0 0.65703125 0.30277777777777776 0.022395833333333334 0.03888888888888889
0 0.34869791666666666 0.20925925925925926 0.021354166666666667 0.037037037037037035
0 0.2484375 0.2833333333333333 0.022916666666666665 0.037037037037037035
0 0.31692708333333336 0.24768518518518517 0.0203125 0.03611111111111111
0 0.6145833333333334 0.7189814814814814 0.023958333333333335 0.04351851851851852
0 0.24453125 0.7351851851851852 0.025520833333333333 0.04259259259259259
0 0.2825520833333333 0.6282407407407408 0.024479166666666666 0.03981481481481482
0 0.46848958333333335 0.18888888888888888 0.021354166666666667 0.037037037037037035
0 0.6510416666666666 0.34675925925925927 0.021875 0.03796296296296296
0 0.5291666666666667 0.4726851851851852 0.021875 0.03796296296296296
0 0.22135416666666666 0.18935185185185185 0.021875 0.03796296296296296
0 0.6888020833333334 0.040740740740740744 0.021354166666666667 0.037037037037037035
0 0.20911458333333333 0.6773148148148148 0.024479166666666666 0.04351851851851852
0 0.20625 0.4949074074074074 0.022916666666666665 0.03796296296296296
0 0.2955729166666667 0.33240740740740743 0.022395833333333334 0.037037037037037035
0 0.6911458333333333 0.35648148148148145 0.022916666666666665 0.03888888888888889
0 0.5231770833333333 0.26157407407407407 0.021354166666666667 0.03796296296296296
0 0.35625 0.6106481481481482 0.023958333333333335 0.041666666666666664
0 0.18203125 0.4722222222222222 0.024479166666666666 0.040740740740740744
0 0.5880208333333333 0.6777777777777778 0.023958333333333335 0.04259259259259259
0 0.6609375 0.6717592592592593 0.025 0.04351851851851852
0 0.6765625 0.7310185185185185 0.025 0.04537037037037037
0 0.48828125 0.3 0.0203125 0.037037037037037035
0 0.45546875 0.26944444444444443 0.0203125 0.037037037037037035
0 0.5557291666666667 0.6138888888888889 0.022916666666666665 0.040740740740740744
0 0.21380208333333334 0.35462962962962963 0.0234375 0.03888888888888889
0 0.6169270833333333 0.3101851851851852 0.021354166666666667 0.03888888888888889
0 0.43854166666666666 0.4115740740740741 0.021875 0.03981481481481482
0 0.2265625 0.6328703703703704 0.025 0.041666666666666664
0 0.22005208333333334 0.7828703703703703 0.025520833333333333 0.04351851851851852
0 0.5763020833333333 0.41944444444444445 0.021354166666666667 0.037037037037037035
0 0.484375 0.3625 0.021875 0.03796296296296296
0 0.18489583333333334 0.7657407407407407 0.025 0.04259259259259259
0 0.61640625 0.675 0.024479166666666666 0.044444444444444446
0 0.38567708333333334 0.46111111111111114 0.022395833333333334 0.03888888888888889
0 0.5979166666666667 0.43194444444444446 0.020833333333333332 0.03796296296296296
0 0.25 0.324537037037037 0.022916666666666665 0.03796296296296296
0 0.47708333333333336 0.2689814814814815 0.019791666666666666 0.03611111111111111
0 0.18802083333333333 0.5259259259259259 0.025 0.040740740740740744
0 0.4192708333333333 0.49444444444444446 0.021875 0.03888888888888889
0 0.6916666666666667 0.1712962962962963 0.022916666666666665 0.03888888888888889
0 0.5958333333333333 0.29814814814814816 0.021875 0.03888888888888889
0 0.7127604166666667 0.06157407407407407 0.021354166666666667 0.03611111111111111
0 0.5515625 0.5689814814814815 0.022916666666666665 0.03981481481481482
0 0.34739583333333335 0.3236111111111111 0.020833333333333332 0.03611111111111111
0 0.6744791666666666 0.3837962962962963 0.022916666666666665 0.03981481481481482
0 0.27890625 0.5467592592592593 0.022395833333333334 0.03981481481481482
0 0.5026041666666666 0.3892407407407407 0.021875 0.041444444444444443
0 0.25026041666666665 0.18981481481481483 0.022395833333333334 0.03888888888888889
0 0.4236979166666667 0.22407407407407406 0.021354166666666667 0.03888888888888889
0 0.6341145833333334 0.5958333333333333 0.024479166666666666 0.04351851851851852
0 0.7234375 0.2851851851851852 0.022916666666666665 0.03888888888888889
0 0.5372395833333333 0.5194444444444445 0.0234375 0.03888888888888889
0 0.34921875 0.15601851851851853 0.021354166666666667 0.03796296296296296
0 0.196875 0.8046296296296296 0.026041666666666668 0.044444444444444446
0 0.15989583333333332 0.763425925925926 0.026041666666666668 0.04537037037037037
0 0.5106770833333333 0.14351851851851852 0.021354166666666667 0.037037037037037035
0 0.6252604166666667 0.4773148148148148 0.0234375 0.03981481481481482
0 0.3796875 0.11018518518518519 0.021875 0.03888888888888889
0 0.14010416666666667 0.5486111111111112 0.026041666666666668 0.041666666666666664
0 0.6828125 0.5763888888888888 0.025 0.04351851851851852
0 0.16588541666666667 0.20833333333333334 0.022395833333333334 0.03888888888888889
0 0.15755208333333334 0.6324074074074074 0.0265625 0.044444444444444446
0 0.73984375 0.35 0.024479166666666666 0.040740740740740744
0 0.12916666666666668 0.30972222222222223 0.025 0.03981481481481482
0 0.5700520833333333 0.825925925925926 0.025520833333333333 0.04814814814814815
0 0.47760416666666666 0.5236111111111111 0.022916666666666665 0.03796296296296296
0 0.5848958333333333 0.7129629629629629 0.021875 0.03333333333333333
0 0.7770833333333333 0.5694444444444444 0.028125 0.044444444444444446