0 0.5911458333333334 0.15416666666666667 0.020833333333333332 0.03611111111111111
0 0.5682291666666667 0.17175925925925925 0.020833333333333332 0.03611111111111111
0 0.49140625 0.47685185185185186 0.021354166666666667 0.03888888888888889
0 0.6013020833333333 0.35555555555555557 0.021354166666666667 0.03888888888888889
0 0.2546875 0.4444444444444444 0.022916666666666665 0.040740740740740744
0 0.6182291666666667 0.12777777777777777 0.020833333333333332 0.037037037037037035
0 0.5119791666666667 0.29953703703703705 0.020833333333333332 0.03796296296296296
0 0.46927083333333336 0.14351851851851852 0.020833333333333332 0.037037037037037035
0 0.2493125 0.6160555555555556 0.025703125 0.043222222222222224
0 0.49765625 0.2675925925925926 0.0203125 0.03518518518518519
0 0.5208333333333334 0.48842592592592593 0.021875 0.03796296296296296
0 0.27847916666666667 0.5646666666666667 0.024661458333333334 0.04044444444444444
0 0.6309895833333333 0.16296296296296298 0.021354166666666667 0.037037037037037035
0 0.5979166666666667 0.11157407407407408 0.019791666666666666 0.03425925925925926
0 0.47317708333333336 0.3587962962962963 0.021354166666666667 0.03796296296296296
0 0.3263020833333333 0.31342592592592594 0.021354166666666667 0.03796296296296296
0 0.3463541666666667 0.2875 0.020833333333333332 0.03611111111111111
0 0.5388020833333333 0.21851851851851853 0.021354166666666667 0.037037037037037035
0 0.46848958333333335 0.4023148148148148 0.021354166666666667 0.03796296296296296
0 0.3375 0.2449074074074074 0.020833333333333332 0.03611111111111111
0 0.46953125 0.5217592592592593 0.021354166666666667 0.03611111111111111
0 0.3204895833333333 0.5836481481481481 0.0243125 0.04137037037037037
0 0.40963541666666664 0.4583333333333333 0.022395833333333334 0.03888888888888889
0 0.56171875 0.2689814814814815 0.021354166666666667 0.03796296296296296
0 0.5104166666666666 0.4550925925925926 0.021875 0.03796296296296296
0 0.65859375 0.175 0.021354166666666667 0.037037037037037035
0 0.20572916666666666 0.4930555555555556 0.022916666666666665 0.03796296296296296
0 0.5221354166666666 0.2611111111111111 0.0203125 0.037037037037037035
0 0.32578125 0.2759259259259259 0.021354166666666667 0.037037037037037035
0 0.5625833333333333 0.7183518518518519 0.025875 0.046620370370370375
0 0.24661458333333333 0.5680555555555555 0.0234375 0.03981481481481482
0 0.5104166666666666 0.38935185185185184 0.020833333333333332 0.03611111111111111
0 0.6197343750000001 0.21924074074074074 0.021760416666666667 0.04034259259259259
0 0.44583333333333336 0.1300925925925926 0.019791666666666666 0.03611111111111111
0 0.4239583333333333 0.537962962962963 0.022916666666666665 0.040740740740740744
0 0.20208333333333334 0.4115740740740741 0.023958333333333335 0.03981481481481482
0 0.33489583333333334 0.5120370370370371 0.022916666666666665 0.040740740740740744
0 0.33515625 0.549537037037037 0.022395833333333334 0.03981481481481482
0 0.34968229166666664 0.5776759259259259 0.02332291666666667 0.04053703703703704
0 0.6447916666666667 0.7152777777777778 0.025 0.04351851851851852
0 0.3341145833333333 0.3537037037037037 0.022395833333333334 0.03888888888888889
0 0.28828125 0.6273148148148148 0.0234375 0.041666666666666664
0 0.28359375 0.5148148148148148 0.0234375 0.040740740740740744
0 0.5231770833333333 0.4185185185185185 0.021354166666666667 0.037037037037037035
0 0.31640625 0.24768518518518517 0.0203125 0.03611111111111111
0 0.43020833333333336 0.09768518518518518 0.020833333333333332 0.03611111111111111
0 0.5778645833333333 0.2412037037037037 0.021354166666666667 0.03611111111111111
0 0.27760416666666665 0.4791666666666667 0.022916666666666665 0.03981481481481482
0 0.22864583333333333 0.4273148148148148 0.022916666666666665 0.03981481481481482
0 0.34661458333333334 0.32314814814814813 0.021354166666666667 0.037037037037037035
0 0.640765625 0.22464814814814815 0.02263541666666667 0.04189814814814815
0 0.6067708333333334 0.0787037037037037 0.021875 0.037037037037037035
0 0.296875 0.26342592592592595 0.021875 0.03796296296296296
0 0.5802083333333333 0.09444444444444444 0.020833333333333332 0.037037037037037035
0 0.4276041666666667 0.16805555555555557 0.020833333333333332 0.03796296296296296
0 0.4114583333333333 0.3958333333333333 0.020833333333333332 0.03611111111111111
0 0.4375 0.4111111111111111 0.021875 0.03888888888888889
0 0.46197916666666666 0.30185185185185187 0.021875 0.03888888888888889
0 0.61953125 0.712037037037037 0.024479166666666666 0.044444444444444446
0 0.46848958333333335 0.18888888888888888 0.021354166666666667 0.037037037037037035
0 0.38177083333333334 0.36527777777777776 0.020833333333333332 0.03796296296296296
0 0.23098958333333333 0.7 0.024479166666666666 0.04259259259259259
0 0.6643229166666667 0.08009259259259259 0.021354166666666667 0.03611111111111111
0 0.3484375 0.20833333333333334 0.020833333333333332 0.037037037037037035
0 0.6890625 0.13240740740740742 0.021875 0.037037037037037035
0 0.3671875 0.33564814814814814 0.020833333333333332 0.03796296296296296
0 0.32395833333333335 0.21481481481481482 0.021875 0.037037037037037035
0 0.2604166666666667 0.5351851851851852 0.023958333333333335 0.040740740740740744
0 0.56015625 0.22268518518518518 0.0203125 0.03611111111111111
0 0.45078125 0.5462962962962963 0.022395833333333334 0.03888888888888889
0 0.2171875 0.736574074074074 0.025 0.04351851851851852
0 0.6643229166666667 0.6611111111111111 0.024479166666666666 0.044444444444444446
0 0.31171875 0.6222222222222222 0.0234375 0.040740740740740744
0 0.41901041666666666 0.4930555555555556 0.021354166666666667 0.03796296296296296
0 0.24036458333333333 0.6546296296296297 0.024479166666666666 0.04259259259259259
0 0.4552083333333333 0.2689814814814815 0.020833333333333332 0.03611111111111111
0 0.3692708333333333 0.5939814814814814 0.023958333333333335 0.03981481481481482
0 0.42578125 0.13240740740740742 0.0203125 0.037037037037037035
0 0.2721354166666667 0.6027777777777777 0.0234375 0.040740740740740744
0 0.5338541666666666 0.3 0.020833333333333332 0.037037037037037035
0 0.58165625 0.6951666666666666 0.02477604166666667 0.0440462962962963
0 0.24791666666666667 0.2824074074074074 0.022916666666666665 0.037037037037037035
0 0.31302083333333336 0.5412037037037037 0.022916666666666665 0.03981481481481482
0 0.24192708333333332 0.7347222222222223 0.025520833333333333 0.04351851851851852
0 0.253125 0.4847222222222222 0.022916666666666665 0.03981481481481482
0 0.5463541666666667 0.44907407407407407 0.021875 0.03888888888888889
0 0.54140625 0.6995370370370371 0.0234375 0.041666666666666664
0 0.22265625 0.39351851851851855 0.022395833333333334 0.03888888888888889
0 0.7125 0.2851851851851852 0.022916666666666665 0.03888888888888889
0 0.22413541666666664 0.5853981481481482 0.025354166666666667 0.04487037037037037
0 0.225 0.6236111111111111 0.025 0.041666666666666664
0 0.60625 0.6606481481481481 0.023958333333333335 0.04351851851851852
0 0.3848958333333333 0.46064814814814814 0.022916666666666665 0.03981481481481482
0 0.22083333333333333 0.1884259259259259 0.021875 0.03796296296296296
0 0.3625 0.5212962962962963 0.022916666666666665 0.03888888888888889
0 0.40286458333333336 0.3638888888888889 0.0203125 0.037037037037037035
0 0.68828125 0.041666666666666664 0.021354166666666667 0.037037037037037035
0 0.48880208333333336 0.3837962962962963 0.021354166666666667 0.03796296296296296
0 0.23046875 0.4842592592592593 0.0234375 0.040740740740740744
0 0.5890625 0.3912037037037037 0.021875 0.03796296296296296
0 0.29453125 0.33194444444444443 0.022395833333333334 0.03796296296296296
0 0.47630208333333335 0.26944444444444443 0.0203125 0.037037037037037035
0 0.34817708333333336 0.6166666666666667 0.024479166666666666 0.040740740740740744
0 0.21328125 0.3537037037037037 0.0234375 0.03888888888888889
0 0.21354166666666666 0.674074074074074 0.025 0.04259259259259259
0 0.37526041666666665 0.5523148148148148 0.0234375 0.03981481481481482
0 0.6640625 0.2388888888888889 0.021875 0.03888888888888889
0 0.67265625 0.725925925925926 0.025520833333333333 0.044444444444444446
0 0.26067708333333334 0.6717592592592593 0.024479166666666666 0.041666666666666664
0 0.18098958333333334 0.47129629629629627 0.024479166666666666 0.040740740740740744
0 0.28359375 0.41759259259259257 0.0234375 0.040740740740740744
0 0.6393854166666666 0.6691944444444444 0.026692708333333332 0.0457962962962963
0 0.53359375 0.5226851851851851 0.022395833333333334 0.03981481481481482
0 0.48782291666666666 0.3008240740740741 0.023567708333333333 0.04053703703703704
0 0.42291666666666666 0.22361111111111112 0.021875 0.03796296296296296
0 0.22057291666666667 0.7800925925925926 0.025520833333333333 0.04351851851851852
0 0.6888020833333334 0.17175925925925925 0.022395833333333334 0.03796296296296296
0 0.68828125 0.6893518518518519 0.025520833333333333 0.04537037037037037
0 0.5588541666666667 0.6736111111111112 0.022916666666666665 0.041666666666666664
0 0.24947916666666667 0.32314814814814813 0.022916666666666665 0.037037037037037035
0 0.7111979166666667 0.0625 0.021354166666666667 0.03611111111111111
0 0.18776041666666668 0.525 0.025520833333333333 0.040740740740740744
0 0.18541666666666667 0.7643518518518518 0.026041666666666668 0.04351851851851852
0 0.24973958333333332 0.18935185185185185 0.022395833333333334 0.03796296296296296
0 0.32265625 0.4152777777777778 0.0234375 0.03981481481481482
0 0.6364583333333333 0.524074074074074 0.023958333333333335 0.040740740740740744
0 0.715625 0.3277777777777778 0.023958333333333335 0.040740740740740744
0 0.34817708333333336 0.15601851851851853 0.021354166666666667 0.03796296296296296
0 0.5997395833333333 0.4912037037037037 0.0234375 0.03981481481481482
0 0.5098958333333333 0.1439814814814815 0.020833333333333332 0.03796296296296296
0 0.6653645833333334 0.586574074074074 0.024479166666666666 0.04351851851851852
0 0.13958333333333334 0.5476851851851852 0.026041666666666668 0.041666666666666664
0 0.196875 0.8023148148148148 0.026041666666666668 0.04537037037037037
0 0.16015625 0.7611111111111111 0.0265625 0.046296296296296294
0 0.37942708333333336 0.1111111111111111 0.021354166666666667 0.03888888888888889
0 0.165625 0.20694444444444443 0.022916666666666665 0.03796296296296296
0 0.6174479166666667 0.7731481481481481 0.025520833333333333 0.046296296296296294
0 0.15833333333333333 0.6296296296296297 0.027083333333333334 0.044444444444444446
0 0.12838541666666667 0.3087962962962963 0.025520833333333333 0.03981481481481482
0 0.5723958333333333 0.8 0.025 0.046296296296296294
0 0.76875 0.5662037037037037 0.027083333333333334 0.04537037037037037