0 0.6033854166666667 0.34120370370370373 0.022395833333333334 0.03796296296296296
0 0.5888020833333333 0.13842592592592592 0.021354166666666667 0.03796296296296296
0 0.32890625 0.3125 0.021354166666666667 0.03796296296296296
0 0.6307291666666667 0.1449074074074074 0.020833333333333332 0.03796296296296296
0 0.6432291666666666 0.2050925925925926 0.020833333333333332 0.03796296296296296
0 0.23541666666666666 0.43425925925925923 0.022916666666666665 0.03888888888888889
0 0.52421875 0.2513888888888889 0.0203125 0.03796296296296296
0 0.38671875 0.362962962962963 0.021354166666666667 0.037037037037037035
0 0.559375 0.2564814814814815 0.020833333333333332 0.037037037037037035
0 0.6177083333333333 0.11018518518518519 0.020833333333333332 0.037037037037037035
0 0.4786458333333333 0.262037037037037 0.020833333333333332 0.037037037037037035
0 0.6052083333333333 0.06435185185185185 0.020833333333333332 0.03611111111111111
0 0.26015625 0.6208333333333333 0.0234375 0.03981481481481482
0 0.4778645833333333 0.35 0.021354166666666667 0.037037037037037035
0 0.43046875 0.09675925925925925 0.0203125 0.03611111111111111
0 0.2359375 0.6300925925925925 0.023958333333333335 0.041666666666666664
0 0.32890625 0.27685185185185185 0.021354166666666667 0.037037037037037035
0 0.29921875 0.6296296296296297 0.0234375 0.040740740740740744
0 0.33958333333333335 0.2439814814814815 0.020833333333333332 0.03611111111111111
0 0.4083333333333333 0.3578703703703704 0.021875 0.03796296296296296
0 0.65546875 0.6981481481481482 0.0234375 0.04259259259259259
0 0.28854166666666664 0.5675925925925925 0.022916666666666665 0.03888888888888889
0 0.35703125 0.6106481481481482 0.0234375 0.041666666666666664
0 0.37135416666666665 0.33425925925925926 0.020833333333333332 0.037037037037037035
0 0.5763020833333333 0.7060185185185185 0.024479166666666666 0.04351851851851852
0 0.49453125 0.37453703703703706 0.021354166666666667 0.03796296296296296
0 0.56875 0.15648148148148147 0.020833333333333332 0.037037037037037035
0 0.44583333333333336 0.12916666666666668 0.019791666666666666 0.03611111111111111
0 0.4166666666666667 0.4546296296296296 0.021875 0.03888888888888889
0 0.6744791666666666 0.6407407407407407 0.025 0.044444444444444446
0 0.3307291666666667 0.5819444444444445 0.022916666666666665 0.03981481481481482
0 0.6583333333333333 0.15416666666666667 0.020833333333333332 0.03611111111111111
0 0.46979166666666666 0.1361111111111111 0.020833333333333332 0.037037037037037035
0 0.66328125 0.06157407407407407 0.021354166666666667 0.03796296296296296
0 0.26145833333333335 0.487962962962963 0.022916666666666665 0.03888888888888889
0 0.5270833333333333 0.4787037037037037 0.021875 0.03888888888888889
0 0.2994791666666667 0.26481481481481484 0.021875 0.037037037037037035
0 0.5372395833333333 0.2875 0.021354166666666667 0.03796296296296296
0 0.6307291666666667 0.6939814814814815 0.023958333333333335 0.041666666666666664
0 0.37083333333333335 0.5180555555555556 0.022916666666666665 0.03981481481481482
0 0.5161458333333333 0.37824074074074077 0.020833333333333332 0.03796296296296296
0 0.4895833333333333 0.2935185185185185 0.020833333333333332 0.03888888888888889
0 0.25286458333333334 0.6597222222222222 0.024479166666666666 0.041666666666666664
0 0.23854166666666668 0.4888888888888889 0.022916666666666665 0.040740740740740744
0 0.35859375 0.5726851851851852 0.022395833333333334 0.03796296296296296
0 0.21510416666666668 0.5 0.022916666666666665 0.03888888888888889
0 0.2609375 0.449537037037037 0.023958333333333335 0.03981481481481482
0 0.33880208333333334 0.35509259259259257 0.022395833333333334 0.03796296296296296
0 0.53828125 0.2074074074074074 0.0203125 0.037037037037037035
0 0.3497395833333333 0.28564814814814815 0.021354166666666667 0.03611111111111111
0 0.5953125 0.09537037037037037 0.019791666666666666 0.03518518518518519
0 0.5934895833333333 0.6763888888888889 0.0234375 0.041666666666666664
0 0.49973958333333335 0.25833333333333336 0.019270833333333334 0.03518518518518519
0 0.25807291666666665 0.575925925925926 0.0234375 0.040740740740740744
0 0.4278645833333333 0.16620370370370371 0.0203125 0.03796296296296296
0 0.3182291666666667 0.24814814814814815 0.020833333333333332 0.037037037037037035
0 0.24505208333333334 0.7046296296296296 0.024479166666666666 0.04259259259259259
0 0.20807291666666666 0.4185185185185185 0.0234375 0.040740740740740744
0 0.32265625 0.6208333333333333 0.0234375 0.041666666666666664
0 0.26901041666666664 0.5393518518518519 0.0234375 0.041666666666666664
0 0.34921875 0.20787037037037037 0.021354166666666667 0.03796296296296296
0 0.5778645833333333 0.22962962962962963 0.021354166666666667 0.03888888888888889
0 0.45703125 0.2611111111111111 0.0203125 0.037037037037037035
0 0.28411458333333334 0.48148148148148145 0.0234375 0.040740740740740744
0 0.4744791666666667 0.3939814814814815 0.020833333333333332 0.03796296296296296
0 0.425 0.1310185185185185 0.020833333333333332 0.03611111111111111
0 0.6161458333333333 0.6402777777777777 0.023958333333333335 0.04351851851851852
0 0.325 0.21481481481481482 0.021875 0.037037037037037035
0 0.5299479166666666 0.40879629629629627 0.0203125 0.03796296296296296
0 0.559375 0.21296296296296297 0.020833333333333332 0.03888888888888889
0 0.34322916666666664 0.5472222222222223 0.022916666666666665 0.03888888888888889
0 0.46927083333333336 0.18055555555555555 0.020833333333333332 0.037037037037037035
0 0.34348958333333335 0.5083333333333333 0.0234375 0.040740740740740744
0 0.23098958333333333 0.7416666666666667 0.025520833333333333 0.04259259259259259
0 0.27421875 0.6712962962962963 0.024479166666666666 0.040740740740740744
0 0.66328125 0.22268518518518518 0.022395833333333334 0.03796296296296296
0 0.7111979166666667 0.26342592592592595 0.022395833333333334 0.03796296296296296
0 0.46510416666666665 0.2953703703703704 0.020833333333333332 0.037037037037037035
0 0.4991614583333333 0.47105555555555556 0.024359375000000003 0.04025
0 0.2513020833333333 0.28703703703703703 0.022395833333333334 0.037037037037037035
0 0.68828125 0.1111111111111111 0.021354166666666667 0.03518518518518519
0 0.28229166666666666 0.6050925925925926 0.023958333333333335 0.041666666666666664
0 0.6872395833333333 0.1486111111111111 0.022395833333333334 0.03796296296296296
0 0.2557291666666667 0.7393518518518518 0.025 0.04351851851851852
0 0.23463541666666668 0.5893518518518519 0.024479166666666666 0.041666666666666664
0 0.5161458333333333 0.287962962962963 0.020833333333333332 0.03888888888888889
0 0.35104166666666664 0.32037037037037036 0.020833333333333332 0.037037037037037035
0 0.43203125 0.5273148148148148 0.022395833333333334 0.03981481481481482
0 0.2984375 0.33425925925925926 0.022916666666666665 0.03888888888888889
0 0.46015625 0.5333333333333333 0.022395833333333334 0.037037037037037035
0 0.5505208333333333 0.4351851851851852 0.021875 0.03888888888888889
0 0.515609375 0.4475 0.023932291666666668 0.04314814814814815
0 0.4265625 0.487962962962963 0.021875 0.03888888888888889
0 0.37942708333333336 0.587037037037037 0.0234375 0.040740740740740744
0 0.22708333333333333 0.6782407407407407 0.025 0.04351851851851852
0 0.47734375 0.5097222222222222 0.022395833333333334 0.03796296296296296
0 0.384375 0.5481481481481482 0.022916666666666665 0.03888888888888889
0 0.21692708333333333 0.3597222222222222 0.0234375 0.03981481481481482
0 0.44453125 0.4074074074074074 0.021354166666666667 0.03888888888888889
0 0.2296875 0.3972222222222222 0.022916666666666665 0.037037037037037035
0 0.6854166666666667 0.02175925925925926 0.020833333333333332 0.03611111111111111
0 0.684375 0.7041666666666667 0.025 0.04537037037037037
0 0.6971354166666667 0.6671296296296296 0.024479166666666666 0.04351851851851852
0 0.5549479166666667 0.6814814814814815 0.0234375 0.040740740740740744
0 0.3924479166666667 0.45694444444444443 0.022395833333333334 0.03981481481481482
0 0.22135416666666666 0.19490740740740742 0.022916666666666665 0.03981481481481482
0 0.59140625 0.37546296296296294 0.022395833333333334 0.03796296296296296
0 0.6197916666666666 0.19953703703703704 0.020833333333333332 0.03611111111111111
0 0.57734375 0.08287037037037037 0.021354166666666667 0.03796296296296296
0 0.18828125 0.48009259259259257 0.024479166666666666 0.041666666666666664
0 0.25364583333333335 0.3263888888888889 0.022916666666666665 0.03796296296296296
0 0.5411458333333333 0.5083333333333333 0.021875 0.03888888888888889
0 0.32005208333333335 0.5444444444444444 0.021354166666666667 0.037037037037037035
0 0.4244791666666667 0.21805555555555556 0.021875 0.03981481481481482
0 0.709375 0.03981481481481482 0.020833333333333332 0.03518518518518519
0 0.28958333333333336 0.4222222222222222 0.023958333333333335 0.040740740740740744
0 0.5716145833333334 0.6541666666666667 0.0234375 0.041666666666666664
0 0.2015625 0.7722222222222223 0.026041666666666668 0.044444444444444446
0 0.6486979166666667 0.6481481481481481 0.0234375 0.04259259259259259
0 0.19583333333333333 0.5324074074074074 0.025 0.04259259259259259
0 0.4166666666666667 0.3939814814814815 0.021875 0.03796296296296296
0 0.25078125 0.19398148148148148 0.022395833333333334 0.03796296296296296
0 0.34869791666666666 0.15601851851851853 0.021354166666666667 0.03796296296296296
0 0.29244791666666664 0.5189814814814815 0.022395833333333334 0.03981481481481482
0 0.7114583333333333 0.3037037037037037 0.022916666666666665 0.03888888888888889
0 0.3294270833333333 0.4162037037037037 0.0234375 0.03981481481481482
0 0.6052083333333333 0.4699074074074074 0.023958333333333335 0.03981481481481482
0 0.6427083333333333 0.49953703703703706 0.022916666666666665 0.03981481481481482
0 0.2359375 0.7851851851851852 0.026041666666666668 0.044444444444444446
0 0.6716145833333333 0.5625 0.024479166666666666 0.04351851851851852
0 0.6302083333333334 0.7523148148148148 0.025 0.04537037037037037
0 0.5104166666666666 0.13287037037037036 0.020833333333333332 0.03796296296296296
0 0.37864583333333335 0.11388888888888889 0.021875 0.03888888888888889
0 0.21197916666666666 0.8087962962962963 0.027083333333333334 0.04537037037037037
0 0.17552083333333332 0.7731481481481481 0.026041666666666668 0.046296296296296294
0 0.17057291666666666 0.6365740740740741 0.0265625 0.04351851851851852
0 0.14869791666666668 0.5597222222222222 0.0265625 0.04351851851851852
0 0.16536458333333334 0.21712962962962962 0.0234375 0.03981481481481482
0 0.5880208333333333 0.7777777777777778 0.025 0.046296296296296294
0 0.13229166666666667 0.32037037037037036 0.025 0.040740740740740744
0 0.7744791666666667 0.5375 0.026041666666666668 0.04351851851851852