0 0.6580729166666667 0.14907407407407408 0.021354166666666667 0.037037037037037035
0 0.5880208333333333 0.13287037037037036 0.020833333333333332 0.03796296296296296
0 0.4640625 0.5527777777777778 0.021875 0.037037037037037035
0 0.50546875 0.5055555555555555 0.021354166666666667 0.037037037037037035
0 0.48776041666666664 0.5300925925925926 0.021354166666666667 0.03796296296296296
0 0.6263020833333334 0.10694444444444444 0.0203125 0.03425925925925926
0 0.5317708333333333 0.46111111111111114 0.021875 0.03888888888888889
0 0.44427083333333334 0.5370370370370371 0.021875 0.037037037037037035
0 0.46458333333333335 0.5152777777777777 0.021875 0.03796296296296296
0 0.49456249999999996 0.2205925925925926 0.021416666666666664 0.039324074074074074
0 0.63046875 0.14166666666666666 0.021354166666666667 0.037037037037037035
0 0.44453125 0.5773148148148148 0.022395833333333334 0.03796296296296296
0 0.30833333333333335 0.2708333333333333 0.021875 0.03611111111111111
0 0.60625 0.06111111111111111 0.020833333333333332 0.037037037037037035
0 0.42265625 0.5699074074074074 0.022395833333333334 0.03796296296296296
0 0.4088541666666667 0.5412037037037037 0.022916666666666665 0.03981481481481482
0 0.4171875 0.6087962962962963 0.021875 0.03981481481481482
0 0.31536458333333334 0.2375 0.021354166666666667 0.03611111111111111
0 0.47685416666666663 0.3498981481481481 0.022458333333333334 0.042379629629629635
0 0.46588541666666666 0.5888888888888889 0.022395833333333334 0.03888888888888889
0 0.5208333333333334 0.5324074074074074 0.021875 0.037037037037037035
0 0.43984375 0.6171296296296296 0.0234375 0.03981481481481482
0 0.5036458333333333 0.25277777777777777 0.020833333333333332 0.037037037037037035
0 0.27447916666666666 0.5115740740740741 0.022916666666666665 0.03981481481481482
0 0.5690104166666666 0.725462962962963 0.0234375 0.041666666666666664
0 0.6565104166666667 0.3439814814814815 0.022395833333333334 0.03796296296296296
0 0.3502604166666667 0.20046296296296295 0.021354166666666667 0.03796296296296296
0 0.50703125 0.40324074074074073 0.021354166666666667 0.03796296296296296
0 0.5247395833333334 0.4263888888888889 0.022395833333333334 0.03796296296296296
0 0.44635416666666666 0.1699074074074074 0.020833333333333332 0.03611111111111111
0 0.3268229166666667 0.20694444444444443 0.021354166666666667 0.03611111111111111
0 0.58359375 0.6912037037037037 0.0234375 0.041666666666666664
0 0.421875 0.2388888888888889 0.020833333333333332 0.037037037037037035
0 0.60625 0.09814814814814815 0.019791666666666666 0.037037037037037035
0 0.5455729166666666 0.5226851851851851 0.022395833333333334 0.03796296296296296
0 0.4752604166666667 0.1865740740740741 0.0203125 0.03611111111111111
0 0.48463541666666665 0.4930555555555556 0.021354166666666667 0.03796296296296296
0 0.28619791666666666 0.4726851851851852 0.0234375 0.03981481481481482
0 0.33984375 0.2351851851851852 0.022395833333333334 0.037037037037037035
0 0.5052083333333334 0.19212962962962962 0.019791666666666666 0.03425925925925926
0 0.26197916666666665 0.4777777777777778 0.022916666666666665 0.03888888888888889
0 0.5408854166666667 0.1935185185185185 0.0203125 0.03518518518518519
0 0.42421875 0.17685185185185184 0.0203125 0.03518518518518519
0 0.45677083333333335 0.20462962962962963 0.020833333333333332 0.037037037037037035
0 0.22994791666666667 0.3902777777777778 0.0234375 0.03981481481481482
0 0.6872395833333333 0.14537037037037037 0.022395833333333334 0.037037037037037035
0 0.5489583333333333 0.48518518518518516 0.021875 0.03888888888888889
0 0.5255208333333333 0.38287037037037036 0.020833333333333332 0.03611111111111111
0 0.30963541666666666 0.6175925925925926 0.0234375 0.040740740740740744
0 0.39791666666666664 0.2412037037037037 0.021875 0.03796296296296296
0 0.52421875 0.1675925925925926 0.0203125 0.037037037037037035
0 0.40729166666666666 0.20879629629629629 0.021875 0.03796296296296296
0 0.49453125 0.36944444444444446 0.021354166666666667 0.037037037037037035
0 0.521875 0.2125 0.020833333333333332 0.03796296296296296
0 0.3307291666666667 0.30648148148148147 0.021875 0.03888888888888889
0 0.44557291666666665 0.2351851851851852 0.0203125 0.037037037037037035
0 0.2513020833333333 0.5189814814814815 0.0234375 0.03981481481481482
0 0.3546875 0.65 0.022916666666666665 0.040740740740740744
0 0.3497395833333333 0.14953703703703702 0.021354166666666667 0.03981481481481482
0 0.5861979166666667 0.08657407407407407 0.0203125 0.03611111111111111
0 0.56875 0.649074074074074 0.023958333333333335 0.040740740740740744
0 0.5890625 0.7513888888888889 0.025 0.04351851851851852
0 0.209375 0.7236111111111111 0.025 0.04351851851851852
0 0.4010416666666667 0.17824074074074073 0.020833333333333332 0.03611111111111111
0 0.35833333333333334 0.47824074074074074 0.022916666666666665 0.03981481481481482
0 0.5239583333333333 0.2828703703703704 0.021875 0.03796296296296296
0 0.50703125 0.45787037037037037 0.022395833333333334 0.03981481481481482
0 0.28828125 0.4351851851851852 0.0234375 0.03888888888888889
0 0.23567708333333334 0.7268518518518519 0.024479166666666666 0.04259259259259259
0 0.21171875 0.49166666666666664 0.0234375 0.03888888888888889
0 0.56875 0.15046296296296297 0.020833333333333332 0.03796296296296296
0 0.5158854166666667 0.3523148148148148 0.021354166666666667 0.03611111111111111
0 0.5596354166666667 0.6851851851851852 0.0234375 0.04259259259259259
0 0.33151041666666664 0.65 0.0234375 0.040740740740740744
0 0.25416666666666665 0.3175925925925926 0.022916666666666665 0.03888888888888889
0 0.6638020833333333 0.05694444444444444 0.021354166666666667 0.03611111111111111
0 0.47239583333333335 0.2263888888888889 0.019791666666666666 0.03611111111111111
0 0.5682291666666667 0.5236111111111111 0.021875 0.03796296296296296
0 0.29270833333333335 0.24953703703703703 0.020833333333333332 0.03611111111111111
0 0.5598958333333334 0.5574074074074075 0.021875 0.037037037037037035
0 0.4479166666666667 0.3388888888888889 0.021875 0.03888888888888889
0 0.43244791666666665 0.20876851851851852 0.02322916666666667 0.03976851851851852
0 0.2526041666666667 0.27870370370370373 0.022916666666666665 0.037037037037037035
0 0.46197916666666666 0.2574074074074074 0.020833333333333332 0.037037037037037035
0 0.19427083333333334 0.5263888888888889 0.025 0.041666666666666664
0 0.6427083333333333 0.7171296296296297 0.025 0.04537037037037037
0 0.37890625 0.6462962962962963 0.0234375 0.040740740740740744
0 0.6885416666666667 0.10694444444444444 0.021875 0.03611111111111111
0 0.5588541666666667 0.2101851851851852 0.020833333333333332 0.03888888888888889
0 0.6705729166666666 0.21342592592592594 0.022395833333333334 0.03796296296296296
0 0.22239583333333332 0.18703703703703703 0.022916666666666665 0.03888888888888889
0 0.5645833333333333 0.5953703703703703 0.022916666666666665 0.040740740740740744
0 0.41875 0.35185185185185186 0.021875 0.037037037037037035
0 0.1875 0.4675925925925926 0.025 0.040740740740740744
0 0.34270833333333334 0.4462962962962963 0.022916666666666665 0.03888888888888889
0 0.69296875 0.6569444444444444 0.025520833333333333 0.04537037037037037
0 0.35494791666666664 0.5976851851851852 0.0234375 0.041666666666666664
0 0.6510416666666666 0.6652777777777777 0.023958333333333335 0.04351851851851852
0 0.2994791666666667 0.5833333333333334 0.023958333333333335 0.040740740740740744
0 0.24453125 0.4273148148148148 0.0234375 0.03981481481481482
0 0.1984375 0.7652777777777777 0.025 0.04351851851851852
0 0.21770833333333334 0.35185185185185186 0.022916666666666665 0.03888888888888889
0 0.5390625 0.3101851851851852 0.021875 0.03888888888888889
0 0.6286458333333333 0.7513888888888889 0.023958333333333335 0.04351851851851852
0 0.58359375 0.6175925925925926 0.0234375 0.040740740740740744
0 0.5286458333333334 0.49675925925925923 0.020833333333333332 0.03796296296296296
0 0.43645833333333334 0.14074074074074075 0.020833333333333332 0.037037037037037035
0 0.3703125 0.5125 0.022916666666666665 0.041666666666666664
0 0.3880208333333333 0.5763888888888888 0.022916666666666665 0.03981481481481482
0 0.22604166666666667 0.6861111111111111 0.025 0.04259259259259259
0 0.31796875 0.08194444444444444 0.021354166666666667 0.03796296296296296
0 0.23072916666666668 0.7722222222222223 0.025 0.04259259259259259
0 0.43645833333333334 0.3768518518518518 0.021875 0.03888888888888889
0 0.2989583333333333 0.32546296296296295 0.022916666666666665 0.03796296296296296
0 0.3026041666666667 0.12314814814814815 0.021875 0.03888888888888889
0 0.37942708333333336 0.2587962962962963 0.021354166666666667 0.03796296296296296
0 0.2515625 0.18611111111111112 0.021875 0.037037037037037035
0 0.68671875 0.018518518518518517 0.021354166666666667 0.03518518518518519
0 0.646875 0.2 0.021875 0.03888888888888889
0 0.5856770833333333 0.7962962962962963 0.024479166666666666 0.044444444444444446
0 0.2565104166666667 0.6865740740740741 0.025520833333333333 0.04351851851851852
0 0.18932291666666667 0.39166666666666666 0.024479166666666666 0.040740740740740744
0 0.6197916666666666 0.28935185185185186 0.022916666666666665 0.03981481481481482
0 0.68046875 0.7046296296296296 0.024479166666666666 0.044444444444444446
0 0.3546875 0.09212962962962963 0.021875 0.03981481481481482
0 0.3346354166666667 0.26990740740740743 0.021354166666666667 0.03611111111111111
0 0.71015625 0.03611111111111111 0.021354166666666667 0.03518518518518519
0 0.6682291666666667 0.3768518518518518 0.022916666666666665 0.03888888888888889
0 0.33932291666666664 0.3476851851851852 0.022395833333333334 0.03981481481481482
0 0.24947916666666667 0.7972222222222223 0.026041666666666668 0.044444444444444446
0 0.17369791666666667 0.7592592592592593 0.0265625 0.046296296296296294
0 0.48020833333333335 0.12037037037037036 0.021875 0.03888888888888889
0 0.39947916666666666 0.4550925925925926 0.022916666666666665 0.03981481481481482
0 0.2078125 0.8046296296296296 0.026041666666666668 0.044444444444444446
0 0.5973958333333333 0.34444444444444444 0.021875 0.03888888888888889
0 0.14947916666666666 0.549537037037037 0.026041666666666668 0.041666666666666664
0 0.5661458333333333 0.8199074074074074 0.025 0.04537037037037037
0 0.16640625 0.20879629629629629 0.022395833333333334 0.03796296296296296
0 0.17109375 0.6217592592592592 0.0265625 0.04351851851851852
0 0.13307291666666668 0.31203703703703706 0.024479166666666666 0.03888888888888889
0 0.7692708333333333 0.5296296296296297 0.026041666666666668 0.04259259259259259