0 0.47760416666666666 0.41712962962962963 0.021875 0.03796296296296296
0 0.5265625 0.15648148148148147 0.020833333333333332 0.03518518518518519
0 0.5104166666666666 0.13518518518518519 0.019791666666666666 0.03518518518518519
0 0.495296875 0.1601388888888889 0.020796875 0.038796296296296294
0 0.53046875 0.12268518518518519 0.0203125 0.03425925925925926
0 0.475 0.3375 0.021875 0.03796296296296296
0 0.5468385416666667 0.14527777777777778 0.02284375 0.040546296296296296
0 0.4197916666666667 0.30324074074074076 0.020833333333333332 0.03611111111111111
0 0.53046875 0.4638888888888889 0.021354166666666667 0.03888888888888889
0 0.37265625 0.15925925925925927 0.0203125 0.037037037037037035
0 0.49114583333333334 0.36064814814814816 0.021875 0.03796296296296296
0 0.31171875 0.337037037037037 0.021354166666666667 0.03888888888888889
0 0.27005208333333336 0.23657407407407408 0.021354166666666667 0.03611111111111111
0 0.26015625 0.26944444444444443 0.021354166666666667 0.037037037037037035
0 0.24244791666666668 0.28888888888888886 0.022395833333333334 0.037037037037037035
0 0.44244791666666666 0.2953703703703704 0.021354166666666667 0.037037037037037035
0 0.53359375 0.41759259259259257 0.022395833333333334 0.040740740740740744
0 0.550765625 0.11152777777777778 0.021317708333333334 0.03787037037037037
0 0.24658854166666666 0.3240092592592593 0.024427083333333332 0.04246296296296296
0 0.5114583333333333 0.34305555555555556 0.021875 0.03796296296296296
0 0.22261979166666668 0.34299074074074076 0.023364583333333334 0.039685185185185184
0 0.42161458333333335 0.18425925925925926 0.0203125 0.037037037037037035
0 0.2838541666666667 0.26157407407407407 0.021875 0.03796296296296296
0 0.5111979166666667 0.18333333333333332 0.0203125 0.037037037037037035
0 0.55 0.44583333333333336 0.021875 0.03796296296296296
0 0.48411458333333335 0.45787037037037037 0.021354166666666667 0.03796296296296296
0 0.44921875 0.13796296296296295 0.0203125 0.03888888888888889
0 0.5744791666666667 0.7129629629629629 0.023958333333333335 0.04259259259259259
0 0.45729166666666665 0.3199074074074074 0.020833333333333332 0.03611111111111111
0 0.284375 0.20879629629629629 0.021875 0.03796296296296296
0 0.5067708333333333 0.4671296296296296 0.021875 0.03796296296296296
0 0.22552083333333334 0.27175925925925926 0.021875 0.03796296296296296
0 0.5049479166666667 0.4300925925925926 0.021354166666666667 0.03796296296296296
0 0.47599479166666664 0.15083333333333335 0.02178645833333333 0.040546296296296296
0 0.2669270833333333 0.30972222222222223 0.022395833333333334 0.03796296296296296
0 0.20078125 0.37453703703703706 0.022395833333333334 0.03796296296296296
0 0.25494791666666666 0.5337962962962963 0.0234375 0.03981481481481482
0 0.3028645833333333 0.24166666666666667 0.021354166666666667 0.037037037037037035
0 0.6505208333333333 0.6648148148148149 0.022916666666666665 0.040740740740740744
0 0.4703125 0.4888888888888889 0.021875 0.03888888888888889
0 0.5348802083333334 0.1888425925925926 0.022880208333333332 0.04064814814814815
0 0.45651041666666664 0.3597222222222222 0.021354166666666667 0.03796296296296296
0 0.20286458333333332 0.3282407407407407 0.022395833333333334 0.03611111111111111
0 0.5489583333333333 0.4861111111111111 0.021875 0.03888888888888889
0 0.5919270833333333 0.6847222222222222 0.0234375 0.041666666666666664
0 0.5588541666666667 0.16944444444444445 0.020833333333333332 0.03518518518518519
0 0.3314739583333333 0.35461111111111115 0.023364583333333334 0.03886111111111111
0 0.18174479166666666 0.5869444444444444 0.024947916666666667 0.04610185185185185
0 0.2671875 0.562962962962963 0.022916666666666665 0.03888888888888889
0 0.49583333333333335 0.5060185185185185 0.021875 0.03981481481481482
0 0.35052083333333334 0.3675925925925926 0.021875 0.03888888888888889
0 0.5192708333333333 0.5 0.021875 0.03888888888888889
0 0.16354166666666667 0.6166666666666667 0.026041666666666668 0.04259259259259259
0 0.6408854166666667 0.712037037037037 0.024479166666666666 0.04259259259259259
0 0.42916666666666664 0.33564814814814814 0.020833333333333332 0.03796296296296296
0 0.29010416666666666 0.5740740740740741 0.023958333333333335 0.040740740740740744
0 0.31354166666666666 0.21064814814814814 0.021875 0.03796296296296296
0 0.25625 0.4861111111111111 0.023958333333333335 0.040740740740740744
0 0.5427083333333333 0.07037037037037037 0.020833333333333332 0.037037037037037035
0 0.24166666666666667 0.2449074074074074 0.022916666666666665 0.03796296296296296
0 0.41015625 0.15694444444444444 0.021354166666666667 0.03611111111111111
0 0.5697916666666667 0.6717592592592593 0.023958333333333335 0.03981481481481482
0 0.20572916666666666 0.7759259259259259 0.025 0.04259259259259259
0 0.25125520833333337 0.7610648148148148 0.027515625 0.046203703703703705
0 0.4875 0.11805555555555555 0.019791666666666666 0.03611111111111111
0 0.6291666666666667 0.6458333333333334 0.023958333333333335 0.041666666666666664
0 0.18411458333333333 0.6648148148148149 0.025520833333333333 0.04259259259259259
0 0.39036458333333335 0.17453703703703705 0.0203125 0.03796296296296296
0 0.6544270833333333 0.3458333333333333 0.022395833333333334 0.03981481481481482
0 0.5921875 0.7453703703703703 0.025 0.04259259259259259
0 0.6002604166666666 0.6444444444444445 0.024479166666666666 0.04259259259259259
0 0.4036458333333333 0.5523148148148148 0.021875 0.03981481481481482
0 0.39453125 0.5972222222222222 0.0234375 0.040740740740740744
0 0.43828125 0.26064814814814813 0.021354166666666667 0.03611111111111111
0 0.5057291666666667 0.09675925925925925 0.020833333333333332 0.03796296296296296
0 0.18541666666666667 0.42592592592592593 0.023958333333333335 0.03888888888888889
0 0.1578125 0.6652777777777777 0.026041666666666668 0.04351851851851852
0 0.58671875 0.7870370370370371 0.025520833333333333 0.044444444444444446
0 0.3807291666666667 0.5675925925925925 0.021875 0.040740740740740744
0 0.22578125 0.8004629629629629 0.024479166666666666 0.04351851851851852
0 0.5622395833333333 0.0824074074074074 0.021354166666666667 0.037037037037037035
0 0.18098958333333334 0.750462962962963 0.025520833333333333 0.04351851851851852
0 0.2518229166666667 0.18564814814814815 0.021354166666666667 0.03796296296296296
0 0.5520833333333334 0.5254629629629629 0.022916666666666665 0.03981481481481482
0 0.1765625 0.5296296296296297 0.025 0.04259259259259259
0 0.6669270833333333 0.37777777777777777 0.0234375 0.040740740740740744
0 0.6278645833333333 0.06527777777777778 0.0203125 0.03611111111111111
0 0.340625 0.41203703703703703 0.022916666666666665 0.040740740740740744
0 0.42552083333333335 0.5587962962962963 0.022916666666666665 0.03981481481481482
0 0.6283854166666667 0.749537037037037 0.024479166666666666 0.04351851851851852
0 0.30572916666666666 0.6111111111111112 0.023958333333333335 0.04259259259259259
0 0.44140625 0.19583333333333333 0.0203125 0.03611111111111111
0 0.43828125 0.40694444444444444 0.022395833333333334 0.03981481481481482
0 0.6671875 0.0763888888888889 0.020833333333333332 0.03611111111111111
0 0.5723958333333333 0.6263888888888889 0.023958333333333335 0.04351851851851852
0 0.2591145833333333 0.350462962962963 0.0234375 0.03981481481481482
0 0.6794270833333333 0.05 0.0203125 0.03333333333333333
0 0.49895833333333334 0.3958333333333333 0.020833333333333332 0.03611111111111111
0 0.6067708333333334 0.06296296296296296 0.020833333333333332 0.037037037037037035
0 0.6770833333333334 0.7037037037037037 0.025 0.044444444444444446
0 0.365625 0.4152777777777778 0.022916666666666665 0.03981481481481482
0 0.4505208333333333 0.5106481481481482 0.022916666666666665 0.03981481481481482
0 0.1875 0.4675925925925926 0.025 0.040740740740740744
0 0.6572916666666667 0.03935185185185185 0.020833333333333332 0.03611111111111111
0 0.5354166666666667 0.037037037037037035 0.020833333333333332 0.037037037037037035
0 0.26015625 0.6050925925925926 0.024479166666666666 0.04351851851851852
0 0.22239583333333332 0.18703703703703703 0.021875 0.03888888888888889
0 0.6888020833333334 0.6555555555555556 0.025520833333333333 0.044444444444444446
0 0.6861979166666666 0.017592592592592594 0.021354166666666667 0.03333333333333333
0 0.18125 0.7953703703703704 0.025 0.04259259259259259
0 0.22994791666666667 0.37777777777777777 0.0234375 0.040740740740740744
0 0.17473958333333334 0.3800925925925926 0.0234375 0.03981481481481482
0 0.296875 0.7125 0.025 0.04351851851851852
0 0.6591145833333333 0.43287037037037035 0.0234375 0.03981481481481482
0 0.24869791666666666 0.812037037037037 0.025520833333333333 0.044444444444444446
0 0.2203125 0.4759259259259259 0.023958333333333335 0.040740740740740744
0 0.27239583333333334 0.7162037037037037 0.023958333333333335 0.041666666666666664
0 0.20390625 0.7277777777777777 0.025520833333333333 0.044444444444444446
0 0.5651041666666666 0.5583333333333333 0.022916666666666665 0.040740740740740744
0 0.29609375 0.1361111111111111 0.022395833333333334 0.03888888888888889
0 0.15494791666666666 0.5097222222222222 0.024479166666666666 0.03981481481481482
0 0.5533854166666666 0.2050925925925926 0.021354166666666667 0.03981481481481482
0 0.6296875 0.42314814814814816 0.022916666666666665 0.03888888888888889
0 0.4078125 0.42592592592592593 0.021875 0.03888888888888889
0 0.6794270833333333 0.5884259259259259 0.024479166666666666 0.04351851851851852
0 0.353125 0.5634259259259259 0.022916666666666665 0.041666666666666664
0 0.20260416666666667 0.8212962962962963 0.026041666666666668 0.044444444444444446
0 0.2609375 0.41574074074074074 0.023958333333333335 0.040740740740740744
0 0.14453125 0.5541666666666667 0.025520833333333333 0.04351851851851852
0 0.3841145833333333 0.2898148148148148 0.022395833333333334 0.03888888888888889
0 0.14453125 0.7078703703703704 0.0265625 0.04537037037037037
0 0.15208333333333332 0.7699074074074074 0.027083333333333334 0.04537037037037037
0 0.7096354166666666 0.03611111111111111 0.021354166666666667 0.037037037037037035
0 0.59453125 0.3611111111111111 0.022395833333333334 0.03888888888888889
0 0.31588541666666664 0.0962962962962963 0.021354166666666667 0.03888888888888889
0 0.5700520833333333 0.8194444444444444 0.025520833333333333 0.046296296296296294
0 0.6002604166666666 0.21064814814814814 0.021354166666666667 0.03796296296296296
0 0.3609375 0.225 0.021875 0.03888888888888889
0 0.16666666666666666 0.20833333333333334 0.022916666666666665 0.03888888888888889
0 0.13333333333333333 0.31157407407407406 0.025 0.03981481481481482
0 0.7658854166666667 0.5282407407407408 0.025520833333333333 0.04351851851851852