0 0.25234375 0.7574074074074074 0.0265625 0.044444444444444446
0 0.24635416666666668 0.3087962962962963 0.022916666666666665 0.03981481481481482
0 0.27317708333333335 0.7152777777777778 0.024479166666666666 0.04351851851851852
0 0.24192708333333332 0.275 0.022395833333333334 0.037037037037037035
0 0.47630208333333335 0.3611111111111111 0.022395833333333334 0.040740740740740744
0 0.65234375 0.6722222222222223 0.024479166666666666 0.04259259259259259
0 0.2994791666666667 0.22361111111111112 0.022916666666666665 0.03796296296296296
0 0.6393229166666666 0.7097222222222223 0.024479166666666666 0.04351851851851852
0 0.46601041666666665 0.32971296296296293 0.022640625 0.03872222222222222
0 0.24557291666666667 0.18287037037037038 0.022395833333333334 0.03796296296296296
0 0.29765625 0.7101851851851851 0.025520833333333333 0.044444444444444446
0 0.49453125 0.37962962962962965 0.022395833333333334 0.03888888888888889
0 0.26666666666666666 0.30462962962962964 0.022916666666666665 0.03888888888888889
0 0.21510416666666668 0.3574074074074074 0.022916666666666665 0.03888888888888889
0 0.2078125 0.5222222222222223 0.023958333333333335 0.040740740740740744
0 0.19322916666666667 0.3592592592592593 0.022916666666666665 0.037037037037037035
0 0.18046875 0.33425925925925926 0.0234375 0.037037037037037035
0 0.5104166666666666 0.3050925925925926 0.021875 0.03981481481481482
0 0.24270833333333333 0.24259259259259258 0.022916666666666665 0.03888888888888889
0 0.5455729166666666 0.48518518518518516 0.022395833333333334 0.03888888888888889
0 0.20520833333333333 0.7268518518518519 0.026041666666666668 0.044444444444444446
0 0.171875 0.3768518518518518 0.022916666666666665 0.03888888888888889
0 0.5713541666666667 0.19074074074074074 0.020833333333333332 0.03888888888888889
0 0.5119791666666667 0.40185185185185185 0.021875 0.03888888888888889
0 0.2046875 0.31527777777777777 0.021875 0.03611111111111111
0 0.259375 0.20787037037037037 0.022916666666666665 0.03796296296296296
0 0.22109375 0.2671296296296296 0.022395833333333334 0.03611111111111111
0 0.4875 0.30648148148148147 0.021875 0.03888888888888889
0 0.5231770833333333 0.46574074074074073 0.022395833333333334 0.03888888888888889
0 0.19114583333333332 0.3962962962962963 0.023958333333333335 0.03888888888888889
0 0.5255208333333333 0.5046296296296297 0.022916666666666665 0.040740740740740744
0 0.46770833333333334 0.22037037037037038 0.021875 0.03888888888888889
0 0.49973958333333335 0.33796296296296297 0.022395833333333334 0.037037037037037035
0 0.44296875 0.20972222222222223 0.021354166666666667 0.03796296296296296
0 0.2833333333333333 0.2671296296296296 0.022916666666666665 0.03981481481481482
0 0.28567708333333336 0.32037037037037036 0.022395833333333334 0.037037037037037035
0 0.56171875 0.5106481481481482 0.0234375 0.041666666666666664
0 0.6755208333333333 0.7032407407407407 0.026041666666666668 0.04537037037037037
0 0.45677083333333335 0.4263888888888889 0.022916666666666665 0.03796296296296296
0 0.5517760416666667 0.09412037037037038 0.022302083333333333 0.04009259259259259
0 0.3046875 0.25787037037037036 0.021875 0.03796296296296296
0 0.5919270833333333 0.6847222222222222 0.024479166666666666 0.04351851851851852
0 0.18333333333333332 0.46296296296296297 0.023958333333333335 0.040740740740740744
0 0.18567708333333333 0.6648148148148149 0.0265625 0.044444444444444446
0 0.2596354166666667 0.5925925925925926 0.024479166666666666 0.040740740740740744
0 0.14609375 0.7078703703703704 0.027604166666666666 0.04722222222222222
0 0.628125 0.7481481481481481 0.025 0.044444444444444446
0 0.6270833333333333 0.06620370370370371 0.020833333333333332 0.03611111111111111
0 0.6091145833333333 0.6560185185185186 0.024479166666666666 0.04351851851851852
0 0.16510416666666666 0.6162037037037037 0.026041666666666668 0.04351851851851852
0 0.55 0.44722222222222224 0.022916666666666665 0.03888888888888889
0 0.32708333333333334 0.2810185185185185 0.021875 0.03796296296296296
0 0.18229166666666666 0.7509259259259259 0.025 0.044444444444444446
0 0.15963541666666667 0.6648148148148149 0.0265625 0.044444444444444446
0 0.15416666666666667 0.7694444444444445 0.027083333333333334 0.046296296296296294
0 0.44479166666666664 0.31805555555555554 0.021875 0.03981481481481482
0 0.6121458333333333 0.10917592592592593 0.022890625 0.03960185185185185
0 0.2625 0.27314814814814814 0.022916666666666665 0.03888888888888889
0 0.575 0.712037037037037 0.025 0.044444444444444446
0 0.48046875 0.24722222222222223 0.022395833333333334 0.03888888888888889
0 0.18489583333333334 0.29953703703703705 0.022916666666666665 0.03611111111111111
0 0.5872395833333334 0.7856481481481481 0.0265625 0.04537037037037037
0 0.25442708333333336 0.6351851851851852 0.0265625 0.044444444444444446
0 0.23731770833333332 0.3527777777777778 0.024635416666666667 0.03888888888888889
0 0.20703125 0.774074074074074 0.025520833333333333 0.04259259259259259
0 0.56953125 0.6675925925925926 0.024479166666666666 0.04259259259259259
0 0.22734375 0.799537037037037 0.025520833333333333 0.04351851851851852
0 0.5049479166666667 0.48935185185185187 0.022395833333333334 0.03981481481481482
0 0.27708333333333335 0.18888888888888888 0.022916666666666665 0.03888888888888889
0 0.5057291666666667 0.44305555555555554 0.021875 0.03796296296296296
0 0.22317708333333333 0.1884259259259259 0.022395833333333334 0.03796296296296296
0 0.47890625 0.4050925925925926 0.022395833333333334 0.03981481481481482
0 0.5924479166666666 0.7439814814814815 0.025520833333333333 0.04351851851851852
0 0.41432291666666665 0.20416666666666666 0.021354166666666667 0.03796296296296296
0 0.6989583333333333 0.3541666666666667 0.023958333333333335 0.03981481481481482
0 0.18229166666666666 0.7949074074074074 0.025 0.04351851851851852
0 0.3502604166666667 0.27314814814814814 0.022395833333333334 0.03888888888888889
0 0.68046875 0.6138888888888889 0.025520833333333333 0.044444444444444446
0 0.25026041666666665 0.8106481481481481 0.025520833333333333 0.04537037037037037
0 0.23177083333333334 0.5189814814814815 0.025 0.041666666666666664
0 0.22760416666666666 0.15231481481481482 0.021875 0.03796296296296296
0 0.6330729166666667 0.6444444444444445 0.025520833333333333 0.044444444444444446
0 0.5301614583333333 0.42285185185185187 0.02282291666666667 0.039490740740740736
0 0.17760416666666667 0.5296296296296297 0.025 0.04259259259259259
0 0.55078125 0.052314814814814814 0.022395833333333334 0.03796296296296296
0 0.1828125 0.5856481481481481 0.026041666666666668 0.04351851851851852
0 0.14609375 0.5541666666666667 0.025520833333333333 0.04351851851851852
0 0.5692552083333333 0.07475925925925926 0.021848958333333335 0.041129629629629634
0 0.5479166666666667 0.19768518518518519 0.021875 0.03796296296296296
0 0.5174479166666667 0.362962962962963 0.022395833333333334 0.03888888888888889
0 0.24192708333333332 0.5657407407407408 0.025520833333333333 0.04259259259259259
0 0.6861979166666666 0.6560185185185186 0.0265625 0.04537037037037037
0 0.6817708333333333 0.38101851851851853 0.022916666666666665 0.03981481481481482
0 0.19583333333333333 0.4935185185185185 0.023958333333333335 0.040740740740740744
0 0.6575520833333334 0.04027777777777778 0.021354166666666667 0.03796296296296296
0 0.15625 0.5101851851851852 0.025 0.04259259259259259
0 0.6671875 0.07731481481481481 0.021875 0.03611111111111111
0 0.5669270833333333 0.4699074074074074 0.021354166666666667 0.03796296296296296
0 0.4625 0.4634259259259259 0.023958333333333335 0.03981481481481482
0 0.2981770833333333 0.18287037037037038 0.022395833333333334 0.03981481481481482
0 0.6794270833333333 0.05138888888888889 0.021354166666666667 0.03425925925925926
0 0.6067708333333334 0.06435185185185185 0.021875 0.03796296296296296
0 0.17369791666666667 0.42314814814814816 0.024479166666666666 0.040740740740740744
0 0.33828125 0.3736111111111111 0.0234375 0.03981481481481482
0 0.26614583333333336 0.2375 0.021875 0.03796296296296296
0 0.5614583333333333 0.549537037037037 0.023958333333333335 0.04351851851851852
0 0.24869791666666666 0.14814814814814814 0.021354166666666667 0.03888888888888889
0 0.43072916666666666 0.44722222222222224 0.023958333333333335 0.040740740740740744
0 0.66484375 0.3509259259259259 0.0234375 0.040740740740740744
0 0.6856770833333333 0.01898148148148148 0.021354166666666667 0.03425925925925926
0 0.20416666666666666 0.8199074074074074 0.027083333333333334 0.04537037037037037
0 0.5825520833333333 0.10740740740740741 0.021354166666666667 0.037037037037037035
0 0.3268229166666667 0.40879629629629627 0.024479166666666666 0.041666666666666664
0 0.34140625 0.30648148148148147 0.0234375 0.03888888888888889
0 0.40182291666666664 0.17314814814814813 0.021354166666666667 0.03888888888888889
0 0.29739583333333336 0.3523148148148148 0.023958333333333335 0.03981481481481482
0 0.6940104166666666 0.43425925925925923 0.025520833333333333 0.04259259259259259
0 0.6315104166666666 0.3958333333333333 0.024479166666666666 0.041666666666666664
0 0.6065104166666667 0.14583333333333334 0.022395833333333334 0.03796296296296296
0 0.5098958333333333 0.26157407407407407 0.022916666666666665 0.041666666666666664
0 0.5955729166666667 0.2111111111111111 0.022395833333333334 0.03888888888888889
0 0.60625 0.48333333333333334 0.025 0.04259259259259259
0 0.5127604166666667 0.20416666666666666 0.022395833333333334 0.03981481481481482
0 0.5708333333333333 0.8175925925925925 0.026041666666666668 0.046296296296296294
0 0.3065104166666667 0.6111111111111112 0.0265625 0.046296296296296294
0 0.7096354166666666 0.037037037037037035 0.021354166666666667 0.037037037037037035
0 0.5143229166666666 0.06898148148148148 0.021354166666666667 0.03796296296296296
0 0.6080729166666666 0.3541666666666667 0.0234375 0.041666666666666664
0 0.4119791666666667 0.2898148148148148 0.022916666666666665 0.040740740740740744
0 0.6932291666666667 0.5435185185185185 0.026041666666666668 0.044444444444444446
0 0.49114583333333334 0.11527777777777778 0.021875 0.03981481481481482
0 0.3619791666666667 0.22546296296296298 0.022916666666666665 0.03981481481481482
0 0.43645833333333334 0.11157407407407408 0.022916666666666665 0.03981481481481482
0 0.3697916666666667 0.45925925925925926 0.025 0.04259259259259259
0 0.16796875 0.20879629629629629 0.0234375 0.03981481481481482
0 0.13463541666666667 0.31203703703703706 0.025520833333333333 0.040740740740740744
0 0.23671875 0.08611111111111111 0.022395833333333334 0.040740740740740744
0 0.734375 0.29212962962962963 0.025 0.041666666666666664
0 0.37838541666666664 0.09722222222222222 0.022395833333333334 0.040740740740740744
0 0.7770833333333333 0.5106481481481482 0.027083333333333334 0.04351851851851852
0 0.22634895833333332 0.32241666666666663 0.022489583333333334 0.044833333333333336