0 0.6518229166666667 0.6726851851851852 0.0234375 0.041666666666666664
0 0.1796875 0.3347222222222222 0.022916666666666665 0.03796296296296296
0 0.33307291666666666 0.31203703703703706 0.0203125 0.037037037037037035
0 0.34609375 0.28055555555555556 0.021354166666666667 0.037037037037037035
0 0.3140625 0.3013888888888889 0.021875 0.03796296296296296
0 0.6390625 0.7087962962962963 0.023958333333333335 0.04351851851851852
0 0.39895833333333336 0.6101851851851852 0.022916666666666665 0.040740740740740744
0 0.6091145833333333 0.6550925925925926 0.0234375 0.04351851851851852
0 0.384375 0.20787037037037037 0.021875 0.03796296296296296
0 0.36614583333333334 0.2273148148148148 0.020833333333333332 0.03796296296296296
0 0.378125 0.1486111111111111 0.020833333333333332 0.03796296296296296
0 0.21484375 0.3578703703703704 0.0234375 0.03796296296296296
0 0.4109375 0.5370370370370371 0.022916666666666665 0.03888888888888889
0 0.20494791666666667 0.3148148148148148 0.022395833333333334 0.037037037037037035
0 0.19192708333333333 0.36064814814814816 0.022395833333333334 0.03796296296296296
0 0.6588541666666666 0.08194444444444444 0.020833333333333332 0.03611111111111111
0 0.37161458333333336 0.2708333333333333 0.021354166666666667 0.03611111111111111
0 0.26119791666666664 0.2847222222222222 0.021354166666666667 0.03796296296296296
0 0.18984375 0.39675925925925926 0.0234375 0.03796296296296296
0 0.26848958333333334 0.3143518518518518 0.0234375 0.03796296296296296
0 0.6270833333333333 0.06620370370370371 0.019791666666666666 0.03611111111111111
0 0.24088541666666666 0.29768518518518516 0.021354166666666667 0.03611111111111111
0 0.4661458333333333 0.3055555555555556 0.020833333333333332 0.037037037037037035
0 0.3190104166666667 0.2662037037037037 0.021354166666666667 0.03611111111111111
0 0.5927083333333333 0.6842592592592592 0.023958333333333335 0.04259259259259259
0 0.3723958333333333 0.5995370370370371 0.022916666666666665 0.03981481481481482
0 0.4236979166666667 0.6064814814814815 0.0234375 0.040740740740740744
0 0.34427083333333336 0.2462962962962963 0.020833333333333332 0.037037037037037035
0 0.5640625 0.587037037037037 0.023958333333333335 0.04259259259259259
0 0.4244791666666667 0.5064814814814815 0.022916666666666665 0.03888888888888889
0 0.42265625 0.5694444444444444 0.0234375 0.03888888888888889
0 0.22578125 0.32592592592592595 0.021354166666666667 0.037037037037037035
0 0.34791666666666665 0.6041666666666666 0.022916666666666665 0.041666666666666664
0 0.39895833333333336 0.5712962962962963 0.022916666666666665 0.03888888888888889
0 0.4044270833333333 0.47685185185185186 0.022395833333333334 0.03888888888888889
0 0.5848958333333333 0.5328703703703703 0.022916666666666665 0.03981481481481482
0 0.6330729166666667 0.6453703703703704 0.024479166666666666 0.04259259259259259
0 0.29401041666666666 0.31527777777777777 0.021354166666666667 0.03611111111111111
0 0.28932291666666665 0.2796296296296296 0.022395833333333334 0.037037037037037035
0 0.17135416666666667 0.3763888888888889 0.022916666666666665 0.03796296296296296
0 0.36875 0.18472222222222223 0.021875 0.03796296296296296
0 0.37265625 0.3055555555555556 0.021354166666666667 0.03888888888888889
0 0.5755208333333334 0.712037037037037 0.023958333333333335 0.04259259259259259
0 0.45026041666666666 0.5949074074074074 0.022395833333333334 0.03981481481481482
0 0.5627604166666667 0.5476851851851852 0.022395833333333334 0.03796296296296296
0 0.45 0.4337962962962963 0.022916666666666665 0.03981481481481482
0 0.4197916666666667 0.4439814814814815 0.022916666666666665 0.03796296296296296
0 0.4546875 0.475462962962963 0.022916666666666665 0.03981481481481482
0 0.22109375 0.26805555555555555 0.022395833333333334 0.03796296296296296
0 0.15885416666666666 0.6652777777777777 0.027083333333333334 0.04351851851851852
0 0.5856770833333333 0.5736111111111111 0.0234375 0.041666666666666664
0 0.5671875 0.5087962962962963 0.021875 0.03796296296296296
0 0.6794270833333333 0.052314814814814814 0.021354166666666667 0.03425925925925926
0 0.44817708333333334 0.5569444444444445 0.022395833333333334 0.03796296296296296
0 0.28541666666666665 0.35185185185185186 0.022916666666666665 0.03888888888888889
0 0.5934895833333333 0.7430555555555556 0.024479166666666666 0.041666666666666664
0 0.38776041666666666 0.2449074074074074 0.021354166666666667 0.03796296296296296
0 0.2296875 0.8023148148148148 0.025 0.04537037037037037
0 0.3171875 0.6837962962962963 0.022916666666666665 0.041666666666666664
0 0.32916666666666666 0.7162037037037037 0.025 0.04351851851851852
0 0.43854166666666666 0.6347222222222222 0.023958333333333335 0.03981481481481482
0 0.20729166666666668 0.7689814814814815 0.025 0.04351851851851852
0 0.353125 0.3263888888888889 0.020833333333333332 0.03611111111111111
0 0.14583333333333334 0.7087962962962963 0.027083333333333334 0.04537037037037037
0 0.60625 0.06574074074074074 0.020833333333333332 0.037037037037037035
0 0.5466145833333333 0.09074074074074075 0.021354166666666667 0.037037037037037035
0 0.24348958333333334 0.26342592592592595 0.022395833333333334 0.03796296296296296
0 0.6744791666666666 0.7027777777777777 0.025 0.044444444444444446
0 0.17734375 0.5300925925925926 0.024479166666666666 0.041666666666666664
0 0.18177083333333333 0.5847222222222223 0.023958333333333335 0.041666666666666664
0 0.28203125 0.7041666666666667 0.024479166666666666 0.04537037037037037
0 0.271875 0.25416666666666665 0.021875 0.03796296296296296
0 0.5723958333333333 0.09768518518518518 0.019791666666666666 0.03611111111111111
0 0.16484375 0.6175925925925926 0.025520833333333333 0.04259259259259259
0 0.18359375 0.7509259259259259 0.025520833333333333 0.044444444444444446
0 0.36614583333333334 0.6467592592592593 0.023958333333333335 0.041666666666666664
0 0.3424479166666667 0.6462962962962963 0.0234375 0.04259259259259259
0 0.39791666666666664 0.15555555555555556 0.021875 0.03888888888888889
0 0.3138020833333333 0.3560185185185185 0.022395833333333334 0.03981481481481482
0 0.6854166666666667 0.6560185185185186 0.025 0.04351851851851852
0 0.6572916666666667 0.038425925925925926 0.020833333333333332 0.03611111111111111
0 0.6760416666666667 0.10601851851851851 0.021875 0.03796296296296296
0 0.18411458333333333 0.3 0.022395833333333334 0.03518518518518519
0 0.6286458333333333 0.7486111111111111 0.025 0.04351851851851852
0 0.14557291666666666 0.5541666666666667 0.025520833333333333 0.04351851851851852
0 0.5661458333333333 0.060648148148148145 0.020833333333333332 0.03611111111111111
0 0.5578125 0.47314814814814815 0.022916666666666665 0.03888888888888889
0 0.58828125 0.7842592592592592 0.025520833333333333 0.044444444444444446
0 0.18411458333333333 0.7981481481481482 0.025520833333333333 0.044444444444444446
0 0.5927083333333333 0.11157407407407408 0.020833333333333332 0.03796296296296296
0 0.2078125 0.5231481481481481 0.025 0.040740740740740744
0 0.67265625 0.611574074074074 0.024479166666666666 0.04351851851851852
0 0.17291666666666666 0.4236111111111111 0.023958333333333335 0.03981481481481482
0 0.5439947916666666 0.5148611111111111 0.023473958333333333 0.04268518518518519
0 0.23932291666666666 0.36157407407407405 0.0234375 0.03981481481481482
0 0.5526041666666667 0.6800925925925926 0.023958333333333335 0.04351851851851852
0 0.1546875 0.7703703703703704 0.026041666666666668 0.044444444444444446
0 0.52421875 0.4962962962962963 0.022395833333333334 0.03888888888888889
0 0.18229166666666666 0.46296296296296297 0.023958333333333335 0.03888888888888889
0 0.5713541666666667 0.6625 0.022916666666666665 0.041666666666666664
0 0.70390625 0.17453703703703705 0.022395833333333334 0.03796296296296296
0 0.5197916666666667 0.38287037037037036 0.021875 0.03981481481481482
0 0.35703125 0.12083333333333333 0.021354166666666667 0.03796296296296296
0 0.5450520833333333 0.05555555555555555 0.0203125 0.03518518518518519
0 0.3890625 0.44027777777777777 0.022916666666666665 0.03981481481481482
0 0.24895833333333334 0.3296296296296296 0.021875 0.03518518518518519
0 0.20520833333333333 0.8226851851851852 0.026041666666666668 0.04537037037037037
0 0.325 0.5888888888888889 0.023958333333333335 0.04259259259259259
0 0.48828125 0.30694444444444446 0.0203125 0.03796296296296296
0 0.29401041666666666 0.6657407407407407 0.024479166666666666 0.04259259259259259
0 0.44583333333333336 0.29398148148148145 0.020833333333333332 0.03611111111111111
0 0.5348958333333333 0.18287037037037038 0.021875 0.03796296296296296
0 0.3380208333333333 0.37546296296296294 0.022916666666666665 0.03981481481481482
0 0.4908854166666667 0.17731481481481481 0.0203125 0.03611111111111111
0 0.6778645833333333 0.18333333333333332 0.021354166666666667 0.03888888888888889
0 0.24973958333333332 0.8240740740740741 0.025520833333333333 0.044444444444444446
0 0.15546875 0.5101851851851852 0.024479166666666666 0.040740740740740744
0 0.68671875 0.018055555555555554 0.021354166666666667 0.03425925925925926
0 0.19557291666666668 0.4925925925925926 0.0234375 0.03888888888888889
0 0.47630208333333335 0.21481481481481482 0.021354166666666667 0.03888888888888889
0 0.5203125 0.23055555555555557 0.020833333333333332 0.037037037037037035
0 0.5153645833333333 0.07222222222222222 0.0203125 0.03888888888888889
0 0.41640625 0.30787037037037035 0.021354166666666667 0.03796296296296296
0 0.25078125 0.21574074074074073 0.022395833333333334 0.03888888888888889
0 0.4934895833333333 0.4027777777777778 0.022395833333333334 0.03888888888888889
0 0.6388020833333333 0.5273148148148148 0.0234375 0.041666666666666664
0 0.7106770833333333 0.03564814814814815 0.021354166666666667 0.03611111111111111
0 0.38958333333333334 0.10231481481481482 0.020833333333333332 0.03796296296296296
0 0.69140625 0.5407407407407407 0.024479166666666666 0.04259259259259259
0 0.62578125 0.37824074074074077 0.022395833333333334 0.03981481481481482
0 0.5877604166666667 0.40555555555555556 0.022395833333333334 0.03888888888888889
0 0.5731770833333333 0.8180555555555555 0.024479166666666666 0.04537037037037037
0 0.49375 0.5231481481481481 0.022916666666666665 0.03888888888888889
0 0.6666666666666666 0.3138888888888889 0.022916666666666665 0.040740740740740744
0 0.6213541666666667 0.2023148148148148 0.021875 0.03796296296296296
0 0.4283854166666667 0.12268518518518519 0.021354166666666667 0.03796296296296296
0 0.73671875 0.4462962962962963 0.024479166666666666 0.040740740740740744
0 0.13385416666666666 0.31203703703703706 0.025 0.040740740740740744
0 0.1671875 0.20833333333333334 0.022916666666666665 0.03888888888888889
0 0.7770833333333333 0.5101851851851852 0.025 0.04259259259259259
0 0.23619791666666667 0.0912037037037037 0.022395833333333334 0.03981481481481482