0 0.46536458333333336 0.5083333333333333 0.021354166666666667 0.037037037037037035
0 0.47161458333333334 0.5564814814814815 0.021354166666666667 0.037037037037037035
0 0.42604166666666665 0.6023148148148149 0.022916666666666665 0.03981481481481482
0 0.5216145833333333 0.46944444444444444 0.022395833333333334 0.03888888888888889
0 0.45625 0.5851851851851851 0.022916666666666665 0.03888888888888889
0 0.4270833333333333 0.5634259259259259 0.022916666666666665 0.03981481481481482
0 0.24791666666666667 0.7074074074074074 0.023958333333333335 0.040740740740740744
0 0.5760416666666667 0.5523148148148148 0.022916666666666665 0.03796296296296296
0 0.5588541666666667 0.5782407407407407 0.022916666666666665 0.03981481481481482
0 0.5036458333333333 0.5342592592592592 0.022916666666666665 0.03888888888888889
0 0.22291666666666668 0.7125 0.023958333333333335 0.041666666666666664
0 0.4440104166666667 0.49953703703703706 0.021354166666666667 0.03796296296296296
0 0.5236145833333333 0.5196574074074074 0.023265625 0.04116666666666667
0 0.49192708333333335 0.4513888888888889 0.022395833333333334 0.03981481481481482
0 0.33177083333333335 0.5185185185185185 0.021875 0.03888888888888889
0 0.3421875 0.6166666666666667 0.022916666666666665 0.03888888888888889
0 0.4309895833333333 0.46574074074074073 0.021354166666666667 0.037037037037037035
0 0.3296875 0.6699074074074074 0.023958333333333335 0.041666666666666664
0 0.5174479166666667 0.42777777777777776 0.022395833333333334 0.040740740740740744
0 0.24791666666666667 0.750462962962963 0.023958333333333335 0.03981481481481482
0 0.27005208333333336 0.6861111111111111 0.024479166666666666 0.04259259259259259
0 0.32916666666666666 0.44166666666666665 0.021875 0.03888888888888889
0 0.47161458333333334 0.4356481481481482 0.021354166666666667 0.03611111111111111
0 0.4822916666666667 0.524074074074074 0.021875 0.037037037037037035
0 0.36380208333333336 0.3351851851851852 0.022395833333333334 0.03888888888888889
0 0.40182291666666664 0.2689814814814815 0.021354166666666667 0.03611111111111111
0 0.4471354166666667 0.5449074074074074 0.022395833333333334 0.03796296296296296
0 0.5856770833333333 0.587037037037037 0.0234375 0.040740740740740744
0 0.3263020833333333 0.5606481481481481 0.0234375 0.041666666666666664
0 0.3515625 0.5652777777777778 0.022916666666666665 0.03981481481481482
0 0.37083333333333335 0.29953703703703705 0.021875 0.03796296296296296
0 0.527265625 0.36952777777777773 0.021197916666666667 0.040907407407407406
0 0.6356770833333333 0.6824074074074075 0.0234375 0.04259259259259259
0 0.42942708333333335 0.3111111111111111 0.0203125 0.037037037037037035
0 0.44973958333333336 0.425462962962963 0.021354166666666667 0.03796296296296296
0 0.56953125 0.6166666666666667 0.0234375 0.03888888888888889
0 0.5841145833333333 0.6578703703703703 0.022395833333333334 0.03981481481481482
0 0.26953125 0.7277777777777777 0.024479166666666666 0.04259259259259259
0 0.5565104166666667 0.5314814814814814 0.022395833333333334 0.037037037037037035
0 0.22317708333333333 0.7555555555555555 0.024479166666666666 0.04259259259259259
0 0.3919270833333333 0.3060185185185185 0.021354166666666667 0.03796296296296296
0 0.26015625 0.6513888888888889 0.024479166666666666 0.041666666666666664
0 0.409375 0.32685185185185184 0.020833333333333332 0.037037037037037035
0 0.44479166666666664 0.6217592592592592 0.022916666666666665 0.03796296296296296
0 0.47734375 0.3675925925925926 0.021354166666666667 0.037037037037037035
0 0.4925729166666667 0.34179629629629626 0.02264583333333333 0.0428425925925926
0 0.6109375 0.6722222222222223 0.022916666666666665 0.040740740740740744
0 0.36796875 0.5907407407407408 0.0234375 0.040740740740740744
0 0.3421875 0.47175925925925927 0.022916666666666665 0.03981481481481482
0 0.53671875 0.33611111111111114 0.021354166666666667 0.037037037037037035
0 0.3690104166666667 0.2657407407407407 0.021354166666666667 0.037037037037037035
0 0.2 0.2513888888888889 0.021875 0.03796296296296296
0 0.31484375 0.49444444444444446 0.0234375 0.040740740740740744
0 0.29635416666666664 0.6263888888888889 0.023958333333333335 0.041666666666666664
0 0.16354166666666667 0.29212962962962963 0.022916666666666665 0.03796296296296296
0 0.5661458333333333 0.49537037037037035 0.022916666666666665 0.037037037037037035
0 0.44973958333333336 0.29305555555555557 0.021354166666666667 0.03796296296296296
0 0.6731770833333334 0.5606481481481481 0.024479166666666666 0.04351851851851852
0 0.38697916666666665 0.24351851851851852 0.020833333333333332 0.037037037037037035
0 0.30494791666666665 0.5879629629629629 0.0234375 0.040740740740740744
0 0.6755208333333333 0.3736111111111111 0.022916666666666665 0.03796296296296296
0 0.42135416666666664 0.5125 0.022916666666666665 0.03981481481481482
0 0.6989583333333333 0.5439814814814815 0.023958333333333335 0.04351851851851852
0 0.24036458333333333 0.7935185185185185 0.025520833333333333 0.044444444444444446
0 0.5908854166666667 0.6986111111111111 0.024479166666666666 0.04351851851851852
0 0.55234375 0.46574074074074073 0.022395833333333334 0.03888888888888889
0 0.44817708333333334 0.25416666666666665 0.021354166666666667 0.03981481481481482
0 0.39557291666666666 0.35555555555555557 0.022395833333333334 0.03888888888888889
0 0.6307291666666667 0.6388888888888888 0.023958333333333335 0.04259259259259259
0 0.20078125 0.7976851851851852 0.0265625 0.04537037037037037
0 0.6208333333333333 0.7212962962962963 0.025 0.044444444444444446
0 0.16380208333333332 0.2569444444444444 0.022395833333333334 0.03796296296296296
0 0.30364583333333334 0.18101851851851852 0.020833333333333332 0.03611111111111111
0 0.5114583333333333 0.1388888888888889 0.019791666666666666 0.03518518518518519
0 0.41354166666666664 0.2388888888888889 0.020833333333333332 0.037037037037037035
0 0.5403645833333334 0.11296296296296296 0.019270833333333334 0.03518518518518519
0 0.21953125 0.2064814814814815 0.0234375 0.03888888888888889
0 0.6651041666666667 0.4078703703703704 0.021875 0.03796296296296296
0 0.6854166666666667 0.6856481481481481 0.025 0.04537037037037037
0 0.56171875 0.1111111111111111 0.0203125 0.037037037037037035
0 0.29453125 0.7129629629629629 0.024479166666666666 0.04259259259259259
0 0.3260416666666667 0.18703703703703703 0.021875 0.037037037037037035
0 0.6497395833333334 0.6143518518518518 0.0234375 0.04351851851851852
0 0.3375 0.36157407407407405 0.022916666666666665 0.03981481481481482
0 0.5984375 0.6226851851851852 0.023958333333333335 0.041666666666666664
0 0.3809895833333333 0.2064814814814815 0.021354166666666667 0.037037037037037035
0 0.22135416666666666 0.2412037037037037 0.021875 0.03796296296296296
0 0.5609375 0.6509259259259259 0.025 0.04259259259259259
0 0.5197916666666667 0.10231481481481482 0.019791666666666666 0.03611111111111111
0 0.159375 0.5768518518518518 0.025 0.040740740740740744
0 0.19765625 0.2175925925925926 0.021354166666666667 0.037037037037037035
0 0.45234375 0.36203703703703705 0.022395833333333334 0.03888888888888889
0 0.3578125 0.4046296296296296 0.023958333333333335 0.040740740740740744
0 0.15130208333333334 0.32685185185185184 0.022395833333333334 0.03888888888888889
0 0.65 0.7199074074074074 0.025 0.04351851851851852
0 0.22291666666666668 0.1736111111111111 0.021875 0.03611111111111111
0 0.16197916666666667 0.5361111111111111 0.025 0.040740740740740744
0 0.7140625 0.33796296296296297 0.022916666666666665 0.040740740740740744
0 0.35520833333333335 0.5259259259259259 0.023958333333333335 0.040740740740740744
0 0.36692708333333335 0.17731481481481481 0.021354166666666667 0.03796296296296296
0 0.6609375 0.6722222222222223 0.023958333333333335 0.04259259259259259
0 0.6958333333333333 0.36064814814814816 0.022916666666666665 0.03981481481481482
0 0.6471354166666666 0.5652777777777778 0.024479166666666666 0.04351851851851852
0 0.31302083333333336 0.41574074074074074 0.022916666666666665 0.040740740740740744
0 0.40182291666666664 0.6106481481481482 0.022395833333333334 0.03981481481481482
0 0.5427083333333333 0.6037037037037037 0.022916666666666665 0.040740740740740744
0 0.26614583333333336 0.774074074074074 0.023958333333333335 0.044444444444444446
0 0.6911458333333333 0.3175925925925926 0.022916666666666665 0.03888888888888889
0 0.41484375 0.6398148148148148 0.0234375 0.040740740740740744
0 0.6002604166666666 0.33611111111111114 0.022395833333333334 0.03888888888888889
0 0.40911458333333334 0.44675925925925924 0.022395833333333334 0.03981481481481482
0 0.175 0.22824074074074074 0.021875 0.03796296296296296
0 0.30755208333333334 0.6625 0.022395833333333334 0.03981481481481482
0 0.365625 0.6305555555555555 0.023958333333333335 0.04259259259259259
0 0.42578125 0.2101851851851852 0.0203125 0.037037037037037035
0 0.13776041666666666 0.5444444444444444 0.024479166666666666 0.040740740740740744
0 0.565625 0.3347222222222222 0.021875 0.03981481481481482
0 0.31666666666666665 0.37916666666666665 0.022916666666666665 0.03796296296296296
0 0.4276041666666667 0.1638888888888889 0.020833333333333332 0.037037037037037035
0 0.35260416666666666 0.23981481481481481 0.021875 0.037037037037037035
0 0.5583333333333333 0.37916666666666665 0.021875 0.03981481481481482
0 0.584375 0.36064814814814816 0.021875 0.03796296296296296
0 0.33932291666666664 0.3194444444444444 0.022395833333333334 0.03888888888888889
0 0.6705729166666666 0.3365740740740741 0.0234375 0.03981481481481482
0 0.22395833333333334 0.2916666666666667 0.022916666666666665 0.03888888888888889
0 0.7213541666666666 0.30324074074074076 0.022916666666666665 0.03981481481481482
0 0.32005208333333335 0.6217592592592592 0.021354166666666667 0.03981481481481482
0 0.17239583333333333 0.7976851851851852 0.027083333333333334 0.04537037037037037
0 0.6895833333333333 0.5069444444444444 0.023958333333333335 0.03981481481481482
0 0.3463541666666667 0.6953703703703704 0.025 0.04259259259259259
0 0.41848958333333336 0.39490740740740743 0.022395833333333334 0.03981481481481482
0 0.5208333333333334 0.2935185185185185 0.021875 0.037037037037037035
0 0.14635416666666667 0.5055555555555555 0.025 0.040740740740740744
0 0.48203125 0.17685185185185184 0.021354166666666667 0.037037037037037035
0 0.7171875 0.37962962962962965 0.023958333333333335 0.040740740740740744
0 0.7380208333333333 0.33240740740740743 0.023958333333333335 0.040740740740740744
0 0.6432291666666666 0.2828703703703704 0.022916666666666665 0.03981481481481482
0 0.18072916666666666 0.6995370370370371 0.026041666666666668 0.04351851851851852
0 0.7015625 0.2865740740740741 0.022916666666666665 0.03981481481481482
0 0.48723958333333334 0.5828703703703704 0.022395833333333334 0.03796296296296296
0 0.653125 0.3638888888888889 0.021875 0.037037037037037035
0 0.48203125 0.21435185185185185 0.021354166666666667 0.03796296296296296
0 0.6794270833333333 0.2824074074074074 0.022395833333333334 0.03888888888888889
0 0.55703125 0.4287037037037037 0.022395833333333334 0.03888888888888889
0 0.16484375 0.4527777777777778 0.024479166666666666 0.040740740740740744
0 0.16927083333333334 0.6106481481481482 0.025 0.041666666666666664
0 0.615625 0.3 0.021875 0.03888888888888889
0 0.64375 0.3990740740740741 0.021875 0.03888888888888889
0 0.5848958333333333 0.5152777777777777 0.022916666666666665 0.041666666666666664
0 0.66171875 0.30462962962962964 0.022395833333333334 0.03888888888888889
0 0.65078125 0.4356481481481482 0.022395833333333334 0.03796296296296296
0 0.646875 0.33101851851851855 0.022916666666666665 0.03796296296296296
0 0.23151041666666666 0.6541666666666667 0.025520833333333333 0.04537037037037037
0 0.14765625 0.4166666666666667 0.024479166666666666 0.040740740740740744
0 0.6916666666666667 0.40324074074074073 0.023958333333333335 0.03981481481481482
0 0.6231770833333333 0.2569444444444444 0.022395833333333334 0.03981481481481482
0 0.16666666666666666 0.19814814814814816 0.022916666666666665 0.037037037037037035
0 0.5440104166666667 0.30324074074074076 0.021354166666666667 0.03796296296296296
0 0.3645833333333333 0.45787037037037037 0.022916666666666665 0.03981481481481482
0 0.47734375 0.14305555555555555 0.0203125 0.03611111111111111
0 0.403125 0.12175925925925926 0.020833333333333332 0.03796296296296296
0 0.3653645833333333 0.12916666666666668 0.021354166666666667 0.03796296296296296
0 0.45989583333333334 0.1300925925925926 0.019791666666666666 0.03425925925925926
0 0.7174479166666666 0.24212962962962964 0.0234375 0.03981481481481482
0 0.5005208333333333 0.2550925925925926 0.020833333333333332 0.03611111111111111
0 0.7440104166666667 0.2712962962962963 0.024479166666666666 0.040740740740740744
0 0.134375 0.30833333333333335 0.022916666666666665 0.03888888888888889
0 0.6276041666666666 0.425462962962963 0.022916666666666665 0.03981481481481482
0 0.16588541666666667 0.3509259259259259 0.0234375 0.03888888888888889
0 0.75078125 0.36527777777777776 0.024479166666666666 0.041666666666666664
0 0.63515625 0.7902777777777777 0.0265625 0.04722222222222222
0 0.6231770833333333 0.8439814814814814 0.0265625 0.04722222222222222
0 0.271875 0.1439814814814815 0.022916666666666665 0.03796296296296296
0 0.6755208333333333 0.47453703703703703 0.025 0.03981481481481482
0 0.19453125 0.5657407407407408 0.024479166666666666 0.040740740740740744
0 0.23567708333333334 0.12453703703703704 0.022395833333333334 0.03796296296296296
0 0.70703125 0.7157407407407408 0.025520833333333333 0.044444444444444446
0 0.7286458333333333 0.5462962962962963 0.026041666666666668 0.04259259259259259
0 0.628125 0.5055555555555555 0.023958333333333335 0.040740740740740744
0 0.271875 0.2777777777777778 0.022916666666666665 0.03888888888888889
0 0.5817708333333333 0.7662037037037037 0.026041666666666668 0.04537037037037037
0 0.6984375 0.7777777777777778 0.027083333333333334 0.04814814814814815
0 0.15390625 0.8453703703703703 0.027604166666666666 0.046296296296296294
0 0.6065104166666667 0.09444444444444444 0.021354166666666667 0.037037037037037035
0 0.2234375 0.4462962962962963 0.023958333333333335 0.040740740740740744
0 0.7872395833333333 0.4027777777777778 0.0265625 0.04259259259259259
0 0.5901041666666667 0.8819444444444444 0.027083333333333334 0.049074074074074076
0 0.7502604166666667 0.1726851851851852 0.0234375 0.03981481481481482
0 0.79765625 0.5925925925925926 0.027604166666666666 0.044444444444444446
0 0.5439635416666667 0.502361111111111 0.023223958333333336 0.042833333333333334
0 0.506375 0.49849074074074073 0.02409375 0.04231481481481482
0 0.4845833333333333 0.48673148148148143 0.022963541666666667 0.04140740740740741
0 0.4598125 0.46952777777777777 0.023947916666666666 0.041990740740740745
0 0.5065625 0.3954537037037037 0.023619791666666667 0.04315740740740741
0 0.4858958333333333 0.4079907407407407 0.022963541666666667 0.04140740740740741
0 0.461453125 0.3954537037037037 0.025260416666666667 0.040824074074074075
0 0.462765625 0.33012962962962966 0.021979166666666668 0.03849074074074074
0 0.47933333333333333 0.30912962962962964 0.022963541666666667 0.041990740740740745
0 0.51640625 0.33158333333333334 0.023619791666666667 0.04140740740740741
0 0.4995104166666666 0.2948425925925926 0.021979166666666668 0.040240740740740744
0 0.4819583333333333 0.26975925925925925 0.022307291666666666 0.040240740740740744
0 0.4478385416666667 0.22280555555555556 0.021651041666666666 0.03849074074074074
0 0.4629270833333334 0.1991851851851852 0.021651041666666666 0.04140740740740741
0 0.4598125 0.1665185185185185 0.021979166666666668 0.03675
0 0.44275000000000003 0.18868518518518518 0.023291666666666665 0.039074074074074074
0 0.4063333333333333 0.2009351851851852 0.02263541666666667 0.04257407407407407
0 0.4253645833333334 0.27471296296296294 0.023291666666666665 0.04315740740740741
0 0.34908333333333336 0.28025925925925926 0.02558854166666667 0.040240740740740744