0 0.50703125 0.25833333333333336 0.021354166666666667 0.037037037037037035
0 0.53984375 0.23333333333333334 0.0203125 0.037037037037037035
0 0.47552083333333334 0.3087962962962963 0.021875 0.03796296296296296
0 0.4473958333333333 0.36018518518518516 0.022916666666666665 0.03888888888888889
0 0.5934895833333333 0.23564814814814813 0.021354166666666667 0.03796296296296296
0 0.42942708333333335 0.3800925925925926 0.022395833333333334 0.03796296296296296
0 0.5513020833333333 0.2625 0.021354166666666667 0.03796296296296296
0 0.3703125 0.6754629629629629 0.022916666666666665 0.041666666666666664
0 0.35104166666666664 0.7055555555555556 0.023958333333333335 0.04259259259259259
0 0.40286458333333336 0.43194444444444446 0.021354166666666667 0.03796296296296296
0 0.42942708333333335 0.42314814814814816 0.022395833333333334 0.03888888888888889
0 0.49296875 0.28564814814814815 0.021354166666666667 0.03796296296296296
0 0.32864583333333336 0.6819444444444445 0.023958333333333335 0.04351851851851852
0 0.3385416666666667 0.24212962962962964 0.021875 0.03796296296296296
0 0.5802083333333333 0.20925925925925926 0.020833333333333332 0.037037037037037035
0 0.30416666666666664 0.4740740740740741 0.022916666666666665 0.03888888888888889
0 0.3302083333333333 0.6375 0.022916666666666665 0.03981481481481482
0 0.47760416666666666 0.26296296296296295 0.021875 0.03888888888888889
0 0.378125 0.25555555555555554 0.021875 0.03888888888888889
0 0.31666666666666665 0.5060185185185185 0.022916666666666665 0.041666666666666664
0 0.28177083333333336 0.48564814814814816 0.022916666666666665 0.03981481481481482
0 0.4544270833333333 0.324537037037037 0.022395833333333334 0.03611111111111111
0 0.36744791666666665 0.41574074074074074 0.022395833333333334 0.03888888888888889
0 0.528125 0.2638888888888889 0.020833333333333332 0.037037037037037035
0 0.3841145833333333 0.45555555555555555 0.022395833333333334 0.03888888888888889
0 0.35911458333333335 0.23703703703703705 0.021354166666666667 0.037037037037037035
0 0.4544270833333333 0.2773148148148148 0.022395833333333334 0.03796296296296296
0 0.39140625 0.6546296296296297 0.0234375 0.040740740740740744
0 0.3104166666666667 0.41898148148148145 0.022916666666666665 0.03981481481481482
0 0.3385416666666667 0.45 0.021875 0.03888888888888889
0 0.4153645833333333 0.4625 0.022395833333333334 0.03796296296296296
0 0.34088541666666666 0.40046296296296297 0.022395833333333334 0.03981481481481482
0 0.40260416666666665 0.3449074074074074 0.021875 0.03796296296296296
0 0.48020833333333335 0.22685185185185186 0.021875 0.037037037037037035
0 0.3963541666666667 0.29074074074074074 0.022916666666666665 0.03888888888888889
0 0.4080729166666667 0.39490740740740743 0.022395833333333334 0.03796296296296296
0 0.3502604166666667 0.6597222222222222 0.0234375 0.041666666666666664
0 0.325 0.3768518518518518 0.022916666666666665 0.03888888888888889
0 0.39817708333333335 0.6152777777777778 0.022395833333333334 0.041666666666666664
0 0.3294270833333333 0.7240740740740741 0.024479166666666666 0.04259259259259259
0 0.3776041666666667 0.16898148148148148 0.020833333333333332 0.03796296296296296
0 0.31328125 0.6134259259259259 0.0234375 0.041666666666666664
0 0.35598958333333336 0.20277777777777778 0.021354166666666667 0.037037037037037035
0 0.40182291666666664 0.2550925925925926 0.021354166666666667 0.03611111111111111
0 0.3703125 0.6356481481481482 0.023958333333333335 0.04351851851851852
0 0.37395833333333334 0.33425925925925926 0.021875 0.03888888888888889
0 0.3294270833333333 0.538425925925926 0.0234375 0.041666666666666664
0 0.3424479166666667 0.3287037037037037 0.0234375 0.03888888888888889
0 0.3997395833333333 0.16944444444444445 0.021354166666666667 0.037037037037037035
0 0.30546875 0.7055555555555556 0.0234375 0.04259259259259259
0 0.30911458333333336 0.6587962962962963 0.0234375 0.041666666666666664
0 0.6359375 0.2162037037037037 0.021875 0.03796296296296296
0 0.43333333333333335 0.24305555555555555 0.021875 0.03796296296296296
0 0.38307291666666665 0.512962962962963 0.0234375 0.04259259259259259
0 0.37734375 0.2074074074074074 0.021354166666666667 0.037037037037037035
0 0.35208333333333336 0.549074074074074 0.023958333333333335 0.04259259259259259
0 0.4166666666666667 0.2273148148148148 0.021875 0.03611111111111111
0 0.43515625 0.30787037037037035 0.022395833333333334 0.03796296296296296
0 0.346875 0.49074074074074076 0.022916666666666665 0.03888888888888889
0 0.3098958333333333 0.7518518518518519 0.023958333333333335 0.04259259259259259
0 0.27057291666666666 0.562037037037037 0.0234375 0.040740740740740744
0 0.18359375 0.7851851851851852 0.025520833333333333 0.046296296296296294
0 0.2984375 0.5736111111111111 0.023958333333333335 0.041666666666666664
0 0.165625 0.7555555555555555 0.026041666666666668 0.044444444444444446
0 0.2796875 0.5986111111111111 0.023958333333333335 0.041666666666666664
0 0.26875 0.45231481481481484 0.022916666666666665 0.03981481481481482
0 0.35572916666666665 0.3592592592592593 0.022916666666666665 0.040740740740740744
0 0.58671875 0.674074074074074 0.024479166666666666 0.04259259259259259
0 0.5526041666666667 0.1884259259259259 0.020833333333333332 0.03611111111111111
0 0.2552083333333333 0.5287037037037037 0.023958333333333335 0.040740740740740744
0 0.5989583333333334 0.7550925925925925 0.025 0.04351851851851852
0 0.2859375 0.6847222222222222 0.023958333333333335 0.04351851851851852
0 0.253125 0.6092592592592593 0.025 0.04259259259259259
0 0.14557291666666666 0.7861111111111111 0.0265625 0.046296296296296294
0 0.35104166666666664 0.16805555555555557 0.021875 0.03796296296296296
0 0.22994791666666667 0.7810185185185186 0.025520833333333333 0.04537037037037037
0 0.36171875 0.6 0.0234375 0.040740740740740744
0 0.18541666666666667 0.8268518518518518 0.026041666666666668 0.046296296296296294
0 0.20546875 0.7666666666666667 0.025520833333333333 0.044444444444444446
0 0.2869791666666667 0.7453703703703703 0.023958333333333335 0.04259259259259259
0 0.39479166666666665 0.6944444444444444 0.023958333333333335 0.040740740740740744
0 0.6145833333333334 0.2310185185185185 0.021875 0.03981481481481482
0 0.23098958333333333 0.825462962962963 0.025520833333333333 0.04537037037037037
0 0.5864583333333333 0.7175925925925926 0.025 0.04259259259259259
0 0.5192708333333333 0.22083333333333333 0.020833333333333332 0.03611111111111111
0 0.6096354166666667 0.6851851851851852 0.0234375 0.04259259259259259
0 0.2635416666666667 0.6462962962962963 0.023958333333333335 0.040740740740740744
0 0.20911458333333333 0.8078703703703703 0.024479166666666666 0.04351851851851852
0 0.58515625 0.625 0.0234375 0.04259259259259259
0 0.16171875 0.8148148148148148 0.025520833333333333 0.044444444444444446
0 0.6221354166666667 0.6476851851851851 0.024479166666666666 0.04351851851851852
0 0.44140625 0.5912037037037037 0.022395833333333334 0.03981481481481482
0 0.3333333333333333 0.7648148148148148 0.025 0.04259259259259259
0 0.6317708333333333 0.1814814814814815 0.021875 0.037037037037037035
0 0.39947916666666666 0.5388888888888889 0.023958333333333335 0.040740740740740744
0 0.54140625 0.4981481481481482 0.022395833333333334 0.03888888888888889
0 0.12213541666666666 0.7018518518518518 0.0265625 0.044444444444444446
0 0.590625 0.2726851851851852 0.022916666666666665 0.03981481481481482
0 0.3736979166666667 0.7162037037037037 0.0234375 0.03981481481481482
0 0.25234375 0.7967592592592593 0.025520833333333333 0.04537037037037037
0 0.6794270833333333 0.3162037037037037 0.022395833333333334 0.03981481481481482
0 0.5869791666666667 0.5763888888888888 0.023958333333333335 0.041666666666666664
0 0.17161458333333332 0.33935185185185185 0.024479166666666666 0.03981481481481482
0 0.26953125 0.7222222222222222 0.024479166666666666 0.044444444444444446
0 0.11770833333333333 0.6592592592592592 0.026041666666666668 0.044444444444444446
0 0.4192708333333333 0.600925925925926 0.022916666666666665 0.040740740740740744
0 0.31328125 0.25833333333333336 0.0234375 0.040740740740740744
0 0.5622395833333333 0.611574074074074 0.0234375 0.041666666666666664
0 0.31223958333333335 0.22314814814814815 0.022395833333333334 0.03518518518518519
0 0.5661458333333333 0.6513888888888889 0.023958333333333335 0.041666666666666664
0 0.14973958333333334 0.38842592592592595 0.024479166666666666 0.03981481481481482
0 0.13984375 0.350462962962963 0.0234375 0.03796296296296296
0 0.5309895833333333 0.19027777777777777 0.0203125 0.03796296296296296
0 0.48020833333333335 0.19398148148148148 0.021875 0.03796296296296296
0 0.6763020833333333 0.19814814814814816 0.022395833333333334 0.03888888888888889
0 0.36171875 0.45231481481481484 0.022395833333333334 0.03981481481481482
0 0.56484375 0.5657407407407408 0.0234375 0.040740740740740744
0 0.5557291666666667 0.30694444444444446 0.021875 0.03981481481481482
0 0.46458333333333335 0.5861111111111111 0.023958333333333335 0.040740740740740744
0 0.29348958333333336 0.7842592592592592 0.024479166666666666 0.044444444444444446
0 0.5559895833333334 0.5259259259259259 0.022395833333333334 0.03888888888888889
0 0.6807291666666667 0.2662037037037037 0.022916666666666665 0.03981481481481482
0 0.6458333333333334 0.3560185185185185 0.022916666666666665 0.03981481481481482
0 0.68671875 0.2310185185185185 0.0234375 0.03796296296296296
0 0.35625 0.7476851851851852 0.025 0.04351851851851852
0 0.5794270833333334 0.525 0.0234375 0.04259259259259259
0 0.20364583333333333 0.8532407407407407 0.026041666666666668 0.04537037037037037
0 0.4205729166666667 0.6527777777777778 0.024479166666666666 0.04259259259259259
0 0.5783854166666667 0.175 0.022395833333333334 0.037037037037037035
0 0.09375 0.6884259259259259 0.026041666666666668 0.04351851851851852
0 0.13177083333333334 0.7444444444444445 0.027083333333333334 0.044444444444444446
0 0.48046875 0.4356481481481482 0.0234375 0.03981481481481482
0 0.3234375 0.18055555555555555 0.021875 0.037037037037037035
0 0.47734375 0.4759259259259259 0.0234375 0.040740740740740744
0 0.6286458333333333 0.13194444444444445 0.021875 0.03796296296296296
0 0.7057291666666666 0.26157407407407407 0.023958333333333335 0.03796296296296296
0 0.6700520833333333 0.35 0.0234375 0.03888888888888889
0 0.22864583333333333 0.12777777777777777 0.021875 0.03888888888888889
0 0.27890625 0.525 0.0234375 0.040740740740740744
0 0.5322916666666667 0.30185185185185187 0.021875 0.03888888888888889
0 0.6244791666666667 0.37916666666666665 0.022916666666666665 0.03981481481481482
0 0.4140625 0.14351851851851852 0.021875 0.03888888888888889
0 0.6533854166666667 0.17824074074074073 0.021354166666666667 0.03796296296296296
0 0.61796875 0.09351851851851851 0.022395833333333334 0.03888888888888889
0 0.17109375 0.29212962962962963 0.024479166666666666 0.03981481481481482
0 0.6046875 0.41574074074074074 0.022916666666666665 0.040740740740740744
0 0.17447916666666666 0.8699074074074075 0.026041666666666668 0.04537037037037037
0 0.24713541666666666 0.8537037037037037 0.0265625 0.046296296296296294
0 0.6669270833333333 0.14814814814814814 0.022395833333333334 0.03888888888888889
0 0.5661458333333333 0.6939814814814815 0.025 0.041666666666666664
0 0.10859375 0.6111111111111112 0.025520833333333333 0.04259259259259259
0 0.2677083333333333 0.8222222222222222 0.026041666666666668 0.04814814814814815
0 0.24713541666666666 0.14351851851851852 0.022395833333333334 0.03888888888888889
0 0.121875 0.41805555555555557 0.025 0.041666666666666664
0 0.7 0.19722222222222222 0.022916666666666665 0.040740740740740744
0 0.4546875 0.19212962962962962 0.021875 0.03796296296296296
0 0.47369791666666666 0.549537037037037 0.0234375 0.03981481481481482
0 0.6231770833333333 0.8078703703703703 0.025520833333333333 0.04537037037037037
0 0.5171875 0.5157407407407407 0.023958333333333335 0.040740740740740744
0 0.30364583333333334 0.3138888888888889 0.022916666666666665 0.040740740740740744
0 0.6989583333333333 0.3523148148148148 0.023958333333333335 0.03981481481481482
0 0.68046875 0.38333333333333336 0.0234375 0.03888888888888889
0 0.6559895833333333 0.31666666666666665 0.0234375 0.040740740740740744
0 0.5302083333333333 0.45601851851851855 0.022916666666666665 0.041666666666666664
0 0.57890625 0.10555555555555556 0.022395833333333334 0.03888888888888889
0 0.3919270833333333 0.7356481481481482 0.025520833333333333 0.04537037037037037
0 0.6979166666666666 0.2949074074074074 0.023958333333333335 0.03981481481481482
0 0.6598958333333333 0.7791666666666667 0.027083333333333334 0.04722222222222222
0 0.26067708333333334 0.39814814814814814 0.024479166666666666 0.040740740740740744
0 0.6296875 0.587037037037037 0.023958333333333335 0.044444444444444446
0 0.653125 0.6037037037037037 0.025 0.044444444444444446
0 0.15026041666666667 0.8597222222222223 0.0265625 0.04537037037037037
0 0.6544270833333333 0.26851851851851855 0.0234375 0.040740740740740744
0 0.65703125 0.387037037037037 0.024479166666666666 0.04259259259259259
0 0.15130208333333334 0.6828703703703703 0.0265625 0.04537037037037037
0 0.721875 0.33425925925925926 0.023958333333333335 0.040740740740740744
0 0.08307291666666666 0.6194444444444445 0.025520833333333333 0.044444444444444446
0 0.23619791666666667 0.687037037037037 0.025520833333333333 0.044444444444444446
0 0.6354166666666666 0.7657407407407407 0.026041666666666668 0.046296296296296294
0 0.5822916666666667 0.41203703703703703 0.022916666666666665 0.040740740740740744
0 0.5822916666666667 0.7907407407407407 0.026041666666666668 0.044444444444444446
0 0.09166666666666666 0.7351851851851852 0.028125 0.046296296296296294
0 0.16510416666666666 0.43842592592592594 0.025 0.03981481481481482
0 0.25052083333333336 0.8986111111111111 0.027083333333333334 0.04722222222222222
0 0.19140625 0.899537037037037 0.027604166666666666 0.04722222222222222
0 0.1078125 0.4689814814814815 0.026041666666666668 0.041666666666666664
0 0.23046875 0.30416666666666664 0.024479166666666666 0.03981481481481482
0 0.2265625 0.5717592592592593 0.025 0.04351851851851852
0 0.3065104166666667 0.8351851851851851 0.0265625 0.046296296296296294
0 0.6296875 0.43425925925925923 0.023958333333333335 0.04259259259259259
0 0.19817708333333334 0.20833333333333334 0.0234375 0.03888888888888889
0 0.1296875 0.5504629629629629 0.026041666666666668 0.041666666666666664
0 0.36796875 0.11064814814814815 0.022395833333333334 0.03981481481481482
0 0.7239583333333334 0.16805555555555557 0.023958333333333335 0.041666666666666664
0 0.12291666666666666 0.274537037037037 0.023958333333333335 0.03981481481481482
0 0.6794270833333333 0.7342592592592593 0.0265625 0.046296296296296294
0 0.6002604166666666 0.8379629629629629 0.0265625 0.04814814814814815
0 0.6494791666666667 0.5125 0.025 0.04351851851851852
0 0.73125 0.5518518518518518 0.027083333333333334 0.044444444444444446
0 0.7526041666666666 0.4009259259259259 0.026041666666666668 0.04259259259259259
0 0.3858229166666666 0.5976944444444444 0.024369791666666665 0.045203703703703704
0 0.4179583333333333 0.5025833333333333 0.025072916666666667 0.04206481481481481
0 0.2936510416666666 0.44325 0.02578125 0.04646296296296296
0 0.5020104166666667 0.20655555555555558 0.02225 0.040185185185185185
0 0.5738802083333333 0.2495648148148148 0.024015625 0.04457407407407407
0 0.603578125 0.20316666666666666 0.024802083333333332 0.04353703703703704
0 0.5600937500000001 0.22298148148148147 0.022604166666666665 0.04186111111111111
0 0.33353645833333334 0.21190740740740743 0.023921875 0.041074074074074075