0 0.24921875 0.6018518518518519 0.025520833333333333 0.04259259259259259
0 0.46328125 0.4203703703703704 0.022395833333333334 0.040740740740740744
0 0.5596354166666667 0.6537037037037037 0.024479166666666666 0.044444444444444446
0 0.5567708333333333 0.26666666666666666 0.021875 0.03888888888888889
0 0.4283854166666667 0.26435185185185184 0.021354166666666667 0.03981481481481482
0 0.5466145833333333 0.5694444444444444 0.0234375 0.040740740740740744
0 0.27109375 0.5856481481481481 0.024479166666666666 0.03981481481481482
0 0.45026041666666666 0.34675925925925927 0.021354166666666667 0.03981481481481482
0 0.48411458333333335 0.337037037037037 0.021354166666666667 0.03888888888888889
0 0.5763020833333333 0.2898148148148148 0.021354166666666667 0.03888888888888889
0 0.5606770833333333 0.6013888888888889 0.0234375 0.041666666666666664
0 0.49609375 0.5472222222222223 0.0234375 0.040740740740740744
0 0.31927083333333334 0.5203703703703704 0.025 0.040740740740740744
0 0.46770833333333334 0.5064814814814815 0.022916666666666665 0.040740740740740744
0 0.41380208333333335 0.5337962962962963 0.022395833333333334 0.03981481481481482
0 0.3765625 0.5111111111111111 0.022916666666666665 0.040740740740740744
0 0.43645833333333334 0.5300925925925926 0.021875 0.03981481481481482
0 0.3268229166666667 0.5560185185185185 0.0203125 0.03611111111111111
0 0.47265625 0.5504629629629629 0.021354166666666667 0.03981481481481482
0 0.4552083333333333 0.38425925925925924 0.021875 0.03888888888888889
0 0.0796875 0.5819444444444445 0.028125 0.04351851851851852