0 0.6778645833333333 0.31527777777777777 0.022395833333333334 0.03796296296296296
0 0.6348958333333333 0.21666666666666667 0.021875 0.03888888888888889
0 0.62265625 0.8055555555555556 0.0265625 0.046296296296296294
0 0.665625 0.1486111111111111 0.021875 0.03796296296296296
0 0.5481770833333334 0.5037037037037037 0.022395833333333334 0.03888888888888889
0 0.6783854166666666 0.7319444444444444 0.027604166666666666 0.04722222222222222
0 0.55390625 0.26666666666666666 0.021354166666666667 0.037037037037037035
0 0.5393229166666667 0.5375 0.022395833333333334 0.03796296296296296
0 0.5872395833333334 0.6726851851851852 0.024479166666666666 0.041666666666666664
0 0.6963541666666667 0.2962962962962963 0.023958333333333335 0.040740740740740744
0 0.6265625 0.13194444444444445 0.021875 0.03796296296296296
0 0.5934895833333333 0.2361111111111111 0.0203125 0.037037037037037035
0 0.653125 0.1787037037037037 0.021875 0.03888888888888889
0 0.5244791666666667 0.5097222222222222 0.022916666666666665 0.03796296296296296
0 0.5783854166666667 0.10694444444444444 0.022395833333333334 0.03981481481481482
0 0.4239583333333333 0.6620370370370371 0.023958333333333335 0.04259259259259259
0 0.5307291666666667 0.26805555555555555 0.021875 0.03796296296296296
0 0.5091145833333334 0.1962962962962963 0.0203125 0.037037037037037035
0 0.6174479166666667 0.09444444444444444 0.022395833333333334 0.03888888888888889
0 0.3653645833333333 0.7041666666666667 0.024479166666666666 0.04537037037037037
0 0.5997395833333333 0.8347222222222223 0.028645833333333332 0.05092592592592592
0 0.68046875 0.2657407407407407 0.0234375 0.03888888888888889
0 0.4479166666666667 0.6365740740740741 0.023958333333333335 0.041666666666666664
0 0.5111979166666667 0.4791666666666667 0.022395833333333334 0.03981481481481482
0 0.48098958333333336 0.25416666666666665 0.021354166666666667 0.03796296296296296
0 0.6598958333333333 0.7763888888888889 0.027083333333333334 0.04722222222222222
0 0.5622395833333333 0.5333333333333333 0.0234375 0.040740740740740744
0 0.4356770833333333 0.5824074074074074 0.0234375 0.040740740740740744
0 0.5526041666666667 0.18888888888888888 0.020833333333333332 0.037037037037037035
0 0.5822916666666667 0.787962962962963 0.027083333333333334 0.046296296296296294
0 0.5091145833333334 0.2611111111111111 0.021354166666666667 0.03888888888888889
0 0.6348958333333333 0.762962962962963 0.026041666666666668 0.046296296296296294
0 0.4765625 0.4300925925925926 0.022916666666666665 0.03981481481481482
0 0.4583333333333333 0.4546296296296296 0.022916666666666665 0.03888888888888889
0 0.6854166666666667 0.23055555555555557 0.023958333333333335 0.03888888888888889
0 0.2518229166666667 0.8925925925925926 0.027604166666666666 0.04814814814814815
0 0.38177083333333334 0.6365740740740741 0.022916666666666665 0.03981481481481482
0 0.5216145833333333 0.4398148148148148 0.022395833333333334 0.03888888888888889
0 0.61484375 0.23194444444444445 0.021354166666666667 0.03981481481481482
0 0.4546875 0.5601851851851852 0.022916666666666665 0.03888888888888889
0 0.3450520833333333 0.25925925925925924 0.022395833333333334 0.03888888888888889
0 0.2669270833333333 0.28935185185185186 0.0234375 0.03981481481481482
0 0.5169270833333334 0.4013888888888889 0.022395833333333334 0.03981481481481482
0 0.6307291666666667 0.1824074074074074 0.021875 0.037037037037037035
0 0.3893229166666667 0.7013888888888888 0.0234375 0.04351851851851852
0 0.428125 0.6222222222222222 0.021875 0.03888888888888889
0 0.23151041666666666 0.3597222222222222 0.022395833333333334 0.03796296296296296
0 0.6760416666666667 0.19907407407407407 0.021875 0.03888888888888889
0 0.5645833333333333 0.5722222222222222 0.023958333333333335 0.040740740740740744
0 0.7044270833333334 0.26157407407407407 0.0234375 0.03796296296296296
0 0.6692708333333334 0.350462962962963 0.023958333333333335 0.03981481481481482
0 0.48046875 0.21805555555555556 0.0203125 0.03796296296296296
0 0.5333333333333333 0.475462962962963 0.021875 0.03796296296296296
0 0.4713541666666667 0.4837962962962963 0.021875 0.03796296296296296
0 0.30026041666666664 0.6578703703703703 0.024479166666666666 0.04351851851851852
0 0.5622395833333333 0.6101851851851852 0.0234375 0.040740740740740744
0 0.17369791666666667 0.33935185185185185 0.024479166666666666 0.03981481481481482
0 0.45729166666666665 0.600462962962963 0.022916666666666665 0.03981481481481482
0 0.49270833333333336 0.45740740740740743 0.022916666666666665 0.040740740740740744
0 0.5119791666666667 0.5407407407407407 0.022916666666666665 0.03518518518518519
0 0.32395833333333335 0.5393518518518519 0.022916666666666665 0.03981481481481482
0 0.5661458333333333 0.65 0.023958333333333335 0.040740740740740744
0 0.484375 0.5287037037037037 0.022916666666666665 0.03888888888888889
0 0.25 0.8476851851851852 0.026041666666666668 0.04537037037037037
0 0.53515625 0.3050925925925926 0.021354166666666667 0.03796296296296296
0 0.29739583333333336 0.5032407407407408 0.022916666666666665 0.03981481481481482
0 0.6453125 0.35509259259259257 0.022916666666666665 0.03981481481481482
0 0.24609375 0.2587962962962963 0.022395833333333334 0.03796296296296296
0 0.6526041666666667 0.6023148148148149 0.025 0.04351851851851852
0 0.61015625 0.6837962962962963 0.024479166666666666 0.04351851851851852
0 0.225 0.43194444444444446 0.023958333333333335 0.03981481481481482
0 0.40572916666666664 0.6365740740740741 0.022916666666666665 0.03981481481481482
0 0.2981770833333333 0.5731481481481482 0.0234375 0.040740740740740744
0 0.3375 0.6134259259259259 0.023958333333333335 0.041666666666666664
0 0.35989583333333336 0.23148148148148148 0.021875 0.037037037037037035
0 0.44296875 0.2861111111111111 0.022395833333333334 0.03888888888888889
0 0.32447916666666665 0.6550925925925926 0.025 0.04351851851851852
0 0.5872395833333334 0.7134259259259259 0.025520833333333333 0.04351851851851852
0 0.24348958333333334 0.4083333333333333 0.0234375 0.040740740740740744
0 0.3953125 0.6032407407407407 0.023958333333333335 0.03796296296296296
0 0.20286458333333332 0.3800925925925926 0.0234375 0.03981481481481482
0 0.44557291666666665 0.48842592592592593 0.022395833333333334 0.03981481481481482
0 0.42864583333333334 0.21388888888888888 0.020833333333333332 0.03518518518518519
0 0.2833333333333333 0.21435185185185185 0.021875 0.03611111111111111
0 0.3567708333333333 0.6462962962962963 0.023958333333333335 0.04259259259259259
0 0.5783854166666667 0.17592592592592593 0.021354166666666667 0.037037037037037035
0 0.20390625 0.31342592592592594 0.0234375 0.03796296296296296
0 0.5221354166666666 0.33425925925925926 0.022395833333333334 0.03888888888888889
0 0.6989583333333333 0.19675925925925927 0.022916666666666665 0.03981481481481482
0 0.34375 0.5726851851851852 0.022916666666666665 0.03981481481481482
0 0.478125 0.39166666666666666 0.022916666666666665 0.03888888888888889
0 0.6549479166666666 0.3162037037037037 0.0234375 0.03981481481481482
0 0.2578125 0.6555555555555556 0.026041666666666668 0.046296296296296294
0 0.5125 0.36527777777777776 0.021875 0.03796296296296296
0 0.3265625 0.16157407407407406 0.022916666666666665 0.03981481481481482
0 0.3138020833333333 0.6175925925925926 0.0234375 0.040740740740740744
0 0.23567708333333334 0.812962962962963 0.0265625 0.04814814814814815
0 0.58828125 0.5777777777777777 0.024479166666666666 0.044444444444444446
0 0.48385416666666664 0.29074074074074074 0.021875 0.03888888888888889
0 0.2596354166666667 0.4671296296296296 0.0234375 0.03981481481481482
0 0.15208333333333332 0.38842592592592595 0.023958333333333335 0.03981481481481482
0 0.2125 0.46620370370370373 0.022916666666666665 0.041666666666666664
0 0.2752604166666667 0.49953703703703706 0.022395833333333334 0.03981481481481482
0 0.290625 0.24768518518518517 0.022916666666666665 0.03796296296296296
0 0.28072916666666664 0.6398148148148148 0.023958333333333335 0.04259259259259259
0 0.17708333333333334 0.6291666666666667 0.027083333333333334 0.04351851851851852
0 0.20260416666666667 0.5236111111111111 0.023958333333333335 0.03981481481481482
0 0.26901041666666664 0.350462962962963 0.0234375 0.03981481481481482
0 0.31588541666666664 0.31805555555555554 0.0234375 0.03981481481481482
0 0.30520833333333336 0.27361111111111114 0.023958333333333335 0.03981481481481482
0 0.36692708333333335 0.6032407407407407 0.0234375 0.041666666666666664
0 0.20520833333333333 0.4203703703703704 0.022916666666666665 0.040740740740740744
0 0.259375 0.4310185185185185 0.023958333333333335 0.03981481481481482
0 0.22109375 0.4976851851851852 0.0234375 0.03981481481481482
0 0.1578125 0.44722222222222224 0.023958333333333335 0.040740740740740744
0 0.5661458333333333 0.6902777777777778 0.025 0.04351851851851852
0 0.13229166666666667 0.549537037037037 0.026041666666666668 0.041666666666666664
0 0.39088541666666665 0.2773148148148148 0.022395833333333334 0.03981481481481482
0 0.5989583333333334 0.7527777777777778 0.026041666666666668 0.046296296296296294
0 0.10520833333333333 0.5703703703703704 0.026041666666666668 0.04259259259259259
0 0.3609375 0.19768518518518519 0.021875 0.03796296296296296
0 0.1875 0.5537037037037037 0.025 0.040740740740740744
0 0.15026041666666667 0.575925925925926 0.024479166666666666 0.040740740740740744
0 0.2640625 0.5745370370370371 0.023958333333333335 0.03981481481481482
0 0.38125 0.22870370370370371 0.020833333333333332 0.037037037037037035
0 0.6213541666666667 0.6449074074074074 0.025 0.04351851851851852
0 0.28567708333333336 0.32037037037037036 0.0234375 0.03888888888888889
0 0.396875 0.1824074074074074 0.021875 0.03888888888888889
0 0.17786458333333333 0.46805555555555556 0.024479166666666666 0.03981481481481482
0 0.30182291666666666 0.19583333333333333 0.022395833333333334 0.03796296296296296
0 0.6296875 0.5861111111111111 0.025 0.044444444444444446
0 0.22916666666666666 0.5333333333333333 0.025 0.040740740740740744
0 0.19973958333333333 0.20925925925925926 0.0234375 0.03888888888888889
0 0.32109375 0.49953703703703706 0.022395833333333334 0.03796296296296296
0 0.48072916666666665 0.600462962962963 0.023958333333333335 0.03981481481481482
0 0.41770833333333335 0.17592592592592593 0.020833333333333332 0.03888888888888889
0 0.58515625 0.6222222222222222 0.024479166666666666 0.04259259259259259
0 0.6486979166666667 0.5106481481481482 0.025520833333333333 0.04351851851851852
0 0.14244791666666667 0.3509259259259259 0.0234375 0.03888888888888889
0 0.32786458333333335 0.7537037037037037 0.0265625 0.04814814814814815
0 0.5895833333333333 0.2726851851851852 0.022916666666666665 0.03981481481481482
0 0.17317708333333334 0.587037037037037 0.024479166666666666 0.040740740740740744
0 0.09661458333333334 0.6847222222222222 0.0265625 0.04537037037037037
0 0.30885416666666665 0.2273148148148148 0.022916666666666665 0.03981481481481482
0 0.68046875 0.3824074074074074 0.0234375 0.03888888888888889
0 0.3078125 0.8296296296296296 0.028125 0.04814814814814815
0 0.22994791666666667 0.12962962962962962 0.022395833333333334 0.03888888888888889
0 0.6979166666666666 0.3523148148148148 0.023958333333333335 0.03981481481481482
0 0.17317708333333334 0.29259259259259257 0.024479166666666666 0.040740740740740744
0 0.653125 0.26805555555555555 0.022916666666666665 0.03981481481481482
0 0.26796875 0.3962962962962963 0.0234375 0.03888888888888889
0 0.12604166666666666 0.5921296296296297 0.025 0.041666666666666664
0 0.3453125 0.5120370370370371 0.023958333333333335 0.04259259259259259
0 0.26536458333333335 0.6138888888888889 0.0234375 0.040740740740740744
0 0.72109375 0.3337962962962963 0.024479166666666666 0.03981481481481482
0 0.08697916666666666 0.6175925925925926 0.027083333333333334 0.044444444444444446
0 0.36770833333333336 0.5625 0.023958333333333335 0.04351851851851852
0 0.5833333333333334 0.5171296296296296 0.023958333333333335 0.041666666666666664
0 0.20364583333333333 0.5773148148148148 0.025 0.041666666666666664
0 0.22083333333333333 0.6032407407407407 0.025 0.04351851851851852
0 0.5572916666666666 0.3060185185185185 0.021875 0.03981481481481482
0 0.15364583333333334 0.6134259259259259 0.023958333333333335 0.041666666666666664
0 0.12526041666666668 0.27546296296296297 0.024479166666666666 0.03981481481481482
0 0.7229166666666667 0.16898148148148148 0.023958333333333335 0.03981481481481482
0 0.24921875 0.14675925925925926 0.021354166666666667 0.03611111111111111
0 0.12421875 0.41759259259259257 0.025520833333333333 0.040740740740740744
0 0.4591145833333333 0.3597222222222222 0.022395833333333334 0.03981481481481482
0 0.09557291666666666 0.7305555555555555 0.028645833333333332 0.046296296296296294
0 0.2559895833333333 0.7143518518518519 0.0265625 0.04722222222222222
0 0.6033854166666667 0.4152777777777778 0.0234375 0.041666666666666664
0 0.6236979166666666 0.3787037037037037 0.0234375 0.03888888888888889
0 0.5802083333333333 0.4097222222222222 0.022916666666666665 0.03981481481481482
0 0.65625 0.38657407407407407 0.025 0.041666666666666664
0 0.6296875 0.43333333333333335 0.023958333333333335 0.04259259259259259
0 0.11067708333333333 0.4685185185185185 0.0265625 0.04259259259259259
0 0.7296875 0.55 0.027083333333333334 0.04259259259259259
0 0.38776041666666666 0.3486111111111111 0.0234375 0.03981481481481482
0 0.35546875 0.3384259259259259 0.024479166666666666 0.041666666666666664
0 0.7510416666666667 0.4 0.027083333333333334 0.04259259259259259
0 0.3215052083333333 0.5803981481481482 0.024151041666666664 0.043416666666666666
0 0.26394270833333333 0.5372129629629631 0.024421875 0.04102777777777778
0 0.25428125 0.5066851851851852 0.02549479166666667 0.04102777777777778
0 0.28685937499999997 0.5375555555555555 0.025869791666666666 0.045537037037037036
0 0.23630208333333333 0.4663703703703704 0.02603125 0.04246296296296296
0 0.22341666666666665 0.3952777777777778 0.024958333333333336 0.04055555555555555
0 0.252671875 0.3745277777777778 0.02603125 0.04198148148148149
0 0.21147395833333332 0.3485185185185185 0.023614583333333335 0.04246296296296296
0 0.22972395833333334 0.32657407407407407 0.023614583333333335 0.03769444444444445
0 0.25079166666666663 0.33612037037037035 0.024421875 0.04150925925925926
0 0.24663020833333332 0.3005740740740741 0.023614583333333335 0.04102777777777778
0 0.22704166666666667 0.2874537037037037 0.024687499999999998 0.04150925925925926
0 0.46226562499999996 0.5219537037037038 0.023348958333333333 0.040074074074074074
0 0.498765625 0.4217592592592593 0.024958333333333336 0.04293518518518518
0 0.4195989583333333 0.2480925925925926 0.024421875 0.04293518518518518
0 0.44146875 0.24689814814814812 0.023078125 0.04055555555555555
0 0.4598541666666666 0.26049999999999995 0.021739583333333333 0.04102777777777778
0 0.4594479166666667 0.22351851851851853 0.022005208333333335 0.03864814814814815
0 0.5015833333333333 0.23020370370370372 0.024151041666666664 0.04150925925925926
0 0.5229166666666667 0.22543518518518518 0.02227604166666667 0.04150925925925926
0 0.5419739583333333 0.24069444444444443 0.023348958333333333 0.03960185185185185
0 0.531640625 0.19226851851851853 0.021468749999999998 0.03912037037037037
0 0.5737760416666667 0.24928703703703706 0.021468749999999998 0.04150925925925926
0 0.5155364583333334 0.2979537037037037 0.023078125 0.04055555555555555
0 0.5604895833333334 0.22328703703703703 0.021739583333333333 0.04198148148148149
0 0.5810208333333333 0.21112037037037037 0.022541666666666668 0.03864814814814815
0 0.6030260416666666 0.20228703703703704 0.022541666666666668 0.040074074074074074
0 0.26864062499999997 0.25596296296296295 0.024687499999999998 0.03769444444444445
0 0.25777083333333334 0.22662037037037036 0.024421875 0.040074074074074074