0 0.6661458333333333 0.1476851851851852 0.021875 0.03796296296296296
0 0.67890625 0.7319444444444444 0.0265625 0.04537037037037037
0 0.6356770833333333 0.21574074074074073 0.021354166666666667 0.03888888888888889
0 0.57890625 0.10601851851851851 0.021354166666666667 0.03796296296296296
0 0.6778645833333333 0.3148148148148148 0.022395833333333334 0.03888888888888889
0 0.62265625 0.8060185185185185 0.025520833333333333 0.04537037037037037
0 0.62734375 0.1300925925925926 0.021354166666666667 0.03611111111111111
0 0.6526041666666667 0.17731481481481481 0.021875 0.03796296296296296
0 0.58671875 0.6726851851851852 0.024479166666666666 0.041666666666666664
0 0.5091145833333334 0.19583333333333333 0.0203125 0.03611111111111111
0 0.3888020833333333 0.7013888888888888 0.0234375 0.04351851851851852
0 0.3651041666666667 0.7037037037037037 0.023958333333333335 0.044444444444444446
0 0.6966145833333334 0.29583333333333334 0.0234375 0.03981481481481482
0 0.5550364583333334 0.26766666666666666 0.022567708333333332 0.03902777777777778
0 0.5940104166666667 0.2351851851851852 0.021354166666666667 0.037037037037037035
0 0.5377604166666666 0.5347222222222222 0.022395833333333334 0.03796296296296296
0 0.39895833333333336 0.6402777777777777 0.022916666666666665 0.03981481481481482
0 0.61796875 0.09259259259259259 0.021354166666666667 0.037037037037037035
0 0.3875 0.3648148148148148 0.021875 0.037037037037037035
0 0.38776041666666666 0.3087962962962963 0.021354166666666667 0.03796296296296296
0 0.61484375 0.23055555555555557 0.021354166666666667 0.03888888888888889
0 0.4244791666666667 0.6578703703703703 0.023958333333333335 0.041666666666666664
0 0.5828125 0.7875 0.026041666666666668 0.04537037037037037
0 0.54765625 0.5018518518518519 0.022395833333333334 0.03888888888888889
0 0.22604166666666667 0.2851851851851852 0.021875 0.037037037037037035
0 0.68046875 0.26481481481481484 0.022395833333333334 0.03888888888888889
0 0.3854166666666667 0.4023148148148148 0.021875 0.03796296296296296
0 0.5526041666666667 0.1884259259259259 0.020833333333333332 0.03611111111111111
0 0.3234375 0.5398148148148149 0.022916666666666665 0.040740740740740744
0 0.36354166666666665 0.4699074074074074 0.021875 0.03796296296296296
0 0.2984375 0.5009259259259259 0.022916666666666665 0.03888888888888889
0 0.365625 0.5615740740740741 0.022916666666666665 0.041666666666666664
0 0.53046875 0.2675925925925926 0.021354166666666667 0.037037037037037035
0 0.5614583333333333 0.5333333333333333 0.022916666666666665 0.03888888888888889
0 0.6856770833333333 0.2300925925925926 0.0234375 0.03796296296296296
0 0.44036458333333334 0.6236111111111111 0.0234375 0.03981481481481482
0 0.2760416666666667 0.5046296296296297 0.022916666666666665 0.03888888888888889
0 0.3651041666666667 0.2949074074074074 0.021875 0.03796296296296296
0 0.5622395833333333 0.6092592592592593 0.0234375 0.040740740740740744
0 0.5666666666666667 0.65 0.023958333333333335 0.040740740740740744
0 0.39479166666666665 0.6027777777777777 0.022916666666666665 0.040740740740740744
0 0.48098958333333336 0.2537037037037037 0.021354166666666667 0.037037037037037035
0 0.3515625 0.4375 0.022916666666666665 0.03796296296296296
0 0.5645833333333333 0.5717592592592593 0.022916666666666665 0.03981481481481482
0 0.7044270833333334 0.26064814814814813 0.0234375 0.03796296296296296
0 0.30026041666666664 0.6574074074074074 0.0234375 0.04259259259259259
0 0.5802083333333333 0.20925925925925926 0.020833333333333332 0.037037037037037035
0 0.25729166666666664 0.6601851851851852 0.025 0.044444444444444446
0 0.4075520833333333 0.324537037037037 0.021354166666666667 0.03796296296296296
0 0.58515625 0.6226851851851852 0.0234375 0.041666666666666664
0 0.6354166666666666 0.763425925925926 0.026041666666666668 0.04537037037037037
0 0.24947916666666667 0.48703703703703705 0.022916666666666665 0.03888888888888889
0 0.6598958333333333 0.7773148148148148 0.026041666666666668 0.04722222222222222
0 0.429640625 0.21494444444444444 0.02177604166666667 0.039157407407407405
0 0.5088541666666667 0.2601851851851852 0.020833333333333332 0.037037037037037035
0 0.34348958333333335 0.5726851851851852 0.022395833333333334 0.03981481481481482
0 0.44244791666666666 0.2851851851851852 0.021354166666666667 0.037037037037037035
0 0.48020833333333335 0.2175925925925926 0.020833333333333332 0.037037037037037035
0 0.25546875 0.524074074074074 0.022395833333333334 0.03888888888888889
0 0.29713541666666665 0.5768518518518518 0.0234375 0.040740740740740744
0 0.40520833333333334 0.387037037037037 0.021875 0.03888888888888889
0 0.3263020833333333 0.4587962962962963 0.0234375 0.03981481481481482
0 0.35625 0.3574074074074074 0.021875 0.037037037037037035
0 0.3921875 0.27361111111111114 0.020833333333333332 0.03611111111111111
0 0.24583333333333332 0.25787037037037036 0.021875 0.03796296296296296
0 0.2828125 0.21435185185185185 0.021875 0.03611111111111111
0 0.36614583333333334 0.600925925925926 0.022916666666666665 0.040740740740740744
0 0.42083333333333334 0.36203703703703705 0.021875 0.03888888888888889
0 0.6458333333333334 0.35462962962962963 0.021875 0.03888888888888889
0 0.25078125 0.8935185185185185 0.0265625 0.04814814814814815
0 0.4390625 0.5833333333333334 0.022916666666666665 0.040740740740740744
0 0.6765625 0.19768518518518519 0.021875 0.03796296296296296
0 0.28046875 0.6402777777777777 0.0234375 0.041666666666666664
0 0.3473489583333333 0.25943518518518516 0.022817708333333336 0.03924074074074074
0 0.32369791666666664 0.6555555555555556 0.024479166666666666 0.04259259259259259
0 0.6692708333333334 0.350462962962963 0.022916666666666665 0.03981481481481482
0 0.32109375 0.49907407407407406 0.022395833333333334 0.03888888888888889
0 0.5875 0.5777777777777777 0.023958333333333335 0.04259259259259259
0 0.34479166666666666 0.5125 0.022916666666666665 0.03981481481481482
0 0.63046875 0.18101851851851852 0.021354166666666667 0.03611111111111111
0 0.4390625 0.32592592592592595 0.021875 0.037037037037037035
0 0.17291666666666666 0.33935185185185185 0.023958333333333335 0.03981481481481482
0 0.48359375 0.2898148148148148 0.021354166666666667 0.037037037037037035
0 0.33697916666666666 0.6129629629629629 0.022916666666666665 0.040740740740740744
0 0.38958333333333334 0.5606481481481481 0.021875 0.03796296296296296
0 0.51640625 0.5291666666666667 0.021354166666666667 0.03796296296296296
0 0.3528645833333333 0.6453703703703704 0.0234375 0.040740740740740744
0 0.3263020833333333 0.16111111111111112 0.022395833333333334 0.03888888888888889
0 0.2559895833333333 0.225 0.021354166666666667 0.03518518518518519
0 0.22083333333333333 0.4981481481481482 0.022916666666666665 0.03888888888888889
0 0.6520833333333333 0.6023148148148149 0.025 0.04351851851851852
0 0.20390625 0.42407407407407405 0.0234375 0.03888888888888889
0 0.61015625 0.6842592592592592 0.0234375 0.04259259259259259
0 0.2015625 0.5231481481481481 0.023958333333333335 0.03888888888888889
0 0.6994791666666667 0.19583333333333333 0.022916666666666665 0.03981481481481482
0 0.3104166666666667 0.4125 0.022916666666666665 0.03981481481481482
0 0.24947916666666667 0.8486111111111111 0.026041666666666668 0.04537037037037037
0 0.20286458333333332 0.37962962962962965 0.0234375 0.03888888888888889
0 0.5783854166666667 0.17453703703703705 0.021354166666666667 0.03611111111111111
0 0.21145833333333333 0.46574074074074073 0.022916666666666665 0.03888888888888889
0 0.15677083333333333 0.44583333333333336 0.023958333333333335 0.03981481481481482
0 0.2703125 0.46805555555555556 0.022916666666666665 0.03981481481481482
0 0.6544270833333333 0.31574074074074077 0.022395833333333334 0.03888888888888889
0 0.34375 0.3888888888888889 0.021875 0.037037037037037035
0 0.2296875 0.324537037037037 0.022916666666666665 0.03796296296296296
0 0.24583333333333332 0.29953703703703705 0.021875 0.03796296296296296
0 0.17630208333333333 0.6287037037037037 0.0265625 0.04259259259259259
0 0.26614583333333336 0.2884259259259259 0.022916666666666665 0.03796296296296296
0 0.18619791666666666 0.5546296296296296 0.024479166666666666 0.040740740740740744
0 0.22473958333333333 0.4351851851851852 0.024479166666666666 0.03888888888888889
0 0.27005208333333336 0.5509259259259259 0.024479166666666666 0.040740740740740744
0 0.5354166666666667 0.30462962962962964 0.020833333333333332 0.037037037037037035
0 0.3609375 0.19444444444444445 0.020833333333333332 0.037037037037037035
0 0.44296875 0.3611111111111111 0.021354166666666667 0.037037037037037035
0 0.203125 0.31342592592592594 0.022916666666666665 0.03796296296296296
0 0.17213541666666668 0.587037037037037 0.024479166666666666 0.040740740740740744
0 0.14947916666666666 0.5763888888888888 0.023958333333333335 0.03981481481481482
0 0.46041666666666664 0.33611111111111114 0.021875 0.03888888888888889
0 0.4934895833333333 0.5337962962962963 0.022395833333333334 0.03796296296296296
0 0.2625 0.5796296296296296 0.023958333333333335 0.037037037037037035
0 0.3140625 0.6199074074074075 0.022916666666666665 0.03981481481481482
0 0.19921875 0.20833333333333334 0.0234375 0.03888888888888889
0 0.17708333333333334 0.4671296296296296 0.025 0.03981481481481482
0 0.29047395833333334 0.24808333333333335 0.022619791666666667 0.03875925925925926
0 0.41744791666666664 0.17453703703703705 0.0203125 0.03796296296296296
0 0.22213541666666667 0.4 0.022395833333333334 0.037037037037037035
0 0.5661458333333333 0.6907407407407408 0.023958333333333335 0.04259259259259259
0 0.41948437499999996 0.2477777777777778 0.022296875 0.04184259259259259
0 0.29140625 0.44814814814814813 0.022395833333333334 0.03888888888888889
0 0.6213541666666667 0.6444444444444445 0.023958333333333335 0.04259259259259259
0 0.15104166666666666 0.38842592592592595 0.023958333333333335 0.03981481481481482
0 0.125 0.5916666666666667 0.025 0.040740740740740744
0 0.20286458333333332 0.5773148148148148 0.024479166666666666 0.041666666666666664
0 0.3809895833333333 0.22824074074074074 0.021354166666666667 0.03611111111111111
0 0.26197916666666665 0.6189814814814815 0.022916666666666665 0.03981481481481482
0 0.2609375 0.4356481481481482 0.023958333333333335 0.03981481481481482
0 0.23541666666666666 0.8143518518518519 0.026041666666666668 0.04722222222222222
0 0.37578125 0.6361111111111111 0.022395833333333334 0.03888888888888889
0 0.4005208333333333 0.5254629629629629 0.022916666666666665 0.03981481481481482
0 0.37161458333333336 0.5046296296296297 0.0234375 0.040740740740740744
0 0.41822916666666665 0.6166666666666667 0.021875 0.03888888888888889
0 0.30104166666666665 0.19583333333333333 0.021875 0.03796296296296296
0 0.13098958333333333 0.549537037037037 0.025520833333333333 0.041666666666666664
0 0.5994791666666667 0.7532407407407408 0.025 0.04537037037037037
0 0.39609375 0.1814814814814815 0.021354166666666667 0.037037037037037035
0 0.10416666666666667 0.5699074074074074 0.026041666666666668 0.041666666666666664
0 0.30833333333333335 0.2273148148148148 0.021875 0.03796296296296296
0 0.12447916666666667 0.275 0.023958333333333335 0.03888888888888889
0 0.5901041666666667 0.2722222222222222 0.021875 0.03888888888888889
0 0.6533854166666667 0.26805555555555555 0.022395833333333334 0.03981481481481482
0 0.22890625 0.5324074074074074 0.024479166666666666 0.040740740740740744
0 0.3268229166666667 0.7527777777777778 0.0265625 0.046296296296296294
0 0.17239583333333333 0.2916666666666667 0.023958333333333335 0.03888888888888889
0 0.46041666666666664 0.5925925925925926 0.021875 0.037037037037037035
0 0.21953125 0.6032407407407407 0.025520833333333333 0.04351851851851852
0 0.6979166666666666 0.35185185185185186 0.022916666666666665 0.03888888888888889
0 0.6002604166666666 0.8351851851851851 0.0265625 0.04814814814814815
0 0.6497395833333334 0.5101851851851852 0.024479166666666666 0.04259259259259259
0 0.24817708333333333 0.14444444444444443 0.021354166666666667 0.03888888888888889
0 0.09557291666666666 0.6851851851851852 0.0265625 0.044444444444444446
0 0.5872395833333334 0.7138888888888889 0.024479166666666666 0.04259259259259259
0 0.4708333333333333 0.5300925925925926 0.022916666666666665 0.03981481481481482
0 0.58203125 0.5166666666666667 0.0234375 0.040740740740740744
0 0.22942708333333334 0.12916666666666668 0.021354166666666667 0.03796296296296296
0 0.15208333333333332 0.6143518518518518 0.025 0.041666666666666664
0 0.51796875 0.4912037037037037 0.022395833333333334 0.03796296296296296
0 0.7213541666666666 0.3333333333333333 0.023958333333333335 0.040740740740740744
0 0.14114583333333333 0.35 0.022916666666666665 0.037037037037037035
0 0.7234375 0.16805555555555557 0.022916666666666665 0.03981481481481482
0 0.6296875 0.5856481481481481 0.023958333333333335 0.04351851851851852
0 0.30703125 0.8296296296296296 0.0265625 0.046296296296296294
0 0.5354166666666667 0.46805555555555556 0.022916666666666665 0.03981481481481482
0 0.5575520833333333 0.3050925925925926 0.021354166666666667 0.03796296296296296
0 0.2552083333333333 0.7143518518518519 0.026041666666666668 0.04537037037037037
0 0.1234375 0.41759259259259257 0.025 0.040740740740740744
0 0.6239583333333333 0.37824074074074077 0.022916666666666665 0.03981481481481482
0 0.521875 0.3333333333333333 0.021875 0.03888888888888889
0 0.0859375 0.6175925925925926 0.026041666666666668 0.04259259259259259
0 0.6802083333333333 0.3814814814814815 0.022916666666666665 0.03888888888888889
0 0.4322916666666667 0.5175925925925926 0.022916666666666665 0.040740740740740744
0 0.65703125 0.38564814814814813 0.0234375 0.041666666666666664
0 0.09453125 0.7310185185185185 0.027604166666666666 0.04537037037037037
0 0.6296875 0.43148148148148147 0.022916666666666665 0.040740740740740744
0 0.6028645833333334 0.41388888888888886 0.0234375 0.040740740740740744
0 0.10963541666666667 0.46805555555555556 0.025520833333333333 0.041666666666666664
0 0.7294270833333333 0.5481481481481482 0.0265625 0.04259259259259259
0 0.30052083333333335 0.34814814814814815 0.023958333333333335 0.03888888888888889
0 0.75234375 0.399537037037037 0.025520833333333333 0.041666666666666664
0 0.3213177083333333 0.5818240740740741 0.022828124999999998 0.04058333333333333
0 0.2926614583333333 0.537712962962963 0.024067708333333333 0.039703703703703706
0 0.3752864583333333 0.4371388888888889 0.023072916666666665 0.041462962962962965
0 0.36337499999999995 0.4051574074074074 0.023572916666666666 0.04101851851851852
0 0.33223437499999997 0.42324074074074075 0.023817708333333333 0.04190740740740741
0 0.21028645833333334 0.34714814814814815 0.025062499999999998 0.04058333333333333
0 0.37392187499999996 0.33766666666666667 0.022828124999999998 0.04013888888888889
0 0.46027083333333335 0.260037037037037 0.02332291666666667 0.04013888888888889
0 0.5147291666666667 0.29664814814814816 0.022578125 0.03925925925925926
0 0.5425208333333333 0.239962962962963 0.022083333333333333 0.038814814814814816
0 0.5231666666666667 0.22518518518518518 0.02108854166666667 0.03837962962962963
0 0.5317291666666667 0.19165740740740742 0.021833333333333333 0.04013888888888889
0 0.5009583333333334 0.22915740740740742 0.02332291666666667 0.03749074074074074
0 0.4409166666666666 0.24658333333333335 0.022828124999999998 0.039703703703703706
0 0.45952604166666666 0.22298148148148147 0.022828124999999998 0.03925925925925926
0 0.3600260416666667 0.23048148148148148 0.02332291666666667 0.03749074074074074
0 0.26834375 0.25672222222222224 0.024067708333333333 0.03793518518518518
0 0.5735677083333334 0.24866666666666667 0.02278125 0.03976851851851852
0 0.5604322916666666 0.22185185185185186 0.021963541666666666 0.04013888888888889
0 0.6032291666666667 0.20123148148148148 0.022578125 0.0390462962962963