0 0.46588541666666666 0.524074074074074 0.022395833333333334 0.03888888888888889
0 0.3580729166666667 0.7074074074074074 0.024479166666666666 0.04259259259259259
0 0.3697916666666667 0.549074074074074 0.021875 0.03888888888888889
0 0.42604166666666665 0.475 0.021875 0.03888888888888889
0 0.4388020833333333 0.2675925925925926 0.0203125 0.037037037037037035
0 0.47578125 0.4356481481481482 0.022395833333333334 0.03981481481481482
0 0.28463541666666664 0.3425925925925926 0.021354166666666667 0.037037037037037035
0 0.4921875 0.46435185185185185 0.021875 0.03981481481481482
0 0.41458333333333336 0.5472222222222223 0.021875 0.03888888888888889
0 0.38567708333333334 0.28055555555555556 0.021354166666666667 0.037037037037037035
0 0.30052083333333335 0.5601851851851852 0.022916666666666665 0.03888888888888889
0 0.4434895833333333 0.23287037037037037 0.0203125 0.03611111111111111
0 0.42942708333333335 0.5101851851851852 0.021354166666666667 0.037037037037037035
0 0.4700520833333333 0.47638888888888886 0.021354166666666667 0.03981481481481482
0 0.30755208333333334 0.6342592592592593 0.0234375 0.040740740740740744
0 0.445046875 0.5388703703703703 0.023421874999999998 0.0425462962962963
0 0.41041666666666665 0.2791666666666667 0.021875 0.03796296296296296
0 0.5057291666666667 0.4962962962962963 0.021875 0.037037037037037035
0 0.25703125 0.4976851851851852 0.022395833333333334 0.03796296296296296
0 0.35494791666666664 0.2162037037037037 0.021354166666666667 0.03796296296296296
0 0.39739583333333334 0.21388888888888888 0.020833333333333332 0.037037037037037035
0 0.5052083333333334 0.4203703703703704 0.021875 0.03888888888888889
0 0.46119791666666665 0.5611111111111111 0.022395833333333334 0.03888888888888889
0 0.28879166666666667 0.30669444444444444 0.023416666666666665 0.04117592592592593
0 0.3921875 0.3143518518518518 0.021875 0.03796296296296296
0 0.39114583333333336 0.5625 0.022916666666666665 0.041666666666666664
0 0.259375 0.38796296296296295 0.021875 0.03888888888888889
0 0.31354166666666666 0.7074074074074074 0.023958333333333335 0.04259259259259259
0 0.40651041666666665 0.6282407407407408 0.022395833333333334 0.03981481481481482
0 0.3846354166666667 0.1875 0.0203125 0.03611111111111111
0 0.25338541666666664 0.425 0.0234375 0.03888888888888889
0 0.28125 0.2671296296296296 0.021875 0.03796296296296296
0 0.5216145833333333 0.5212962962962963 0.022395833333333334 0.037037037037037035
0 0.28125 0.3912037037037037 0.022916666666666665 0.03796296296296296
0 0.44869791666666664 0.6328703703703704 0.0234375 0.041666666666666664
0 0.30078125 0.25324074074074077 0.021354166666666667 0.03796296296296296
0 0.409375 0.5837962962962963 0.021875 0.03981481481481482
0 0.2833333333333333 0.5375 0.022916666666666665 0.03981481481481482
0 0.24661458333333333 0.6134259259259259 0.024479166666666666 0.041666666666666664
0 0.36796875 0.24953703703703703 0.021354166666666667 0.03796296296296296
0 0.46328125 0.17685185185185184 0.0203125 0.037037037037037035
0 0.5041666666666667 0.5481481481481482 0.022916666666666665 0.037037037037037035
0 0.38723958333333336 0.6509259259259259 0.022395833333333334 0.03888888888888889
0 0.34609375 0.5851851851851851 0.022395833333333334 0.040740740740740744
0 0.36953125 0.6263888888888889 0.022395833333333334 0.03981481481481482
0 0.26119791666666664 0.5351851851851852 0.022395833333333334 0.03888888888888889
0 0.5221354166666666 0.27824074074074073 0.021354166666666667 0.03796296296296296
0 0.44817708333333334 0.5912037037037037 0.022395833333333334 0.03796296296296296
0 0.3893229166666667 0.6041666666666666 0.021354166666666667 0.03796296296296296
0 0.3692708333333333 0.5875 0.021875 0.041666666666666664
0 0.4234375 0.6527777777777778 0.023958333333333335 0.04259259259259259
0 0.29973958333333334 0.36712962962962964 0.022395833333333334 0.03796296296296296
0 0.5265625 0.33240740740740743 0.020833333333333332 0.037037037037037035
0 0.27057291666666666 0.6138888888888889 0.0234375 0.040740740740740744
0 0.38645833333333335 0.5222222222222223 0.021875 0.03888888888888889
0 0.4192708333333333 0.31851851851851853 0.021875 0.03888888888888889
0 0.24140625 0.46574074074074073 0.022395833333333334 0.03888888888888889
0 0.1828125 0.41435185185185186 0.022916666666666665 0.03981481481481482
0 0.24401041666666667 0.3101851851851852 0.022395833333333334 0.03888888888888889
0 0.3578125 0.15462962962962962 0.020833333333333332 0.03518518518518519
0 0.27760416666666665 0.6523148148148148 0.023958333333333335 0.041666666666666664
0 0.4901041666666667 0.5226851851851851 0.021875 0.03796296296296296
0 0.50859375 0.3087962962962963 0.021354166666666667 0.03796296296296296
0 0.5486979166666667 0.3416666666666667 0.021354166666666667 0.03888888888888889
0 0.54375 0.26666666666666666 0.020833333333333332 0.037037037037037035
0 0.53828125 0.5527777777777778 0.0234375 0.03888888888888889
0 0.22760416666666666 0.4388888888888889 0.022916666666666665 0.03888888888888889
0 0.4205729166666667 0.3699074074074074 0.022395833333333334 0.03796296296296296
0 0.5380208333333333 0.45 0.021875 0.03888888888888889
0 0.2421875 0.24212962962962964 0.021875 0.03796296296296296
0 0.48411458333333335 0.18611111111111112 0.0203125 0.037037037037037035
0 0.38125 0.6916666666666667 0.023958333333333335 0.040740740740740744
0 0.23020833333333332 0.5032407407407408 0.023958333333333335 0.03981481481481482
0 0.3059895833333333 0.32731481481481484 0.022395833333333334 0.03981481481481482
0 0.25026041666666665 0.35694444444444445 0.022395833333333334 0.03796296296296296
0 0.46536458333333336 0.4 0.021354166666666667 0.03888888888888889
0 0.5505208333333333 0.4152777777777778 0.021875 0.03796296296296296
0 0.42682291666666666 0.1814814814814815 0.0203125 0.037037037037037035
0 0.2942708333333333 0.6 0.023958333333333335 0.040740740740740744
0 0.42682291666666666 0.6078703703703704 0.022395833333333334 0.03981481481481482
0 0.21536458333333333 0.3861111111111111 0.0234375 0.03888888888888889
0 0.5393229166666667 0.30277777777777776 0.021354166666666667 0.037037037037037035
0 0.43697916666666664 0.42916666666666664 0.021875 0.03981481481481482
0 0.5528645833333333 0.37777777777777777 0.022395833333333334 0.03888888888888889
0 0.5208333333333334 0.20046296296296295 0.020833333333333332 0.03796296296296296
0 0.4049479166666667 0.39675925925925926 0.022395833333333334 0.03981481481481482
0 0.23411458333333332 0.40324074074074073 0.022395833333333334 0.03796296296296296
0 0.40677083333333336 0.5064814814814815 0.022916666666666665 0.04259259259259259
0 0.27109375 0.5736111111111111 0.0234375 0.03981481481481482
0 0.39401041666666664 0.4305555555555556 0.022395833333333334 0.040740740740740744
0 0.23463541666666668 0.7217592592592592 0.025520833333333333 0.04351851851851852
0 0.4158854166666667 0.43703703703703706 0.021354166666666667 0.037037037037037035
0 0.21536458333333333 0.3175925925925926 0.022395833333333334 0.037037037037037035
0 0.55 0.48148148148148145 0.021875 0.03888888888888889
0 0.5026041666666666 0.5847222222222223 0.023958333333333335 0.03981481481481482
0 0.3458333333333333 0.6439814814814815 0.022916666666666665 0.03981481481481482
0 0.2794270833333333 0.5009259259259259 0.021354166666666667 0.03888888888888889
0 0.284375 0.4625 0.022916666666666665 0.03981481481481482
0 0.38046875 0.1537037037037037 0.021354166666666667 0.037037037037037035
0 0.32526041666666666 0.6069444444444444 0.0234375 0.041666666666666664
0 0.528125 0.4842592592592593 0.021875 0.037037037037037035
0 0.4864583333333333 0.3902777777777778 0.020833333333333332 0.03796296296296296
0 0.2875 0.425 0.022916666666666665 0.03888888888888889
0 0.2078125 0.3527777777777778 0.022916666666666665 0.03888888888888889
0 0.24713541666666666 0.5736111111111111 0.0234375 0.03981481481481482
0 0.503125 0.10972222222222222 0.020833333333333332 0.03611111111111111
0 0.28958333333333336 0.18981481481481483 0.020833333333333332 0.037037037037037035
0 0.25729166666666664 0.7342592592592593 0.025 0.044444444444444446
0 0.51484375 0.4546296296296296 0.021354166666666667 0.03888888888888889
0 0.36015625 0.28888888888888886 0.021354166666666667 0.037037037037037035
0 0.3809895833333333 0.4634259259259259 0.022395833333333334 0.03981481481481482
0 0.32760416666666664 0.6717592592592593 0.023958333333333335 0.03981481481481482
0 0.5247395833333334 0.37546296296296294 0.022395833333333334 0.03796296296296296
0 0.3182291666666667 0.20324074074074075 0.020833333333333332 0.03611111111111111
0 0.22317708333333333 0.7722222222222223 0.0265625 0.046296296296296294
0 0.5651041666666666 0.5074074074074074 0.021875 0.03888888888888889
0 0.2638020833333333 0.45555555555555555 0.022395833333333334 0.03888888888888889
0 0.3338541666666667 0.23148148148148148 0.021875 0.037037037037037035
0 0.5723958333333333 0.4083333333333333 0.022916666666666665 0.040740740740740744
0 0.2703125 0.17777777777777778 0.020833333333333332 0.03888888888888889
0 0.5408854166666667 0.21203703703703702 0.0203125 0.03518518518518519
0 0.56171875 0.44722222222222224 0.021354166666666667 0.040740740740740744
0 0.32473958333333336 0.7430555555555556 0.025520833333333333 0.04351851851851852
0 0.49296875 0.28564814814814815 0.021354166666666667 0.03796296296296296
0 0.49973958333333335 0.1439814814814815 0.0203125 0.03425925925925926
0 0.23229166666666667 0.15648148148148147 0.022916666666666665 0.03888888888888889
0 0.46822916666666664 0.25277777777777777 0.021875 0.037037037037037035
0 0.528125 0.4162037037037037 0.021875 0.03796296296296296
0 0.31640625 0.5314814814814814 0.0234375 0.040740740740740744
0 0.21458333333333332 0.5615740740740741 0.025 0.041666666666666664
0 0.20364583333333333 0.27824074074074073 0.021875 0.03611111111111111
0 0.19036458333333334 0.4587962962962963 0.0234375 0.03981481481481482
0 0.3255208333333333 0.35185185185185186 0.022916666666666665 0.03888888888888889
0 0.5609375 0.5449074074074074 0.022916666666666665 0.03796296296296296
0 0.23697916666666666 0.20925925925925926 0.020833333333333332 0.037037037037037035
0 0.18020833333333333 0.37592592592592594 0.023958333333333335 0.03888888888888889
0 0.20338541666666668 0.4263888888888889 0.0234375 0.03981481481481482
0 0.4166666666666667 0.1476851851851852 0.019791666666666666 0.03611111111111111
0 0.4671875 0.11388888888888889 0.020833333333333332 0.037037037037037035
0 0.21145833333333333 0.4666666666666667 0.022916666666666665 0.03888888888888889
0 0.21927083333333333 0.6620370370370371 0.026041666666666668 0.044444444444444446
0 0.17838541666666666 0.3398148148148148 0.0234375 0.037037037037037035
0 0.17526041666666667 0.625 0.0265625 0.04259259259259259
0 0.5544270833333333 0.2361111111111111 0.021354166666666667 0.03518518518518519
0 0.23802083333333332 0.5356481481481481 0.022916666666666665 0.03981481481481482
0 0.440625 0.30324074074074076 0.021875 0.03981481481481482
0 0.5622395833333333 0.125 0.021354166666666667 0.037037037037037035
0 0.20885416666666667 0.524537037037037 0.023958333333333335 0.03981481481481482
0 0.19348958333333333 0.49953703703703706 0.0234375 0.03981481481481482
0 0.3848958333333333 0.3726851851851852 0.022916666666666665 0.03796296296296296
0 0.5213541666666667 0.16527777777777777 0.020833333333333332 0.03611111111111111
0 0.20833333333333334 0.2199074074074074 0.021875 0.03796296296296296
0 0.27317708333333335 0.14212962962962963 0.021354166666666667 0.03796296296296296
0 0.559375 0.28935185185185186 0.022916666666666665 0.03981481481481482
0 0.44453125 0.11666666666666667 0.0203125 0.037037037037037035
0 0.12317708333333334 0.27361111111111114 0.0234375 0.03796296296296296
0 0.31328125 0.1685185185185185 0.021354166666666667 0.037037037037037035
0 0.36380208333333336 0.6662037037037037 0.022395833333333334 0.041666666666666664
0 0.3453125 0.5453703703703704 0.022916666666666665 0.03888888888888889
0 0.5700520833333333 0.3458333333333333 0.022395833333333334 0.03981481481481482
0 0.37005208333333334 0.12407407407407407 0.021354166666666667 0.037037037037037035
0 0.3268229166666667 0.2953703703703704 0.022395833333333334 0.03888888888888889
0 0.3346354166666667 0.17685185185185184 0.021354166666666667 0.037037037037037035
0 0.3229166666666667 0.5680555555555555 0.022916666666666665 0.041666666666666664
0 0.14114583333333333 0.4050925925925926 0.023958333333333335 0.03981481481481482
0 0.5630208333333333 0.5805555555555556 0.023958333333333335 0.04259259259259259
0 0.14401041666666667 0.30462962962962964 0.0234375 0.03888888888888889
0 0.5997395833333333 0.39305555555555555 0.0234375 0.03981481481481482
0 0.31354166666666666 0.43472222222222223 0.023958333333333335 0.03981481481481482
0 0.5880208333333333 0.5097222222222222 0.023958333333333335 0.041666666666666664
0 0.36223958333333334 0.44583333333333336 0.022395833333333334 0.03796296296296296
0 0.30859375 0.8087962962962963 0.0265625 0.04537037037037037
0 0.3059895833333333 0.4722222222222222 0.0234375 0.040740740740740744
0 0.18645833333333334 0.5703703703703704 0.025 0.04259259259259259
0 0.6119791666666666 0.08194444444444444 0.020833333333333332 0.03611111111111111
0 0.6377604166666667 0.8 0.027604166666666666 0.04814814814814815
0 0.5452552083333334 0.5193055555555556 0.022708333333333334 0.039453703703703706
0 0.43261979166666664 0.5704537037037037 0.024515625 0.042666666666666665
0 0.40475 0.4697592592592592 0.02296875 0.039453703703703706
0 0.4510677083333333 0.4972870370370371 0.024255208333333333 0.0422037037037037
0 0.5037083333333333 0.34406481481481477 0.02373958333333333 0.04128703703703704
0 0.5293854166666666 0.24290740740740738 0.022447916666666668 0.03807407407407407
0 0.5080989583333333 0.25001851851851853 0.024255208333333333 0.04037037037037037
0 0.4870677083333333 0.22112037037037038 0.021416666666666664 0.039453703703703706
0 0.4600989583333333 0.21377777777777776 0.022708333333333334 0.038537037037037036
0 0.42384374999999996 0.24680555555555556 0.022447916666666668 0.039453703703703706
0 0.40178125 0.24864814814814817 0.023223958333333336 0.039453703703703706
0 0.41919791666666667 0.2128611111111111 0.021932291666666666 0.036703703703703704
0 0.40694270833333335 0.18258333333333332 0.021161458333333334 0.03762037037037037
0 0.43790625 0.1518425925925926 0.023223958333333336 0.04128703703703704
0 0.45932291666666664 0.14725925925925926 0.021677083333333333 0.038537037037037036
0 0.3644947916666667 0.18831481481481482 0.022447916666666668 0.04083333333333333
0 0.40384375 0.35209259259259257 0.022708333333333334 0.039907407407407405
0 0.34410937500000005 0.27364814814814814 0.021932291666666666 0.03899074074074074
0 0.323203125 0.26240740740740737 0.021416666666666664 0.036703703703703704
0 0.3069479166666667 0.28672222222222227 0.022447916666666668 0.039453703703703706
0 0.306046875 0.40300925925925923 0.024770833333333336 0.042666666666666665
0 0.2691458333333333 0.32639814814814816 0.023223958333333336 0.04083333333333333
0 0.26463020833333334 0.29200000000000004 0.023484375000000002 0.039907407407407405
0 0.19469791666666666 0.31287037037037035 0.02296875 0.039453703703703706
0 0.2245 0.28672222222222227 0.023223958333333336 0.038537037037037036
0 0.24527604166666667 0.27616666666666667 0.024 0.038537037037037036
0 0.2216614583333333 0.2520833333333333 0.02219270833333333 0.03807407407407407
0 0.25959375 0.22112037037037038 0.02219270833333333 0.04037037037037037
0 0.27972395833333336 0.23144444444444445 0.022708333333333334 0.039907407407407405
0 0.26333854166666665 0.25506481481481486 0.024 0.03762037037037037
0 0.30023958333333334 0.22042592592592594 0.02296875 0.03807407407407407
0 0.292625 0.15688888888888888 0.02219270833333333 0.04037037037037037