0 0.50546875 0.5055555555555555 0.022395833333333334 0.03888888888888889
0 0.3572916666666667 0.7060185185185185 0.023958333333333335 0.041666666666666664
0 0.4822916666666667 0.5083333333333333 0.022916666666666665 0.03888888888888889
0 0.4375 0.5662037037037037 0.021875 0.03981481481481482
0 0.40677083333333336 0.6356481481481482 0.022916666666666665 0.041666666666666664
0 0.5510416666666667 0.5148148148148148 0.021875 0.03888888888888889
0 0.42578125 0.6564814814814814 0.024479166666666666 0.04259259259259259
0 0.4114583333333333 0.5856481481481481 0.022916666666666665 0.03981481481481482
0 0.5807291666666666 0.5402777777777777 0.022916666666666665 0.03981481481481482
0 0.5669270833333333 0.4875 0.022395833333333334 0.03796296296296296
0 0.2708333333333333 0.1935185185185185 0.020833333333333332 0.037037037037037035
0 0.35234375 0.586574074074074 0.0234375 0.041666666666666664
0 0.6419270833333334 0.21203703703703702 0.021354166666666667 0.037037037037037035
0 0.428125 0.6101851851851852 0.022916666666666665 0.03888888888888889
0 0.6052083333333333 0.19027777777777777 0.021875 0.03611111111111111
0 0.6330729166666667 0.24351851851851852 0.021354166666666667 0.037037037037037035
0 0.3450520833333333 0.5388888888888889 0.0234375 0.040740740740740744
0 0.4440104166666667 0.5282407407407408 0.022395833333333334 0.03981481481481482
0 0.5309895833333333 0.5296296296296297 0.022395833333333334 0.03888888888888889
0 0.34817708333333336 0.45 0.022395833333333334 0.03888888888888889
0 0.23776041666666667 0.21296296296296297 0.021354166666666667 0.037037037037037035
0 0.4700520833333333 0.4583333333333333 0.021354166666666667 0.03888888888888889
0 0.5510416666666667 0.4615740740740741 0.022916666666666665 0.03981481481481482
0 0.3919270833333333 0.6097222222222223 0.022395833333333334 0.03981481481481482
0 0.4466145833333333 0.6342592592592593 0.0234375 0.040740740740740744
0 0.21979166666666666 0.3074074074074074 0.022916666666666665 0.03888888888888889
0 0.24348958333333334 0.36157407407407405 0.0234375 0.03796296296296296
0 0.5372395833333333 0.11342592592592593 0.021354166666666667 0.03796296296296296
0 0.28489583333333335 0.16666666666666666 0.020833333333333332 0.037037037037037035
0 0.19036458333333334 0.2851851851851852 0.022395833333333334 0.037037037037037035
0 0.5591145833333333 0.5509259259259259 0.022395833333333334 0.03888888888888889
0 0.4947916666666667 0.575462962962963 0.022916666666666665 0.03796296296296296
0 0.2677083333333333 0.3736111111111111 0.021875 0.03796296296296296
0 0.46067708333333335 0.5523148148148148 0.022395833333333334 0.03796296296296296
0 0.21848958333333332 0.2310185185185185 0.021354166666666667 0.03796296296296296
0 0.6325520833333333 0.36064814814814816 0.022395833333333334 0.03981481481481482
0 0.31223958333333335 0.7074074074074074 0.024479166666666666 0.04259259259259259
0 0.25703125 0.2550925925925926 0.022395833333333334 0.03981481481481482
0 0.3963541666666667 0.5421296296296296 0.022916666666666665 0.041666666666666664
0 0.61875 0.21712962962962962 0.020833333333333332 0.03611111111111111
0 0.65546875 0.2449074074074074 0.022395833333333334 0.03796296296296296
0 0.6119791666666666 0.3773148148148148 0.021875 0.03796296296296296
0 0.6330729166666667 0.15185185185185185 0.021354166666666667 0.03518518518518519
0 0.48385416666666664 0.5435185185185185 0.022916666666666665 0.03888888888888889
0 0.6057291666666667 0.2462962962962963 0.020833333333333332 0.037037037037037035
0 0.5270833333333333 0.4949074074074074 0.021875 0.03796296296296296
0 0.22864583333333333 0.337037037037037 0.022916666666666665 0.03888888888888889
0 0.26953125 0.6134259259259259 0.0234375 0.041666666666666664
0 0.3065104166666667 0.6314814814814815 0.0234375 0.040740740740740744
0 0.428125 0.4537037037037037 0.021875 0.03888888888888889
0 0.6588541666666666 0.36203703703703705 0.022916666666666665 0.03888888888888889
0 0.20260416666666667 0.2550925925925926 0.021875 0.03796296296296296
0 0.2578125 0.22175925925925927 0.020833333333333332 0.03611111111111111
0 0.6278645833333333 0.18564814814814815 0.021354166666666667 0.03611111111111111
0 0.240625 0.28055555555555556 0.022916666666666665 0.03888888888888889
0 0.32916666666666666 0.6162037037037037 0.022916666666666665 0.041666666666666664
0 0.27630208333333334 0.6518518518518519 0.024479166666666666 0.04259259259259259
0 0.26953125 0.4111111111111111 0.0234375 0.040740740740740744
0 0.25 0.4685185185185185 0.023958333333333335 0.040740740740740744
0 0.44895833333333335 0.4444444444444444 0.021875 0.03888888888888889
0 0.24557291666666667 0.6111111111111112 0.024479166666666666 0.04259259259259259
0 0.30052083333333335 0.08472222222222223 0.021875 0.03796296296296296
0 0.20703125 0.3439814814814815 0.022395833333333334 0.03796296296296296
0 0.48802083333333335 0.43657407407407406 0.021875 0.03981481481481482
0 0.45 0.5967592592592592 0.021875 0.03796296296296296
0 0.36875 0.6259259259259259 0.022916666666666665 0.03888888888888889
0 0.3796875 0.6921296296296297 0.023958333333333335 0.041666666666666664
0 0.20338541666666668 0.19074074074074074 0.021354166666666667 0.037037037037037035
0 0.30859375 0.5731481481481482 0.022395833333333334 0.040740740740740744
0 0.5916666666666667 0.21851851851851853 0.021875 0.037037037037037035
0 0.34453125 0.6430555555555556 0.022395833333333334 0.03981481481481482
0 0.471875 0.5828703703703704 0.021875 0.03796296296296296
0 0.21953125 0.3712962962962963 0.0234375 0.03888888888888889
0 0.67109375 0.3111111111111111 0.0234375 0.040740740740740744
0 0.33098958333333334 0.5768518518518518 0.022395833333333334 0.040740740740740744
0 0.3846354166666667 0.6509259259259259 0.022395833333333334 0.03888888888888889
0 0.6114583333333333 0.1527777777777778 0.020833333333333332 0.037037037037037035
0 0.28541666666666665 0.350462962962963 0.022916666666666665 0.03796296296296296
0 0.5486979166666667 0.42407407407407405 0.022395833333333334 0.037037037037037035
0 0.38359375 0.4324074074074074 0.022395833333333334 0.03888888888888889
0 0.6510416666666666 0.3282407407407407 0.022916666666666665 0.03796296296296296
0 0.25546875 0.3162037037037037 0.022395833333333334 0.03981481481481482
0 0.24921875 0.4300925925925926 0.0234375 0.03796296296296296
0 0.22890625 0.4027777777777778 0.0234375 0.03888888888888889
0 0.27109375 0.27824074074074073 0.022395833333333334 0.03796296296296296
0 0.2565104166666667 0.7337962962962963 0.025520833333333333 0.04351851851851852
0 0.29244791666666664 0.3902777777777778 0.022395833333333334 0.03796296296296296
0 0.221875 0.7726851851851851 0.027083333333333334 0.04722222222222222
0 0.50546875 0.5402777777777777 0.022395833333333334 0.03611111111111111
0 0.6442708333333333 0.2796296296296296 0.021875 0.03888888888888889
0 0.5872395833333334 0.5027777777777778 0.0234375 0.040740740740740744
0 0.5916666666666667 0.08888888888888889 0.020833333333333332 0.03518518518518519
0 0.36875 0.46435185185185185 0.021875 0.03981481481481482
0 0.23880208333333333 0.15833333333333333 0.021354166666666667 0.03518518518518519
0 0.37526041666666665 0.5842592592592593 0.021354166666666667 0.03888888888888889
0 0.27239583333333334 0.44907407407407407 0.023958333333333335 0.040740740740740744
0 0.3234375 0.7407407407407407 0.025 0.04259259259259259
0 0.32708333333333334 0.6717592592592593 0.023958333333333335 0.03981481481481482
0 0.6658854166666667 0.2773148148148148 0.022395833333333334 0.03796296296296296
0 0.23359375 0.7217592592592592 0.025520833333333333 0.04351851851851852
0 0.2915052083333334 0.2028888888888889 0.022598958333333332 0.03911111111111111
0 0.18541666666666667 0.35648148148148145 0.022916666666666665 0.037037037037037035
0 0.5109375 0.4444444444444444 0.021875 0.03888888888888889
0 0.2703125 0.5745370370370371 0.023958333333333335 0.041666666666666664
0 0.40572916666666664 0.45046296296296295 0.020833333333333332 0.03796296296296296
0 0.45078125 0.48333333333333334 0.022395833333333334 0.040740740740740744
0 0.5661458333333333 0.5875 0.025 0.04351851851851852
0 0.36744791666666665 0.5486111111111112 0.0234375 0.041666666666666664
0 0.21432291666666667 0.5615740740740741 0.025520833333333333 0.041666666666666664
0 0.1921875 0.38842592592592595 0.022916666666666665 0.03796296296296296
0 0.3171875 0.13564814814814816 0.021875 0.03796296296296296
0 0.1703125 0.3851851851851852 0.022916666666666665 0.03888888888888889
0 0.19192708333333333 0.500462962962963 0.024479166666666666 0.041666666666666664
0 0.30755208333333334 0.16805555555555557 0.022395833333333334 0.03796296296296296
0 0.26328125 0.15648148148148147 0.021354166666666667 0.03518518518518519
0 0.6197916666666666 0.27175925925925926 0.020833333333333332 0.03611111111111111
0 0.24036458333333333 0.5342592592592592 0.024479166666666666 0.040740740740740744
0 0.61171875 0.08472222222222223 0.021354166666666667 0.03796296296296296
0 0.5953125 0.12129629629629629 0.020833333333333332 0.037037037037037035
0 0.19713541666666667 0.22453703703703703 0.022395833333333334 0.03611111111111111
0 0.17734375 0.475 0.024479166666666666 0.040740740740740744
0 0.6072916666666667 0.44074074074074077 0.022916666666666665 0.040740740740740744
0 0.1640625 0.35185185185185186 0.021875 0.037037037037037035
0 0.1921875 0.16527777777777777 0.020833333333333332 0.03611111111111111
0 0.29010416666666666 0.12824074074074074 0.021875 0.03796296296296296
0 0.33046875 0.3824074074074074 0.0234375 0.040740740740740744
0 0.434375 0.4134259259259259 0.021875 0.03981481481481482
0 0.14817708333333332 0.25046296296296294 0.022395833333333334 0.03796296296296296
0 0.5838541666666667 0.37453703703703706 0.022916666666666665 0.03796296296296296
0 0.5526041666666667 0.3851851851851852 0.021875 0.03888888888888889
0 0.22760416666666666 0.4976851851851852 0.023958333333333335 0.03981481481481482
0 0.59453125 0.4060185185185185 0.0234375 0.03796296296296296
0 0.246875 0.5712962962962963 0.023958333333333335 0.040740740740740744
0 0.25546875 0.08055555555555556 0.022395833333333334 0.03888888888888889
0 0.20703125 0.412962962962963 0.022395833333333334 0.03888888888888889
0 0.5309895833333333 0.3962962962962963 0.022395833333333334 0.037037037037037035
0 0.29401041666666666 0.25416666666666665 0.022395833333333334 0.03796296296296296
0 0.14973958333333334 0.2865740740740741 0.022395833333333334 0.03981481481481482
0 0.31588541666666664 0.45925925925925926 0.0234375 0.040740740740740744
0 0.15130208333333334 0.16435185185185186 0.021354166666666667 0.03611111111111111
0 0.3111979166666667 0.22685185185185186 0.022395833333333334 0.03888888888888889
0 0.20755208333333333 0.525 0.0234375 0.03888888888888889
0 0.2518229166666667 0.39305555555555555 0.022395833333333334 0.03796296296296296
0 0.15625 0.19907407407407407 0.021875 0.037037037037037035
0 0.22369791666666666 0.053703703703703705 0.022395833333333334 0.03888888888888889
0 0.17786458333333333 0.4199074074074074 0.024479166666666666 0.03981481481481482
0 0.2916666666666667 0.6018518518518519 0.022916666666666665 0.040740740740740744
0 0.18541666666666667 0.5689814814814815 0.025 0.041666666666666664
0 0.21875 0.6620370370370371 0.026041666666666668 0.044444444444444446
0 0.5622395833333333 0.13657407407407407 0.021354166666666667 0.03611111111111111
0 0.30885416666666665 0.3675925925925926 0.022916666666666665 0.037037037037037035
0 0.61015625 0.47962962962962963 0.0234375 0.040740740740740744
0 0.14921875 0.38055555555555554 0.0234375 0.03888888888888889
0 0.17473958333333334 0.6240740740740741 0.0265625 0.04259259259259259
0 0.17447916666666666 0.09490740740740741 0.021875 0.03981481481481482
0 0.65078125 0.41574074074074074 0.0234375 0.03888888888888889
0 0.6294270833333333 0.40046296296296297 0.022395833333333334 0.03796296296296296
0 0.12994791666666666 0.27870370370370373 0.022395833333333334 0.03888888888888889
0 0.3645833333333333 0.17453703703703705 0.021875 0.03796296296296296
0 0.19270833333333334 0.44351851851851853 0.022916666666666665 0.03888888888888889
0 0.20807291666666666 0.4703703703703704 0.0234375 0.03888888888888889
0 0.2791666666666667 0.3111111111111111 0.022916666666666665 0.03888888888888889
0 0.6817708333333333 0.3726851851851852 0.023958333333333335 0.03981481481481482
0 0.13359375 0.31574074074074077 0.022395833333333334 0.037037037037037035
0 0.16822916666666668 0.1412037037037037 0.021875 0.03796296296296296
0 0.1390625 0.4148148148148148 0.023958333333333335 0.040740740740740744
0 0.571875 0.10462962962962963 0.019791666666666666 0.03518518518518519
0 0.6872395833333333 0.337037037037037 0.0234375 0.040740740740740744
0 0.4947916666666667 0.3925925925925926 0.022916666666666665 0.040740740740740744
0 0.22916666666666666 0.11666666666666667 0.022916666666666665 0.03888888888888889
0 0.4 0.17407407407407408 0.021875 0.037037037037037035
0 0.18098958333333334 0.059722222222222225 0.021354166666666667 0.03796296296296296
0 0.15703125 0.11342592592592593 0.021354166666666667 0.03796296296296296
0 0.19739583333333333 0.09768518518518518 0.020833333333333332 0.03796296296296296
0 0.2171875 0.08796296296296297 0.021875 0.03888888888888889
0 0.4549479166666667 0.16620370370370371 0.021354166666666667 0.03796296296296296
0 0.3614583333333333 0.6662037037037037 0.022916666666666665 0.03796296296296296
0 0.13880208333333333 0.3523148148148148 0.022395833333333334 0.03981481481481482
0 0.20286458333333332 0.05648148148148148 0.021354166666666667 0.03888888888888889
0 0.16953125 0.2967592592592593 0.022395833333333334 0.03796296296296296
0 0.30703125 0.8074074074074075 0.0265625 0.046296296296296294
0 0.12317708333333334 0.12083333333333333 0.021354166666666667 0.03796296296296296
0 0.5875 0.2777777777777778 0.021875 0.03888888888888889
0 0.125 0.16296296296296298 0.020833333333333332 0.037037037037037035
0 0.55390625 0.2851851851851852 0.022395833333333334 0.03888888888888889
0 0.6828125 0.41064814814814815 0.025 0.041666666666666664
0 0.11354166666666667 0.30787037037037035 0.021875 0.03981481481481482
0 0.10833333333333334 0.275 0.021875 0.037037037037037035
0 0.45807291666666666 0.31203703703703706 0.022395833333333334 0.03888888888888889
0 0.1078125 0.22824074074074074 0.019791666666666666 0.03796296296296296
0 0.6364583333333333 0.7967592592592593 0.026041666666666668 0.04722222222222222
0 0.41884374999999996 0.547787037037037 0.024015625 0.04583333333333333
0 0.195765625 0.3203796296296296 0.025364583333333336 0.04078703703703703
0 0.15440625 0.32528703703703704 0.024703125 0.03882407407407407
0 0.12396875 0.24763888888888888 0.024265625000000002 0.03489814814814814
0 0.27903645833333335 0.23175925925925928 0.022942708333333332 0.038425925925925926
0 0.23734375 0.24862037037037035 0.022500000000000003 0.03607407407407408
0 0.22046875000000002 0.2727314814814815 0.024041666666666666 0.03882407407407407
0 0.16874479166666667 0.2629351851851852 0.02382291666666667 0.03568518518518519
0 0.16753125000000002 0.22881481481481483 0.023604166666666666 0.03568518518518519
0 0.182859375 0.20332407407407407 0.023380208333333333 0.038037037037037036
0 0.17282291666666666 0.1754814814814815 0.024484375 0.03882407407407407
0 0.14072916666666666 0.2229351851851852 0.02382291666666667 0.036472222222222225
0 0.12088020833333334 0.20979629629629631 0.021614583333333333 0.04
0 0.13697916666666668 0.18999074074074074 0.022057291666666666 0.03960185185185185
0 0.14172395833333334 0.1390185185185185 0.02227604166666667 0.03882407407407407
0 0.22510416666666666 0.19058333333333335 0.023604166666666666 0.04078703703703703
0 0.252015625 0.18646296296296297 0.023161458333333333 0.03960185185185185