0 0.3625 0.6236111111111111 0.021875 0.03981481481481482
0 0.39739583333333334 0.6342592592592593 0.022916666666666665 0.040740740740740744
0 0.40078125 0.4787037037037037 0.021354166666666667 0.03888888888888889
0 0.4700520833333333 0.5361111111111111 0.021354166666666667 0.03888888888888889
0 0.44427083333333334 0.5259259259259259 0.020833333333333332 0.03888888888888889
0 0.5044270833333333 0.48333333333333334 0.021354166666666667 0.03888888888888889
0 0.38177083333333334 0.46296296296296297 0.020833333333333332 0.03888888888888889
0 0.371875 0.5763888888888888 0.021875 0.03796296296296296
0 0.3106770833333333 0.5972222222222222 0.022395833333333334 0.03888888888888889
0 0.59140625 0.3726851851851852 0.0203125 0.03796296296296296
0 0.47630208333333335 0.2513888888888889 0.021354166666666667 0.03796296296296296
0 0.34765625 0.5958333333333333 0.021354166666666667 0.03981481481481482
0 0.29401041666666666 0.42453703703703705 0.021354166666666667 0.03796296296296296
0 0.51875 0.41759259259259257 0.020833333333333332 0.03888888888888889
0 0.5684895833333333 0.3888888888888889 0.0203125 0.037037037037037035
0 0.60859375 0.3435185185185185 0.021354166666666667 0.03888888888888889
0 0.39869791666666665 0.20277777777777778 0.021354166666666667 0.03888888888888889
0 0.5096354166666667 0.28425925925925927 0.021354166666666667 0.03888888888888889
0 0.43333333333333335 0.18703703703703703 0.020833333333333332 0.03888888888888889
0 0.4934895833333333 0.44027777777777777 0.021354166666666667 0.03796296296296296
0 0.34765625 0.44027777777777777 0.021354166666666667 0.03796296296296296
0 0.3848958333333333 0.6050925925925926 0.021875 0.03796296296296296
0 0.2747395833333333 0.4111111111111111 0.021354166666666667 0.03888888888888889
0 0.4041666666666667 0.30972222222222223 0.020833333333333332 0.03796296296296296
0 0.31588541666666664 0.5444444444444444 0.022395833333333334 0.03888888888888889
0 0.29973958333333334 0.3861111111111111 0.022395833333333334 0.03888888888888889
0 0.5486979166666667 0.40046296296296297 0.0203125 0.03796296296296296
0 0.3528645833333333 0.23287037037037037 0.021354166666666667 0.03796296296296296
0 0.7127604166666667 0.3990740740740741 0.0234375 0.040740740740740744
0 0.4669270833333333 0.3074074074074074 0.021354166666666667 0.03888888888888889