0 0.11328125 0.2300925925925926 0.027604166666666666 0.04537037037037037
0 0.33125 0.5708333333333333 0.026041666666666668 0.04537037037037037
0 0.5247395833333334 0.48657407407407405 0.021354166666666667 0.03981481481481482
0 0.5028645833333333 0.48333333333333334 0.0203125 0.03888888888888889
0 0.4822916666666667 0.47314814814814815 0.020833333333333332 0.03888888888888889
0 0.6078125 0.33101851851851855 0.021875 0.03796296296296296
0 0.40598958333333335 0.3939814814814815 0.022395833333333334 0.03981481481481482
0 0.5388020833333333 0.39166666666666666 0.021354166666666667 0.03888888888888889
0 0.52265625 0.43333333333333335 0.021354166666666667 0.03888888888888889
0 0.44036458333333334 0.20833333333333334 0.021354166666666667 0.03888888888888889
0 0.48333333333333334 0.42824074074074076 0.021875 0.03796296296296296
0 0.51484375 0.325 0.0203125 0.03888888888888889
0 0.53828125 0.31203703703703706 0.021354166666666667 0.03888888888888889
0 0.5109375 0.38472222222222224 0.021875 0.03981481481481482
0 0.4546875 0.47314814814814815 0.021875 0.03888888888888889
0 0.47604166666666664 0.2828703703703704 0.020833333333333332 0.03981481481481482
0 0.5359375 0.3560185185185185 0.020833333333333332 0.03796296296296296
0 0.49583333333333335 0.29907407407407405 0.020833333333333332 0.03888888888888889
0 0.4075520833333333 0.49953703703703706 0.021354166666666667 0.03796296296296296
0 0.46067708333333335 0.19675925925925927 0.021354166666666667 0.03981481481481482
0 0.5544270833333333 0.33611111111111114 0.0203125 0.037037037037037035
0 0.35546875 0.3013888888888889 0.022395833333333334 0.03981481481481482
0 0.46458333333333335 0.23657407407407408 0.020833333333333332 0.03981481481481482
0 0.5911458333333334 0.30694444444444446 0.021875 0.03981481481481482
0 0.3216145833333333 0.29953703703703705 0.022395833333333334 0.03981481481481482
0 0.40130208333333334 0.3560185185185185 0.022395833333333334 0.03796296296296296
0 0.44296875 0.3685185185185185 0.021354166666666667 0.03888888888888889
0 0.6270833333333333 0.31342592592592594 0.021875 0.03981481481481482
0 0.40989583333333335 0.17731481481481481 0.021875 0.03981481481481482
0 0.35911458333333335 0.21203703703703702 0.022395833333333334 0.03888888888888889