0 0.32135416666666666 0.5555555555555556 0.026041666666666668 0.046296296296296294
0 0.40338541666666666 0.362962962962963 0.024479166666666666 0.044444444444444446
0 0.6291666666666667 0.4041666666666667 0.025 0.04351851851851852
0 0.43984375 0.5953703703703703 0.022395833333333334 0.040740740740740744
0 0.5666666666666667 0.41435185185185186 0.021875 0.03981481481481482
0 0.4700520833333333 0.17685185185185184 0.021354166666666667 0.03888888888888889
0 0.5057291666666667 0.5305555555555556 0.021875 0.040740740740740744
0 0.45651041666666664 0.5185185185185185 0.021354166666666667 0.03888888888888889
0 0.4588541666666667 0.5680555555555555 0.021875 0.03981481481481482
0 0.4434895833333333 0.4875 0.021354166666666667 0.03981481481481482
0 0.40130208333333334 0.5680555555555555 0.0203125 0.03981481481481482
0 0.4309895833333333 0.45231481481481484 0.021354166666666667 0.03981481481481482
0 0.5276041666666667 0.525 0.020833333333333332 0.040740740740740744
0 0.409375 0.4648148148148148 0.021875 0.040740740740740744
0 0.42083333333333334 0.5800925925925926 0.020833333333333332 0.03981481481481482
0 0.5489583333333333 0.39490740740740743 0.020833333333333332 0.03981481481481482
0 0.37395833333333334 0.19953703703703704 0.021875 0.03981481481481482
0 0.47630208333333335 0.4898148148148148 0.022395833333333334 0.040740740740740744
0 0.55 0.5324074074074074 0.021875 0.040740740740740744
0 0.45625 0.1412037037037037 0.020833333333333332 0.03981481481481482
0 0.53359375 0.37083333333333335 0.021354166666666667 0.03981481481481482
0 0.3815104166666667 0.5546296296296296 0.021354166666666667 0.040740740740740744
0 0.4744791666666667 0.4412037037037037 0.021875 0.03981481481481482
0 0.5375 0.49074074074074076 0.021875 0.040740740740740744
0 0.4890625 0.16111111111111112 0.020833333333333332 0.03888888888888889
0 0.43802083333333336 0.5564814814814815 0.020833333333333332 0.03888888888888889
0 0.39765625 0.17314814814814813 0.022395833333333334 0.03888888888888889
0 0.3484375 0.4300925925925926 0.021875 0.03981481481481482
0 0.28880208333333335 0.4356481481481482 0.022395833333333334 0.03981481481481482
0 0.5265625 0.3236111111111111 0.021875 0.03981481481481482