0 0.08072916666666667 0.5796296296296296 0.030208333333333334 0.046296296296296294
0 0.25364583333333335 0.5995370370370371 0.028125 0.04722222222222222
0 0.5606770833333333 0.712037037037037 0.0265625 0.04814814814814815
0 0.2713541666666667 0.44583333333333336 0.027083333333333334 0.04537037037037037
0 0.3533854166666667 0.5643518518518519 0.0234375 0.03981481481481482
0 0.42552083333333335 0.5578703703703703 0.022916666666666665 0.03981481481481482
0 0.4440104166666667 0.44675925925925924 0.022395833333333334 0.041666666666666664
0 0.4708333333333333 0.6189814814814815 0.023958333333333335 0.041666666666666664
0 0.4484375 0.5564814814814815 0.021875 0.040740740740740744
0 0.39375 0.5833333333333334 0.023958333333333335 0.040740740740740744
0 0.43385416666666665 0.41388888888888886 0.021875 0.040740740740740744
0 0.33046875 0.5412037037037037 0.0234375 0.041666666666666664
0 0.4083333333333333 0.49166666666666664 0.022916666666666665 0.040740740740740744
0 0.42864583333333334 0.26296296296296295 0.021875 0.03888888888888889
0 0.4666666666666667 0.24166666666666667 0.021875 0.03888888888888889
0 0.4708333333333333 0.5541666666666667 0.021875 0.03981481481481482
0 0.4205729166666667 0.5208333333333334 0.022395833333333334 0.03981481481481482
0 0.42109375 0.30416666666666664 0.021354166666666667 0.03796296296296296
0 0.48854166666666665 0.5791666666666667 0.022916666666666665 0.03981481481481482
0 0.48125 0.26481481481481484 0.021875 0.03888888888888889
0 0.40390625 0.35648148148148145 0.021354166666666667 0.03888888888888889