0 0.45729166666666665 0.5435185185185185 0.020833333333333332 0.03888888888888889
0 0.40182291666666664 0.5768518518518518 0.021354166666666667 0.040740740740740744
0 0.37994791666666666 0.5763888888888888 0.0203125 0.03796296296296296
0 0.35885416666666664 0.5763888888888888 0.020833333333333332 0.03981481481481482
0 0.49635416666666665 0.5287037037037037 0.020833333333333332 0.03888888888888889
0 0.3302083333333333 0.2935185185185185 0.022916666666666665 0.040740740740740744
0 0.3140625 0.5569444444444445 0.021875 0.03981481481481482
0 0.3984375 0.17962962962962964 0.020833333333333332 0.03888888888888889
0 0.54921875 0.29444444444444445 0.024479166666666666 0.04259259259259259
0 0.53828125 0.5138888888888888 0.021354166666666667 0.03888888888888889
0 0.4283854166666667 0.18981481481481483 0.0203125 0.03888888888888889
0 0.45755208333333336 0.14351851851851852 0.0203125 0.03888888888888889
0 0.42239583333333336 0.4287037037037037 0.020833333333333332 0.03888888888888889
0 0.4708333333333333 0.17685185185185184 0.020833333333333332 0.03888888888888889
0 0.4356770833333333 0.5347222222222222 0.0203125 0.03796296296296296
0 0.5739583333333333 0.41574074074074074 0.021875 0.03888888888888889
0 0.3265625 0.5152777777777777 0.021875 0.03981481481481482
0 0.44765625 0.49907407407407406 0.0203125 0.037037037037037035
0 0.5768229166666666 0.37916666666666665 0.021354166666666667 0.03611111111111111
0 0.5114583333333333 0.28703703703703703 0.021875 0.03888888888888889
0 0.5276041666666667 0.48055555555555557 0.020833333333333332 0.03888888888888889
0 0.375 0.2013888888888889 0.020833333333333332 0.03796296296296296
0 0.4765625 0.4888888888888889 0.021875 0.03888888888888889
0 0.5828125 0.3425925925925926 0.020833333333333332 0.037037037037037035
0 0.3919270833333333 0.4074074074074074 0.021354166666666667 0.03888888888888889
0 0.5169270833333334 0.5180555555555556 0.0203125 0.03981481481481482
0 0.434375 0.4615740740740741 0.020833333333333332 0.03796296296296296
0 0.4864583333333333 0.15185185185185185 0.020833333333333332 0.03888888888888889
0 0.28984375 0.4361111111111111 0.021354166666666667 0.03888888888888889
0 0.6520833333333333 0.4027777777777778 0.022916666666666665 0.040740740740740744