0 0.44036458333333334 0.5995370370370371 0.022395833333333334 0.03981481481481482
0 0.4596354166666667 0.5810185185185185 0.022395833333333334 0.041666666666666664
0 0.50703125 0.5375 0.022395833333333334 0.041666666666666664
0 0.42161458333333335 0.5828703703703704 0.021354166666666667 0.041666666666666664
0 0.45755208333333336 0.5175925925925926 0.021354166666666667 0.03888888888888889
0 0.55234375 0.39305555555555555 0.021354166666666667 0.03981481481481482
0 0.5510416666666667 0.5333333333333333 0.021875 0.040740740740740744
0 0.6296875 0.4041666666666667 0.023958333333333335 0.04351851851851852
0 0.5299479166666666 0.5263888888888889 0.021354166666666667 0.03981481481481482
0 0.40234375 0.5703703703703704 0.022395833333333334 0.040740740740740744
0 0.40598958333333335 0.4976851851851852 0.021354166666666667 0.03981481481481482
0 0.44244791666666666 0.5601851851851852 0.021354166666666667 0.03888888888888889
0 0.43515625 0.49398148148148147 0.021354166666666667 0.03981481481481482
0 0.51796875 0.37824074074074077 0.021354166666666667 0.03981481481481482
0 0.471875 0.24166666666666667 0.021875 0.040740740740740744
0 0.5880208333333333 0.3990740740740741 0.022916666666666665 0.040740740740740744
0 0.378125 0.5009259259259259 0.021875 0.040740740740740744
0 0.48203125 0.20833333333333334 0.021354166666666667 0.03888888888888889
0 0.5270833333333333 0.32314814814814813 0.020833333333333332 0.03888888888888889
0 0.5393229166666667 0.36574074074074076 0.021354166666666667 0.03888888888888889
0 0.50859375 0.29583333333333334 0.022395833333333334 0.03981481481481482
0 0.41119791666666666 0.4583333333333333 0.022395833333333334 0.040740740740740744
0 0.5393229166666667 0.49027777777777776 0.022395833333333334 0.03981481481481482
0 0.5080729166666667 0.2 0.021354166666666667 0.03888888888888889
0 0.51875 0.23333333333333334 0.021875 0.040740740740740744
0 0.48359375 0.4726851851851852 0.022395833333333334 0.03981481481481482
0 0.45859375 0.19305555555555556 0.021354166666666667 0.03981481481481482
0 0.47578125 0.17175925925925925 0.021354166666666667 0.03981481481481482
0 0.43697916666666664 0.3888888888888889 0.021875 0.040740740740740744
0 0.4635416666666667 0.32314814814814813 0.021875 0.040740740740740744