0 0.6184895833333334 0.06481481481481481 0.027604166666666666 0.04814814814814815
0 0.63203125 0.44166666666666665 0.0265625 0.044444444444444446
0 0.47604166666666664 0.5472222222222223 0.023958333333333335 0.044444444444444446
0 0.4109375 0.6333333333333333 0.021875 0.040740740740740744
0 0.36302083333333335 0.6611111111111111 0.022916666666666665 0.040740740740740744
0 0.37265625 0.6055555555555555 0.021354166666666667 0.03888888888888889
0 0.47161458333333334 0.48194444444444445 0.0203125 0.03796296296296296
0 0.54609375 0.42824074074074076 0.0234375 0.04351851851851852
0 0.5453125 0.5601851851851852 0.021875 0.040740740740740744
0 0.43020833333333336 0.6050925925925926 0.021875 0.03981481481481482
0 0.5109375 0.4587962962962963 0.020833333333333332 0.03796296296296296
0 0.55 0.5041666666666667 0.021875 0.03981481481481482
0 0.4388020833333333 0.48564814814814816 0.021354166666666667 0.03981481481481482
0 0.43385416666666665 0.34074074074074073 0.020833333333333332 0.03888888888888889
0 0.35104166666666664 0.5921296296296297 0.021875 0.03981481481481482
0 0.3765625 0.29259259259259257 0.020833333333333332 0.03888888888888889
0 0.3966145833333333 0.5884259259259259 0.021354166666666667 0.03981481481481482
0 0.35989583333333336 0.23055555555555557 0.020833333333333332 0.03888888888888889
0 0.49895833333333334 0.20833333333333334 0.020833333333333332 0.03888888888888889
0 0.48880208333333336 0.4601851851851852 0.0203125 0.03888888888888889
0 0.28359375 0.4583333333333333 0.022395833333333334 0.03888888888888889
0 0.33046875 0.2611111111111111 0.021354166666666667 0.03888888888888889
0 0.52109375 0.25416666666666665 0.022395833333333334 0.03981481481481482
0 0.4205729166666667 0.39537037037037037 0.0203125 0.03888888888888889
0 0.4591145833333333 0.3685185185185185 0.0203125 0.03888888888888889
0 0.39739583333333334 0.31203703703703706 0.020833333333333332 0.03888888888888889
0 0.3182291666666667 0.5518518518518518 0.021875 0.03888888888888889
0 0.44036458333333334 0.38472222222222224 0.0203125 0.03796296296296296
0 0.28072916666666664 0.41944444444444445 0.021875 0.03888888888888889
0 0.2591145833333333 0.4324074074074074 0.021354166666666667 0.03888888888888889