0 0.36302083333333335 0.662962962962963 0.025 0.044444444444444446
0 0.41119791666666666 0.6337962962962963 0.022395833333333334 0.03981481481481482
0 0.3609375 0.5791666666666667 0.021875 0.03981481481481482
0 0.4309895833333333 0.6078703703703704 0.021354166666666667 0.03981481481481482
0 0.44973958333333336 0.5231481481481481 0.0234375 0.04259259259259259
0 0.5184895833333333 0.4962962962962963 0.021354166666666667 0.03888888888888889
0 0.48828125 0.4703703703703704 0.021354166666666667 0.03888888888888889
0 0.4471354166666667 0.3763888888888889 0.021354166666666667 0.03796296296296296
0 0.46484375 0.43148148148148147 0.021354166666666667 0.03888888888888889
0 0.4203125 0.387037037037037 0.020833333333333332 0.03888888888888889
0 0.54921875 0.3921296296296296 0.021354166666666667 0.03981481481481482
0 0.4 0.5842592592592593 0.021875 0.03888888888888889
0 0.3184895833333333 0.5518518518518518 0.022395833333333334 0.03888888888888889
0 0.44557291666666665 0.41759259259259257 0.0203125 0.03888888888888889
0 0.2833333333333333 0.4583333333333333 0.022916666666666665 0.03888888888888889
0 0.5265625 0.43333333333333335 0.020833333333333332 0.03888888888888889
0 0.5671875 0.4101851851851852 0.021875 0.03888888888888889
0 0.34140625 0.47175925925925927 0.021354166666666667 0.03796296296296296
0 0.5049479166666667 0.4486111111111111 0.021354166666666667 0.03796296296296296
0 0.39765625 0.37824074074074077 0.021354166666666667 0.03981481481481482
0 0.25885416666666666 0.4324074074074074 0.021875 0.03888888888888889
0 0.3734375 0.19444444444444445 0.020833333333333332 0.03888888888888889
0 0.39765625 0.17824074074074073 0.0203125 0.03796296296296296
0 0.28020833333333334 0.41944444444444445 0.021875 0.03888888888888889
0 0.41770833333333335 0.17314814814814813 0.020833333333333332 0.03888888888888889
0 0.34375 0.2361111111111111 0.021875 0.03888888888888889
0 0.5505208333333333 0.11851851851851852 0.020833333333333332 0.03888888888888889
0 0.5270833333333333 0.1486111111111111 0.020833333333333332 0.03981481481481482
0 0.6330729166666667 0.4398148148148148 0.0234375 0.040740740740740744
0 0.55 0.15787037037037038 0.020833333333333332 0.03981481481481482