0 0.4739583333333333 0.19027777777777777 0.022916666666666665 0.041666666666666664
0 0.4588541666666667 0.5643518518518519 0.020833333333333332 0.03796296296296296
0 0.43776041666666665 0.562037037037037 0.0203125 0.040740740740740744
0 0.41692708333333334 0.562962962962963 0.0203125 0.03888888888888889
0 0.5544270833333333 0.3962962962962963 0.022395833333333334 0.03888888888888889
0 0.4744791666666667 0.5388888888888889 0.020833333333333332 0.03888888888888889
0 0.503125 0.5115740740740741 0.020833333333333332 0.03981481481481482
0 0.6619791666666667 0.5 0.022916666666666665 0.040740740740740744
0 0.3263020833333333 0.4828703703703704 0.022395833333333334 0.03796296296296296
0 0.4 0.37546296296296294 0.020833333333333332 0.03796296296296296
0 0.38255208333333335 0.5722222222222222 0.022395833333333334 0.03888888888888889
0 0.6598958333333333 0.3685185185185185 0.021875 0.03888888888888889
0 0.4236979166666667 0.37453703703703706 0.0203125 0.03796296296296296
0 0.4627604166666667 0.5078703703703704 0.0203125 0.03796296296296296
0 0.48411458333333335 0.5 0.021354166666666667 0.03888888888888889
0 0.3770833333333333 0.35 0.020833333333333332 0.03888888888888889
0 0.5377604166666666 0.3638888888888889 0.021354166666666667 0.03888888888888889
0 0.5002604166666667 0.3101851851851852 0.021354166666666667 0.03888888888888889
0 0.30416666666666664 0.4148148148148148 0.021875 0.03888888888888889
0 0.4283854166666667 0.4708333333333333 0.021354166666666667 0.03796296296296296
0 0.40572916666666664 0.30416666666666664 0.020833333333333332 0.03796296296296296
0 0.61640625 0.08842592592592592 0.021354166666666667 0.03796296296296296
0 0.6203125 0.16342592592592592 0.021875 0.03981481481481482
0 0.62265625 0.12361111111111112 0.021354166666666667 0.03796296296296296
0 0.3265625 0.28564814814814815 0.021875 0.03796296296296296
0 0.44114583333333335 0.35509259259259257 0.020833333333333332 0.03796296296296296
0 0.6895833333333333 0.4689814814814815 0.022916666666666665 0.03981481481481482
0 0.5986979166666667 0.15046296296296297 0.021354166666666667 0.03981481481481482
0 0.6416666666666667 0.3435185185185185 0.021875 0.03888888888888889
0 0.5880208333333333 0.21388888888888888 0.021875 0.03888888888888889