0 0.4739583333333333 0.18935185185185185 0.023958333333333335 0.041666666666666664
0 0.32734375 0.2851851851851852 0.024479166666666666 0.04259259259259259
0 0.5544270833333333 0.3972222222222222 0.022395833333333334 0.040740740740740744
0 0.40651041666666665 0.3050925925925926 0.022395833333333334 0.03981481481481482
0 0.50078125 0.3106481481481482 0.022395833333333334 0.03981481481481482
0 0.3828125 0.5736111111111111 0.022916666666666665 0.041666666666666664
0 0.41692708333333334 0.5634259259259259 0.021354166666666667 0.041666666666666664
0 0.4002604166666667 0.3763888888888889 0.021354166666666667 0.03981481481481482
0 0.6424479166666667 0.3435185185185185 0.022395833333333334 0.03888888888888889
0 0.6604166666666667 0.3685185185185185 0.022916666666666665 0.040740740740740744
0 0.5385416666666667 0.3638888888888889 0.021875 0.03888888888888889
0 0.3770833333333333 0.3509259259259259 0.021875 0.03888888888888889
0 0.3265625 0.48333333333333334 0.022916666666666665 0.040740740740740744
0 0.44114583333333335 0.35509259259259257 0.021875 0.03981481481481482
0 0.4591145833333333 0.5638888888888889 0.0203125 0.03888888888888889
0 0.42890625 0.47175925925925927 0.022395833333333334 0.03981481481481482
0 0.43854166666666666 0.562962962962963 0.020833333333333332 0.040740740740740744
0 0.5041666666666667 0.5115740740740741 0.022916666666666665 0.041666666666666664
0 0.6234375 0.12361111111111112 0.022916666666666665 0.03796296296296296
0 0.6169270833333333 0.08842592592592592 0.022395833333333334 0.03981481481481482
0 0.6208333333333333 0.1625 0.022916666666666665 0.03981481481481482
0 0.42421875 0.37592592592592594 0.0203125 0.03888888888888889
0 0.48385416666666664 0.49953703703703706 0.020833333333333332 0.03981481481481482
0 0.6619791666666667 0.500462962962963 0.023958333333333335 0.041666666666666664
0 0.30390625 0.4152777777777778 0.022395833333333334 0.03981481481481482
0 0.475 0.5398148148148149 0.021875 0.040740740740740744
0 0.5880208333333333 0.21296296296296297 0.022916666666666665 0.03888888888888889
0 0.5984375 0.14953703703703702 0.021875 0.03981481481481482
0 0.4630208333333333 0.5083333333333333 0.020833333333333332 0.03888888888888889
0 0.690625 0.47129629629629627 0.027083333333333334 0.044444444444444446