0 0.15807291666666667 0.4986111111111111 0.025520833333333333 0.04351851851851852
0 0.23932291666666666 0.4356481481481482 0.024479166666666666 0.041666666666666664
0 0.3067708333333333 0.7319444444444444 0.020833333333333332 0.041666666666666664
0 0.328125 0.7300925925925926 0.022916666666666665 0.041666666666666664
0 0.2877604166666667 0.7199074074074074 0.022395833333333334 0.03981481481481482
0 0.46822916666666664 0.5388888888888889 0.021875 0.03888888888888889
0 0.4075520833333333 0.5638888888888889 0.022395833333333334 0.040740740740740744
0 0.3065104166666667 0.6810185185185185 0.021354166666666667 0.03981481481481482
0 0.32578125 0.6921296296296297 0.022395833333333334 0.03981481481481482
0 0.69453125 0.49722222222222223 0.0234375 0.040740740740740744
0 0.3703125 0.4976851851851852 0.021875 0.03796296296296296
0 0.5317708333333333 0.26805555555555555 0.020833333333333332 0.03981481481481482
0 0.3455729166666667 0.49583333333333335 0.021354166666666667 0.03796296296296296
0 0.2828125 0.6662037037037037 0.022916666666666665 0.041666666666666664
0 0.6075520833333333 0.15416666666666667 0.021354166666666667 0.03981481481481482
0 0.46510416666666665 0.16527777777777777 0.020833333333333332 0.03981481481481482
0 0.6177083333333333 0.2569444444444444 0.021875 0.03981481481481482
0 0.525 0.19768518518518519 0.020833333333333332 0.03796296296296296
0 0.49583333333333335 0.21203703703703702 0.020833333333333332 0.03888888888888889
0 0.6630208333333333 0.4699074074074074 0.022916666666666665 0.03981481481481482
0 0.30520833333333336 0.6069444444444444 0.022916666666666665 0.03981481481481482
0 0.43359375 0.5314814814814814 0.021354166666666667 0.03888888888888889
0 0.37786458333333334 0.19074074074074074 0.021354166666666667 0.03888888888888889
0 0.48854166666666665 0.17453703703703705 0.020833333333333332 0.03796296296296296
0 0.41041666666666665 0.524537037037037 0.020833333333333332 0.03796296296296296
0 0.43854166666666666 0.28425925925925927 0.020833333333333332 0.03888888888888889
0 0.4817708333333333 0.5018518518518519 0.021875 0.03888888888888889
0 0.45703125 0.5087962962962963 0.021354166666666667 0.03796296296296296
0 0.425 0.19953703703703704 0.020833333333333332 0.03796296296296296
0 0.69765625 0.4125 0.0234375 0.041666666666666664
0 0.34479166666666666 0.20092592592592592 0.020833333333333332 0.037037037037037035
0 0.26197916666666665 0.20879629629629629 0.020833333333333332 0.03796296296296296
0 0.61171875 0.19722222222222222 0.021354166666666667 0.040740740740740744
0 0.5611979166666666 0.2763888888888889 0.021354166666666667 0.03981481481481482
0 0.24505208333333334 0.28564814814814815 0.021354166666666667 0.03796296296296296
0 0.5989583333333334 0.10694444444444444 0.020833333333333332 0.03981481481481482
0 0.37916666666666665 0.262037037037037 0.020833333333333332 0.03888888888888889
0 0.52890625 0.37916666666666665 0.021354166666666667 0.03981481481481482
0 0.40963541666666664 0.23981481481481481 0.021354166666666667 0.03888888888888889
0 0.5580729166666667 0.34629629629629627 0.021354166666666667 0.03888888888888889
0 0.34791666666666665 0.23935185185185184 0.020833333333333332 0.03796296296296296
0 0.43020833333333336 0.3314814814814815 0.019791666666666666 0.037037037037037035
0 0.18098958333333334 0.3472222222222222 0.022395833333333334 0.03888888888888889
0 0.4518229166666667 0.32037037037037036 0.0203125 0.037037037037037035
0 0.4158854166666667 0.30694444444444446 0.0203125 0.03796296296296296
0 0.28229166666666666 0.2657407407407407 0.020833333333333332 0.03888888888888889
0 0.5020833333333333 0.38287037037037036 0.020833333333333332 0.03981481481481482
0 0.6354166666666666 0.2263888888888889 0.021875 0.03981481481481482
0 0.29791666666666666 0.22314814814814815 0.021875 0.037037037037037035
0 0.47630208333333335 0.3282407407407407 0.0203125 0.03796296296296296
0 0.4752604166666667 0.46296296296296297 0.021354166666666667 0.03888888888888889
0 0.36796875 0.2263888888888889 0.0203125 0.03796296296296296
0 0.47552083333333334 0.42685185185185187 0.020833333333333332 0.037037037037037035
0 0.62734375 0.1685185185185185 0.021354166666666667 0.03888888888888889
0 0.2625 0.2689814814814815 0.019791666666666666 0.03796296296296296
0 0.27786458333333336 0.23148148148148148 0.0203125 0.037037037037037035
0 0.51484375 0.3523148148148148 0.0203125 0.03796296296296296
0 0.4596354166666667 0.3680555555555556 0.0203125 0.03796296296296296
0 0.4036458333333333 0.27546296296296297 0.019791666666666666 0.03796296296296296
0 0.303125 0.2611111111111111 0.021875 0.03888888888888889
0 0.4783854166666667 0.38425925925925924 0.021354166666666667 0.03888888888888889
0 0.4903645833333333 0.35324074074074074 0.0203125 0.03796296296296296