0 0.33932291666666664 0.7407407407407407 0.0234375 0.04259259259259259
0 0.31171875 0.7273148148148149 0.022395833333333334 0.03981481481481482
0 0.6638020833333333 0.47129629629629627 0.0234375 0.040740740740740744
0 0.4317708333333333 0.15601851851851853 0.020833333333333332 0.03981481481481482
0 0.45989583333333334 0.1574074074074074 0.020833333333333332 0.040740740740740744
0 0.15677083333333333 0.4981481481481482 0.025 0.040740740740740744
0 0.6984375 0.4115740740740741 0.022916666666666665 0.041666666666666664
0 0.29010416666666666 0.7208333333333333 0.021875 0.03981481481481482
0 0.35494791666666664 0.5009259259259259 0.022395833333333334 0.03888888888888889
0 0.4153645833333333 0.5824074074074074 0.021354166666666667 0.03888888888888889
0 0.23854166666666668 0.47314814814814815 0.023958333333333335 0.04259259259259259
0 0.69453125 0.4981481481481482 0.0234375 0.040740740740740744
0 0.43671875 0.5828703703703704 0.021354166666666667 0.03981481481481482
0 0.5109375 0.33796296296296297 0.021875 0.03888888888888889
0 0.3190104166666667 0.6513888888888889 0.021354166666666667 0.03796296296296296
0 0.3729166666666667 0.6939814814814815 0.022916666666666665 0.041666666666666664
0 0.35 0.7050925925925926 0.021875 0.03981481481481482
0 0.3763020833333333 0.1912037037037037 0.021354166666666667 0.03981481481481482
0 0.4328125 0.48703703703703705 0.021875 0.03888888888888889
0 0.41770833333333335 0.1986111111111111 0.020833333333333332 0.03981481481481482
0 0.42135416666666664 0.6601851851851852 0.022916666666666665 0.040740740740740744
0 0.4890625 0.262037037037037 0.020833333333333332 0.037037037037037035
0 0.48203125 0.3138888888888889 0.021354166666666667 0.03888888888888889
0 0.5846354166666666 0.18935185185185185 0.021354166666666667 0.03981481481481482
0 0.32864583333333336 0.32222222222222224 0.020833333333333332 0.037037037037037035
0 0.32890625 0.7078703703703704 0.021354166666666667 0.03981481481481482
0 0.5203125 0.30277777777777776 0.020833333333333332 0.03888888888888889
0 0.4236979166666667 0.2875 0.021354166666666667 0.03796296296296296
0 0.4630208333333333 0.5587962962962963 0.021875 0.03981481481481482
0 0.31692708333333336 0.46435185185185185 0.021354166666666667 0.03796296296296296
0 0.6002604166666666 0.15231481481481482 0.021354166666666667 0.03981481481481482
0 0.5721354166666667 0.14583333333333334 0.021354166666666667 0.03981481481481482
0 0.26197916666666665 0.20972222222222223 0.020833333333333332 0.03796296296296296
0 0.36041666666666666 0.29953703703703705 0.021875 0.03796296296296296
0 0.39296875 0.3416666666666667 0.021354166666666667 0.03888888888888889
0 0.35911458333333335 0.6671296296296296 0.021354166666666667 0.03796296296296296
0 0.2838541666666667 0.2657407407407407 0.020833333333333332 0.03888888888888889
0 0.5856770833333333 0.2375 0.021354166666666667 0.03981481481481482
0 0.3372395833333333 0.6685185185185185 0.021354166666666667 0.03888888888888889
0 0.3020833333333333 0.24768518518518517 0.021875 0.03796296296296296
0 0.49947916666666664 0.29305555555555557 0.020833333333333332 0.03796296296296296
0 0.29583333333333334 0.6712962962962963 0.022916666666666665 0.040740740740740744
0 0.5950520833333334 0.11898148148148148 0.021354166666666667 0.03796296296296296
0 0.34609375 0.4615740740740741 0.0203125 0.03796296296296296
0 0.28515625 0.40555555555555556 0.022395833333333334 0.03888888888888889
0 0.290625 0.44212962962962965 0.021875 0.03796296296296296
0 0.31302083333333336 0.687962962962963 0.021875 0.03888888888888889
0 0.27708333333333335 0.23333333333333334 0.020833333333333332 0.037037037037037035
0 0.39609375 0.46064814814814814 0.021354166666666667 0.03796296296296296
0 0.553125 0.2611111111111111 0.020833333333333332 0.03888888888888889
0 0.30833333333333335 0.2884259259259259 0.020833333333333332 0.03796296296296296
0 0.4322916666666667 0.37592592592592594 0.020833333333333332 0.03888888888888889
0 0.4153645833333333 0.3574074074074074 0.021354166666666667 0.03888888888888889
0 0.434375 0.44351851851851853 0.021875 0.03888888888888889
0 0.3143229166666667 0.42453703703703705 0.021354166666666667 0.03796296296296296
0 0.35208333333333336 0.35 0.021875 0.03888888888888889
0 0.3671875 0.46620370370370373 0.020833333333333332 0.03796296296296296
0 0.26276041666666666 0.26851851851851855 0.0203125 0.037037037037037035
0 0.24427083333333333 0.28379629629629627 0.020833333333333332 0.03796296296296296
0 0.39348958333333334 0.3814814814814815 0.021354166666666667 0.03888888888888889
0 0.18020833333333333 0.3472222222222222 0.022916666666666665 0.03888888888888889
0 0.40546875 0.41944444444444445 0.021354166666666667 0.03888888888888889