0 0.27291666666666664 0.8532407407407407 0.025 0.04351851851851852
0 0.3184895833333333 0.6606481481481481 0.022395833333333334 0.03981481481481482
0 0.5403645833333334 0.5175925925925926 0.021354166666666667 0.03888888888888889
0 0.30546875 0.6314814814814815 0.022395833333333334 0.03888888888888889
0 0.36380208333333336 0.6222222222222222 0.022395833333333334 0.040740740740740744
0 0.6708333333333333 0.5055555555555555 0.022916666666666665 0.040740740740740744
0 0.44427083333333334 0.3388888888888889 0.023958333333333335 0.040740740740740744
0 0.15130208333333334 0.5444444444444444 0.0234375 0.03888888888888889
0 0.24088541666666666 0.33287037037037037 0.0203125 0.03796296296296296
0 0.3450520833333333 0.17407407407407408 0.0203125 0.037037037037037035
0 0.3223958333333333 0.1824074074074074 0.020833333333333332 0.03888888888888889
0 0.37604166666666666 0.16157407407407406 0.020833333333333332 0.03796296296296296
0 0.6958333333333333 0.4875 0.022916666666666665 0.041666666666666664
0 0.6421875 0.16712962962962963 0.021875 0.03981481481481482
0 0.5427083333333333 0.26064814814814813 0.020833333333333332 0.03796296296296296
0 0.20130208333333333 0.5592592592592592 0.021354166666666667 0.03888888888888889
0 0.67109375 0.26944444444444443 0.022395833333333334 0.040740740740740744
0 0.3372395833333333 0.6134259259259259 0.022395833333333334 0.03981481481481482
0 0.38645833333333335 0.1935185185185185 0.020833333333333332 0.03888888888888889
0 0.6653645833333334 0.19675925925925927 0.022395833333333334 0.03981481481481482
0 0.49661458333333336 0.5018518518518519 0.021354166666666667 0.03888888888888889
0 0.55390625 0.487962962962963 0.021354166666666667 0.03888888888888889
0 0.27109375 0.7935185185185185 0.0234375 0.040740740740740744
0 0.22109375 0.3537037037037037 0.021354166666666667 0.03888888888888889
0 0.24713541666666666 0.5907407407407408 0.022395833333333334 0.03888888888888889
0 0.6481770833333333 0.25416666666666665 0.021354166666666667 0.03981481481481482
0 0.18828125 0.32037037037037036 0.022395833333333334 0.03888888888888889
0 0.5208333333333334 0.47685185185185186 0.020833333333333332 0.03888888888888889
0 0.5611979166666666 0.2361111111111111 0.0203125 0.03888888888888889
0 0.62421875 0.3037037037037037 0.021354166666666667 0.03888888888888889
0 0.1703125 0.3 0.021875 0.03888888888888889
0 0.26197916666666665 0.3282407407407407 0.021875 0.03796296296296296
0 0.22317708333333333 0.5546296296296296 0.021354166666666667 0.03888888888888889
0 0.6161458333333333 0.175 0.021875 0.040740740740740744
0 0.2752604166666667 0.37175925925925923 0.021354166666666667 0.03796296296296296
0 0.2947916666666667 0.5893518518518519 0.021875 0.03796296296296296
0 0.43385416666666665 0.5356481481481481 0.021875 0.03981481481481482
0 0.15520833333333334 0.3824074074074074 0.022916666666666665 0.03888888888888889
0 0.37161458333333336 0.5351851851851852 0.022395833333333334 0.03888888888888889
0 0.34348958333333335 0.3731481481481482 0.021354166666666667 0.037037037037037035
0 0.18020833333333333 0.512962962962963 0.022916666666666665 0.03888888888888889
0 0.27395833333333336 0.5819444444444445 0.020833333333333332 0.03796296296296296
0 0.14375 0.4962962962962963 0.022916666666666665 0.03888888888888889
0 0.5354166666666667 0.4273148148148148 0.021875 0.03981481481481482
0 0.3033854166666667 0.3726851851851852 0.0203125 0.03611111111111111
0 0.6916666666666667 0.4115740740740741 0.025 0.04351851851851852
0 0.46145833333333336 0.15462962962962962 0.020833333333333332 0.03888888888888889
0 0.2234375 0.2212962962962963 0.021875 0.03888888888888889
0 0.6526041666666667 0.09351851851851851 0.021875 0.040740740740740744
0 0.25703125 0.5564814814814815 0.022395833333333334 0.03888888888888889
0 0.31666666666666665 0.5708333333333333 0.021875 0.03796296296296296
0 0.7239583333333334 0.17175925925925925 0.022916666666666665 0.041666666666666664
0 0.3614583333333333 0.5027777777777778 0.020833333333333332 0.037037037037037035
0 0.35833333333333334 0.42407407407407405 0.020833333333333332 0.037037037037037035
0 0.32109375 0.38935185185185184 0.021354166666666667 0.03796296296296296
0 0.3736979166666667 0.46111111111111114 0.021354166666666667 0.037037037037037035
0 0.3828125 0.4976851851851852 0.020833333333333332 0.03796296296296296
0 0.33359375 0.45601851851851855 0.0203125 0.03796296296296296
0 0.3171875 0.4310185185185185 0.019791666666666666 0.03796296296296296
0 0.3385416666666667 0.4148148148148148 0.020833333333333332 0.03888888888888889
0 0.3528645833333333 0.46574074074074073 0.0203125 0.037037037037037035
0 0.2994791666666667 0.4097222222222222 0.020833333333333332 0.03796296296296296