0 0.5018229166666667 0.5504629629629629 0.0265625 0.04537037037037037
0 0.29791666666666666 0.40046296296296297 0.026041666666666668 0.04351851851851852
0 0.13880208333333333 0.7189814814814814 0.0328125 0.05092592592592592
0 0.44505208333333335 0.3939814814814815 0.024479166666666666 0.03981481481481482
0 0.39088541666666665 0.5574074074074075 0.0234375 0.03888888888888889
0 0.36953125 0.5722222222222222 0.0234375 0.040740740740740744
0 0.4513020833333333 0.3194444444444444 0.0234375 0.040740740740740744
0 0.378125 0.4888888888888889 0.023958333333333335 0.040740740740740744
0 0.38385416666666666 0.5231481481481481 0.022916666666666665 0.03888888888888889
0 0.3614583333333333 0.5375 0.021875 0.03796296296296296
0 0.32421875 0.48564814814814816 0.024479166666666666 0.04351851851851852
0 0.25364583333333335 0.6259259259259259 0.027083333333333334 0.044444444444444446
0 0.43125 0.3402777777777778 0.023958333333333335 0.03981481481481482
0 0.24088541666666666 0.5449074074074074 0.024479166666666666 0.041666666666666664
0 0.34609375 0.5120370370370371 0.022395833333333334 0.03888888888888889
0 0.27682291666666664 0.5731481481481482 0.0234375 0.03888888888888889
0 0.26171875 0.5037037037037037 0.024479166666666666 0.040740740740740744
0 0.253125 0.5805555555555556 0.023958333333333335 0.040740740740740744
0 0.2643229166666667 0.5435185185185185 0.0234375 0.03888888888888889
0 0.19713541666666667 0.6291666666666667 0.0265625 0.04351851851851852
0 0.19192708333333333 0.5824074074074074 0.025520833333333333 0.04259259259259259