0 0.63359375 0.5805555555555556 0.0234375 0.040740740740740744
0 0.5549479166666667 0.600925925925926 0.022395833333333334 0.040740740740740744
0 0.6755208333333333 0.5662037037037037 0.023958333333333335 0.041666666666666664
0 0.3263020833333333 0.7546296296296297 0.0234375 0.040740740740740744
0 0.28229166666666666 0.8379629629629629 0.022916666666666665 0.04259259259259259
0 0.2609375 0.8310185185185185 0.022916666666666665 0.041666666666666664
0 0.6486979166666667 0.4388888888888889 0.022395833333333334 0.040740740740740744
0 0.27578125 0.8833333333333333 0.0234375 0.04259259259259259
0 0.6911458333333333 0.25416666666666665 0.022916666666666665 0.041666666666666664
0 0.4270833333333333 0.575462962962963 0.021875 0.03981481481481482
0 0.57578125 0.5879629629629629 0.022395833333333334 0.040740740740740744
0 0.66953125 0.2412037037037037 0.022395833333333334 0.03981481481481482
0 0.5533854166666666 0.4393518518518518 0.021354166666666667 0.03981481481481482
0 0.32916666666666666 0.1837962962962963 0.021875 0.03796296296296296
0 0.6526041666666667 0.19212962962962962 0.021875 0.03981481481481482
0 0.675 0.5032407407407408 0.022916666666666665 0.041666666666666664
0 0.6380208333333334 0.09768518518518518 0.020833333333333332 0.03796296296296296
0 0.5518229166666667 0.19953703703703704 0.021354166666666667 0.03981481481481482
0 0.6044270833333333 0.19583333333333333 0.021354166666666667 0.03981481481481482
0 0.6911458333333333 0.5356481481481481 0.022916666666666665 0.03981481481481482
0 0.35859375 0.16944444444444445 0.021354166666666667 0.03888888888888889
0 0.5830729166666667 0.16435185185185186 0.0203125 0.03796296296296296
0 0.6299479166666667 0.7888888888888889 0.025520833333333333 0.04814814814814815
0 0.5575520833333333 0.5351851851851852 0.021354166666666667 0.03888888888888889
0 0.39296875 0.6291666666666667 0.022395833333333334 0.03981481481481482
0 0.6294270833333333 0.4837962962962963 0.022395833333333334 0.041666666666666664
0 0.16223958333333333 0.32407407407407407 0.022395833333333334 0.03888888888888889
0 0.5369791666666667 0.16435185185185186 0.020833333333333332 0.03981481481481482
0 0.3932291666666667 0.5208333333333334 0.021875 0.03796296296296296
0 0.43020833333333336 0.5356481481481481 0.021875 0.03796296296296296
0 0.5841145833333333 0.11296296296296296 0.0203125 0.03888888888888889
0 0.6049479166666667 0.07777777777777778 0.021354166666666667 0.03888888888888889
0 0.17109375 0.6425925925925926 0.0234375 0.03888888888888889
0 0.6658854166666667 0.36157407407407405 0.022395833333333334 0.03981481481481482
0 0.6794270833333333 0.19074074074074074 0.022395833333333334 0.040740740740740744
0 0.4546875 0.5731481481481482 0.022916666666666665 0.040740740740740744
0 0.27890625 0.6458333333333334 0.022395833333333334 0.03981481481481482
0 0.56171875 0.16203703703703703 0.021354166666666667 0.03888888888888889
0 0.62421875 0.14027777777777778 0.021354166666666667 0.03981481481481482
0 0.1953125 0.3476851851851852 0.021875 0.03981481481481482
0 0.18489583333333334 0.2791666666666667 0.021875 0.03796296296296296
0 0.6450520833333333 0.13425925925925927 0.021354166666666667 0.040740740740740744
0 0.5356770833333333 0.4699074074074074 0.021354166666666667 0.03796296296296296
0 0.340625 0.6587962962962963 0.022916666666666665 0.03981481481481482
0 0.45026041666666666 0.18703703703703703 0.021354166666666667 0.03888888888888889
0 0.6640625 0.09074074074074075 0.021875 0.040740740740740744
0 0.6153645833333333 0.10694444444444444 0.021354166666666667 0.03981481481481482
0 0.31953125 0.7166666666666667 0.022395833333333334 0.03888888888888889
0 0.2609375 0.32546296296296295 0.021875 0.03796296296296296
0 0.33151041666666664 0.5194444444444445 0.022395833333333334 0.03888888888888889
0 0.5393229166666667 0.5138888888888888 0.021354166666666667 0.03888888888888889
0 0.12890625 0.6199074074074075 0.0234375 0.03981481481481482
0 0.7 0.4898148148148148 0.022916666666666665 0.040740740740740744
0 0.5984375 0.13842592592592592 0.020833333333333332 0.03981481481481482
0 0.17994791666666668 0.4074074074074074 0.022395833333333334 0.03888888888888889
0 0.6013020833333333 0.38287037037037036 0.021354166666666667 0.03981481481481482
0 0.25364583333333335 0.36064814814814816 0.021875 0.03796296296296296
0 0.25859375 0.4236111111111111 0.021354166666666667 0.03796296296296296
0 0.4705729166666667 0.2902777777777778 0.021354166666666667 0.03981481481481482
0 0.3020833333333333 0.5143518518518518 0.021875 0.03796296296296296
0 0.5544270833333333 0.487962962962963 0.0203125 0.037037037037037035
0 0.20703125 0.45092592592592595 0.022395833333333334 0.03888888888888889
0 0.23723958333333334 0.6143518518518518 0.021354166666666667 0.03796296296296296
0 0.278125 0.35 0.021875 0.03888888888888889
0 0.25546875 0.5921296296296297 0.022395833333333334 0.03796296296296296
0 0.271875 0.45092592592592595 0.021875 0.03888888888888889
0 0.13151041666666666 0.5675925925925925 0.0234375 0.040740740740740744
0 0.21640625 0.6291666666666667 0.022395833333333334 0.03981481481481482
0 0.23958333333333334 0.4666666666666667 0.022916666666666665 0.03888888888888889
0 0.21953125 0.5504629629629629 0.021354166666666667 0.03796296296296296
0 0.278125 0.524537037037037 0.021875 0.03796296296296296
0 0.22161458333333334 0.5902777777777778 0.021354166666666667 0.03611111111111111
0 0.17447916666666666 0.5416666666666666 0.022916666666666665 0.040740740740740744
0 0.23489583333333333 0.37824074074074077 0.020833333333333332 0.03796296296296296
0 0.21588541666666666 0.4162037037037037 0.021354166666666667 0.03796296296296296
0 0.23828125 0.42407407407407405 0.0203125 0.037037037037037035
0 0.353125 0.6226851851851852 0.021875 0.03981481481481482
0 0.1546875 0.6097222222222223 0.022916666666666665 0.03981481481481482
0 0.20989583333333334 0.5115740740740741 0.021875 0.03981481481481482
0 0.28098958333333335 0.5662037037037037 0.022395833333333334 0.03981481481481482
0 0.23307291666666666 0.5055555555555555 0.022395833333333334 0.03888888888888889
0 0.20026041666666666 0.5685185185185185 0.0203125 0.037037037037037035
0 0.28880208333333335 0.42962962962962964 0.022395833333333334 0.03888888888888889
0 0.27708333333333335 0.39814814814814814 0.020833333333333332 0.037037037037037035
0 0.2421875 0.5481481481481482 0.022916666666666665 0.03888888888888889
0 0.21458333333333332 0.375 0.021875 0.03888888888888889
0 0.3223958333333333 0.5689814814814815 0.021875 0.03796296296296296
0 0.32578125 0.6263888888888889 0.021354166666666667 0.03796296296296296
0 0.3377604166666667 0.5935185185185186 0.021354166666666667 0.037037037037037035
0 0.30963541666666666 0.6013888888888889 0.021354166666666667 0.03796296296296296