0 0.7083333333333334 0.10694444444444444 0.022916666666666665 0.041666666666666664
0 0.375 0.649537037037037 0.021875 0.03981481481481482
0 0.5328125 0.2652777777777778 0.021875 0.03981481481481482
0 0.37083333333333335 0.5763888888888888 0.022916666666666665 0.03981481481481482
0 0.14661458333333333 0.30324074074074076 0.0234375 0.03796296296296296
0 0.5856770833333333 0.30462962962962964 0.022395833333333334 0.040740740740740744
0 0.4981770833333333 0.5259259259259259 0.021354166666666667 0.037037037037037035
0 0.46328125 0.42824074074074076 0.0234375 0.03981481481481482
0 0.4088541666666667 0.6435185185185185 0.023958333333333335 0.040740740740740744
0 0.24895833333333334 0.6981481481481482 0.023958333333333335 0.040740740740740744
0 0.5510416666666667 0.24768518518518517 0.021875 0.03981481481481482
0 0.4890625 0.15138888888888888 0.021875 0.03981481481481482
0 0.24583333333333332 0.32222222222222224 0.022916666666666665 0.03888888888888889
0 0.13984375 0.4064814814814815 0.022395833333333334 0.03888888888888889
0 0.28125 0.7324074074074074 0.022916666666666665 0.040740740740740744
0 0.24244791666666668 0.5907407407407408 0.0234375 0.03888888888888889
0 0.2838541666666667 0.6587962962962963 0.023958333333333335 0.041666666666666664
0 0.24166666666666667 0.24305555555555555 0.022916666666666665 0.03981481481481482
0 0.22369791666666666 0.5592592592592592 0.0234375 0.040740740740740744
0 0.590625 0.1699074074074074 0.021875 0.03981481481481482
0 0.5247395833333334 0.5356481481481481 0.021354166666666667 0.03796296296296296
0 0.46927083333333336 0.4787037037037037 0.021875 0.03888888888888889
0 0.309375 0.7 0.022916666666666665 0.03888888888888889
0 0.47890625 0.2972222222222222 0.022395833333333334 0.03888888888888889
0 0.3924479166666667 0.6694444444444444 0.022395833333333334 0.03888888888888889
0 0.32083333333333336 0.7319444444444444 0.022916666666666665 0.03981481481481482
0 0.3703125 0.5175925925925926 0.021875 0.03888888888888889
0 0.465625 0.5541666666666667 0.021875 0.03981481481481482
0 0.17447916666666666 0.5625 0.023958333333333335 0.03981481481481482
0 0.68828125 0.5416666666666666 0.024479166666666666 0.040740740740740744
0 0.25833333333333336 0.788425925925926 0.022916666666666665 0.03981481481481482
0 0.42265625 0.23981481481481481 0.021354166666666667 0.03888888888888889
0 0.28802083333333334 0.6953703703703704 0.021875 0.03888888888888889
0 0.6716145833333333 0.5027777777777778 0.024479166666666666 0.04259259259259259
0 0.6138020833333333 0.8291666666666667 0.024479166666666666 0.04537037037037037
0 0.2953125 0.4050925925925926 0.021875 0.03796296296296296
0 0.28359375 0.6046296296296296 0.0234375 0.040740740740740744
0 0.6127604166666667 0.12129629629629629 0.021354166666666667 0.03888888888888889
0 0.65625 0.6074074074074074 0.025 0.04259259259259259
0 0.48932291666666666 0.49166666666666664 0.021354166666666667 0.03888888888888889
0 0.12994791666666666 0.36712962962962964 0.0234375 0.03981481481481482
0 0.16328125 0.3921296296296296 0.0234375 0.03981481481481482
0 0.134375 0.5597222222222222 0.022916666666666665 0.03981481481481482
0 0.3260416666666667 0.6324074074074074 0.023958333333333335 0.040740740740740744
0 0.49505208333333334 0.2388888888888889 0.021354166666666667 0.03888888888888889
0 0.6388020833333333 0.10185185185185185 0.021354166666666667 0.03888888888888889
0 0.5393229166666667 0.11851851851851852 0.0203125 0.03888888888888889
0 0.2794270833333333 0.7708333333333334 0.022395833333333334 0.03981481481481482
0 0.44453125 0.2569444444444444 0.0203125 0.03796296296296296
0 0.1640625 0.44583333333333336 0.023958333333333335 0.03981481481481482
0 0.153125 0.5731481481481482 0.021875 0.03888888888888889
0 0.675 0.1111111111111111 0.022916666666666665 0.040740740740740744
0 0.5671875 0.7865740740740741 0.023958333333333335 0.04351851851851852
0 0.5041666666666667 0.46574074074074073 0.022916666666666665 0.03888888888888889
0 0.4078125 0.21296296296296297 0.021875 0.03888888888888889
0 0.2953125 0.3680555555555556 0.021875 0.03796296296296296
0 0.7302083333333333 0.4861111111111111 0.025 0.040740740740740744
0 0.56015625 0.12083333333333333 0.021354166666666667 0.03981481481481482
0 0.6606770833333333 0.0787037037037037 0.021354166666666667 0.03888888888888889
0 0.5559895833333334 0.4837962962962963 0.021354166666666667 0.03796296296296296
0 0.40598958333333335 0.5662037037037037 0.021354166666666667 0.03981481481481482
0 0.3859375 0.5421296296296296 0.020833333333333332 0.03796296296296296
0 0.5401041666666667 0.5092592592592593 0.020833333333333332 0.037037037037037035
0 0.30130208333333336 0.44537037037037036 0.022395833333333334 0.037037037037037035
0 0.32578125 0.31851851851851853 0.022395833333333334 0.03888888888888889
0 0.2734375 0.3527777777777778 0.021875 0.03888888888888889
0 0.4630208333333333 0.2712962962962963 0.020833333333333332 0.03888888888888889
0 0.5588541666666667 0.5291666666666667 0.022916666666666665 0.03981481481481482
0 0.4473958333333333 0.5731481481481482 0.021875 0.03888888888888889
0 0.34296875 0.2967592592592593 0.022395833333333334 0.03981481481481482
0 0.44140625 0.2199074074074074 0.0203125 0.03796296296296296
0 0.2721354166666667 0.2587962962962963 0.022395833333333334 0.03981481481481482
0 0.27578125 0.31666666666666665 0.021354166666666667 0.037037037037037035
0 0.584375 0.12407407407407407 0.020833333333333332 0.03888888888888889
0 0.6578125 0.2222222222222222 0.022916666666666665 0.040740740740740744
0 0.4869791666666667 0.19814814814814816 0.021875 0.03888888888888889
0 0.42552083333333335 0.5768518518518518 0.021875 0.03888888888888889
0 0.2765625 0.8106481481481481 0.022916666666666665 0.03981481481481482
0 0.38776041666666666 0.49074074074074076 0.021354166666666667 0.03888888888888889
0 0.31875 0.2828703703703704 0.020833333333333332 0.03796296296296296
0 0.2986979166666667 0.3013888888888889 0.021354166666666667 0.03796296296296296
0 0.4752604166666667 0.22824074074074074 0.0203125 0.03796296296296296
0 0.44166666666666665 0.5375 0.020833333333333332 0.03611111111111111
0 0.40208333333333335 0.5157407407407407 0.020833333333333332 0.037037037037037035
0 0.63203125 0.06805555555555555 0.021354166666666667 0.03981481481481482
0 0.30078125 0.26435185185185184 0.021354166666666667 0.03796296296296296
0 0.5153645833333333 0.5023148148148148 0.021354166666666667 0.03796296296296296
0 0.42213541666666665 0.5037037037037037 0.021354166666666667 0.03888888888888889
0 0.42083333333333334 0.5402777777777777 0.020833333333333332 0.03796296296296296
0 0.4080729166666667 0.47638888888888886 0.022395833333333334 0.03981481481481482