0 0.47265625 0.5328703703703703 0.022395833333333334 0.04351851851851852
0 0.45 0.5398148148148149 0.022916666666666665 0.04259259259259259
0 0.48854166666666665 0.5560185185185185 0.022916666666666665 0.041666666666666664
0 0.41354166666666664 0.48935185185185187 0.021875 0.041666666666666664
0 0.65625 0.4925925925925926 0.023958333333333335 0.040740740740740744
0 0.58046875 0.5800925925925926 0.0234375 0.041666666666666664
0 0.5671875 0.6148148148148148 0.023958333333333335 0.040740740740740744
0 0.49192708333333335 0.5041666666666667 0.022395833333333334 0.041666666666666664
0 0.6140625 0.4476851851851852 0.023958333333333335 0.041666666666666664
0 0.509375 0.5226851851851851 0.021875 0.041666666666666664
0 0.6559895833333333 0.5351851851851852 0.024479166666666666 0.044444444444444446
0 0.24036458333333333 0.4810185185185185 0.024479166666666666 0.041666666666666664
0 0.5190104166666667 0.4842592592592593 0.022395833333333334 0.04259259259259259
0 0.2830729166666667 0.7143518518518519 0.024479166666666666 0.04351851851851852
0 0.5307291666666667 0.5300925925925926 0.020833333333333332 0.03981481481481482
0 0.2578125 0.7907407407407407 0.023958333333333335 0.044444444444444446
0 0.3268229166666667 0.7388888888888889 0.024479166666666666 0.04259259259259259
0 0.6432291666666666 0.46111111111111114 0.023958333333333335 0.04259259259259259
0 0.27239583333333334 0.41388888888888886 0.022916666666666665 0.040740740740740744
0 0.38255208333333335 0.6148148148148148 0.024479166666666666 0.04259259259259259
0 0.5513020833333333 0.5365740740740741 0.021354166666666667 0.03981481481481482
0 0.27760416666666665 0.7694444444444445 0.020833333333333332 0.03888888888888889
0 0.39427083333333335 0.4703703703703704 0.022916666666666665 0.040740740740740744
0 0.6119791666666666 0.12268518518518519 0.021875 0.041666666666666664
0 0.4309895833333333 0.5217592592592593 0.022395833333333334 0.041666666666666664
0 0.3919270833333333 0.5782407407407407 0.0234375 0.041666666666666664
0 0.25416666666666665 0.44583333333333336 0.023958333333333335 0.041666666666666664
0 0.5856770833333333 0.2861111111111111 0.0234375 0.040740740740740744
0 0.3140625 0.7092592592592593 0.022916666666666665 0.04259259259259259
0 0.6013020833333333 0.2222222222222222 0.0234375 0.04259259259259259
0 0.37604166666666666 0.5513888888888889 0.023958333333333335 0.041666666666666664
0 0.3609375 0.48055555555555557 0.023958333333333335 0.04259259259259259
0 0.25286458333333334 0.5166666666666667 0.024479166666666666 0.04259259259259259
0 0.2625 0.36342592592592593 0.022916666666666665 0.03981481481481482
0 0.5666666666666667 0.19583333333333333 0.023958333333333335 0.041666666666666664
0 0.5729166666666666 0.5412037037037037 0.022916666666666665 0.041666666666666664
0 0.5588541666666667 0.5726851851851852 0.021875 0.03981481481481482
0 0.56875 0.5037037037037037 0.022916666666666665 0.040740740740740744
0 0.6283854166666667 0.37222222222222223 0.024479166666666666 0.044444444444444446
0 0.6270833333333333 0.23703703703703705 0.022916666666666665 0.04259259259259259
0 0.2559895833333333 0.3277777777777778 0.0234375 0.040740740740740744
0 0.2828125 0.3435185185185185 0.022916666666666665 0.040740740740740744
0 0.346875 0.5236111111111111 0.023958333333333335 0.041666666666666664
0 0.32890625 0.4708333333333333 0.0234375 0.03981481481481482
0 0.540625 0.4962962962962963 0.021875 0.040740740740740744
0 0.621875 0.32222222222222224 0.023958333333333335 0.04259259259259259
0 0.60703125 0.41064814814814815 0.0234375 0.041666666666666664
0 0.47291666666666665 0.4009259259259259 0.022916666666666665 0.04259259259259259
0 0.30963541666666666 0.399537037037037 0.0234375 0.041666666666666664
0 0.57890625 0.25046296296296294 0.022395833333333334 0.041666666666666664
0 0.68203125 0.5037037037037037 0.024479166666666666 0.044444444444444446
0 0.5690104166666666 0.6578703703703703 0.025520833333333333 0.04351851851851852
0 0.6427083333333333 0.2796296296296296 0.023958333333333335 0.04259259259259259
0 0.13046875 0.5592592592592592 0.0234375 0.04259259259259259
0 0.14088541666666668 0.3976851851851852 0.022395833333333334 0.03981481481481482
0 0.37473958333333335 0.324537037037037 0.0234375 0.041666666666666664
0 0.340625 0.6875 0.023958333333333335 0.04351851851851852
0 0.39401041666666664 0.35555555555555557 0.0234375 0.04259259259259259
0 0.5861979166666667 0.11805555555555555 0.022395833333333334 0.03981481481481482
0 0.28196875 0.37958333333333333 0.02540104166666667 0.042694444444444445
0 0.6578125 0.3148148148148148 0.025 0.044444444444444446
0 0.590625 0.18796296296296297 0.022916666666666665 0.04259259259259259
0 0.16484375 0.39444444444444443 0.0234375 0.040740740740740744
0 0.33515625 0.43287037037037035 0.0234375 0.03981481481481482
0 0.27734375 0.8134259259259259 0.0234375 0.041666666666666664
0 0.3580729166666667 0.2875 0.022395833333333334 0.041666666666666664
0 0.5565104166666667 0.25324074074074077 0.0234375 0.041666666666666664
0 0.50546875 0.45555555555555555 0.0234375 0.04259259259259259
0 0.33828125 0.36064814814814816 0.0234375 0.04351851851851852
0 0.55703125 0.47129629629629627 0.0234375 0.040740740740740744
0 0.4546875 0.38101851851851853 0.022916666666666665 0.041666666666666664
0 0.33645833333333336 0.29768518518518516 0.022916666666666665 0.041666666666666664
0 0.5744791666666667 0.1537037037037037 0.022916666666666665 0.040740740740740744
0 0.56328125 0.12546296296296297 0.022395833333333334 0.041666666666666664
0 0.28489583333333335 0.674074074074074 0.023958333333333335 0.040740740740740744
0 0.17239583333333333 0.4300925925925926 0.023958333333333335 0.041666666666666664
0 0.15182291666666667 0.5740740740740741 0.024479166666666666 0.04259259259259259
0 0.6380208333333334 0.10925925925925926 0.022916666666666665 0.04259259259259259
0 0.6419270833333334 0.6046296296296296 0.025520833333333333 0.046296296296296294
0 0.12630208333333334 0.3662037037037037 0.0234375 0.041666666666666664
0 0.5975416666666666 0.15058333333333332 0.021875 0.041666666666666664
0 0.6268229166666667 0.8152777777777778 0.0265625 0.04722222222222222
0 0.30078125 0.2587962962962963 0.0234375 0.041666666666666664
0 0.60234375 0.08425925925925926 0.0234375 0.04259259259259259
0 0.6609375 0.11388888888888889 0.023958333333333335 0.044444444444444446
0 0.52734375 0.13842592592592592 0.024479166666666666 0.04351851851851852
0 0.27057291666666666 0.25601851851851853 0.0234375 0.041666666666666664
0 0.21744791666666666 0.6481481481481481 0.025520833333333333 0.044444444444444446
0 0.14427083333333332 0.30092592592592593 0.023958333333333335 0.040740740740740744
0 0.4513020833333333 0.27870370370370373 0.0234375 0.040740740740740744