0 0.7072916666666667 0.10972222222222222 0.022916666666666665 0.041666666666666664
0 0.7252604166666666 0.4888888888888889 0.024479166666666666 0.040740740740740744
0 0.575 0.10324074074074074 0.020833333333333332 0.03981481481481482
0 0.5653645833333333 0.5976851851851852 0.022395833333333334 0.03981481481481482
0 0.36692708333333335 0.5300925925925926 0.021354166666666667 0.03796296296296296
0 0.6744791666666666 0.5115740740740741 0.022916666666666665 0.03981481481481482
0 0.35052083333333334 0.736574074074074 0.022916666666666665 0.041666666666666664
0 0.37578125 0.6810185185185185 0.0234375 0.041666666666666664
0 0.6078125 0.21157407407407408 0.021875 0.03981481481481482
0 0.5408854166666667 0.49722222222222223 0.0234375 0.040740740740740744
0 0.25390625 0.7027777777777777 0.0234375 0.040740740740740744
0 0.64609375 0.4101851851851852 0.022395833333333334 0.03888888888888889
0 0.6526041666666667 0.49537037037037035 0.022916666666666665 0.040740740740740744
0 0.6497395833333334 0.6111111111111112 0.0234375 0.040740740740740744
0 0.240625 0.5995370370370371 0.022916666666666665 0.03981481481481482
0 0.14713541666666666 0.30324074074074076 0.0234375 0.03796296296296296
0 0.32708333333333334 0.7537037037037037 0.022916666666666665 0.040740740740740744
0 0.3815104166666667 0.6027777777777777 0.022395833333333334 0.03888888888888889
0 0.6046875 0.17453703703703705 0.020833333333333332 0.03796296296296296
0 0.13463541666666667 0.5587962962962963 0.022395833333333334 0.03981481481481482
0 0.565625 0.6393518518518518 0.022916666666666665 0.03981481481481482
0 0.31666666666666665 0.6962962962962963 0.021875 0.03888888888888889
0 0.65546875 0.22962962962962963 0.022395833333333334 0.040740740740740744
0 0.34609375 0.5064814814814815 0.021354166666666667 0.037037037037037035
0 0.17473958333333334 0.5615740740740741 0.0234375 0.03981481481481482
0 0.61484375 0.13796296296296295 0.021354166666666667 0.03888888888888889
0 0.28177083333333336 0.33796296296296297 0.021875 0.03888888888888889
0 0.22395833333333334 0.5606481481481481 0.021875 0.03796296296296296
0 0.28020833333333334 0.7814814814814814 0.022916666666666665 0.040740740740740744
0 0.36484375 0.36435185185185187 0.021354166666666667 0.03981481481481482
0 0.48203125 0.475 0.022395833333333334 0.03888888888888889
0 0.38828125 0.3726851851851852 0.021354166666666667 0.03796296296296296
0 0.51875 0.16342592592592592 0.020833333333333332 0.03981481481481482
0 0.4309895833333333 0.5087962962962963 0.022395833333333334 0.03981481481481482
0 0.47421875 0.30324074074074076 0.0203125 0.03796296296296296
0 0.27708333333333335 0.7425925925925926 0.022916666666666665 0.040740740740740744
0 0.27760416666666665 0.5351851851851852 0.021875 0.03888888888888889
0 0.6734375 0.11527777777777778 0.021875 0.03981481481481482
0 0.25729166666666664 0.7902777777777777 0.022916666666666665 0.03981481481481482
0 0.2950520833333333 0.7245370370370371 0.022395833333333334 0.03981481481481482
0 0.4234375 0.3925925925925926 0.021875 0.03888888888888889
0 0.5572916666666666 0.5615740740740741 0.021875 0.03981481481481482
0 0.14010416666666667 0.40694444444444444 0.022916666666666665 0.03981481481481482
0 0.52109375 0.3675925925925926 0.022395833333333334 0.040740740740740744
0 0.49557291666666664 0.31851851851851853 0.021354166666666667 0.03888888888888889
0 0.1640625 0.44537037037037036 0.022916666666666665 0.03888888888888889
0 0.2838541666666667 0.6652777777777777 0.022916666666666665 0.03981481481481482
0 0.153125 0.5731481481481482 0.021875 0.03888888888888889
0 0.26119791666666664 0.6638888888888889 0.022395833333333334 0.03888888888888889
0 0.434375 0.24768518518518517 0.020833333333333332 0.03796296296296296
0 0.39791666666666664 0.24537037037037038 0.021875 0.03888888888888889
0 0.6375 0.1087962962962963 0.020833333333333332 0.03796296296296296
0 0.12994791666666666 0.36712962962962964 0.0234375 0.03981481481481482
0 0.28177083333333336 0.29768518518518516 0.021875 0.03796296296296296
0 0.5669270833333333 0.7791666666666667 0.0234375 0.041666666666666664
0 0.4002604166666667 0.3402777777777778 0.021354166666666667 0.03796296296296296
0 0.5049479166666667 0.13703703703703704 0.0203125 0.03888888888888889
0 0.6502604166666667 0.37083333333333335 0.022395833333333334 0.03796296296296296
0 0.6854166666666667 0.5527777777777778 0.022916666666666665 0.040740740740740744
0 0.53984375 0.12083333333333333 0.0203125 0.03796296296296296
0 0.2799479166666667 0.7023148148148148 0.022395833333333334 0.03796296296296296
0 0.3450520833333333 0.2967592592592593 0.021354166666666667 0.03796296296296296
0 0.47994791666666664 0.26435185185185184 0.021354166666666667 0.03796296296296296
0 0.3341145833333333 0.7157407407407408 0.021354166666666667 0.03888888888888889
0 0.16302083333333334 0.39351851851851855 0.022916666666666665 0.03888888888888889
0 0.421875 0.21157407407407408 0.020833333333333332 0.03796296296296296
0 0.18802083333333333 0.33611111111111114 0.022916666666666665 0.03888888888888889
0 0.2942708333333333 0.47962962962962963 0.021875 0.03888888888888889
0 0.30520833333333336 0.7569444444444444 0.021875 0.03981481481481482
0 0.2981770833333333 0.2763888888888889 0.021354166666666667 0.03796296296296296
0 0.16744791666666667 0.3560185185185185 0.022395833333333334 0.03796296296296296
0 0.2760416666666667 0.8226851851851852 0.023958333333333335 0.041666666666666664
0 0.3776041666666667 0.3296296296296296 0.020833333333333332 0.037037037037037035
0 0.61640625 0.837037037037037 0.024479166666666666 0.044444444444444446
0 0.3458333333333333 0.24027777777777778 0.020833333333333332 0.03796296296296296
0 0.325 0.24305555555555555 0.020833333333333332 0.03796296296296296
0 0.20546875 0.28425925925925927 0.022395833333333334 0.03888888888888889
0 0.37786458333333334 0.20185185185185187 0.0203125 0.03888888888888889
0 0.43697916666666664 0.18425925925925926 0.019791666666666666 0.03888888888888889
0 0.26848958333333334 0.20092592592592592 0.021354166666666667 0.03888888888888889
0 0.45651041666666664 0.17685185185185184 0.021354166666666667 0.03888888888888889
0 0.2890625 0.24537037037037038 0.020833333333333332 0.037037037037037035
0 0.6315104166666666 0.07407407407407407 0.021354166666666667 0.03888888888888889
0 0.3971354166666667 0.18981481481481483 0.0203125 0.03888888888888889
0 0.6604166666666667 0.08055555555555556 0.021875 0.037037037037037035
0 0.35390625 0.19953703703703704 0.0203125 0.03796296296296296
0 0.3104166666666667 0.21851851851851853 0.020833333333333332 0.037037037037037035
0 0.33098958333333334 0.15601851851851853 0.0203125 0.03981481481481482
0 0.35052083333333334 0.1638888888888889 0.020833333333333332 0.03888888888888889
0 0.28854166666666664 0.21064814814814814 0.019791666666666666 0.03611111111111111