0 0.51875 0.37175925925925923 0.020833333333333332 0.03796296296296296
0 0.40625 0.5273148148148148 0.020833333333333332 0.03981481481481482
0 0.4388020833333333 0.3888888888888889 0.021354166666666667 0.03888888888888889
0 0.4434895833333333 0.3435185185185185 0.0203125 0.03888888888888889
0 0.5192708333333333 0.4111111111111111 0.021875 0.03888888888888889
0 0.42526041666666664 0.36203703703703705 0.021354166666666667 0.03888888888888889
0 0.5372395833333333 0.39490740740740743 0.021354166666666667 0.03796296296296296
0 0.42135416666666664 0.5009259259259259 0.021875 0.03888888888888889
0 0.4669270833333333 0.34814814814814815 0.021354166666666667 0.03888888888888889
0 0.5013020833333334 0.3537037037037037 0.021354166666666667 0.03888888888888889
0 0.5666666666666667 0.35509259259259257 0.021875 0.03981481481481482
0 0.42552083333333335 0.5444444444444444 0.021875 0.03888888888888889
0 0.45755208333333336 0.5296296296296297 0.021354166666666667 0.03888888888888889
0 0.38645833333333335 0.5467592592592593 0.021875 0.03981481481481482
0 0.38333333333333336 0.27685185185185185 0.021875 0.03888888888888889
0 0.6481770833333333 0.4587962962962963 0.0234375 0.041666666666666664
0 0.6208333333333333 0.30694444444444446 0.021875 0.03981481481481482
0 0.484375 0.24537037037037038 0.021875 0.03888888888888889
0 0.6197916666666666 0.6152777777777778 0.022916666666666665 0.041666666666666664