0 0.45026041666666666 0.38287037037037036 0.0203125 0.03796296296296296
0 0.48359375 0.35833333333333334 0.0203125 0.037037037037037035
0 0.41796875 0.39814814814814814 0.0203125 0.037037037037037035
0 0.42265625 0.3574074074074074 0.0203125 0.037037037037037035
0 0.46145833333333336 0.3449074074074074 0.019791666666666666 0.03611111111111111
0 0.45260416666666664 0.45925925925925926 0.020833333333333332 0.03888888888888889
0 0.4044270833333333 0.3726851851851852 0.0203125 0.03796296296296296
0 0.3893229166666667 0.5574074074074075 0.0203125 0.037037037037037035
0 0.4940104166666667 0.3990740740740741 0.021354166666666667 0.03888888888888889
0 0.36796875 0.5615740740740741 0.0203125 0.03796296296296296
0 0.41875 0.5569444444444445 0.019791666666666666 0.03796296296296296
0 0.5403645833333334 0.32083333333333336 0.0203125 0.03796296296296296
0 0.4401041666666667 0.5532407407407407 0.020833333333333332 0.03796296296296296
0 0.6192708333333333 0.6148148148148148 0.021875 0.03888888888888889
0 0.38385416666666666 0.27824074074074073 0.021875 0.03796296296296296
0 0.5919270833333333 0.4439814814814815 0.022395833333333334 0.03796296296296296
0 0.2630208333333333 0.6601851851851852 0.021875 0.03888888888888889
0 0.40989583333333335 0.5935185185185186 0.020833333333333332 0.037037037037037035
0 0.5734375 0.10648148148148148 0.020833333333333332 0.03888888888888889