0 0.5138020833333333 0.44814814814814813 0.021354166666666667 0.03888888888888889
0 0.3375 0.3819444444444444 0.021875 0.03796296296296296
0 0.47552083333333334 0.2726851851851852 0.020833333333333332 0.03796296296296296
0 0.459375 0.5231481481481481 0.020833333333333332 0.03888888888888889
0 0.4986979166666667 0.4949074074074074 0.021354166666666667 0.03796296296296296
0 0.43828125 0.5328703703703703 0.021354166666666667 0.03796296296296296
0 0.44869791666666664 0.4199074074074074 0.021354166666666667 0.03796296296296296
0 0.41484375 0.3875 0.021354166666666667 0.03796296296296296
0 0.49296875 0.4476851851851852 0.0203125 0.03796296296296296
0 0.5471354166666667 0.41759259259259257 0.022395833333333334 0.03888888888888889
0 0.446875 0.5662037037037037 0.021875 0.03796296296296296
0 0.54375 0.36666666666666664 0.021875 0.037037037037037035
0 0.45807291666666666 0.24953703703703703 0.021354166666666667 0.03796296296296296
0 0.3533854166666667 0.412962962962963 0.021354166666666667 0.03888888888888889
0 0.22864583333333333 0.47129629629629627 0.021875 0.03888888888888889
0 0.32864583333333336 0.4837962962962963 0.021875 0.03796296296296296
0 0.4088541666666667 0.5662037037037037 0.021875 0.03981481481481482
0 0.3302083333333333 0.26481481481481484 0.020833333333333332 0.037037037037037035
0 0.4661458333333333 0.1388888888888889 0.020833333333333332 0.037037037037037035