0 0.5471354166666667 0.4513888888888889 0.021354166666666667 0.03981481481481482
0 0.5125 0.44166666666666665 0.020833333333333332 0.03888888888888889
0 0.38958333333333334 0.40370370370370373 0.020833333333333332 0.037037037037037035
0 0.49192708333333335 0.42592592592592593 0.0203125 0.03888888888888889
0 0.5286458333333334 0.5050925925925925 0.020833333333333332 0.03796296296296296
0 0.34140625 0.4976851851851852 0.021354166666666667 0.03796296296296296
0 0.5471354166666667 0.3685185185185185 0.0203125 0.03888888888888889
0 0.5505208333333333 0.324537037037037 0.020833333333333332 0.03796296296296296
0 0.5463541666666667 0.5236111111111111 0.020833333333333332 0.03796296296296296
0 0.5088541666666667 0.4925925925925926 0.020833333333333332 0.03888888888888889
0 0.52265625 0.3541666666666667 0.0203125 0.03796296296296296
0 0.40703125 0.5337962962962963 0.021354166666666667 0.03796296296296296
0 0.39791666666666664 0.4949074074074074 0.020833333333333332 0.03796296296296296
0 0.4393229166666667 0.350462962962963 0.021354166666666667 0.03796296296296296
0 0.3736979166666667 0.49212962962962964 0.0203125 0.03796296296296296
0 0.2791666666666667 0.4476851851851852 0.020833333333333332 0.03796296296296296
0 0.3854166666666667 0.33796296296296297 0.020833333333333332 0.037037037037037035
0 0.35885416666666664 0.2916666666666667 0.021875 0.03888888888888889
0 0.25677083333333334 0.46574074074074073 0.021875 0.03888888888888889