0 0.5471354166666667 0.4513888888888889 0.021354166666666667 0.03981481481481482
0 0.5130208333333334 0.44212962962962965 0.020833333333333332 0.03796296296296296
0 0.38958333333333334 0.40324074074074073 0.020833333333333332 0.03796296296296296
0 0.5471354166666667 0.3680555555555556 0.0203125 0.03796296296296296
0 0.5283854166666667 0.5055555555555555 0.021354166666666667 0.03888888888888889
0 0.49192708333333335 0.425462962962963 0.021354166666666667 0.03796296296296296
0 0.34140625 0.49675925925925923 0.021354166666666667 0.03796296296296296
0 0.5505208333333333 0.324537037037037 0.020833333333333332 0.03796296296296296
0 0.54609375 0.524074074074074 0.021354166666666667 0.03888888888888889
0 0.5088541666666667 0.4925925925925926 0.020833333333333332 0.03888888888888889
0 0.5229166666666667 0.35462962962962963 0.020833333333333332 0.03888888888888889
0 0.39791666666666664 0.4949074074074074 0.020833333333333332 0.03796296296296296
0 0.3736979166666667 0.49212962962962964 0.0203125 0.03796296296296296
0 0.40703125 0.5337962962962963 0.021354166666666667 0.03796296296296296
0 0.2791666666666667 0.4476851851851852 0.020833333333333332 0.03796296296296296
0 0.3854166666666667 0.3384259259259259 0.020833333333333332 0.03796296296296296
0 0.2565104166666667 0.4652777777777778 0.021354166666666667 0.03796296296296296
0 0.4388020833333333 0.350462962962963 0.021354166666666667 0.03796296296296296
0 0.35885416666666664 0.29212962962962963 0.021875 0.03796296296296296