0 0.5393229166666667 0.2439814814814815 0.021354166666666667 0.03796296296296296
0 0.5505208333333333 0.21203703703703702 0.020833333333333332 0.03888888888888889
0 0.571875 0.21851851851851853 0.020833333333333332 0.03888888888888889
0 0.34817708333333336 0.3148148148148148 0.021354166666666667 0.037037037037037035
0 0.35260416666666666 0.3490740740740741 0.020833333333333332 0.037037037037037035
0 0.45677083333333335 0.5337962962962963 0.020833333333333332 0.03796296296296296
0 0.4166666666666667 0.5481481481481482 0.020833333333333332 0.03888888888888889
0 0.5625 0.26157407407407407 0.020833333333333332 0.03796296296296296
0 0.41901041666666666 0.5856481481481481 0.021354166666666667 0.03796296296296296
0 0.43776041666666665 0.5467592592592593 0.0203125 0.03796296296296296
0 0.3145833333333333 0.35324074074074074 0.021875 0.03796296296296296
0 0.4153645833333333 0.22546296296296298 0.0203125 0.03796296296296296
0 0.4908854166666667 0.39444444444444443 0.021354166666666667 0.03888888888888889
0 0.5510416666666667 0.2949074074074074 0.020833333333333332 0.03796296296296296
0 0.3809895833333333 0.549537037037037 0.021354166666666667 0.03796296296296296
0 0.3265625 0.30972222222222223 0.020833333333333332 0.03796296296296296
0 0.61875 0.6148148148148148 0.022916666666666665 0.040740740740740744
0 0.2635416666666667 0.6592592592592592 0.021875 0.03888888888888889
0 0.5729166666666666 0.10740740740740741 0.020833333333333332 0.03888888888888889