0 0.39114583333333336 0.3347222222222222 0.020833333333333332 0.03796296296296296
0 0.44192708333333336 0.31574074074074077 0.0203125 0.03888888888888889
0 0.46796875 0.325 0.0203125 0.037037037037037035
0 0.3932291666666667 0.28425925925925927 0.020833333333333332 0.037037037037037035
0 0.53671875 0.1824074074074074 0.0203125 0.03888888888888889
0 0.28098958333333335 0.7074074074074074 0.022395833333333334 0.03888888888888889
0 0.428125 0.2875 0.020833333333333332 0.03796296296296296
0 0.5208333333333334 0.20925925925925926 0.019791666666666666 0.037037037037037035
0 0.278125 0.6134259259259259 0.021875 0.03981481481481482
0 0.4361979166666667 0.39675925925925926 0.0203125 0.03796296296296296
0 0.62421875 0.35694444444444445 0.021354166666666667 0.03796296296296296
0 0.4861979166666667 0.36157407407407405 0.0203125 0.03796296296296296
0 0.46484375 0.462037037037037 0.0203125 0.03888888888888889
0 0.30833333333333335 0.7231481481481481 0.021875 0.03888888888888889
0 0.33567708333333335 0.6189814814814815 0.021354166666666667 0.03981481481481482
0 0.5036458333333333 0.387037037037037 0.020833333333333332 0.03888888888888889
0 0.5927083333333333 0.22453703703703703 0.021875 0.03981481481481482
0 0.6697916666666667 0.4097222222222222 0.022916666666666665 0.03981481481481482
0 0.46510416666666665 0.3680555555555556 0.019791666666666666 0.03796296296296296
0 0.35234375 0.6546296296296297 0.021354166666666667 0.03888888888888889
0 0.55546875 0.19212962962962962 0.0203125 0.03796296296296296
0 0.42161458333333335 0.4217592592592593 0.0203125 0.03796296296296296
0 0.6942708333333333 0.1648148148148148 0.022916666666666665 0.03888888888888889
0 0.2877604166666667 0.7430555555555556 0.021354166666666667 0.03981481481481482
0 0.55625 0.10555555555555556 0.020833333333333332 0.040740740740740744
0 0.36223958333333334 0.6185185185185185 0.021354166666666667 0.03888888888888889
0 0.49296875 0.29305555555555557 0.021354166666666667 0.03796296296296296
0 0.38567708333333334 0.2263888888888889 0.0203125 0.03796296296296296
0 0.1921875 0.3648148148148148 0.021875 0.03888888888888889
0 0.4479166666666667 0.48194444444444445 0.019791666666666666 0.03796296296296296
0 0.44140625 0.2523148148148148 0.0203125 0.03796296296296296
0 0.22421875 0.45740740740740743 0.022395833333333334 0.03888888888888889
0 0.359375 0.262037037037037 0.019791666666666666 0.037037037037037035
0 0.49296875 0.47962962962962963 0.021354166666666667 0.03888888888888889
0 0.30546875 0.5745370370370371 0.021354166666666667 0.03981481481481482
0 0.4010416666666667 0.44907407407407407 0.020833333333333332 0.03888888888888889
0 0.4046875 0.6333333333333333 0.020833333333333332 0.03888888888888889
0 0.5388020833333333 0.14027777777777778 0.0203125 0.03796296296296296
0 0.2752604166666667 0.7754629629629629 0.022395833333333334 0.03981481481481482