0 0.47578125 0.4791666666666667 0.0203125 0.03611111111111111
0 0.6447916666666667 0.3476851851851852 0.021875 0.03796296296296296
0 0.6526041666666667 0.41898148148148145 0.022916666666666665 0.03981481481481482
0 0.47708333333333336 0.44212962962962965 0.020833333333333332 0.03796296296296296
0 0.3390625 0.49953703703703706 0.020833333333333332 0.03796296296296296
0 0.4703125 0.5152777777777777 0.020833333333333332 0.03796296296296296
0 0.6736979166666667 0.43796296296296294 0.022395833333333334 0.03888888888888889
0 0.3572916666666667 0.5180555555555556 0.020833333333333332 0.03796296296296296
0 0.5125 0.5222222222222223 0.020833333333333332 0.03888888888888889
0 0.6817708333333333 0.4023148148148148 0.022916666666666665 0.03981481481481482
0 0.6557291666666667 0.4597222222222222 0.021875 0.03796296296296296
0 0.5510416666666667 0.2726851851851852 0.020833333333333332 0.03796296296296296
0 0.6213541666666667 0.2074074074074074 0.020833333333333332 0.037037037037037035
0 0.53671875 0.3060185185185185 0.021354166666666667 0.03796296296296296
0 0.5546875 0.4861111111111111 0.020833333333333332 0.037037037037037035
0 0.7096354166666666 0.14907407407407408 0.022395833333333334 0.040740740740740744
0 0.6598958333333333 0.3837962962962963 0.021875 0.03981481481481482
0 0.2794270833333333 0.5125 0.022395833333333334 0.03981481481481482
0 0.40572916666666664 0.3287037037037037 0.021875 0.03888888888888889
0 0.63359375 0.4388888888888889 0.022395833333333334 0.03888888888888889
0 0.49140625 0.5194444444444445 0.0203125 0.037037037037037035
0 0.68828125 0.2847222222222222 0.0234375 0.041666666666666664
0 0.6140625 0.10601851851851851 0.021875 0.03981481481481482
0 0.5979166666666667 0.4111111111111111 0.020833333333333332 0.03888888888888889
0 0.4322916666666667 0.3921296296296296 0.020833333333333332 0.03796296296296296
0 0.5684895833333333 0.11388888888888889 0.021354166666666667 0.03888888888888889
0 0.5544270833333333 0.36157407407407405 0.0203125 0.03611111111111111
0 0.6736979166666667 0.48148148148148145 0.022395833333333334 0.03888888888888889
0 0.55 0.39861111111111114 0.020833333333333332 0.03796296296296296
0 0.61640625 0.37222222222222223 0.021354166666666667 0.03888888888888889
0 0.5184895833333333 0.48703703703703705 0.021354166666666667 0.03888888888888889
0 0.4513020833333333 0.45925925925925926 0.021354166666666667 0.037037037037037035
0 0.4270833333333333 0.3560185185185185 0.020833333333333332 0.03796296296296296
0 0.4140625 0.4847222222222222 0.020833333333333332 0.03796296296296296
0 0.6341145833333334 0.1726851851851852 0.021354166666666667 0.03796296296296296
0 0.5528645833333333 0.21944444444444444 0.0203125 0.037037037037037035
0 0.43671875 0.5532407407407407 0.022395833333333334 0.03981481481481482
0 0.5046875 0.29259259259259257 0.020833333333333332 0.037037037037037035
0 0.5317708333333333 0.20092592592592592 0.020833333333333332 0.03888888888888889