0 0.4005208333333333 0.45185185185185184 0.020833333333333332 0.037037037037037035
0 0.5369791666666667 0.1824074074074074 0.020833333333333332 0.03888888888888889
0 0.4348958333333333 0.3972222222222222 0.020833333333333332 0.037037037037037035
0 0.28020833333333334 0.7078703703703704 0.021875 0.03981481481481482
0 0.41796875 0.42916666666666664 0.0203125 0.03796296296296296
0 0.46953125 0.38796296296296295 0.021354166666666667 0.03888888888888889
0 0.3606770833333333 0.4115740740740741 0.021354166666666667 0.03611111111111111
0 0.2755208333333333 0.6212962962962963 0.021875 0.040740740740740744
0 0.46484375 0.4615740740740741 0.0203125 0.03796296296296296
0 0.29583333333333334 0.6810185185185185 0.021875 0.03981481481481482
0 0.5203125 0.20925925925925926 0.019791666666666666 0.037037037037037035
0 0.4088541666666667 0.38981481481481484 0.020833333333333332 0.037037037037037035
0 0.62421875 0.35694444444444445 0.021354166666666667 0.03796296296296296
0 0.29244791666666664 0.6430555555555556 0.022395833333333334 0.03981481481481482
0 0.35859375 0.449537037037037 0.0203125 0.03796296296296296
0 0.30859375 0.7236111111111111 0.021354166666666667 0.03981481481481482
0 0.27682291666666664 0.6694444444444444 0.022395833333333334 0.040740740740740744
0 0.38515625 0.3851851851851852 0.0203125 0.037037037037037035
0 0.45598958333333334 0.4162037037037037 0.0203125 0.03611111111111111
0 0.3888020833333333 0.4199074074074074 0.0203125 0.03796296296296296
0 0.37890625 0.46944444444444444 0.0203125 0.037037037037037035
0 0.6703125 0.4101851851851852 0.022916666666666665 0.03888888888888889
0 0.44114583333333335 0.2518518518518518 0.020833333333333332 0.03888888888888889
0 0.5924479166666666 0.22361111111111112 0.022395833333333334 0.03981481481481482
0 0.3640625 0.37592592592592594 0.020833333333333332 0.037037037037037035
0 0.6942708333333333 0.16435185185185186 0.022916666666666665 0.03981481481481482
0 0.55625 0.1050925925925926 0.020833333333333332 0.03981481481481482
0 0.2875 0.7435185185185185 0.021875 0.03888888888888889
0 0.37890625 0.3509259259259259 0.0203125 0.037037037037037035
0 0.55625 0.19027777777777777 0.019791666666666666 0.03796296296296296
0 0.49322916666666666 0.4777777777777778 0.020833333333333332 0.03888888888888889
0 0.3463541666666667 0.6189814814814815 0.021875 0.03981481481481482
0 0.44609375 0.4773148148148148 0.0203125 0.03796296296296296
0 0.19166666666666668 0.36527777777777776 0.021875 0.03796296296296296
0 0.49296875 0.29212962962962963 0.021354166666666667 0.03796296296296296
0 0.2752604166666667 0.775 0.022395833333333334 0.040740740740740744
0 0.29244791666666664 0.5907407407407408 0.021354166666666667 0.03888888888888889
0 0.3416666666666667 0.3662037037037037 0.020833333333333332 0.03796296296296296
0 0.5388020833333333 0.14027777777777778 0.0203125 0.03796296296296296