0 0.4466145833333333 0.3347222222222222 0.0203125 0.03796296296296296
0 0.42083333333333334 0.42685185185185187 0.020833333333333332 0.03888888888888889
0 0.38385416666666666 0.3425925925925926 0.020833333333333332 0.03888888888888889
0 0.42916666666666664 0.30648148148148147 0.019791666666666666 0.037037037037037035
0 0.396875 0.4199074074074074 0.020833333333333332 0.03796296296296296
0 0.3453125 0.3578703703703704 0.020833333333333332 0.03796296296296296
0 0.434375 0.5157407407407407 0.020833333333333332 0.03888888888888889
0 0.4549479166666667 0.5185185185185185 0.0203125 0.037037037037037035
0 0.42864583333333334 0.48009259259259257 0.020833333333333332 0.03796296296296296
0 0.4354166666666667 0.6037037037037037 0.020833333333333332 0.03888888888888889
0 0.33671875 0.2199074074074074 0.0203125 0.03796296296296296
0 0.28411458333333334 0.7199074074074074 0.022395833333333334 0.03981481481481482
0 0.4739583333333333 0.5046296296296297 0.020833333333333332 0.03888888888888889
0 0.4122395833333333 0.2810185185185185 0.0203125 0.03796296296296296
0 0.30833333333333335 0.7236111111111111 0.021875 0.03981481481481482
0 0.26067708333333334 0.7509259259259259 0.022395833333333334 0.040740740740740744
0 0.46979166666666666 0.5439814814814815 0.020833333333333332 0.03796296296296296
0 0.42161458333333335 0.649537037037037 0.0203125 0.03796296296296296
0 0.3971354166666667 0.25972222222222224 0.0203125 0.03796296296296296
0 0.29375 0.7527777777777778 0.021875 0.03888888888888889
0 0.44973958333333336 0.29074074074074074 0.0203125 0.037037037037037035
0 0.4432291666666667 0.5504629629629629 0.020833333333333332 0.03796296296296296
0 0.41041666666666665 0.5731481481481482 0.021875 0.03888888888888889
0 0.26328125 0.7125 0.022395833333333334 0.03981481481481482
0 0.6692708333333334 0.4101851851851852 0.022916666666666665 0.03888888888888889
0 0.49166666666666664 0.4078703703703704 0.020833333333333332 0.03796296296296296
0 0.3375 0.5972222222222222 0.020833333333333332 0.03888888888888889
0 0.30546875 0.30694444444444446 0.0203125 0.03611111111111111
0 0.31588541666666664 0.5796296296296296 0.021354166666666667 0.03888888888888889
0 0.6942708333333333 0.16574074074074074 0.022916666666666665 0.03888888888888889
0 0.19270833333333334 0.36527777777777776 0.021875 0.03796296296296296
0 0.54609375 0.2199074074074074 0.021354166666666667 0.03796296296296296
0 0.5247395833333334 0.2935185185185185 0.021354166666666667 0.037037037037037035
0 0.5559895833333334 0.10648148148148148 0.021354166666666667 0.03888888888888889
0 0.3802083333333333 0.6212962962962963 0.020833333333333332 0.03888888888888889
0 0.40390625 0.6319444444444444 0.0203125 0.03796296296296296
0 0.3854166666666667 0.21342592592592594 0.019791666666666666 0.03796296296296296
0 0.225 0.4564814814814815 0.021875 0.03888888888888889
0 0.2760416666666667 0.7759259259259259 0.021875 0.03888888888888889