0 0.3440625 0.6381574074074075 0.022119791666666666 0.04117592592592593
0 0.421359375 0.596111111111111 0.022541666666666668 0.04080555555555555
0 0.3644739583333333 0.5813888888888888 0.022541666666666668 0.03949999999999999
0 0.36249479166666665 0.6184259259259259 0.021067708333333334 0.039870370370370375
0 0.455625 0.342787037037037 0.021500000000000002 0.039324074074074074
0 0.5511510416666667 0.4745462962962963 0.023390624999999998 0.04138888888888889
0 0.34151562500000004 0.3640833333333333 0.021583333333333333 0.038175925925925926
0 0.5659010416666667 0.504175925925926 0.022010416666666664 0.04359259259259259
0 0.32719270833333336 0.32833333333333337 0.021057291666666665 0.03593518518518519
0 0.34224479166666666 0.5995462962962963 0.022661458333333332 0.04138888888888889
0 0.38317187500000005 0.4050925925925926 0.022026041666666666 0.03877777777777778
0 0.4050989583333333 0.6371296296296296 0.022958333333333334 0.042851851851851856
0 0.4200520833333333 0.4804629629629629 0.024125 0.03952777777777777
0 0.4006770833333333 0.38649074074074075 0.023901041666666668 0.041935185185185186
0 0.32016145833333337 0.6250185185185185 0.022640625 0.038953703703703706
0 0.35545312500000004 0.4008055555555556 0.024302083333333332 0.040601851851851854
0 0.37333854166666663 0.47843518518518524 0.023390624999999998 0.03952777777777777
0 0.369546875 0.3686203703703704 0.022026041666666666 0.03878703703703704
0 0.5484375 0.22592592592592592 0.020833333333333332 0.037037037037037035
0 0.528125 0.4312037037037037 0.02294791666666667 0.04097222222222222
0 0.4041666666666667 0.5396296296296296 0.022104166666666664 0.04039814814814815
0 0.4448489583333333 0.31260185185185185 0.022630208333333336 0.038925925925925926
0 0.554015625 0.5600925925925926 0.023265625 0.040231481481481486
0 0.5901041666666667 0.2796296296296296 0.020833333333333332 0.03888888888888889
0 0.38140104166666666 0.5336018518518518 0.02284375 0.039870370370370375
0 0.6802083333333333 0.21898148148148147 0.021875 0.03796296296296296
0 0.5192135416666667 0.47158333333333335 0.024328125 0.04138888888888889
0 0.47703124999999996 0.5053703703703704 0.02285416666666667 0.04192592592592593
0 0.5963541666666666 0.17314814814814813 0.020833333333333332 0.03888888888888889
0 0.753125 0.4949074074074074 0.023958333333333335 0.041666666666666664
0 0.79765625 0.6263888888888889 0.024479166666666666 0.041666666666666664
0 0.5841145833333333 0.4023148148148148 0.021354166666666667 0.03796296296296296
0 0.31567708333333333 0.36991666666666667 0.023260416666666665 0.040231481481481486
0 0.31641145833333334 0.71825 0.023286458333333333 0.042509259259259254
0 0.32583333333333336 0.5328796296296296 0.022973958333333332 0.040657407407407406
0 0.6052083333333333 0.40555555555555556 0.020833333333333332 0.03888888888888889
0 0.60390625 0.5333333333333333 0.022395833333333334 0.03888888888888889
0 0.69453125 0.5398148148148149 0.0234375 0.03888888888888889
0 0.46405729166666665 0.47602777777777777 0.021510416666666664 0.04139814814814815
0 0.30432291666666667 0.33612037037037035 0.023916666666666666 0.04158333333333333
0 0.29766145833333335 0.2847222222222222 0.021359375 0.03611111111111111
0 0.69453125 0.1476851851851852 0.021354166666666667 0.03796296296296296
0 0.37057291666666664 0.1884259259259259 0.021354166666666667 0.03796296296296296
0 0.42667187500000003 0.6504537037037037 0.023802083333333335 0.04249074074074074
0 0.5338541666666666 0.4976851851851852 0.020833333333333332 0.03796296296296296
0 0.5533854166666666 0.4236111111111111 0.0203125 0.03796296296296296
0 0.34698958333333335 0.3294537037037037 0.021916666666666664 0.03823148148148148
0 0.3885520833333333 0.6615092592592592 0.02296875 0.04343518518518518
0 0.38255208333333335 0.625 0.021354166666666667 0.037037037037037035
0 0.5885416666666666 0.21157407407407408 0.020833333333333332 0.03796296296296296
0 0.6096354166666667 0.2449074074074074 0.021354166666666667 0.03796296296296296
0 0.48432291666666666 0.37639814814814815 0.022041666666666668 0.04028703703703704
0 0.7630208333333334 0.8041666666666667 0.025 0.04351851851851852
0 0.3271875 0.6621388888888889 0.023807291666666668 0.04399074074074074
0 0.7760416666666666 0.5523148148148148 0.023958333333333335 0.03981481481481482
0 0.5091666666666667 0.5201018518518519 0.02147395833333333 0.04282407407407408
0 0.19557291666666668 0.36064814814814816 0.021354166666666667 0.03611111111111111
0 0.7588541666666667 0.5907407407407408 0.023958333333333335 0.04259259259259259
0 0.7716145833333333 0.7166666666666667 0.025520833333333333 0.044444444444444446
0 0.39479166666666665 0.4351851851851852 0.020833333333333332 0.037037037037037035
0 0.7864583333333334 0.5175925925925926 0.023958333333333335 0.040740740740740744
0 0.38458333333333333 0.5712962962962963 0.022296875 0.03888888888888889
0 0.3848958333333333 0.3101851851851852 0.020833333333333332 0.037037037037037035
0 0.26614583333333336 0.8222222222222222 0.022916666666666665 0.040740740740740744
0 0.5578125 0.1259259259259259 0.020833333333333332 0.03888888888888889
0 0.43776041666666665 0.6152777777777778 0.021354166666666667 0.03796296296296296
0 0.3263020833333333 0.20416666666666666 0.0203125 0.03611111111111111
0 0.5640625 0.6236111111111111 0.021875 0.03981481481481482
0 0.575 0.1712962962962963 0.020833333333333332 0.03888888888888889
0 0.3984375 0.5972222222222222 0.020833333333333332 0.037037037037037035
0 0.5486979166666667 0.5236111111111111 0.0203125 0.03796296296296296
0 0.1046875 0.8180555555555555 0.023958333333333335 0.041666666666666664
0 0.2296875 0.4546296296296296 0.021875 0.037037037037037035
0 0.52265625 0.15046296296296297 0.0203125 0.03796296296296296
0 0.27734375 0.7861111111111111 0.022395833333333334 0.040740740740740744
0 0.37083333333333335 0.43703703703703706 0.020833333333333332 0.037037037037037035
0 0.2953125 0.7199074074074074 0.019791666666666666 0.03611111111111111
0 0.4986979166666667 0.1712962962962963 0.0203125 0.037037037037037035
0 0.5280729166666667 0.5327777777777778 0.02177604166666667 0.03815740740740741
0 0.41901041666666666 0.4425925925925926 0.0203125 0.037037037037037035
0 0.5088541666666667 0.3421296296296296 0.020833333333333332 0.03796296296296296
0 0.4671875 0.3990740740740741 0.019791666666666666 0.037037037037037035
0 0.2786458333333333 0.7467592592592592 0.021875 0.03981481481481482
0 0.33932291666666664 0.5611111111111111 0.021354166666666667 0.03888888888888889
0 0.49921875 0.4148148148148148 0.0203125 0.037037037037037035
0 0.30494791666666665 0.6810185185185185 0.021354166666666667 0.03981481481481482
0 0.29583333333333334 0.5986111111111111 0.021875 0.03981481481481482
0 0.44557291666666665 0.387037037037037 0.0203125 0.03888888888888889
0 0.2994791666666667 0.6453703703703704 0.021875 0.040740740740740744
0 0.4328125 0.2828703703703704 0.020833333333333332 0.03796296296296296