0 0.7619791666666667 0.6435185185185185 0.023958333333333335 0.04259259259259259
0 0.5583333333333333 0.6041666666666666 0.022916666666666665 0.03981481481481482
0 0.6700520833333333 0.6296296296296297 0.024479166666666666 0.04259259259259259
0 0.76015625 0.7273148148148149 0.024479166666666666 0.041666666666666664
0 0.75625 0.8087962962962963 0.023958333333333335 0.04351851851851852
0 0.3328125 0.5560185185185185 0.020833333333333332 0.03796296296296296
0 0.5705729166666667 0.16712962962962963 0.0203125 0.03611111111111111
0 0.21302083333333333 0.44351851851851853 0.021875 0.037037037037037035
0 0.23671875 0.475 0.021354166666666667 0.037037037037037035
0 0.5049479166666667 0.5273148148148148 0.0203125 0.03611111111111111
0 0.5419270833333333 0.5208333333333334 0.021354166666666667 0.03981481481481482
0 0.55703125 0.5643518518518519 0.021354166666666667 0.03796296296296296
0 0.3419270833333333 0.35509259259259257 0.0203125 0.03611111111111111
0 0.6833333333333333 0.16712962962962963 0.020833333333333332 0.03796296296296296
0 0.70390625 0.5444444444444444 0.0234375 0.03888888888888889
0 0.64375 0.37453703703703706 0.022916666666666665 0.03981481481481482
0 0.2799479166666667 0.6976851851851852 0.022395833333333334 0.03981481481481482
0 0.6838541666666667 0.562962962962963 0.023958333333333335 0.040740740740740744
0 0.4083333333333333 0.6509259259259259 0.020833333333333332 0.037037037037037035
0 0.30703125 0.5032407407407408 0.021354166666666667 0.03611111111111111
0 0.7653645833333333 0.5578703703703703 0.0234375 0.03981481481481482
0 0.30546875 0.7574074074074074 0.021354166666666667 0.037037037037037035
0 0.7486979166666666 0.5925925925925926 0.0234375 0.040740740740740744
0 0.30755208333333334 0.4532407407407407 0.0203125 0.03611111111111111
0 0.265625 0.7569444444444444 0.021875 0.03981481481481482
0 0.36875 0.6416666666666667 0.021875 0.03888888888888889
0 0.7302083333333333 0.2671296296296296 0.021875 0.03796296296296296
0 0.37135416666666665 0.42083333333333334 0.020833333333333332 0.03611111111111111
0 0.30442708333333335 0.7203703703703703 0.021354166666666667 0.03888888888888889
0 0.5533854166666666 0.4587962962962963 0.0203125 0.03796296296296296
0 0.26484375 0.33055555555555555 0.0203125 0.037037037037037035
0 0.26796875 0.8203703703703704 0.022395833333333334 0.040740740740740744
0 0.43333333333333335 0.5018518518518519 0.020833333333333332 0.03888888888888889
0 0.41822916666666665 0.6129629629629629 0.020833333333333332 0.03888888888888889
0 0.4375 0.17731481481481481 0.020833333333333332 0.03796296296296296
0 0.28359375 0.7342592592592593 0.021354166666666667 0.03888888888888889
0 0.6140625 0.08657407407407407 0.021875 0.03981481481481482
0 0.23411458333333332 0.39814814814814814 0.021354166666666667 0.037037037037037035
0 0.28020833333333334 0.6587962962962963 0.021875 0.03796296296296296
0 0.2791666666666667 0.7851851851851852 0.020833333333333332 0.03888888888888889
0 0.3385416666666667 0.30694444444444446 0.019791666666666666 0.03611111111111111
0 0.3971354166666667 0.6194444444444445 0.021354166666666667 0.03888888888888889
0 0.26458333333333334 0.25 0.020833333333333332 0.037037037037037035
0 0.19583333333333333 0.3611111111111111 0.020833333333333332 0.037037037037037035
0 0.27786458333333336 0.46296296296296297 0.021354166666666667 0.037037037037037035
0 0.55390625 0.31851851851851853 0.0203125 0.037037037037037035
0 0.7731770833333333 0.5199074074074074 0.024479166666666666 0.03981481481481482
0 0.30572916666666666 0.3143518518518518 0.019791666666666666 0.03611111111111111
0 0.29140625 0.3907407407407407 0.0203125 0.037037037037037035
0 0.22526041666666666 0.35138888888888886 0.021354166666666667 0.03611111111111111
0 0.37942708333333336 0.6032407407407407 0.0203125 0.03796296296296296
0 0.5455729166666666 0.40555555555555556 0.021354166666666667 0.03888888888888889
0 0.1078125 0.8171296296296297 0.023958333333333335 0.041666666666666664
0 0.38177083333333334 0.5652777777777778 0.020833333333333332 0.03796296296296296
0 0.35911458333333335 0.27870370370370373 0.019270833333333334 0.03518518518518519
0 0.2721354166666667 0.3824074074074074 0.0203125 0.037037037037037035
0 0.5481770833333334 0.2833333333333333 0.0203125 0.037037037037037035
0 0.5666666666666667 0.12453703703703704 0.020833333333333332 0.03796296296296296
0 0.4622395833333333 0.4888888888888889 0.021354166666666667 0.03888888888888889
0 0.25729166666666664 0.44907407407407407 0.020833333333333332 0.037037037037037035
0 0.43671875 0.4537037037037037 0.0203125 0.037037037037037035
0 0.3265625 0.2791666666666667 0.019791666666666666 0.03611111111111111
0 0.5109375 0.49212962962962964 0.019791666666666666 0.03611111111111111
0 0.32708333333333334 0.24259259259259258 0.020833333333333332 0.037037037037037035
0 0.43854166666666666 0.25092592592592594 0.019791666666666666 0.037037037037037035
0 0.2713541666666667 0.4217592592592593 0.020833333333333332 0.03796296296296296
0 0.39869791666666665 0.21296296296296297 0.0203125 0.037037037037037035
0 0.4 0.5824074074074074 0.020833333333333332 0.03888888888888889
0 0.52265625 0.462037037037037 0.0203125 0.03888888888888889
0 0.4861979166666667 0.487962962962963 0.0203125 0.037037037037037035
0 0.415625 0.27546296296296297 0.019791666666666666 0.03611111111111111
0 0.453125 0.3402777777777778 0.020833333333333332 0.03796296296296296
0 0.5348958333333333 0.36018518518518516 0.020833333333333332 0.037037037037037035
0 0.37578125 0.2574074074074074 0.019270833333333334 0.03518518518518519
0 0.47604166666666664 0.45555555555555555 0.019791666666666666 0.037037037037037035
0 0.46927083333333336 0.3726851851851852 0.020833333333333332 0.03796296296296296
0 0.4940104166666667 0.32546296296296295 0.0203125 0.03611111111111111
0 0.5005208333333333 0.40555555555555556 0.019791666666666666 0.037037037037037035
0 0.4817708333333333 0.4203703703703704 0.020833333333333332 0.03888888888888889
0 0.4609375 0.42962962962962964 0.019791666666666666 0.037037037037037035
0 0.4401041666666667 0.4111111111111111 0.020833333333333332 0.037037037037037035
0 0.434375 0.28703703703703703 0.019791666666666666 0.037037037037037035
0 0.4088541666666667 0.24351851851851852 0.019791666666666666 0.037037037037037035
0 0.5265625 0.39305555555555555 0.021875 0.03796296296296296
0 0.4544270833333333 0.3037037037037037 0.0203125 0.037037037037037035
0 0.5140625 0.3638888888888889 0.019791666666666666 0.037037037037037035
0 0.4986979166666667 0.44305555555555554 0.021354166666666667 0.03796296296296296
0 0.48828125 0.36342592592592593 0.0203125 0.03796296296296296
0 0.4739583333333333 0.337037037037037 0.01875 0.03518518518518519
0 0.43645833333333334 0.3212962962962963 0.01875 0.03333333333333333