0 0.7616302083333333 0.8078796296296297 0.027348958333333333 0.04636111111111111
0 0.7673541666666667 0.7213796296296296 0.026078125 0.045231481481481484
0 0.7670364583333333 0.6416666666666667 0.026713541666666667 0.04409259259259259
0 0.6260416666666667 0.43472222222222223 0.021875 0.03796296296296296
0 0.7088541666666667 0.5467592592592593 0.022916666666666665 0.03981481481481482
0 0.6861979166666666 0.5648148148148148 0.0234375 0.040740740740740744
0 0.7526041666666666 0.5921296296296297 0.023958333333333335 0.041666666666666664
0 0.7700520833333333 0.5564814814814815 0.024479166666666666 0.040740740740740744
0 0.6794270833333333 0.6305555555555555 0.0234375 0.040740740740740744
0 0.44583333333333336 0.537962962962963 0.020833333333333332 0.037037037037037035
0 0.26796875 0.5337962962962963 0.021354166666666667 0.03796296296296296
0 0.5489583333333333 0.5837962962962963 0.021875 0.03981481481481482
0 0.3625 0.3814814814814815 0.020833333333333332 0.037037037037037035
0 0.44244791666666666 0.18981481481481483 0.0203125 0.037037037037037035
0 0.30833333333333335 0.48194444444444445 0.020833333333333332 0.03796296296296296
0 0.6544270833333333 0.39166666666666666 0.021354166666666667 0.03888888888888889
0 0.6760416666666667 0.387037037037037 0.022916666666666665 0.03888888888888889
0 0.6078125 0.15601851851851853 0.020833333333333332 0.03611111111111111
0 0.68828125 0.1587962962962963 0.021354166666666667 0.03796296296296296
0 0.5361979166666667 0.1537037037037037 0.021354166666666667 0.03888888888888889
0 0.27786458333333336 0.7851851851851852 0.021354166666666667 0.040740740740740744
0 0.40338541666666666 0.525 0.021354166666666667 0.03888888888888889
0 0.26848958333333334 0.3421296296296296 0.021354166666666667 0.03611111111111111
0 0.778125 0.5194444444444445 0.025 0.040740740740740744
0 0.7346354166666667 0.2671296296296296 0.0234375 0.03981481481481482
0 0.27005208333333336 0.750462962962963 0.022395833333333334 0.03981481481481482
0 0.5494791666666666 0.26064814814814813 0.020833333333333332 0.03796296296296296
0 0.5572916666666666 0.5509259259259259 0.021875 0.03888888888888889
0 0.32473958333333336 0.5833333333333334 0.021354166666666667 0.03888888888888889
0 0.42578125 0.24814814814814815 0.0203125 0.037037037037037035
0 0.6354166666666666 0.3699074074074074 0.020833333333333332 0.03796296296296296
0 0.19609375 0.3611111111111111 0.021354166666666667 0.03888888888888889
0 0.6158854166666666 0.35694444444444445 0.022395833333333334 0.03981481481481482
0 0.5432291666666667 0.3199074074074074 0.019791666666666666 0.03796296296296296
0 0.2453125 0.337037037037037 0.020833333333333332 0.037037037037037035
0 0.36744791666666665 0.5087962962962963 0.0203125 0.03796296296296296
0 0.2671875 0.8208333333333333 0.022916666666666665 0.03981481481481482
0 0.31588541666666664 0.2986111111111111 0.021354166666666667 0.03611111111111111
0 0.26588541666666665 0.49074074074074076 0.021354166666666667 0.037037037037037035
0 0.22057291666666667 0.4537037037037037 0.021354166666666667 0.03888888888888889
0 0.4596354166666667 0.31712962962962965 0.0203125 0.03796296296296296
0 0.38828125 0.4981481481481482 0.0203125 0.037037037037037035
0 0.6609375 0.34629629629629627 0.021875 0.03888888888888889
0 0.2825520833333333 0.4689814814814815 0.021354166666666667 0.03796296296296296
0 0.23880208333333333 0.46944444444444444 0.0203125 0.037037037037037035
0 0.5231770833333333 0.30694444444444446 0.0203125 0.03796296296296296
0 0.3815104166666667 0.6638888888888889 0.021354166666666667 0.03888888888888889
0 0.5505208333333333 0.41435185185185186 0.020833333333333332 0.03796296296296296
0 0.34296875 0.7240740740740741 0.0203125 0.03888888888888889
0 0.4783854166666667 0.3013888888888889 0.0203125 0.03611111111111111
0 0.46458333333333335 0.274537037037037 0.019791666666666666 0.03796296296296296
0 0.36015625 0.6532407407407408 0.0203125 0.03796296296296296
0 0.2877604166666667 0.7282407407407407 0.0203125 0.03796296296296296
0 0.4661458333333333 0.39675925925925926 0.020833333333333332 0.03796296296296296
0 0.4947916666666667 0.1476851851851852 0.020833333333333332 0.03796296296296296
0 0.10807291666666667 0.8189814814814815 0.024479166666666666 0.041666666666666664
0 0.3424479166666667 0.6337962962962963 0.021354166666666667 0.03981481481481482
0 0.6143229166666667 0.12222222222222222 0.021354166666666667 0.037037037037037035
0 0.4903645833333333 0.5518518518518518 0.0203125 0.037037037037037035
0 0.5544270833333333 0.513425925925926 0.0203125 0.03611111111111111
0 0.5166666666666667 0.3819444444444444 0.019791666666666666 0.03796296296296296
0 0.46875 0.49583333333333335 0.020833333333333332 0.03796296296296296
0 0.24479166666666666 0.4305555555555556 0.021875 0.03888888888888889
0 0.32369791666666664 0.7416666666666667 0.0203125 0.037037037037037035
0 0.2911458333333333 0.6458333333333334 0.020833333333333332 0.03981481481481482
0 0.49895833333333334 0.3578703703703704 0.020833333333333332 0.03796296296296296
0 0.4703125 0.5435185185185185 0.020833333333333332 0.03888888888888889
0 0.26979166666666665 0.6620370370370371 0.021875 0.03888888888888889
0 0.32708333333333334 0.7027777777777777 0.020833333333333332 0.03888888888888889
0 0.2747395833333333 0.43425925925925923 0.021354166666666667 0.037037037037037035
0 0.28098958333333335 0.6930555555555555 0.021354166666666667 0.03981481481481482
0 0.5471354166666667 0.47962962962962963 0.021354166666666667 0.037037037037037035
0 0.3463541666666667 0.6861111111111111 0.020833333333333332 0.03888888888888889
0 0.53671875 0.5430555555555555 0.021354166666666667 0.03796296296296296
0 0.25885416666666666 0.45787037037037037 0.020833333333333332 0.03611111111111111
0 0.30807291666666664 0.7189814814814814 0.0203125 0.03796296296296296
0 0.5309895833333333 0.43657407407407406 0.0203125 0.03796296296296296
0 0.30130208333333336 0.6837962962962963 0.021354166666666667 0.03981481481481482
0 0.4859375 0.41805555555555557 0.019791666666666666 0.03796296296296296
0 0.3651041666666667 0.700462962962963 0.020833333333333332 0.03796296296296296
0 0.31171875 0.6504629629629629 0.021354166666666667 0.03981481481481482
0 0.51328125 0.5449074074074074 0.0203125 0.03611111111111111
0 0.48489583333333336 0.5175925925925926 0.019791666666666666 0.037037037037037035
0 0.5052083333333334 0.46111111111111114 0.020833333333333332 0.03888888888888889
0 0.5283854166666667 0.5101851851851852 0.0203125 0.037037037037037035
0 0.525 0.47314814814814815 0.020833333333333332 0.037037037037037035
0 0.4791666666666667 0.46111111111111114 0.020833333333333332 0.03888888888888889
0 0.50859375 0.41898148148148145 0.021354166666666667 0.03981481481481482
0 0.3302083333333333 0.6657407407407407 0.021875 0.03888888888888889
0 0.5059895833333333 0.5125 0.021354166666666667 0.03796296296296296