0 0.350390625 0.36371296296296296 0.02228645833333333 0.03625
0 0.3513645833333333 0.5915462962962963 0.022145833333333333 0.04053703703703704
0 0.401078125 0.6259907407407408 0.023020833333333334 0.041611111111111106
0 0.35282291666666665 0.5351666666666667 0.022869791666666663 0.039842592592592596
0 0.3773489583333333 0.5335092592592593 0.021640625 0.040212962962962964
0 0.402734375 0.5521388888888888 0.021901041666666666 0.04160185185185185
0 0.3583697916666667 0.6261574074074074 0.02209895833333333 0.040324074074074075
0 0.32385937499999995 0.4236666666666667 0.020671875 0.03975925925925926
0 0.340953125 0.3965925925925926 0.020723958333333334 0.037879629629629624
0 0.3378541666666666 0.49925 0.023140625 0.04020370370370371
0 0.4201197916666667 0.5298055555555556 0.023072916666666665 0.04160185185185185
0 0.5268541666666666 0.4446203703703704 0.022880208333333332 0.0434537037037037
0 0.39941666666666664 0.5900462962962963 0.02294791666666667 0.03963888888888889
0 0.543390625 0.28830555555555554 0.023416666666666665 0.03963888888888889
0 0.5510416666666667 0.21574074074074073 0.020833333333333332 0.037037037037037035
0 0.37617708333333333 0.5952500000000001 0.022427083333333334 0.038935185185185184
0 0.6391614583333334 0.43519444444444444 0.023020833333333334 0.04034259259259259
0 0.5505208333333333 0.4050925925925926 0.020833333333333332 0.03796296296296296
0 0.5233697916666666 0.3546944444444444 0.022145833333333333 0.039481481481481485
0 0.7419270833333333 0.2652777777777778 0.0234375 0.03981481481481482
0 0.36169270833333333 0.46828703703703706 0.022359375 0.038935185185185184
0 0.7033854166666667 0.42916666666666664 0.0234375 0.03981481481481482
0 0.5565104166666667 0.5731481481481482 0.021354166666666667 0.03888888888888889
0 0.37998437500000004 0.6326388888888889 0.022463541666666666 0.03936111111111111
0 0.7096354166666666 0.5481481481481482 0.022395833333333334 0.040740740740740744
0 0.41770833333333335 0.6459537037037038 0.023479166666666666 0.04335185185185185
0 0.30152604166666663 0.43669444444444444 0.02209895833333333 0.03847222222222222
0 0.611328125 0.381712962962963 0.022541666666666668 0.04239814814814815
0 0.5981770833333333 0.41064814814814815 0.021354166666666667 0.03796296296296296
0 0.57734375 0.575462962962963 0.021354166666666667 0.03981481481481482
0 0.3273125 0.33449074074074076 0.02209895833333333 0.037314814814814815
0 0.4515625 0.3087962962962963 0.020833333333333332 0.03796296296296296
0 0.5002604166666667 0.48935185185185187 0.0203125 0.03796296296296296
0 0.7658854166666667 0.6430555555555556 0.024479166666666666 0.04351851851851852
0 0.4485364583333334 0.5813611111111111 0.021942708333333335 0.03843518518518518
0 0.43674999999999997 0.3493703703703704 0.021979166666666668 0.04092592592592593
0 0.5510416666666667 0.35185185185185186 0.020833333333333332 0.03888888888888889
0 0.31386458333333334 0.5597314814814814 0.022802083333333334 0.04262037037037037
0 0.4713541666666667 0.3921296296296296 0.019791666666666666 0.03611111111111111
0 0.32421875 0.7375 0.021354166666666667 0.03981481481481482
0 0.58125 0.13055555555555556 0.020833333333333332 0.03888888888888889
0 0.6921875 0.1537037037037037 0.021875 0.03888888888888889
0 0.33541666666666664 0.45694444444444443 0.020833333333333332 0.03796296296296296
0 0.6872395833333333 0.5675925925925925 0.0234375 0.040740740740740744
0 0.43385416666666665 0.2064814814814815 0.020833333333333332 0.03888888888888889
0 0.5125 0.4 0.019791666666666666 0.03518518518518519
0 0.19609375 0.3611111111111111 0.021354166666666667 0.037037037037037035
0 0.76015625 0.8050925925925926 0.024479166666666666 0.04351851851851852
0 0.391109375 0.6616944444444445 0.022630208333333336 0.04242592592592593
0 0.7661458333333333 0.7185185185185186 0.023958333333333335 0.04259259259259259
0 0.26666666666666666 0.8212962962962963 0.022916666666666665 0.040740740740740744
0 0.5609375 0.5319444444444444 0.020833333333333332 0.03611111111111111
0 0.6091145833333333 0.2125 0.021354166666666667 0.03796296296296296
0 0.23098958333333333 0.4550925925925926 0.021354166666666667 0.03796296296296296
0 0.753125 0.5939814814814814 0.023958333333333335 0.041666666666666664
0 0.6471354166666666 0.5027777777777778 0.022395833333333334 0.03888888888888889
0 0.3671197916666667 0.66725 0.02215625 0.04239814814814815
0 0.27786458333333336 0.7865740740740741 0.022395833333333334 0.03981481481481482
0 0.10572916666666667 0.8171296296296297 0.023958333333333335 0.041666666666666664
0 0.60078125 0.17083333333333334 0.021354166666666667 0.03796296296296296
0 0.7703125 0.5569444444444445 0.023958333333333335 0.041666666666666664
0 0.5216145833333333 0.2449074074074074 0.0203125 0.03796296296296296
0 0.5036458333333333 0.33101851851851855 0.019791666666666666 0.03425925925925926
0 0.3546875 0.42777777777777776 0.020833333333333332 0.037037037037037035
0 0.3888020833333333 0.37222222222222223 0.0203125 0.037037037037037035
0 0.6828125 0.6296296296296297 0.022916666666666665 0.040740740740740744
0 0.33203125 0.6217592592592592 0.021354166666666667 0.03981481481481482
0 0.5455729166666666 0.18194444444444444 0.0203125 0.03611111111111111
0 0.6598958333333333 0.44814814814814813 0.021875 0.03888888888888889
0 0.7783854166666667 0.5199074074074074 0.024479166666666666 0.041666666666666664
0 0.29635416666666664 0.6 0.021875 0.03888888888888889
0 0.4537447916666667 0.5456018518518518 0.023119791666666667 0.03936111111111111
0 0.40546875 0.29444444444444445 0.0203125 0.037037037037037035
0 0.5533854166666666 0.13564814814814816 0.0203125 0.03796296296296296
0 0.45260416666666664 0.41064814814814815 0.020833333333333332 0.03796296296296296
0 0.5028645833333333 0.4439814814814815 0.0203125 0.03796296296296296
0 0.3143229166666667 0.7064814814814815 0.021354166666666667 0.03888888888888889
0 0.5854166666666667 0.43842592592592594 0.020833333333333332 0.03796296296296296
0 0.2752604166666667 0.3333333333333333 0.0203125 0.037037037037037035
0 0.27838541666666666 0.7472222222222222 0.022395833333333334 0.040740740740740744
0 0.36302083333333335 0.3902777777777778 0.020833333333333332 0.03611111111111111
0 0.31197916666666664 0.3814814814814815 0.020833333333333332 0.037037037037037035
0 0.3651041666666667 0.562962962962963 0.020833333333333332 0.037037037037037035
0 0.61875 0.46111111111111114 0.021875 0.03888888888888889
0 0.33903125 0.5633703703703704 0.021812500000000002 0.039703703703703706
0 0.2953125 0.7208333333333333 0.01875 0.03611111111111111
0 0.345703125 0.6583333333333333 0.022661458333333332 0.03888888888888889
0 0.5208333333333334 0.5171296296296296 0.020833333333333332 0.03796296296296296
0 0.5388020833333333 0.5342592592592592 0.0203125 0.037037037037037035
0 0.49453125 0.3648148148148148 0.0203125 0.037037037037037035