0 0.7653645833333333 0.6416666666666667 0.024479166666666666 0.04259259259259259
0 0.7653645833333333 0.7226851851851852 0.024479166666666666 0.04351851851851852
0 0.27630208333333334 0.5217592592592593 0.021354166666666667 0.03796296296296296
0 0.6856770833333333 0.5634259259259259 0.0234375 0.03981481481481482
0 0.7083333333333334 0.5458333333333333 0.022916666666666665 0.03981481481481482
0 0.23671875 0.47453703703703703 0.021354166666666667 0.03796296296296296
0 0.6252604166666667 0.43333333333333335 0.021354166666666667 0.037037037037037035
0 0.75234375 0.5921296296296297 0.0234375 0.041666666666666664
0 0.6536458333333334 0.3921296296296296 0.021875 0.03796296296296296
0 0.21302083333333333 0.4439814814814815 0.021875 0.03796296296296296
0 0.6471354166666666 0.3300925925925926 0.021354166666666667 0.03796296296296296
0 0.67734375 0.6291666666666667 0.0234375 0.03981481481481482
0 0.3067708333333333 0.7587962962962963 0.021875 0.03796296296296296
0 0.2947916666666667 0.4583333333333333 0.020833333333333332 0.037037037037037035
0 0.5018229166666667 0.5217592592592593 0.0203125 0.03796296296296296
0 0.6755208333333333 0.38796296296296295 0.022916666666666665 0.03888888888888889
0 0.7692708333333333 0.5560185185185185 0.023958333333333335 0.041666666666666664
0 0.7588541666666667 0.8087962962962963 0.025 0.04537037037037037
0 0.2682291666666667 0.3416666666666667 0.020833333333333332 0.037037037037037035
0 0.5348958333333333 0.5546296296296296 0.021875 0.03888888888888889
0 0.30520833333333336 0.7212962962962963 0.021875 0.03888888888888889
0 0.6067708333333334 0.1574074074074074 0.020833333333333332 0.037037037037037035
0 0.2799479166666667 0.6972222222222222 0.022395833333333334 0.03888888888888889
0 0.5544270833333333 0.5458333333333333 0.021354166666666667 0.03981481481481482
0 0.2796875 0.7861111111111111 0.020833333333333332 0.03888888888888889
0 0.26640625 0.7578703703703704 0.022395833333333334 0.03981481481481482
0 0.4427083333333333 0.19027777777777777 0.019791666666666666 0.03796296296296296
0 0.31588541666666664 0.2986111111111111 0.021354166666666667 0.03611111111111111
0 0.4049479166666667 0.2972222222222222 0.0203125 0.037037037037037035
0 0.4903645833333333 0.21342592592592594 0.0203125 0.03796296296296296
0 0.39479166666666665 0.5805555555555556 0.020833333333333332 0.03888888888888889
0 0.5333333333333333 0.25324074074074077 0.020833333333333332 0.03796296296296296
0 0.2838541666666667 0.7337962962962963 0.021875 0.03981481481481482
0 0.3807291666666667 0.38055555555555554 0.021875 0.037037037037037035
0 0.43671875 0.5564814814814815 0.0203125 0.037037037037037035
0 0.6067708333333334 0.4050925925925926 0.021875 0.03796296296296296
0 0.7325520833333333 0.2657407407407407 0.0234375 0.03888888888888889
0 0.3802083333333333 0.2101851851851852 0.020833333333333332 0.037037037037037035
0 0.33125 0.5888888888888889 0.020833333333333332 0.037037037037037035
0 0.7776041666666667 0.5189814814814815 0.025 0.041666666666666664
0 0.271875 0.663425925925926 0.022916666666666665 0.03981481481481482
0 0.26848958333333334 0.8212962962962963 0.022395833333333334 0.040740740740740744
0 0.6877604166666667 0.16018518518518518 0.021354166666666667 0.03888888888888889
0 0.28854166666666664 0.6393518518518518 0.021875 0.03981481481481482
0 0.5356770833333333 0.15324074074074073 0.021354166666666667 0.03796296296296296
0 0.55 0.5064814814814815 0.021875 0.03888888888888889
0 0.35 0.2763888888888889 0.020833333333333332 0.03611111111111111
0 0.2453125 0.3365740740740741 0.020833333333333332 0.03796296296296296
0 0.36354166666666665 0.5402777777777777 0.020833333333333332 0.03796296296296296
0 0.25807291666666665 0.4041666666666667 0.021354166666666667 0.03796296296296296
0 0.19583333333333333 0.36203703703703705 0.020833333333333332 0.037037037037037035
0 0.38385416666666666 0.549537037037037 0.020833333333333332 0.03796296296296296
0 0.23411458333333332 0.399537037037037 0.021354166666666667 0.03796296296296296
0 0.10859375 0.8189814814814815 0.0234375 0.041666666666666664
0 0.5309895833333333 0.5194444444444445 0.021354166666666667 0.037037037037037035
0 0.4276041666666667 0.4263888888888889 0.020833333333333332 0.03796296296296296
0 0.2591145833333333 0.4444444444444444 0.021354166666666667 0.037037037037037035
0 0.42916666666666664 0.47175925925925927 0.020833333333333332 0.03796296296296296
0 0.49505208333333334 0.14814814814814814 0.0203125 0.037037037037037035
0 0.48151041666666666 0.4444444444444444 0.021354166666666667 0.03888888888888889
0 0.40286458333333336 0.5328703703703703 0.0203125 0.03796296296296296
0 0.5432291666666667 0.32175925925925924 0.020833333333333332 0.03796296296296296
0 0.5447916666666667 0.45046296296296295 0.021875 0.03796296296296296
0 0.41484375 0.5601851851851852 0.0203125 0.037037037037037035
0 0.5940104166666667 0.37453703703703706 0.021354166666666667 0.03796296296296296
0 0.6135416666666667 0.12314814814814815 0.020833333333333332 0.037037037037037035
0 0.44192708333333336 0.5032407407407408 0.0203125 0.03796296296296296
0 0.5205729166666667 0.48657407407407405 0.021354166666666667 0.03796296296296296
0 0.5505208333333333 0.4134259259259259 0.020833333333333332 0.03796296296296296
0 0.42552083333333335 0.24675925925925926 0.019791666666666666 0.03796296296296296
0 0.278125 0.4263888888888889 0.021875 0.03796296296296296
0 0.5231770833333333 0.30833333333333335 0.021354166666666667 0.03888888888888889
0 0.4395833333333333 0.37916666666666665 0.020833333333333332 0.03796296296296296
0 0.465625 0.2513888888888889 0.019791666666666666 0.03796296296296296
0 0.5125 0.44537037037037036 0.020833333333333332 0.037037037037037035
0 0.4390625 0.3189814814814815 0.020833333333333332 0.03796296296296296
0 0.45364583333333336 0.2875 0.020833333333333332 0.03796296296296296
0 0.4453125 0.2569444444444444 0.020833333333333332 0.03796296296296296
0 0.4546875 0.350462962962963 0.020833333333333332 0.03796296296296296
0 0.47604166666666664 0.4078703703703704 0.020833333333333332 0.03796296296296296
0 0.5208333333333334 0.3523148148148148 0.020833333333333332 0.03796296296296296
0 0.38619791666666664 0.5125 0.021354166666666667 0.03796296296296296
0 0.4778645833333333 0.36342592592592593 0.0203125 0.03796296296296296
0 0.534375 0.3800925925925926 0.021875 0.03796296296296296
0 0.4984375 0.41064814814814815 0.019791666666666666 0.03611111111111111
0 0.5296875 0.42453703703703705 0.020833333333333332 0.03611111111111111
0 0.5171875 0.39444444444444443 0.020833333333333332 0.037037037037037035
0 0.4640625 0.3189814814814815 0.019791666666666666 0.03611111111111111
0 0.4979166666666667 0.36712962962962964 0.019791666666666666 0.03611111111111111
0 0.46119791666666665 0.38333333333333336 0.019270833333333334 0.03518518518518519