0 0.5611979166666666 0.41203703703703703 0.027604166666666666 0.05
0 0.5182291666666666 0.42268518518518516 0.027083333333333334 0.049074074074074076
0 0.4901041666666667 0.4486111111111111 0.027083333333333334 0.049074074074074076
0 0.5135416666666667 0.5 0.025 0.046296296296296294
0 0.5419270833333333 0.3347222222222222 0.024479166666666666 0.04537037037037037
0 0.5515625 0.21574074074074073 0.026041666666666668 0.046296296296296294
0 0.4583333333333333 0.37453703703703706 0.026041666666666668 0.04722222222222222
0 0.49192708333333335 0.2791666666666667 0.025520833333333333 0.04537037037037037
0 0.47630208333333335 0.34074074074074073 0.025520833333333333 0.044444444444444446
0 0.5372395833333333 0.49166666666666664 0.025520833333333333 0.046296296296296294
0 0.5755208333333334 0.3189814814814815 0.027083333333333334 0.04722222222222222
0 0.49973958333333335 0.36666666666666664 0.024479166666666666 0.044444444444444446
0 0.49192708333333335 0.5203703703703704 0.025520833333333333 0.046296296296296294
0 0.496875 0.32083333333333336 0.025 0.04537037037037037
0 0.4783854166666667 0.3912037037037037 0.0265625 0.04722222222222222
0 0.5171875 0.3421296296296296 0.023958333333333335 0.04537037037037037
0 0.5270833333333333 0.28703703703703703 0.026041666666666668 0.046296296296296294
0 0.5614583333333333 0.35694444444444445 0.025 0.04537037037037037