0 0.6184895833333334 0.9342592592592592 0.028645833333333332 0.05185185185185185
0 0.71953125 0.711574074074074 0.028645833333333332 0.049074074074074076
0 0.83515625 0.7907407407407407 0.0296875 0.04814814814814815
0 0.7815104166666667 0.6152777777777778 0.025520833333333333 0.041666666666666664
0 0.7151041666666667 0.2875 0.022916666666666665 0.03796296296296296
0 0.2638020833333333 0.5541666666666667 0.0265625 0.04351851851851852
0 0.4986979166666667 0.24074074074074073 0.022395833333333334 0.037037037037037035
0 0.5677083333333334 0.6509259259259259 0.028125 0.046296296296296294
0 0.67265625 0.8856481481481482 0.0265625 0.049074074074074076
0 0.7174479166666666 0.8759259259259259 0.027604166666666666 0.04814814814814815
0 0.32526041666666666 0.375 0.024479166666666666 0.040740740740740744
0 0.5552083333333333 0.325 0.020833333333333332 0.037037037037037035
0 0.8036458333333333 0.6958333333333333 0.027083333333333334 0.04351851851851852
0 0.6520833333333333 0.6148148148148148 0.023958333333333335 0.040740740740740744
0 0.2760416666666667 0.3625 0.023958333333333335 0.03981481481481482
0 0.7885416666666667 0.8583333333333333 0.028125 0.04814814814814815
0 0.2752604166666667 0.27037037037037037 0.0265625 0.04259259259259259
0 0.5690104166666666 0.3537037037037037 0.021354166666666667 0.037037037037037035
0 0.31588541666666664 0.5680555555555555 0.025520833333333333 0.041666666666666664
0 0.6244791666666667 0.399537037037037 0.021875 0.03796296296296296
0 0.42083333333333334 0.5921296296296297 0.021875 0.03796296296296296
0 0.3849635416666667 0.46184259259259264 0.024651041666666665 0.04382407407407407
0 0.41770833333333335 0.45694444444444443 0.020833333333333332 0.03796296296296296
0 0.46510416666666665 0.3768518518518518 0.020833333333333332 0.037037037037037035
0 0.5911458333333334 0.44074074074074077 0.021875 0.03888888888888889
0 0.51328125 0.43148148148148147 0.021354166666666667 0.03888888888888889
0 0.6580729166666667 0.47962962962962963 0.022395833333333334 0.040740740740740744
0 0.38307291666666665 0.5143518518518518 0.0234375 0.03981481481481482
0 0.48359375 0.39444444444444443 0.0203125 0.037037037037037035
0 0.6346354166666667 0.4356481481481482 0.021354166666666667 0.03796296296296296
0 0.46822916666666664 0.4263888888888889 0.020833333333333332 0.03611111111111111
0 0.4434895833333333 0.4648148148148148 0.021354166666666667 0.037037037037037035
0 0.7046875 0.5092592592592593 0.022916666666666665 0.040740740740740744
0 0.4010416666666667 0.49074074074074076 0.020833333333333332 0.037037037037037035
0 0.6231770833333333 0.5625 0.022395833333333334 0.03796296296296296
0 0.6799479166666667 0.49027777777777776 0.021354166666666667 0.03981481481481482
0 0.5890625 0.5041666666666667 0.021875 0.03796296296296296
0 0.5348958333333333 0.5018518518518519 0.021875 0.03888888888888889
0 0.40703125 0.5601851851851852 0.0234375 0.03888888888888889
0 0.5372395833333333 0.45046296296296295 0.021354166666666667 0.03796296296296296
0 0.4244791666666667 0.49027777777777776 0.021875 0.03796296296296296
0 0.4505208333333333 0.5027777777777778 0.021875 0.03888888888888889
0 0.6643229166666667 0.5393518518518519 0.022395833333333334 0.03796296296296296
0 0.4544270833333333 0.5541666666666667 0.021354166666666667 0.03981481481481482
0 0.55390625 0.5745370370370371 0.0234375 0.041666666666666664
0 0.68671875 0.5291666666666667 0.022395833333333334 0.03981481481481482
0 0.5354166666666667 0.5402777777777777 0.021875 0.03796296296296296
0 0.6591145833333333 0.5768518518518518 0.0234375 0.03888888888888889
0 0.63671875 0.5342592592592592 0.022395833333333334 0.037037037037037035
0 0.51875 0.5782407407407407 0.021875 0.03981481481481482
0 0.4825520833333333 0.45416666666666666 0.022395833333333334 0.03796296296296296
0 0.6089010416666666 0.4884814814814814 0.023010416666666665 0.03992592592592592
0 0.43255208333333334 0.5560185185185185 0.021354166666666667 0.03796296296296296
0 0.6279270833333332 0.4714351851851852 0.022520833333333334 0.04287037037037037
0 0.44166666666666665 0.6032407407407407 0.022916666666666665 0.03981481481481482
0 0.5580729166666667 0.46574074074074073 0.0203125 0.037037037037037035
0 0.5135416666666667 0.5375 0.020833333333333332 0.03796296296296296
0 0.496875 0.562962962962963 0.020833333333333332 0.037037037037037035
0 0.47213541666666664 0.5101851851851852 0.0203125 0.037037037037037035
0 0.47604166666666664 0.5472222222222223 0.020833333333333332 0.03888888888888889
0 0.509375 0.4930555555555556 0.020833333333333332 0.03611111111111111
0 0.40390625 0.5282407407407408 0.022395833333333334 0.03611111111111111
0 0.5783854166666667 0.4703703703703704 0.019270833333333334 0.03518518518518519
0 0.49244791666666665 0.5226851851851851 0.0203125 0.03796296296296296
0 0.48854166666666665 0.4861111111111111 0.021875 0.03888888888888889