0 0.5333333333333333 0.34444444444444444 0.023958333333333335 0.046296296296296294
0 0.40859375 0.3398148148148148 0.025520833333333333 0.046296296296296294
0 0.5283854166666667 0.14537037037037037 0.025520833333333333 0.046296296296296294
0 0.5708333333333333 0.125 0.025 0.046296296296296294
0 0.4153645833333333 0.28194444444444444 0.0265625 0.04722222222222222
0 0.6221354166666667 0.4398148148148148 0.0265625 0.046296296296296294
0 0.4109375 0.5736111111111111 0.026041666666666668 0.04722222222222222
0 0.6057291666666667 0.3912037037037037 0.026041666666666668 0.04722222222222222
0 0.6265625 0.14907407407407408 0.026041666666666668 0.04814814814814815
0 0.5817708333333333 0.5444444444444444 0.027083333333333334 0.04814814814814815
0 0.44192708333333336 0.20787037037037037 0.025520833333333333 0.04722222222222222
0 0.5734375 0.2800925925925926 0.026041666666666668 0.04722222222222222
0 0.47421875 0.31712962962962965 0.025520833333333333 0.04722222222222222
0 0.42552083333333335 0.6111111111111112 0.025 0.046296296296296294
0 0.5567708333333333 0.33287037037037037 0.023958333333333335 0.04537037037037037
0 0.59921875 0.12546296296296297 0.024479166666666666 0.04722222222222222
0 0.44635416666666666 0.337037037037037 0.025 0.046296296296296294
0 0.45078125 0.5009259259259259 0.025520833333333333 0.046296296296296294