0 0.43645833333333334 0.38935185185185184 0.025 0.04537037037037037
0 0.571875 0.2462962962962963 0.025 0.046296296296296294
0 0.4200520833333333 0.35648148148148145 0.025520833333333333 0.046296296296296294
0 0.5739583333333333 0.36574074074074076 0.025 0.046296296296296294
0 0.56328125 0.20555555555555555 0.025520833333333333 0.044444444444444446
0 0.53671875 0.42314814814814816 0.025520833333333333 0.046296296296296294
0 0.5338541666666666 0.16944444444444445 0.025 0.046296296296296294
0 0.44140625 0.6111111111111112 0.025520833333333333 0.046296296296296294
0 0.4817708333333333 0.5856481481481481 0.025 0.04722222222222222
0 0.4627604166666667 0.38101851851851853 0.024479166666666666 0.04537037037037037
0 0.41770833333333335 0.5412037037037037 0.026041666666666668 0.04722222222222222
0 0.49114583333333334 0.325 0.025 0.046296296296296294
0 0.44296875 0.20462962962962963 0.025520833333333333 0.046296296296296294
0 0.45859375 0.5777777777777777 0.024479166666666666 0.046296296296296294
0 0.5388020833333333 0.3189814814814815 0.024479166666666666 0.04537037037037037
0 0.44453125 0.31851851851851853 0.0265625 0.04814814814814815
0 0.5203125 0.34629629629629627 0.023958333333333335 0.046296296296296294
0 0.5765625 0.55 0.027083333333333334 0.04814814814814815