0 0.5466145833333333 0.524074074074074 0.025520833333333333 0.046296296296296294
0 0.39557291666666666 0.2439814814814815 0.025520833333333333 0.04537037037037037
0 0.42421875 0.36018518518518516 0.025520833333333333 0.046296296296296294
0 0.44817708333333334 0.24537037037037038 0.024479166666666666 0.046296296296296294
0 0.49244791666666665 0.2986111111111111 0.024479166666666666 0.04537037037037037
0 0.47994791666666664 0.1824074074074074 0.025520833333333333 0.046296296296296294
0 0.34375 0.7305555555555555 0.027083333333333334 0.04814814814814815
0 0.5723958333333333 0.4824074074074074 0.026041666666666668 0.046296296296296294
0 0.5080729166666667 0.4444444444444444 0.0265625 0.046296296296296294
0 0.6169270833333333 0.41712962962962963 0.0265625 0.04722222222222222
0 0.46015625 0.2800925925925926 0.024479166666666666 0.04537037037037037
0 0.5088541666666667 0.33240740740740743 0.025 0.046296296296296294
0 0.6174479166666667 0.2777777777777778 0.0265625 0.046296296296296294
0 0.4627604166666667 0.3625 0.025520833333333333 0.04722222222222222
0 0.37161458333333336 0.6449074074074074 0.0265625 0.04722222222222222
0 0.5591145833333333 0.4041666666666667 0.0265625 0.04722222222222222
0 0.6208333333333333 0.8379629629629629 0.029166666666666667 0.053703703703703705
0 0.6901041666666666 0.38101851851851853 0.027083333333333334 0.04722222222222222