0 0.5315104166666667 0.1412037037037037 0.024479166666666666 0.04722222222222222
0 0.5171875 0.39351851851851855 0.023958333333333335 0.044444444444444446
0 0.40729166666666666 0.6037037037037037 0.026041666666666668 0.046296296296296294
0 0.46901041666666665 0.3685185185185185 0.0234375 0.044444444444444446
0 0.3958333333333333 0.2662037037037037 0.026041666666666668 0.04537037037037037
0 0.49453125 0.43425925925925923 0.025520833333333333 0.044444444444444446
0 0.3997395833333333 0.44907407407407407 0.025520833333333333 0.046296296296296294
0 0.3703125 0.4393518518518518 0.025 0.04722222222222222
0 0.49192708333333335 0.38055555555555554 0.024479166666666666 0.046296296296296294
0 0.5135416666666667 0.6111111111111112 0.027083333333333334 0.04814814814814815
0 0.5549479166666667 0.1398148148148148 0.024479166666666666 0.046296296296296294
0 0.43125 0.3199074074074074 0.025 0.04537037037037037
0 0.45 0.3435185185185185 0.023958333333333335 0.04259259259259259
0 0.41015625 0.649074074074074 0.0265625 0.04814814814814815
0 0.50625 0.2662037037037037 0.025 0.04537037037037037
0 0.33125 0.4060185185185185 0.028125 0.04722222222222222
0 0.5424479166666667 0.39351851851851855 0.024479166666666666 0.044444444444444446
0 0.43020833333333336 0.6148148148148148 0.025 0.046296296296296294