0 0.5239583333333333 0.3435185185185185 0.025 0.044444444444444446
0 0.40859375 0.3402777777777778 0.025520833333333333 0.04537037037037037
0 0.44505208333333335 0.3402777777777778 0.025520833333333333 0.04537037037037037
0 0.4158854166666667 0.2824074074074074 0.0265625 0.046296296296296294
0 0.5330729166666667 0.23564814814814813 0.025520833333333333 0.04722222222222222
0 0.5440104166666667 0.30324074074074076 0.024479166666666666 0.04351851851851852
0 0.4114583333333333 0.5736111111111111 0.026041666666666668 0.04537037037037037
0 0.4421875 0.20925925925925926 0.026041666666666668 0.046296296296296294
0 0.5729166666666666 0.5259259259259259 0.026041666666666668 0.046296296296296294
0 0.55390625 0.3416666666666667 0.0234375 0.044444444444444446
0 0.5768229166666666 0.3541666666666667 0.024479166666666666 0.04537037037037037
0 0.47942708333333334 0.31342592592592594 0.025520833333333333 0.04537037037037037
0 0.6018229166666667 0.36018518518518516 0.025520833333333333 0.04259259259259259
0 0.6067708333333334 0.40370370370370373 0.025 0.046296296296296294
0 0.5690104166666666 0.22777777777777777 0.0265625 0.046296296296296294
0 0.4505208333333333 0.5023148148148148 0.026041666666666668 0.04537037037037037
0 0.42526041666666664 0.6111111111111112 0.025520833333333333 0.046296296296296294
0 0.57734375 0.2875 0.0265625 0.049074074074074076