0 0.49270833333333336 0.16111111111111112 0.025 0.04814814814814815
0 0.37135416666666665 0.44583333333333336 0.025 0.04537037037037037
0 0.3859375 0.32314814814814813 0.026041666666666668 0.046296296296296294
0 0.5114583333333333 0.1361111111111111 0.025 0.044444444444444446
0 0.6223958333333334 0.4675925925925926 0.027083333333333334 0.046296296296296294
0 0.39375 0.4699074074074074 0.025 0.04537037037037037
0 0.6125 0.5217592592592593 0.027083333333333334 0.04722222222222222
0 0.45755208333333336 0.5319444444444444 0.025520833333333333 0.04537037037037037
0 0.41510416666666666 0.4898148148148148 0.023958333333333335 0.044444444444444446
0 0.4083333333333333 0.35462962962962963 0.026041666666666668 0.046296296296296294
0 0.51640625 0.5444444444444444 0.025520833333333333 0.046296296296296294
0 0.5203125 0.5027777777777778 0.026041666666666668 0.046296296296296294
0 0.6208333333333333 0.14027777777777778 0.026041666666666668 0.04537037037037037
0 0.384375 0.20555555555555555 0.026041666666666668 0.046296296296296294
0 0.4979166666666667 0.48564814814814816 0.026041666666666668 0.04537037037037037
0 0.49375 0.5254629629629629 0.026041666666666668 0.049074074074074076
0 0.4375 0.5064814814814815 0.023958333333333335 0.04259259259259259
0 0.6013020833333333 0.36666666666666664 0.0265625 0.046296296296296294