0 0.421875 0.27314814814814814 0.025 0.046296296296296294
0 0.49296875 0.350462962962963 0.025520833333333333 0.04537037037037037
0 0.39817708333333335 0.21157407407407408 0.0265625 0.049074074074074076
0 0.6119791666666666 0.5662037037037037 0.026041666666666668 0.049074074074074076
0 0.3567708333333333 0.23703703703703705 0.026041666666666668 0.046296296296296294
0 0.4859375 0.30092592592592593 0.025 0.046296296296296294
0 0.45208333333333334 0.2833333333333333 0.026041666666666668 0.046296296296296294
0 0.5091145833333334 0.38564814814814813 0.025520833333333333 0.04537037037037037
0 0.5755208333333334 0.5273148148148148 0.027083333333333334 0.04722222222222222
0 0.340625 0.7268518518518519 0.027083333333333334 0.05
0 0.5140625 0.31666666666666665 0.025 0.046296296296296294
0 0.5916666666666667 0.37175925925925923 0.026041666666666668 0.04537037037037037
0 0.5739583333333333 0.5986111111111111 0.027083333333333334 0.049074074074074076
0 0.5880208333333333 0.5625 0.025 0.04722222222222222
0 0.534375 0.5254629629629629 0.027083333333333334 0.04722222222222222
0 0.36328125 0.7328703703703704 0.0265625 0.049074074074074076
0 0.6203125 0.8361111111111111 0.028125 0.05185185185185185
0 0.5731770833333333 0.4824074074074074 0.0265625 0.046296296296296294