0 0.6682291666666667 0.4476851851851852 0.027083333333333334 0.04722222222222222
0 0.38333333333333336 0.22175925925925927 0.026041666666666668 0.04537037037037037
0 0.6471354166666666 0.5412037037037037 0.027604166666666666 0.04537037037037037
0 0.3546875 0.5902777777777778 0.026041666666666668 0.04537037037037037
0 0.5125 0.30324074074074076 0.026041666666666668 0.04722222222222222
0 0.6658854166666667 0.3824074074074074 0.027604166666666666 0.046296296296296294
0 0.62421875 0.4097222222222222 0.027604166666666666 0.04722222222222222
0 0.5567708333333333 0.5055555555555555 0.023958333333333335 0.044444444444444446
0 0.42213541666666665 0.20787037037037037 0.0265625 0.04722222222222222
0 0.5877604166666667 0.7657407407407407 0.027604166666666666 0.05
0 0.4205729166666667 0.4652777777777778 0.024479166666666666 0.04351851851851852
0 0.48880208333333336 0.2101851851851852 0.025520833333333333 0.044444444444444446
0 0.4140625 0.5055555555555555 0.025 0.04259259259259259
0 0.3958333333333333 0.4791666666666667 0.025 0.04537037037037037
0 0.5348958333333333 0.4842592592592593 0.025 0.044444444444444446
0 0.4393229166666667 0.5995370370370371 0.0265625 0.04722222222222222
0 0.3450520833333333 0.7476851851851852 0.0265625 0.04722222222222222
0 0.4861979166666667 0.16805555555555557 0.025520833333333333 0.04537037037037037
0 0.57734375 0.28425925925925927 0.024479166666666666 0.044444444444444446
0 0.48203125 0.5277777777777778 0.024479166666666666 0.044444444444444446
0 0.4640625 0.6013888888888889 0.026041666666666668 0.04722222222222222
0 0.7526041666666666 0.7296296296296296 0.029166666666666667 0.05
0 0.5536458333333333 0.2967592592592593 0.023958333333333335 0.04351851851851852
0 0.35833333333333334 0.7087962962962963 0.027083333333333334 0.04722222222222222
0 0.4315104166666667 0.4263888888888889 0.024479166666666666 0.04351851851851852
0 0.58046875 0.22083333333333333 0.025520833333333333 0.04722222222222222
0 0.465625 0.43425925925925923 0.025 0.044444444444444446
0 0.53203125 0.2638888888888889 0.024479166666666666 0.044444444444444446
0 0.41744791666666664 0.5467592592592593 0.025520833333333333 0.04351851851851852
0 0.53671875 0.5337962962962963 0.024479166666666666 0.04351851851851852
0 0.5171875 0.20694444444444443 0.025 0.04537037037037037
0 0.44921875 0.40185185185185185 0.024479166666666666 0.044444444444444446
0 0.3768229166666667 0.5712962962962963 0.024479166666666666 0.044444444444444446
0 0.5700520833333333 0.32592592592592595 0.024479166666666666 0.044444444444444446
0 0.5065104166666666 0.5435185185185185 0.024479166666666666 0.044444444444444446
0 0.5817708333333333 0.6231481481481481 0.027083333333333334 0.04814814814814815
0 0.4979166666666667 0.4199074074074074 0.026041666666666668 0.04537037037037037
0 0.5713541666666667 0.5407407407407407 0.025 0.046296296296296294
0 0.55625 0.23333333333333334 0.023958333333333335 0.044444444444444446
0 0.42213541666666665 0.3148148148148148 0.025520833333333333 0.046296296296296294
0 0.3223958333333333 0.7287037037037037 0.026041666666666668 0.046296296296296294
0 0.5723958333333333 0.38796296296296295 0.025 0.044444444444444446
0 0.42526041666666664 0.25462962962962965 0.024479166666666666 0.044444444444444446
0 0.23072916666666668 0.6138888888888889 0.027083333333333334 0.046296296296296294