0 0.46380208333333334 0.3486111111111111 0.025520833333333333 0.04722222222222222
0 0.5588541666666667 0.49444444444444446 0.026041666666666668 0.046296296296296294
0 0.5671875 0.4412037037037037 0.026041666666666668 0.04722222222222222
0 0.4828125 0.37453703703703706 0.026041666666666668 0.04722222222222222
0 0.4640625 0.5120370370370371 0.025 0.046296296296296294
0 0.44088541666666664 0.5069444444444444 0.0265625 0.049074074074074076
0 0.48828125 0.13055555555555556 0.024479166666666666 0.044444444444444446
0 0.49140625 0.17083333333333334 0.025520833333333333 0.04537037037037037
0 0.47213541666666664 0.4398148148148148 0.025520833333333333 0.046296296296296294
0 0.42682291666666666 0.24351851851851852 0.025520833333333333 0.044444444444444446
0 0.49270833333333336 0.5263888888888889 0.025 0.04722222222222222
0 0.38359375 0.20833333333333334 0.025520833333333333 0.046296296296296294
0 0.45260416666666664 0.30833333333333335 0.026041666666666668 0.046296296296296294
0 0.5578125 0.3726851851851852 0.026041666666666668 0.04722222222222222
0 0.4388020833333333 0.28055555555555556 0.024479166666666666 0.044444444444444446
0 0.5109375 0.1412037037037037 0.023958333333333335 0.04537037037037037
0 0.6174479166666667 0.15324074074074073 0.025520833333333333 0.04537037037037037
0 0.4505208333333333 0.2375 0.025 0.04351851851851852