0 0.4513020833333333 0.4837962962962963 0.024479166666666666 0.04537037037037037
0 0.38515625 0.20092592592592592 0.025520833333333333 0.046296296296296294
0 0.48359375 0.4875 0.0265625 0.04722222222222222
0 0.38619791666666664 0.31805555555555554 0.0265625 0.04722222222222222
0 0.5807291666666666 0.5958333333333333 0.027083333333333334 0.049074074074074076
0 0.40338541666666666 0.38472222222222224 0.0265625 0.04722222222222222
0 0.5528645833333333 0.5254629629629629 0.0265625 0.04722222222222222
0 0.37526041666666665 0.45092592592592595 0.025520833333333333 0.046296296296296294
0 0.5143229166666666 0.17314814814814813 0.024479166666666666 0.046296296296296294
0 0.6026041666666667 0.6171296296296296 0.027083333333333334 0.049074074074074076
0 0.49296875 0.15092592592592594 0.025520833333333333 0.046296296296296294
0 0.5989583333333334 0.4361111111111111 0.027083333333333334 0.04814814814814815
0 0.4861979166666667 0.5546296296296296 0.0265625 0.046296296296296294
0 0.5822916666666667 0.6435185185185185 0.022916666666666665 0.044444444444444446
0 0.5666666666666667 0.2101851851851852 0.025 0.046296296296296294
0 0.42552083333333335 0.47453703703703703 0.025 0.04537037037037037
0 0.40625 0.45555555555555555 0.027083333333333334 0.046296296296296294
0 0.5440104166666667 0.4847222222222222 0.025520833333333333 0.04537037037037037