0 0.7250729166666667 0.7586018518518518 0.030505208333333332 0.05687962962962963
0 0.5916666666666667 0.7712962962962963 0.030208333333333334 0.053703703703703705
0 0.56171875 0.36574074074074076 0.0265625 0.04814814814814815
0 0.23515625 0.6162037037037037 0.0296875 0.049074074074074076
0 0.6815104166666667 0.42777777777777776 0.0265625 0.046296296296296294
0 0.35651041666666666 0.3300925925925926 0.0265625 0.04537037037037037
0 0.5861979166666667 0.7018518518518518 0.027604166666666666 0.05
0 0.31692708333333336 0.7231481481481481 0.0265625 0.04814814814814815
0 0.52890625 0.25324074074074077 0.025520833333333333 0.049074074074074076
0 0.3619791666666667 0.5657407407407408 0.027083333333333334 0.04814814814814815
0 0.39427083333333335 0.39166666666666666 0.026041666666666668 0.046296296296296294
0 0.35911458333333335 0.7245370370370371 0.025520833333333333 0.04722222222222222
0 0.471875 0.23657407407407408 0.025 0.04722222222222222
0 0.29244791666666664 0.2861111111111111 0.025520833333333333 0.046296296296296294
0 0.30026041666666664 0.3472222222222222 0.0265625 0.046296296296296294
0 0.49166666666666664 0.19444444444444445 0.025 0.046296296296296294
0 0.5796875 0.5671296296296297 0.027083333333333334 0.04537037037037037
0 0.4440104166666667 0.19490740740740742 0.025520833333333333 0.04537037037037037
0 0.32083333333333336 0.2902777777777778 0.026041666666666668 0.04537037037037037
0 0.3919270833333333 0.3226851851851852 0.024479166666666666 0.04537037037037037
0 0.5052083333333334 0.24768518518518517 0.023958333333333335 0.04537037037037037
0 0.43697916666666664 0.5884259259259259 0.023958333333333335 0.04537037037037037
0 0.5111979166666667 0.47314814814814815 0.025520833333333333 0.046296296296296294
0 0.43307291666666664 0.2310185185185185 0.025520833333333333 0.04537037037037037
0 0.38723958333333336 0.5893518518518519 0.025520833333333333 0.04537037037037037
0 0.403125 0.6865740740740741 0.026041666666666668 0.04722222222222222
0 0.5794270833333334 0.5166666666666667 0.025520833333333333 0.046296296296296294
0 0.4127604166666667 0.5912037037037037 0.024479166666666666 0.04537037037037037
0 0.34036458333333336 0.6986111111111111 0.025520833333333333 0.04722222222222222
0 0.41354166666666664 0.3541666666666667 0.023958333333333335 0.04351851851851852
0 0.33671875 0.7439814814814815 0.024479166666666666 0.04537037037037037
0 0.4471354166666667 0.5023148148148148 0.025520833333333333 0.04537037037037037
0 0.4830729166666667 0.5944444444444444 0.0234375 0.044444444444444446
0 0.5559895833333334 0.5046296296296297 0.024479166666666666 0.044444444444444446
0 0.37994791666666666 0.6986111111111111 0.025520833333333333 0.04537037037037037
0 0.42862500000000003 0.4039259259259259 0.02645833333333333 0.048212962962962964
0 0.55390625 0.5472222222222223 0.024479166666666666 0.044444444444444446
0 0.52265625 0.5296296296296297 0.024479166666666666 0.044444444444444446
0 0.46015625 0.5814814814814815 0.024479166666666666 0.046296296296296294
0 0.4861979166666667 0.5444444444444444 0.024479166666666666 0.04259259259259259
0 0.46015625 0.5388888888888889 0.024479166666666666 0.044444444444444446
0 0.49895833333333334 0.5097222222222222 0.023958333333333335 0.04351851851851852
0 0.5338541666666666 0.4875 0.023958333333333335 0.04537037037037037
0 0.47317708333333336 0.5027777777777778 0.024479166666666666 0.044444444444444446