0 0.43802083333333336 0.5949074074074074 0.026041666666666668 0.04537037037037037
0 0.5729166666666666 0.44583333333333336 0.025 0.04537037037037037
0 0.3059895833333333 0.5069444444444444 0.025520833333333333 0.04351851851851852
0 0.38828125 0.5259259259259259 0.025520833333333333 0.044444444444444446
0 0.3359375 0.49074074074074076 0.026041666666666668 0.044444444444444446
0 0.440625 0.29074074074074074 0.025 0.044444444444444446
0 0.7135416666666666 0.775 0.029166666666666667 0.05185185185185185
0 0.4203125 0.5666666666666667 0.025 0.046296296296296294
0 0.41796875 0.6865740740740741 0.025520833333333333 0.04722222222222222
0 0.5627604166666667 0.39351851851851855 0.025520833333333333 0.044444444444444446
0 0.6013020833333333 0.19953703703703704 0.025520833333333333 0.04537037037037037
0 0.4921875 0.5425925925925926 0.025 0.044444444444444446
0 0.66484375 0.20277777777777778 0.0265625 0.046296296296296294
0 0.38958333333333334 0.662962962962963 0.025 0.044444444444444446
0 0.6369791666666667 0.1625 0.025 0.04537037037037037
0 0.390625 0.3060185185185185 0.025 0.04351851851851852
0 0.37578125 0.4444444444444444 0.025520833333333333 0.044444444444444446
0 0.3619791666666667 0.7046296296296296 0.026041666666666668 0.046296296296296294
0 0.6833333333333333 0.711574074074074 0.027083333333333334 0.049074074074074076
0 0.3671875 0.6458333333333334 0.025 0.04537037037037037
0 0.4583333333333333 0.5421296296296296 0.023958333333333335 0.04351851851851852
0 0.23567708333333334 0.6189814814814815 0.028645833333333332 0.049074074074074076
0 0.5197916666666667 0.47638888888888886 0.025 0.04537037037037037
0 0.5276041666666667 0.36898148148148147 0.025 0.04537037037037037
0 0.4471354166666667 0.4425925925925926 0.024479166666666666 0.044444444444444446
0 0.3921875 0.7083333333333334 0.026041666666666668 0.046296296296296294
0 0.5018229166666667 0.4486111111111111 0.024479166666666666 0.04537037037037037
0 0.70546875 0.6810185185185185 0.027604166666666666 0.049074074074074076
0 0.2916666666666667 0.31666666666666665 0.026041666666666668 0.044444444444444446
0 0.29661458333333335 0.4583333333333333 0.025520833333333333 0.044444444444444446
0 0.3606770833333333 0.2763888888888889 0.0234375 0.04351851851851852
0 0.4505208333333333 0.5009259259259259 0.025 0.04259259259259259
0 0.5013020833333334 0.5027777777777778 0.0234375 0.044444444444444446
0 0.42890625 0.4097222222222222 0.025520833333333333 0.04537037037037037
0 0.4875 0.2550925925925926 0.028125 0.049074074074074076
0 0.5958333333333333 0.15925925925925927 0.025 0.04259259259259259
0 0.4765625 0.5064814814814815 0.023958333333333335 0.044444444444444446
0 0.3098958333333333 0.2652777777777778 0.023958333333333335 0.04351851851851852
0 0.61953125 0.13703703703703704 0.024479166666666666 0.044444444444444446
0 0.4158854166666667 0.2814814814814815 0.0234375 0.04259259259259259
0 0.3380208333333333 0.25925925925925924 0.023958333333333335 0.044444444444444446
0 0.28671875 0.2708333333333333 0.0234375 0.04351851851851852
0 0.3932291666666667 0.262037037037037 0.023958333333333335 0.044444444444444446
0 0.5963541666666666 0.11944444444444445 0.025 0.044444444444444446