0 0.24088541666666666 0.513425925925926 0.0265625 0.04537037037037037
0 0.30130208333333336 0.37407407407407406 0.025520833333333333 0.044444444444444446
0 0.25078125 0.37592592592592594 0.025520833333333333 0.044444444444444446
0 0.6158854166666666 0.2023148148148148 0.025520833333333333 0.04537037037037037
0 0.43854166666666666 0.5041666666666667 0.025 0.04537037037037037
0 0.2908854166666667 0.5064814814814815 0.025520833333333333 0.044444444444444446
0 0.35598958333333336 0.5375 0.025520833333333333 0.04537037037037037
0 0.31354166666666666 0.4930555555555556 0.025 0.04537037037037037
0 0.4518229166666667 0.5898148148148148 0.025520833333333333 0.044444444444444446
0 0.4153645833333333 0.5351851851851852 0.024479166666666666 0.044444444444444446
0 0.5606770833333333 0.16805555555555557 0.024479166666666666 0.04537037037037037
0 0.30520833333333336 0.32685185185185184 0.025 0.044444444444444446
0 0.34817708333333336 0.32546296296296295 0.024479166666666666 0.04351851851851852
0 0.390625 0.5532407407407407 0.025 0.04537037037037037
0 0.5661458333333333 0.3587962962962963 0.025 0.04537037037037037
0 0.42864583333333334 0.4625 0.023958333333333335 0.04351851851851852
0 0.5075520833333333 0.5689814814814815 0.025520833333333333 0.04537037037037037
0 0.5388020833333333 0.5041666666666667 0.025520833333333333 0.04537037037037037
0 0.54609375 0.44583333333333336 0.025520833333333333 0.04537037037037037
0 0.28359375 0.28055555555555556 0.025520833333333333 0.044444444444444446
0 0.20859375 0.4699074074074074 0.025520833333333333 0.04537037037037037
0 0.5213541666666667 0.17685185185185184 0.025 0.044444444444444446
0 0.6182291666666667 0.16018518518518518 0.025 0.044444444444444446
0 0.5236979166666667 0.5375 0.024479166666666666 0.04351851851851852
0 0.6408854166666667 0.6078703703703704 0.0296875 0.05092592592592592
0 0.23645833333333333 0.28379629629629627 0.025 0.04351851851851852
0 0.47291666666666665 0.28703703703703703 0.025 0.044444444444444446
0 0.5953125 0.15046296296296297 0.025 0.04537037037037037
0 0.3416666666666667 0.4212962962962963 0.025 0.044444444444444446
0 0.33489583333333334 0.7074074074074074 0.026041666666666668 0.046296296296296294
0 0.3578125 0.4708333333333333 0.025 0.04351851851851852
0 0.23359375 0.65 0.0265625 0.046296296296296294
0 0.37890625 0.5180555555555556 0.025520833333333333 0.04537037037037037
0 0.3338541666666667 0.7527777777777778 0.026041666666666668 0.046296296296296294
0 0.70234375 0.7861111111111111 0.03177083333333333 0.05555555555555555
0 0.6763020833333333 0.736574074074074 0.027604166666666666 0.04722222222222222
0 0.4010416666666667 0.49583333333333335 0.023958333333333335 0.04351851851851852
0 0.36744791666666665 0.42916666666666664 0.024479166666666666 0.04537037037037037
0 0.40390625 0.4476851851851852 0.024479166666666666 0.04351851851851852
0 0.38203125 0.4689814814814815 0.024479166666666666 0.04351851851851852
0 0.2640625 0.23703703703703705 0.025 0.044444444444444446
0 0.6859375 0.6939814814814815 0.028125 0.049074074074074076
0 0.5651041666666666 0.11388888888888889 0.025 0.046296296296296294
0 0.5901041666666667 0.10787037037037037 0.025 0.04537037037037037