0 0.6989583333333333 0.2763888888888889 0.023958333333333335 0.041666666666666664
0 0.2859375 0.6555555555555556 0.027083333333333334 0.044444444444444446
0 0.72578125 0.8638888888888889 0.028645833333333332 0.05
0 0.3528645833333333 0.2657407407407407 0.0234375 0.03888888888888889
0 0.26510416666666664 0.2726851851851852 0.023958333333333335 0.03981481481481482
0 0.5473958333333333 0.2824074074074074 0.020833333333333332 0.037037037037037035
0 0.7466145833333333 0.5805555555555556 0.025520833333333333 0.04259259259259259
0 0.6533854166666667 0.5787037037037037 0.0234375 0.040740740740740744
0 0.30104166666666665 0.3300925925925926 0.022916666666666665 0.03796296296296296
0 0.7052083333333333 0.5254629629629629 0.023958333333333335 0.03981481481481482
0 0.7325520833333333 0.7657407407407407 0.0265625 0.046296296296296294
0 0.48333333333333334 0.2462962962962963 0.020833333333333332 0.037037037037037035
0 0.6359375 0.23703703703703705 0.020833333333333332 0.037037037037037035
0 0.5588541666666667 0.4449074074074074 0.021875 0.03981481481481482
0 0.6263020833333334 0.8601851851851852 0.025520833333333333 0.046296296296296294
0 0.659375 0.9212962962962963 0.027083333333333334 0.04814814814814815
0 0.3703125 0.6129629629629629 0.023958333333333335 0.04259259259259259
0 0.6057291666666667 0.7060185185185185 0.023958333333333335 0.041666666666666664
0 0.6291666666666667 0.4787037037037037 0.021875 0.03888888888888889
0 0.6359375 0.8222222222222222 0.025 0.04259259259259259
0 0.49947916666666664 0.6287037037037037 0.022916666666666665 0.03888888888888889
0 0.6018229166666667 0.6555555555555556 0.022395833333333334 0.04259259259259259
0 0.6091145833333333 0.7967592592592593 0.0234375 0.041666666666666664
0 0.5645833333333333 0.24212962962962964 0.020833333333333332 0.03611111111111111
0 0.43203125 0.6481481481481481 0.0234375 0.040740740740740744
0 0.40390625 0.6199074074074075 0.022395833333333334 0.03981481481481482
0 0.6354166666666666 0.42592592592592593 0.022916666666666665 0.03888888888888889
0 0.509375 0.21157407407407408 0.020833333333333332 0.03796296296296296
0 0.6916666666666667 0.4828703703703704 0.022916666666666665 0.03981481481481482
0 0.43463541666666666 0.5532407407407407 0.022395833333333334 0.03981481481481482
0 0.6158854166666666 0.7574074074074074 0.024479166666666666 0.040740740740740744
0 0.45338541666666665 0.6342592592592593 0.022395833333333334 0.03888888888888889
0 0.6630208333333333 0.46574074074074073 0.021875 0.03888888888888889
0 0.44375 0.4162037037037037 0.020833333333333332 0.03796296296296296
0 0.5395833333333333 0.22361111111111112 0.019791666666666666 0.03611111111111111
0 0.4359375 0.6097222222222223 0.022916666666666665 0.03796296296296296
0 0.5098958333333333 0.3375 0.020833333333333332 0.03611111111111111
0 0.5778645833333333 0.21851851851851853 0.021354166666666667 0.037037037037037035
0 0.3736979166666667 0.5467592592592593 0.0234375 0.03981481481481482
0 0.4708333333333333 0.3578703703703704 0.020833333333333332 0.03796296296296296
0 0.5908854166666667 0.5592592592592592 0.022395833333333334 0.03888888888888889
0 0.5153645833333333 0.5675925925925925 0.021354166666666667 0.03888888888888889
0 0.50546875 0.4222222222222222 0.021354166666666667 0.037037037037037035
0 0.48489583333333336 0.5601851851851852 0.021875 0.03888888888888889
0 0.484375 0.5212962962962963 0.021875 0.037037037037037035
0 0.5549479166666667 0.6361111111111111 0.021354166666666667 0.037037037037037035
0 0.6028645833333334 0.6018518518518519 0.022395833333333334 0.040740740740740744
0 0.5341145833333333 0.5055555555555555 0.022395833333333334 0.03888888888888889
0 0.5783854166666667 0.6337962962962963 0.022395833333333334 0.03981481481481482
0 0.48723958333333334 0.4023148148148148 0.0203125 0.03611111111111111
0 0.44375 0.5069444444444444 0.020833333333333332 0.03796296296296296
0 0.3924479166666667 0.5208333333333334 0.022395833333333334 0.03981481481481482
0 0.5364583333333334 0.6148148148148148 0.021875 0.03888888888888889
0 0.5203125 0.39444444444444443 0.020833333333333332 0.03888888888888889
0 0.38828125 0.4444444444444444 0.022395833333333334 0.03888888888888889
0 0.559375 0.20462962962962963 0.019791666666666666 0.03518518518518519
0 0.42109375 0.5078703703703704 0.022395833333333334 0.03981481481481482
0 0.3736979166666667 0.487962962962963 0.022395833333333334 0.03888888888888889
0 0.4309895833333333 0.46620370370370373 0.021354166666666667 0.03796296296296296
0 0.5333333333333333 0.5435185185185185 0.021875 0.037037037037037035
0 0.5786458333333333 0.5953703703703703 0.021875 0.03888888888888889
0 0.5041666666666667 0.37175925925925923 0.020833333333333332 0.03611111111111111
0 0.3963541666666667 0.4824074074074074 0.021875 0.03888888888888889
0 0.40989583333333335 0.45416666666666666 0.021875 0.03796296296296296
0 0.5552083333333333 0.5958333333333333 0.020833333333333332 0.03611111111111111