0 0.36875 0.28055555555555556 0.025 0.044444444444444446
0 0.6604166666666667 0.3921296296296296 0.026041666666666668 0.04537037037037037
0 0.4205729166666667 0.2902777777777778 0.024479166666666666 0.04537037037037037
0 0.47630208333333335 0.4162037037037037 0.024479166666666666 0.04351851851851852
0 0.471875 0.46574074074074073 0.025 0.044444444444444446
0 0.6552083333333333 0.2611111111111111 0.026041666666666668 0.044444444444444446
0 0.5247395833333334 0.3574074074074074 0.024479166666666666 0.04259259259259259
0 0.49583333333333335 0.33611111111111114 0.025 0.044444444444444446
0 0.63515625 0.3685185185185185 0.025520833333333333 0.044444444444444446
0 0.37890625 0.4023148148148148 0.024479166666666666 0.04351851851851852
0 0.43411458333333336 0.525 0.024479166666666666 0.044444444444444446
0 0.39401041666666664 0.5412037037037037 0.024479166666666666 0.04351851851851852
0 0.30078125 0.4986111111111111 0.0265625 0.04537037037037037
0 0.3697916666666667 0.6689814814814815 0.026041666666666668 0.04537037037037037
0 0.4388020833333333 0.2638888888888889 0.024479166666666666 0.044444444444444446
0 0.5544270833333333 0.2388888888888889 0.025520833333333333 0.044444444444444446
0 0.5778645833333333 0.23194444444444445 0.024479166666666666 0.04537037037037037
0 0.4122395833333333 0.40370370370370373 0.024479166666666666 0.044444444444444446
0 0.50625 0.5092592592592593 0.025 0.044444444444444446
0 0.3380208333333333 0.2611111111111111 0.025 0.044444444444444446
0 0.6380208333333334 0.5657407407407408 0.027083333333333334 0.046296296296296294
0 0.6497395833333334 0.33240740740740743 0.0265625 0.046296296296296294
0 0.5671875 0.1597222222222222 0.025 0.04537037037037037
0 0.5442708333333334 0.3300925925925926 0.023958333333333335 0.04351851851851852
0 0.6197916666666666 0.2300925925925926 0.025 0.04537037037037037
0 0.27265625 0.42777777777777776 0.0265625 0.044444444444444446
0 0.684375 0.49537037037037035 0.027083333333333334 0.046296296296296294
0 0.44947916666666665 0.4046296296296296 0.025 0.044444444444444446
0 0.45625 0.19490740740740742 0.025 0.04351851851851852
0 0.40598958333333335 0.2523148148148148 0.024479166666666666 0.04351851851851852
0 0.69375 0.6865740740740741 0.028125 0.049074074074074076
0 0.3385416666666667 0.7087962962962963 0.025 0.04537037037037037
0 0.54140625 0.16018518518518518 0.024479166666666666 0.044444444444444446
0 0.5013020833333334 0.1449074074074074 0.024479166666666666 0.04537037037037037
0 0.37526041666666665 0.625462962962963 0.025520833333333333 0.04351851851851852
0 0.6526041666666667 0.21666666666666667 0.026041666666666668 0.046296296296296294
0 0.6778645833333333 0.7245370370370371 0.027604166666666666 0.049074074074074076
0 0.28567708333333336 0.2523148148148148 0.025520833333333333 0.04351851851851852
0 0.7057291666666666 0.7819444444444444 0.028125 0.049074074074074076
0 0.23333333333333334 0.6194444444444445 0.027083333333333334 0.046296296296296294
0 0.43307291666666664 0.37546296296296294 0.024479166666666666 0.04537037037037037
0 0.33697916666666666 0.7532407407407408 0.026041666666666668 0.04722222222222222
0 0.3385416666666667 0.2175925925925926 0.025 0.044444444444444446
0 0.5861979166666667 0.09027777777777778 0.024479166666666666 0.04537037037037037