0 0.32760416666666664 0.38333333333333336 0.025 0.044444444444444446
0 0.55 0.5268518518518519 0.025 0.044444444444444446
0 0.3671875 0.2449074074074074 0.025 0.04351851851851852
0 0.29583333333333334 0.36944444444444446 0.025 0.044444444444444446
0 0.6286458333333333 0.38935185185185184 0.026041666666666668 0.04537037037037037
0 0.4705729166666667 0.45555555555555555 0.024479166666666666 0.044444444444444446
0 0.52265625 0.2675925925925926 0.025520833333333333 0.044444444444444446
0 0.4515625 0.5893518518518519 0.026041666666666668 0.04537037037037037
0 0.2515625 0.37824074074074077 0.026041666666666668 0.04351851851851852
0 0.5604166666666667 0.48703703703703705 0.025 0.04259259259259259
0 0.6169270833333333 0.20185185185185187 0.025520833333333333 0.046296296296296294
0 0.5734375 0.45046296296296295 0.025 0.04537037037037037
0 0.37057291666666664 0.40370370370370373 0.024479166666666666 0.044444444444444446
0 0.43359375 0.22824074074074074 0.0234375 0.04351851851851852
0 0.48854166666666665 0.3453703703703704 0.023958333333333335 0.044444444444444446
0 0.45677083333333335 0.22083333333333333 0.023958333333333335 0.04351851851851852
0 0.7028645833333333 0.7856481481481481 0.03177083333333333 0.05462962962962963
0 0.4453125 0.4671296296296296 0.023958333333333335 0.04351851851851852
0 0.6770833333333334 0.7361111111111112 0.027083333333333334 0.046296296296296294
0 0.4075520833333333 0.45925925925925926 0.025520833333333333 0.046296296296296294
0 0.5119791666666667 0.15416666666666667 0.023958333333333335 0.04351851851851852
0 0.6411458333333333 0.6074074074074074 0.027083333333333334 0.046296296296296294
0 0.36328125 0.5875 0.025520833333333333 0.04537037037037037
0 0.39088541666666665 0.18703703703703703 0.0234375 0.044444444444444446
0 0.5638020833333334 0.14583333333333334 0.024479166666666666 0.04537037037037037
0 0.6861979166666666 0.6930555555555555 0.027604166666666666 0.049074074074074076
0 0.3692708333333333 0.20277777777777778 0.023958333333333335 0.04259259259259259
0 0.4171875 0.3175925925925926 0.023958333333333335 0.044444444444444446
0 0.2328125 0.6175925925925926 0.027083333333333334 0.046296296296296294
0 0.33515625 0.7083333333333334 0.0265625 0.046296296296296294
0 0.6190104166666667 0.1597222222222222 0.024479166666666666 0.04351851851851852
0 0.271875 0.23981481481481481 0.026041666666666668 0.044444444444444446
0 0.3346354166666667 0.7532407407407408 0.0265625 0.04722222222222222
0 0.46640625 0.412962962962963 0.024479166666666666 0.04259259259259259
0 0.5958333333333333 0.14953703703703702 0.023958333333333335 0.04537037037037037
0 0.39088541666666665 0.42268518518518516 0.022395833333333334 0.041666666666666664
0 0.43854166666666666 0.4263888888888889 0.023958333333333335 0.04351851851851852
0 0.46380208333333334 0.3675925925925926 0.0234375 0.04259259259259259
0 0.5294270833333333 0.12361111111111112 0.0234375 0.04351851851851852
0 0.4205729166666667 0.3763888888888889 0.0234375 0.041666666666666664
0 0.4153645833333333 0.41712962962962963 0.0234375 0.04351851851851852
0 0.44036458333333334 0.3523148148148148 0.0234375 0.04351851851851852
0 0.5908854166666667 0.10601851851851851 0.024479166666666666 0.04537037037037037
0 0.5674479166666667 0.10462962962962963 0.024479166666666666 0.044444444444444446