0 0.5705729166666667 0.4638888888888889 0.025520833333333333 0.046296296296296294
0 0.3802083333333333 0.5148148148148148 0.026041666666666668 0.046296296296296294
0 0.38723958333333336 0.4615740740740741 0.025520833333333333 0.04537037037037037
0 0.32473958333333336 0.39675925925925926 0.025520833333333333 0.04537037037037037
0 0.5682291666666667 0.35462962962962963 0.025 0.044444444444444446
0 0.27421875 0.4162037037037037 0.0265625 0.04537037037037037
0 0.44088541666666664 0.549537037037037 0.025520833333333333 0.04537037037037037
0 0.5755208333333334 0.24814814814814815 0.025 0.044444444444444446
0 0.5114583333333333 0.3449074074074074 0.025 0.04537037037037037
0 0.48776041666666664 0.46805555555555556 0.024479166666666666 0.04537037037037037
0 0.5442708333333334 0.5097222222222222 0.025 0.04351851851851852
0 0.3807291666666667 0.25092592592592594 0.023958333333333335 0.044444444444444446
0 0.5338541666666666 0.4685185185185185 0.025 0.044444444444444446
0 0.46380208333333334 0.49166666666666664 0.024479166666666666 0.044444444444444446
0 0.43125 0.4925925925925926 0.025 0.044444444444444446
0 0.47760416666666666 0.21805555555555556 0.023958333333333335 0.04537037037037037
0 0.46197916666666666 0.3768518518518518 0.025 0.044444444444444446
0 0.6067708333333334 0.17314814814814813 0.025 0.044444444444444446
0 0.2981770833333333 0.3800925925925926 0.024479166666666666 0.04537037037037037
0 0.415625 0.2763888888888889 0.023958333333333335 0.04351851851851852
0 0.5200520833333333 0.19490740740740742 0.024479166666666666 0.04537037037037037
0 0.6763020833333333 0.7351851851851852 0.027604166666666666 0.04814814814814815
0 0.46484375 0.2902777777777778 0.024479166666666666 0.04537037037037037
0 0.47109375 0.43194444444444446 0.024479166666666666 0.04351851851851852
0 0.33515625 0.7078703703703704 0.0265625 0.04537037037037037
0 0.43802083333333336 0.2449074074074074 0.023958333333333335 0.04537037037037037
0 0.40703125 0.4273148148148148 0.024479166666666666 0.04351851851851852
0 0.33489583333333334 0.7523148148148148 0.026041666666666668 0.04722222222222222
0 0.5791666666666667 0.15231481481481482 0.025 0.04537037037037037
0 0.4122395833333333 0.3861111111111111 0.024479166666666666 0.044444444444444446
0 0.27421875 0.2574074074074074 0.025520833333333333 0.044444444444444446
0 0.4510416666666667 0.45740740740740743 0.023958333333333335 0.044444444444444446
0 0.7020833333333333 0.7851851851851852 0.028125 0.05
0 0.6864583333333333 0.6921296296296297 0.028125 0.049074074074074076
0 0.42916666666666664 0.44351851851851853 0.023958333333333335 0.04259259259259259
0 0.4895833333333333 0.1685185185185185 0.023958333333333335 0.046296296296296294
0 0.64375 0.6092592592592593 0.029166666666666667 0.05
0 0.3692708333333333 0.21481481481481482 0.023958333333333335 0.044444444444444446
0 0.4390625 0.31296296296296294 0.023958333333333335 0.044444444444444446
0 0.3416666666666667 0.18981481481481483 0.025 0.044444444444444446
0 0.2328125 0.6171296296296296 0.027083333333333334 0.04537037037037037
0 0.51640625 0.14814814814814814 0.024479166666666666 0.044444444444444446
0 0.42604166666666665 0.3490740740740741 0.023958333333333335 0.04259259259259259
0 0.5838541666666667 0.10416666666666667 0.025 0.04537037037037037