0 0.5885416666666666 0.3351851851851852 0.025 0.044444444444444446
0 0.36432291666666666 0.6814814814814815 0.025520833333333333 0.046296296296296294
0 0.39765625 0.5935185185185186 0.025520833333333333 0.044444444444444446
0 0.6778645833333333 0.2657407407407407 0.0265625 0.046296296296296294
0 0.6427083333333333 0.6185185185185185 0.027083333333333334 0.046296296296296294
0 0.44505208333333335 0.38796296296296295 0.024479166666666666 0.044444444444444446
0 0.43723958333333335 0.5851851851851851 0.025520833333333333 0.044444444444444446
0 0.4859375 0.5546296296296296 0.023958333333333335 0.044444444444444446
0 0.4109375 0.3541666666666667 0.023958333333333335 0.04537037037037037
0 0.6794270833333333 0.7300925925925926 0.027604166666666666 0.04722222222222222
0 0.6486979166666667 0.2273148148148148 0.025520833333333333 0.04537037037037037
0 0.3026041666666667 0.6652777777777777 0.026041666666666668 0.04537037037037037
0 0.6901041666666666 0.687962962962963 0.027083333333333334 0.04814814814814815
0 0.571875 0.2916666666666667 0.025 0.044444444444444446
0 0.2890625 0.6310185185185185 0.026041666666666668 0.04537037037037037
0 0.6026041666666667 0.4949074074074074 0.026041666666666668 0.04537037037037037
0 0.3223958333333333 0.55 0.026041666666666668 0.044444444444444446
0 0.5026041666666666 0.5259259259259259 0.025 0.044444444444444446
0 0.428125 0.26481481481481484 0.025 0.044444444444444446
0 0.39479166666666665 0.5449074074074074 0.025 0.04351851851851852
0 0.3455729166666667 0.31203703703703706 0.025520833333333333 0.044444444444444446
0 0.23411458333333332 0.6194444444444445 0.027604166666666666 0.046296296296296294
0 0.45989583333333334 0.5662037037037037 0.023958333333333335 0.04351851851851852
0 0.3385416666666667 0.7074074074074074 0.026041666666666668 0.046296296296296294
0 0.3015625 0.5898148148148148 0.025 0.044444444444444446
0 0.45546875 0.19583333333333333 0.025520833333333333 0.04537037037037037
0 0.6760416666666667 0.20277777777777778 0.026041666666666668 0.046296296296296294
0 0.27369791666666665 0.42916666666666664 0.0265625 0.04537037037037037
0 0.7052083333333333 0.7819444444444444 0.028125 0.049074074074074076
0 0.38723958333333336 0.3296296296296296 0.024479166666666666 0.044444444444444446
0 0.6130208333333333 0.18935185185185185 0.025 0.04537037037037037
0 0.33671875 0.7523148148148148 0.0265625 0.04722222222222222
0 0.6411458333333333 0.17037037037037037 0.025 0.044444444444444446
0 0.2859375 0.25324074074074077 0.026041666666666668 0.04537037037037037
0 0.440625 0.5421296296296296 0.023958333333333335 0.04351851851851852
0 0.5013020833333334 0.14629629629629629 0.024479166666666666 0.046296296296296294
0 0.3338541666666667 0.2601851851851852 0.025 0.044444444444444446
0 0.36223958333333334 0.2796296296296296 0.0234375 0.04259259259259259
0 0.55703125 0.12453703703703704 0.024479166666666666 0.04537037037037037
0 0.37395833333333334 0.24351851851851852 0.025 0.044444444444444446
0 0.6052083333333333 0.15138888888888888 0.025 0.04537037037037037
0 0.41875 0.5277777777777778 0.023958333333333335 0.044444444444444446
0 0.33828125 0.21805555555555556 0.025520833333333333 0.04537037037037037
0 0.5934895833333333 0.10092592592592593 0.025520833333333333 0.044444444444444446