0 0.45416666666666666 0.32407407407407407 0.025 0.044444444444444446
0 0.37005208333333334 0.2773148148148148 0.024479166666666666 0.04351851851851852
0 0.709375 0.7800925925925926 0.03125 0.05462962962962963
0 0.33932291666666664 0.25833333333333336 0.024479166666666666 0.044444444444444446
0 0.7252604166666666 0.2810185185185185 0.0265625 0.04537037037037037
0 0.4283854166666667 0.29398148148148145 0.024479166666666666 0.04351851851851852
0 0.49609375 0.4740740740740741 0.024479166666666666 0.044444444444444446
0 0.6122395833333333 0.3148148148148148 0.025520833333333333 0.044444444444444446
0 0.7317708333333334 0.33611111111111114 0.027083333333333334 0.046296296296296294
0 0.57109375 0.32407407407407407 0.024479166666666666 0.044444444444444446
0 0.3015625 0.4962962962962963 0.026041666666666668 0.044444444444444446
0 0.5286458333333334 0.5148148148148148 0.023958333333333335 0.044444444444444446
0 0.55546875 0.5375 0.025520833333333333 0.04537037037037037
0 0.7122395833333334 0.24675925925925926 0.0265625 0.04537037037037037
0 0.39427083333333335 0.25462962962962965 0.023958333333333335 0.044444444444444446
0 0.47161458333333334 0.46805555555555556 0.0234375 0.04351851851851852
0 0.4317708333333333 0.42407407407407405 0.025 0.044444444444444446
0 0.2721354166666667 0.425 0.0265625 0.044444444444444446
0 0.5130208333333334 0.3861111111111111 0.025 0.046296296296296294
0 0.5895833333333333 0.48333333333333334 0.026041666666666668 0.046296296296296294
0 0.6684895833333333 0.2064814814814815 0.025520833333333333 0.046296296296296294
0 0.5755208333333334 0.12453703703703704 0.025 0.04537037037037037
0 0.45 0.45 0.023958333333333335 0.044444444444444446
0 0.28671875 0.25 0.025520833333333333 0.044444444444444446
0 0.46901041666666665 0.19027777777777777 0.025520833333333333 0.04537037037037037
0 0.7166666666666667 0.20324074074074075 0.026041666666666668 0.04537037037037037
0 0.56015625 0.4 0.024479166666666666 0.044444444444444446
0 0.6927083333333334 0.21712962962962962 0.025 0.04537037037037037
0 0.6700520833333333 0.1175925925925926 0.025520833333333333 0.046296296296296294
0 0.6799479166666667 0.7166666666666667 0.027604166666666666 0.04814814814814815
0 0.340625 0.7101851851851851 0.026041666666666668 0.046296296296296294
0 0.33932291666666664 0.7550925925925925 0.0265625 0.04722222222222222
0 0.5466145833333333 0.4412037037037037 0.024479166666666666 0.04537037037037037
0 0.6416666666666667 0.10462962962962963 0.025 0.046296296296296294
0 0.5359375 0.4041666666666667 0.023958333333333335 0.04537037037037037
0 0.5450520833333333 0.48333333333333334 0.024479166666666666 0.044444444444444446
0 0.3390625 0.21388888888888888 0.025 0.044444444444444446
0 0.5669270833333333 0.49953703703703706 0.024479166666666666 0.04351851851851852
0 0.5705729166666667 0.45787037037037037 0.024479166666666666 0.04351851851851852
0 0.23359375 0.6157407407407407 0.0265625 0.044444444444444446
0 0.6119791666666666 0.09861111111111111 0.025 0.04722222222222222
0 0.6950520833333333 0.1726851851851852 0.024479166666666666 0.04351851851851852
0 0.7 0.6847222222222222 0.028125 0.049074074074074076
0 0.66953125 0.1648148148148148 0.025520833333333333 0.044444444444444446