0 0.24296875 0.5157407407407407 0.0265625 0.046296296296296294
0 0.34713541666666664 0.5833333333333334 0.024479166666666666 0.044444444444444446
0 0.29583333333333334 0.5291666666666667 0.026041666666666668 0.04537037037037037
0 0.5559895833333334 0.5893518518518519 0.025520833333333333 0.04537037037037037
0 0.5802083333333333 0.5833333333333334 0.025 0.046296296296296294
0 0.6643229166666667 0.5310185185185186 0.0265625 0.04722222222222222
0 0.5661458333333333 0.5342592592592592 0.025 0.044444444444444446
0 0.40208333333333335 0.5217592592592593 0.025 0.04351851851851852
0 0.2515625 0.3726851851851852 0.025 0.04537037037037037
0 0.6236979166666666 0.4351851851851852 0.024479166666666666 0.044444444444444446
0 0.5265625 0.337037037037037 0.025 0.046296296296296294
0 0.52265625 0.5421296296296296 0.025520833333333333 0.04537037037037037
0 0.37578125 0.48009259259259257 0.024479166666666666 0.04537037037037037
0 0.32760416666666664 0.6986111111111111 0.026041666666666668 0.04537037037037037
0 0.5609375 0.3111111111111111 0.025 0.044444444444444446
0 0.48125 0.6231481481481481 0.026041666666666668 0.046296296296296294
0 0.30026041666666664 0.3787037037037037 0.025520833333333333 0.044444444444444446
0 0.24036458333333333 0.6476851851851851 0.0265625 0.04537037037037037
0 0.3729166666666667 0.6106481481481482 0.025 0.04537037037037037
0 0.5893229166666667 0.34629629629629627 0.024479166666666666 0.044444444444444446
0 0.4817708333333333 0.5787037037037037 0.025 0.044444444444444446
0 0.7153645833333333 0.48333333333333334 0.027604166666666666 0.04814814814814815
0 0.5921875 0.4060185185185185 0.025 0.04537037037037037
0 0.5651041666666666 0.3726851851851852 0.025 0.04537037037037037
0 0.6916666666666667 0.5013888888888889 0.026041666666666668 0.04537037037037037
0 0.21015625 0.4699074074074074 0.025520833333333333 0.04537037037037037
0 0.4354166666666667 0.6388888888888888 0.025 0.044444444444444446
0 0.66484375 0.7916666666666666 0.0265625 0.04814814814814815
0 0.4122395833333333 0.48009259259259257 0.024479166666666666 0.04351851851851852
0 0.2984375 0.3296296296296296 0.025 0.044444444444444446
0 0.39479166666666665 0.5912037037037037 0.025 0.04537037037037037
0 0.6572916666666667 0.4875 0.026041666666666668 0.04537037037037037
0 0.7776041666666667 0.6481481481481481 0.029166666666666667 0.05
0 0.7083333333333334 0.7837962962962963 0.027083333333333334 0.04722222222222222
0 0.7130208333333333 0.8347222222222223 0.028125 0.049074074074074076
0 0.7518229166666667 0.32592592592592595 0.0265625 0.046296296296296294
0 0.33046875 0.7430555555555556 0.025520833333333333 0.04537037037037037
0 0.43984375 0.5851851851851851 0.024479166666666666 0.044444444444444446
0 0.5528645833333333 0.4671296296296296 0.024479166666666666 0.04351851851851852
0 0.51875 0.49907407407407406 0.023958333333333335 0.04259259259259259
0 0.478125 0.3194444444444444 0.023958333333333335 0.044444444444444446
0 0.71171875 0.39814814814814814 0.0265625 0.046296296296296294
0 0.3138020833333333 0.48564814814814816 0.024479166666666666 0.04537037037037037
0 0.45807291666666666 0.2773148148148148 0.0234375 0.04351851851851852
0 0.5221354166666666 0.15925925925925927 0.0234375 0.044444444444444446
0 0.68828125 0.812962962962963 0.0265625 0.04814814814814815
0 0.6158854166666666 0.39490740740740743 0.024479166666666666 0.04351851851851852
0 0.5796875 0.28379629629629627 0.025 0.04537037037037037
0 0.45755208333333336 0.612037037037037 0.0234375 0.044444444444444446
0 0.6408854166666667 0.7736111111111111 0.0265625 0.049074074074074076
0 0.5432291666666667 0.512962962962963 0.023958333333333335 0.044444444444444446
0 0.3377604166666667 0.47129629629629627 0.024479166666666666 0.044444444444444446
0 0.5122395833333333 0.39305555555555555 0.024479166666666666 0.04537037037037037
0 0.68828125 0.8606481481481482 0.027604166666666666 0.049074074074074076
0 0.41510416666666666 0.6189814814814815 0.023958333333333335 0.04351851851851852
0 0.36171875 0.399537037037037 0.024479166666666666 0.04351851851851852
0 0.47161458333333334 0.4597222222222222 0.0234375 0.04351851851851852
0 0.23802083333333332 0.2851851851851852 0.025 0.044444444444444446
0 0.6893229166666667 0.37037037037037035 0.0265625 0.046296296296296294
0 0.6794270833333333 0.4625 0.025520833333333333 0.04537037037037037
0 0.5276041666666667 0.45925925925925926 0.025 0.044444444444444446
0 0.6544270833333333 0.44537037037037036 0.025520833333333333 0.044444444444444446
0 0.6565104166666667 0.3712962962962963 0.025520833333333333 0.046296296296296294
0 0.28515625 0.2833333333333333 0.025520833333333333 0.044444444444444446
0 0.6911458333333333 0.7467592592592592 0.027083333333333334 0.049074074074074076
0 0.3255208333333333 0.4356481481481482 0.025 0.04351851851851852
0 0.34270833333333334 0.3611111111111111 0.023958333333333335 0.044444444444444446
0 0.44192708333333336 0.45925925925925926 0.024479166666666666 0.044444444444444446
0 0.55625 0.26435185185185184 0.023958333333333335 0.04351851851851852
0 0.6919270833333333 0.425462962962963 0.0265625 0.04537037037037037
0 0.4276041666666667 0.2652777777777778 0.022916666666666665 0.04351851851851852
0 0.49322916666666666 0.4412037037037037 0.023958333333333335 0.04351851851851852
0 0.66875 0.4111111111111111 0.026041666666666668 0.046296296296296294
0 0.4125 0.2351851851851852 0.023958333333333335 0.044444444444444446
0 0.49921875 0.1527777777777778 0.0234375 0.044444444444444446
0 0.26484375 0.24722222222222223 0.024479166666666666 0.044444444444444446
0 0.4786458333333333 0.4060185185185185 0.023958333333333335 0.04351851851851852
0 0.39479166666666665 0.16018518518518518 0.023958333333333335 0.046296296296296294
0 0.49140625 0.2708333333333333 0.0234375 0.04351851851851852
0 0.3684895833333333 0.3449074074074074 0.024479166666666666 0.04351851851851852
0 0.45703125 0.425 0.0234375 0.04259259259259259
0 0.39947916666666666 0.4125 0.023958333333333335 0.04351851851851852
0 0.41458333333333336 0.18055555555555555 0.022916666666666665 0.044444444444444446
0 0.4713541666666667 0.2388888888888889 0.022916666666666665 0.04259259259259259
0 0.4466145833333333 0.24027777777777778 0.0234375 0.04351851851851852
0 0.41875 0.38333333333333336 0.023958333333333335 0.044444444444444446
0 0.45677083333333335 0.20462962962962963 0.022916666666666665 0.04259259259259259
0 0.50859375 0.3 0.024479166666666666 0.044444444444444446
0 0.39036458333333335 0.3712962962962963 0.0234375 0.04259259259259259
0 0.41875 0.43472222222222223 0.022916666666666665 0.041666666666666664
0 0.4432291666666667 0.16944444444444445 0.023958333333333335 0.044444444444444446
0 0.44036458333333334 0.3972222222222222 0.0234375 0.04259259259259259
0 0.43307291666666664 0.2064814814814815 0.0234375 0.044444444444444446