0 0.6677083333333333 0.549074074074074 0.027083333333333334 0.046296296296296294
0 0.24375 0.5162037037037037 0.026041666666666668 0.04537037037037037
0 0.2515625 0.3731481481481482 0.025 0.044444444444444446
0 0.7744791666666667 0.6518518518518519 0.028125 0.04814814814814815
0 0.6651041666666667 0.7907407407407407 0.026041666666666668 0.04814814814814815
0 0.7140625 0.4837962962962963 0.027083333333333334 0.04722222222222222
0 0.5807291666666666 0.5833333333333334 0.025 0.044444444444444446
0 0.7088541666666667 0.7828703703703703 0.027083333333333334 0.04722222222222222
0 0.24140625 0.6476851851851851 0.0265625 0.04537037037037037
0 0.328125 0.6995370370370371 0.025 0.04537037037037037
0 0.34739583333333335 0.5847222222222223 0.023958333333333335 0.04351851851851852
0 0.21041666666666667 0.4708333333333333 0.026041666666666668 0.04537037037037037
0 0.5919270833333333 0.4060185185185185 0.025520833333333333 0.04537037037037037
0 0.7135416666666666 0.8347222222222223 0.028125 0.04722222222222222
0 0.6682291666666667 0.5041666666666667 0.026041666666666668 0.04537037037037037
0 0.29635416666666664 0.5305555555555556 0.026041666666666668 0.044444444444444446
0 0.5768229166666666 0.17685185185185184 0.024479166666666666 0.044444444444444446
0 0.30052083333333335 0.3800925925925926 0.025 0.04351851851851852
0 0.64140625 0.7722222222222223 0.0265625 0.04814814814814815
0 0.6927083333333334 0.5180555555555556 0.025 0.04351851851851852
0 0.690625 0.7467592592592592 0.027083333333333334 0.049074074074074076
0 0.50859375 0.24074074074074073 0.024479166666666666 0.044444444444444446
0 0.6888020833333334 0.8125 0.0265625 0.04722222222222222
0 0.5520833333333334 0.45787037037037037 0.025 0.04351851851851852
0 0.55546875 0.5861111111111111 0.024479166666666666 0.044444444444444446
0 0.7369791666666666 0.3490740740740741 0.027083333333333334 0.046296296296296294
0 0.3307291666666667 0.7435185185185185 0.026041666666666668 0.046296296296296294
0 0.2981770833333333 0.3300925925925926 0.024479166666666666 0.04351851851851852
0 0.36015625 0.2050925925925926 0.0234375 0.04351851851851852
0 0.51484375 0.36898148148148147 0.0234375 0.04351851851851852
0 0.6833333333333333 0.46574074074074073 0.026041666666666668 0.044444444444444446
0 0.5247395833333334 0.5555555555555556 0.024479166666666666 0.044444444444444446
0 0.45416666666666666 0.30416666666666664 0.022916666666666665 0.04351851851851852
0 0.68828125 0.8601851851851852 0.027604166666666666 0.04814814814814815
0 0.48098958333333336 0.6199074074074075 0.024479166666666666 0.04537037037037037
0 0.47760416666666666 0.30462962962962964 0.023958333333333335 0.044444444444444446
0 0.5682291666666667 0.5361111111111111 0.023958333333333335 0.04259259259259259
0 0.6942708333333333 0.42824074074074076 0.026041666666666668 0.04537037037037037
0 0.3770833333333333 0.48148148148148145 0.023958333333333335 0.044444444444444446
0 0.3731770833333333 0.6106481481481482 0.024479166666666666 0.041666666666666664
0 0.5653645833333333 0.3736111111111111 0.024479166666666666 0.04351851851851852
0 0.6622395833333333 0.41759259259259257 0.025520833333333333 0.044444444444444446
0 0.3859375 0.21481481481481482 0.022916666666666665 0.04259259259259259
0 0.3145833333333333 0.4861111111111111 0.025 0.044444444444444446
0 0.23854166666666668 0.2861111111111111 0.025 0.044444444444444446
0 0.4 0.5416666666666666 0.025 0.044444444444444446
0 0.48072916666666665 0.5736111111111111 0.023958333333333335 0.04351851851851852
0 0.58828125 0.35324074074074074 0.024479166666666666 0.04351851851851852
0 0.49192708333333335 0.48703703703703705 0.024479166666666666 0.04259259259259259
0 0.6614583333333334 0.06111111111111111 0.025 0.044444444444444446
0 0.6291666666666667 0.3541666666666667 0.025 0.04537037037037037
0 0.4354166666666667 0.637962962962963 0.025 0.044444444444444446
0 0.3377604166666667 0.47175925925925927 0.024479166666666666 0.04351851851851852
0 0.465625 0.44675925925925924 0.025 0.04351851851851852
0 0.28567708333333336 0.2847222222222222 0.024479166666666666 0.04351851851851852
0 0.5104166666666666 0.4587962962962963 0.023958333333333335 0.04351851851851852
0 0.7125 0.3976851851851852 0.026041666666666668 0.04537037037037037
0 0.4322916666666667 0.4476851851851852 0.023958333333333335 0.04351851851851852
0 0.3619791666666667 0.4013888888888889 0.023958333333333335 0.04351851851851852
0 0.6408854166666667 0.39444444444444443 0.025520833333333333 0.046296296296296294
0 0.4421875 0.5319444444444444 0.023958333333333335 0.04351851851851852
0 0.45703125 0.6111111111111112 0.0234375 0.04259259259259259
0 0.6736979166666667 0.33564814814814814 0.0265625 0.04722222222222222
0 0.40729166666666666 0.19768518518518519 0.022916666666666665 0.04351851851851852
0 0.4231770833333333 0.5055555555555555 0.024479166666666666 0.044444444444444446
0 0.39453125 0.5916666666666667 0.024479166666666666 0.044444444444444446
0 0.4395833333333333 0.2712962962962963 0.023958333333333335 0.04259259259259259
0 0.4153645833333333 0.6175925925925926 0.0234375 0.040740740740740744
0 0.5065104166666666 0.18981481481481483 0.024479166666666666 0.044444444444444446
0 0.6809895833333334 0.38981481481481484 0.024479166666666666 0.044444444444444446
0 0.4786458333333333 0.20787037037037037 0.023958333333333335 0.04351851851851852
0 0.26510416666666664 0.24953703703703703 0.025 0.04537037037037037
0 0.43984375 0.5837962962962963 0.024479166666666666 0.04351851851851852
0 0.6984375 0.35833333333333334 0.026041666666666668 0.044444444444444446
0 0.4080729166666667 0.37824074074074077 0.0234375 0.04351851851851852
0 0.5484375 0.34120370370370373 0.023958333333333335 0.04351851851851852
0 0.5208333333333334 0.513425925925926 0.023958333333333335 0.04351851851851852
0 0.3260416666666667 0.4361111111111111 0.025 0.04259259259259259
0 0.34322916666666664 0.36157407407407405 0.023958333333333335 0.04351851851851852
0 0.5453125 0.5212962962962963 0.023958333333333335 0.04259259259259259
0 0.5682291666666667 0.3162037037037037 0.023958333333333335 0.04351851851851852
0 0.4088541666666667 0.44351851851851853 0.023958333333333335 0.044444444444444446
0 0.39348958333333334 0.4134259259259259 0.0234375 0.04537037037037037
0 0.4544270833333333 0.1935185185185185 0.0234375 0.04259259259259259
0 0.3893229166666667 0.17222222222222222 0.022395833333333334 0.040740740740740744
0 0.3690104166666667 0.3453703703703704 0.024479166666666666 0.04259259259259259
0 0.3846354166666667 0.37407407407407406 0.022395833333333334 0.040740740740740744
0 0.4856770833333333 0.1685185185185185 0.022395833333333334 0.040740740740740744
0 0.4317708333333333 0.17777777777777778 0.022916666666666665 0.044444444444444446
0 0.45598958333333334 0.15324074074074073 0.0234375 0.041666666666666664
0 0.5010416666666667 0.13796296296296295 0.023958333333333335 0.044444444444444446
0 0.4119791666666667 0.15694444444444444 0.022916666666666665 0.04351851851851852
0 0.4322916666666667 0.1375 0.022916666666666665 0.04351851851851852