0 0.58515625 0.6277777777777778 0.0265625 0.046296296296296294
0 0.6927083333333334 0.5180555555555556 0.026041666666666668 0.04537037037037037
0 0.5328125 0.6300925925925925 0.026041666666666668 0.04722222222222222
0 0.6377604166666667 0.4638888888888889 0.025520833333333333 0.046296296296296294
0 0.7143229166666667 0.4837962962962963 0.0265625 0.04722222222222222
0 0.6856770833333333 0.16574074074074074 0.025520833333333333 0.046296296296296294
0 0.6385416666666667 0.3189814814814815 0.025 0.04537037037037037
0 0.57890625 0.5643518518518519 0.025520833333333333 0.04537037037037037
0 0.24505208333333334 0.5162037037037037 0.0265625 0.04537037037037037
0 0.24296875 0.6481481481481481 0.0265625 0.046296296296296294
0 0.6653645833333334 0.7912037037037037 0.0265625 0.04722222222222222
0 0.46119791666666665 0.4875 0.024479166666666666 0.04537037037037037
0 0.64140625 0.7717592592592593 0.0265625 0.049074074074074076
0 0.709375 0.7837962962962963 0.027083333333333334 0.049074074074074076
0 0.6877604166666667 0.4671296296296296 0.025520833333333333 0.04537037037037037
0 0.7130208333333333 0.8347222222222223 0.028125 0.049074074074074076
0 0.7747395833333334 0.6527777777777778 0.028645833333333332 0.04814814814814815
0 0.5682291666666667 0.2023148148148148 0.025 0.04537037037037037
0 0.2125 0.47453703703703703 0.026041666666666668 0.04351851851851852
0 0.6893229166666667 0.8115740740740741 0.0265625 0.049074074074074076
0 0.25390625 0.3527777777777778 0.025520833333333333 0.044444444444444446
0 0.7356770833333334 0.3578703703703704 0.0265625 0.04722222222222222
0 0.6627604166666666 0.45694444444444443 0.025520833333333333 0.04537037037037037
0 0.4786458333333333 0.1587962962962963 0.023958333333333335 0.04537037037037037
0 0.690625 0.7472222222222222 0.027083333333333334 0.05
0 0.4453125 0.6625 0.025 0.04537037037037037
0 0.6872395833333333 0.8597222222222223 0.027604166666666666 0.049074074074074076
0 0.4205729166666667 0.7064814814814815 0.025520833333333333 0.046296296296296294
0 0.6794270833333333 0.10601851851851851 0.025520833333333333 0.04537037037037037
0 0.3020833333333333 0.6537037037037037 0.025 0.044444444444444446
0 0.7174479166666666 0.4162037037037037 0.0265625 0.04722222222222222
0 0.6666666666666666 0.41388888888888886 0.025 0.044444444444444446
0 0.5140625 0.1486111111111111 0.023958333333333335 0.04537037037037037
0 0.6809895833333334 0.37916666666666665 0.025520833333333333 0.04537037037037037
0 0.35833333333333334 0.7462962962962963 0.025 0.046296296296296294
0 0.4895833333333333 0.4449074074074074 0.023958333333333335 0.04351851851851852
0 0.71171875 0.3736111111111111 0.025520833333333333 0.04537037037037037
0 0.6924479166666667 0.425 0.025520833333333333 0.044444444444444446
0 0.29739583333333336 0.6962962962962963 0.026041666666666668 0.046296296296296294
0 0.6984375 0.337037037037037 0.026041666666666668 0.046296296296296294
0 0.27890625 0.6365740740740741 0.025520833333333333 0.04537037037037037
0 0.64140625 0.09583333333333334 0.024479166666666666 0.04537037037037037
0 0.29973958333333334 0.7597222222222222 0.025520833333333333 0.04722222222222222
0 0.3776041666666667 0.6666666666666666 0.025 0.044444444444444446
0 0.23932291666666666 0.2861111111111111 0.025520833333333333 0.044444444444444446
0 0.403125 0.26157407407407407 0.023958333333333335 0.04537037037037037
0 0.34479166666666666 0.7111111111111111 0.023958333333333335 0.044444444444444446
0 0.2877604166666667 0.26990740740740743 0.024479166666666666 0.04351851851851852
0 0.4625 0.4375 0.025 0.04537037037037037
0 0.3294270833333333 0.7555555555555555 0.025520833333333333 0.046296296296296294
0 0.4109375 0.4337962962962963 0.023958333333333335 0.04351851851851852
0 0.43359375 0.6236111111111111 0.024479166666666666 0.04537037037037037
0 0.3958333333333333 0.6921296296296297 0.023958333333333335 0.04351851851851852
0 0.3731770833333333 0.712037037037037 0.0234375 0.044444444444444446
0 0.49583333333333335 0.26435185185185184 0.023958333333333335 0.04351851851851852
0 0.37786458333333334 0.4393518518518518 0.024479166666666666 0.04351851851851852
0 0.40651041666666665 0.6069444444444444 0.024479166666666666 0.04537037037037037
0 0.40963541666666664 0.6564814814814814 0.024479166666666666 0.044444444444444446
0 0.5213541666666667 0.3425925925925926 0.023958333333333335 0.044444444444444446
0 0.31744791666666666 0.7185185185185186 0.0234375 0.04259259259259259
0 0.50703125 0.300462962962963 0.024479166666666666 0.04351851851851852
0 0.28567708333333336 0.4361111111111111 0.025520833333333333 0.044444444444444446
0 0.26588541666666665 0.25092592592592594 0.024479166666666666 0.04259259259259259
0 0.6638020833333333 0.06296296296296296 0.024479166666666666 0.044444444444444446
0 0.3265625 0.24305555555555555 0.025 0.04537037037037037
0 0.33203125 0.43657407407407406 0.0234375 0.041666666666666664
0 0.509375 0.39490740740740743 0.023958333333333335 0.04351851851851852
0 0.31666666666666665 0.2050925925925926 0.025 0.04351851851851852
0 0.37734375 0.2675925925925926 0.0234375 0.044444444444444446
0 0.2984375 0.32731481481481484 0.023958333333333335 0.04351851851851852
0 0.30833333333333335 0.4356481481481482 0.023958333333333335 0.04351851851851852
0 0.48515625 0.4 0.0234375 0.04259259259259259
0 0.45234375 0.35555555555555557 0.0234375 0.04259259259259259
0 0.2908854166666667 0.37083333333333335 0.024479166666666666 0.04351851851851852
0 0.3234375 0.30416666666666664 0.025 0.04351851851851852
0 0.3419270833333333 0.1824074074074074 0.0234375 0.044444444444444446
0 0.3104166666666667 0.3921296296296296 0.023958333333333335 0.04351851851851852
0 0.47161458333333334 0.33055555555555555 0.0234375 0.04259259259259259
0 0.4322916666666667 0.4162037037037037 0.022916666666666665 0.04351851851851852
0 0.3927083333333333 0.4074074074074074 0.023958333333333335 0.044444444444444446
0 0.31927083333333334 0.3509259259259259 0.023958333333333335 0.04259259259259259
0 0.4892916666666667 0.35903703703703704 0.025453125 0.044000000000000004
0 0.38645833333333335 0.18101851851851852 0.025 0.04351851851851852
0 0.35572916666666665 0.41388888888888886 0.023958333333333335 0.04259259259259259
0 0.3815104166666667 0.2212962962962963 0.0234375 0.04259259259259259
0 0.359375 0.23842592592592593 0.022916666666666665 0.04351851851851852
0 0.41458333333333336 0.387037037037037 0.023958333333333335 0.04259259259259259
0 0.34088541666666666 0.3814814814814815 0.024479166666666666 0.044444444444444446
0 0.3424479166666667 0.3416666666666667 0.024479166666666666 0.044444444444444446
0 0.39348958333333334 0.3638888888888889 0.024479166666666666 0.044444444444444446
0 0.46041666666666664 0.3939814814814815 0.023958333333333335 0.04351851851851852
0 0.37265625 0.38564814814814813 0.0234375 0.041666666666666664
0 0.36380208333333336 0.1962962962962963 0.0234375 0.04259259259259259