0 0.28177083333333336 0.7791666666666667 0.029166666666666667 0.05092592592592592
0 0.7135416666666666 0.5726851851851852 0.025 0.041666666666666664
0 0.671875 0.5 0.022916666666666665 0.03888888888888889
0 0.40963541666666664 0.6287037037037037 0.0234375 0.040740740740740744
0 0.553125 0.41898148148148145 0.021875 0.03981481481481482
0 0.3515625 0.4199074074074074 0.022916666666666665 0.03981481481481482
0 0.44192708333333336 0.6273148148148148 0.0234375 0.03981481481481482
0 0.33958333333333335 0.6773148148148148 0.023958333333333335 0.03981481481481482
0 0.3890625 0.40879629629629627 0.021875 0.03981481481481482
0 0.6989583333333333 0.7606481481481482 0.025 0.04537037037037037
0 0.7036458333333333 0.36203703703703705 0.022916666666666665 0.03888888888888889
0 0.6575520833333334 0.45185185185185184 0.022395833333333334 0.03888888888888889
0 0.6856770833333333 0.8324074074074074 0.025520833333333333 0.046296296296296294
0 0.33932291666666664 0.6393518518518518 0.024479166666666666 0.03981481481481482
0 0.6330729166666667 0.2351851851851852 0.021354166666666667 0.037037037037037035
0 0.31302083333333336 0.6768518518518518 0.023958333333333335 0.04259259259259259
0 0.39869791666666665 0.4689814814814815 0.022395833333333334 0.03981481481481482
0 0.28932291666666665 0.35185185185185186 0.0234375 0.03888888888888889
0 0.6778645833333333 0.8791666666666667 0.025520833333333333 0.04537037037037037
0 0.5549479166666667 0.24074074074074073 0.0203125 0.03518518518518519
0 0.6096354166666667 0.8018518518518518 0.024479166666666666 0.044444444444444446
0 0.5661458333333333 0.6736111111111112 0.022916666666666665 0.03981481481481482
0 0.44765625 0.575462962962963 0.022395833333333334 0.03981481481481482
0 0.5036458333333333 0.6347222222222222 0.022916666666666665 0.03981481481481482
0 0.31588541666666664 0.6370370370370371 0.024479166666666666 0.04259259259259259
0 0.653125 0.9055555555555556 0.025 0.046296296296296294
0 0.6341145833333334 0.8171296296296297 0.024479166666666666 0.04351851851851852
0 0.5236979166666667 0.6546296296296297 0.022395833333333334 0.03888888888888889
0 0.45625 0.37453703703703706 0.020833333333333332 0.03796296296296296
0 0.5330729166666667 0.5467592592592593 0.022395833333333334 0.03981481481481482
0 0.6416666666666667 0.700925925925926 0.023958333333333335 0.044444444444444446
0 0.534375 0.21666666666666667 0.020833333333333332 0.037037037037037035
0 0.5875 0.6171296296296296 0.022916666666666665 0.041666666666666664
0 0.5739583333333333 0.22407407407407406 0.020833333333333332 0.037037037037037035
0 0.3421875 0.3351851851851852 0.021875 0.03888888888888889
0 0.41744791666666664 0.362962962962963 0.019270833333333334 0.037037037037037035
0 0.43072916666666666 0.4634259259259259 0.021875 0.03796296296296296
0 0.5135416666666667 0.3074074074074074 0.020833333333333332 0.037037037037037035
0 0.4953125 0.5282407407407408 0.021875 0.03981481481481482
0 0.60625 0.7486111111111111 0.023958333333333335 0.041666666666666664
0 0.6213541666666667 0.6800925925925926 0.022916666666666665 0.03981481481481482
0 0.47890625 0.36712962962962964 0.0203125 0.03796296296296296
0 0.44296875 0.3472222222222222 0.0203125 0.037037037037037035
0 0.5911458333333334 0.6555555555555556 0.022916666666666665 0.03888888888888889
0 0.62734375 0.7310185185185185 0.0234375 0.041666666666666664
0 0.5609375 0.6365740740740741 0.021875 0.03796296296296296
0 0.6270833333333333 0.7736111111111111 0.022916666666666665 0.03981481481481482
0 0.4895833333333333 0.29907407407407405 0.020833333333333332 0.037037037037037035
0 0.5375 0.5893518518518519 0.021875 0.03981481481481482
0 0.42734375 0.5013888888888889 0.022395833333333334 0.03981481481481482
0 0.49166666666666664 0.5912037037037037 0.021875 0.03796296296296296
0 0.4434895833333333 0.5370370370370371 0.021354166666666667 0.037037037037037035
0 0.34869791666666666 0.29814814814814816 0.021354166666666667 0.037037037037037035
0 0.53828125 0.6263888888888889 0.022395833333333334 0.03796296296296296
0 0.55703125 0.20185185185185187 0.0203125 0.03518518518518519
0 0.49166666666666664 0.33611111111111114 0.020833333333333332 0.037037037037037035
0 0.5177083333333333 0.6064814814814815 0.021875 0.037037037037037035
0 0.47552083333333334 0.5648148148148148 0.021875 0.03888888888888889
0 0.46848958333333335 0.525 0.022395833333333334 0.03888888888888889
0 0.46770833333333334 0.337037037037037 0.020833333333333332 0.037037037037037035
0 0.38359375 0.3282407407407407 0.0203125 0.03796296296296296
0 0.40338541666666666 0.3384259259259259 0.019270833333333334 0.03611111111111111
0 0.4484375 0.5023148148148148 0.021875 0.03796296296296296
0 0.59921875 0.6824074074074075 0.022395833333333334 0.025925925925925925
0 0.3625 0.32407407407407407 0.019791666666666666 0.03518518518518519