0 0.6677083333333333 0.5527777777777778 0.027083333333333334 0.046296296296296294
0 0.50703125 0.5462962962962963 0.024479166666666666 0.044444444444444446
0 0.24401041666666667 0.5162037037037037 0.0265625 0.04537037037037037
0 0.57734375 0.5833333333333334 0.025520833333333333 0.046296296296296294
0 0.42942708333333335 0.637962962962963 0.025520833333333333 0.046296296296296294
0 0.7135416666666666 0.4842592592592593 0.027083333333333334 0.046296296296296294
0 0.6651041666666667 0.7916666666666666 0.026041666666666668 0.04814814814814815
0 0.3703125 0.5925925925925926 0.025 0.044444444444444446
0 0.33125 0.5907407407407408 0.025 0.044444444444444446
0 0.7744791666666667 0.6527777777777778 0.028125 0.04814814814814815
0 0.709375 0.7828703703703703 0.027083333333333334 0.04722222222222222
0 0.64140625 0.7722222222222223 0.0265625 0.04814814814814815
0 0.33671875 0.649074074074074 0.025520833333333333 0.044444444444444446
0 0.2518229166666667 0.37407407407407406 0.025520833333333333 0.044444444444444446
0 0.6677083333333333 0.5041666666666667 0.026041666666666668 0.04537037037037037
0 0.40625 0.625462962962963 0.023958333333333335 0.04351851851851852
0 0.6919270833333333 0.5180555555555556 0.025520833333333333 0.04351851851851852
0 0.5802083333333333 0.5393518518518519 0.025 0.04351851851851852
0 0.21041666666666667 0.4708333333333333 0.026041666666666668 0.04537037037037037
0 0.61015625 0.2439814814814815 0.024479166666666666 0.04537037037037037
0 0.7135416666666666 0.8351851851851851 0.028125 0.04814814814814815
0 0.6893229166666667 0.8125 0.0265625 0.04722222222222222
0 0.690625 0.7476851851851852 0.027083333333333334 0.049074074074074076
0 0.4354166666666667 0.5615740740740741 0.025 0.04351851851851852
0 0.24140625 0.6486111111111111 0.0265625 0.04537037037037037
0 0.29635416666666664 0.5305555555555556 0.025 0.044444444444444446
0 0.30052083333333335 0.3800925925925926 0.025 0.04351851851851852
0 0.47578125 0.46296296296296297 0.024479166666666666 0.044444444444444446
0 0.5877604166666667 0.39675925925925926 0.024479166666666666 0.04351851851851852
0 0.32838541666666665 0.6990740740740741 0.025520833333333333 0.044444444444444446
0 0.6627604166666666 0.42314814814814816 0.025520833333333333 0.044444444444444446
0 0.5270833333333333 0.47962962962962963 0.023958333333333335 0.044444444444444446
0 0.40859375 0.5541666666666667 0.024479166666666666 0.04537037037037037
0 0.3770833333333333 0.4263888888888889 0.023958333333333335 0.04351851851851852
0 0.5174479166666667 0.23935185185185184 0.024479166666666666 0.04537037037037037
0 0.6828125 0.4666666666666667 0.026041666666666668 0.044444444444444446
0 0.44296875 0.45231481481481484 0.024479166666666666 0.04351851851851852
0 0.6877604166666667 0.8606481481481482 0.027604166666666666 0.049074074074074076
0 0.5494791666666666 0.5537037037037037 0.025 0.044444444444444446
0 0.5640625 0.3712962962962963 0.023958333333333335 0.04259259259259259
0 0.5518229166666667 0.4587962962962963 0.024479166666666666 0.04351851851851852
0 0.64765625 0.38472222222222224 0.025520833333333333 0.04537037037037037
0 0.334375 0.4740740740740741 0.025 0.044444444444444446
0 0.5611979166666666 0.5152777777777777 0.024479166666666666 0.04351851851851852
0 0.31197916666666664 0.49537037037037035 0.025 0.044444444444444446
0 0.4231770833333333 0.5180555555555556 0.024479166666666666 0.04351851851851852
0 0.3307291666666667 0.7439814814814815 0.026041666666666668 0.04537037037037037
0 0.58671875 0.1986111111111111 0.024479166666666666 0.04537037037037037
0 0.5359375 0.5199074074074074 0.023958333333333335 0.04351851851851852
0 0.7169270833333333 0.41435185185185186 0.0265625 0.04722222222222222
0 0.48046875 0.4185185185185185 0.024479166666666666 0.04259259259259259
0 0.7346354166666667 0.35324074074074074 0.0265625 0.04722222222222222
0 0.40703125 0.4134259259259259 0.024479166666666666 0.04351851851851852
0 0.2984375 0.33055555555555555 0.023958333333333335 0.04259259259259259
0 0.69296875 0.42777777777777776 0.025520833333333333 0.044444444444444446
0 0.32578125 0.43425925925925923 0.025520833333333333 0.044444444444444446
0 0.23880208333333333 0.2865740740740741 0.025520833333333333 0.04351851851851852
0 0.6604166666666667 0.06481481481481481 0.025 0.044444444444444446
0 0.3575520833333333 0.2763888888888889 0.025520833333333333 0.04537037037037037
0 0.58671875 0.35324074074074074 0.024479166666666666 0.04351851851851852
0 0.6794270833333333 0.3921296296296296 0.024479166666666666 0.04537037037037037
0 0.71015625 0.37175925925925923 0.025520833333333333 0.04351851851851852
0 0.43984375 0.34675925925925927 0.024479166666666666 0.04351851851851852
0 0.5627604166666667 0.1648148148148148 0.024479166666666666 0.044444444444444446
0 0.32369791666666664 0.3148148148148148 0.024479166666666666 0.044444444444444446
0 0.5700520833333333 0.32222222222222224 0.024479166666666666 0.04259259259259259
0 0.4625 0.25092592592592594 0.023958333333333335 0.044444444444444446
0 0.43333333333333335 0.2875 0.025 0.04351851851851852
0 0.26536458333333335 0.25 0.024479166666666666 0.044444444444444446
0 0.4153645833333333 0.3726851851851852 0.0234375 0.041666666666666664
0 0.54375 0.19583333333333333 0.022916666666666665 0.04351851851851852
0 0.2859375 0.28425925925925927 0.025 0.044444444444444446
0 0.68828125 0.35 0.0265625 0.044444444444444446
0 0.45260416666666664 0.4125 0.023958333333333335 0.04351851851851852
0 0.34739583333333335 0.22453703703703703 0.023958333333333335 0.04351851851851852
0 0.32447916666666665 0.2708333333333333 0.025 0.04351851851851852
0 0.39427083333333335 0.3541666666666667 0.023958333333333335 0.04351851851851852
0 0.521875 0.15231481481481482 0.023958333333333335 0.04351851851851852
0 0.37864583333333335 0.22777777777777777 0.023958333333333335 0.044444444444444446
0 0.41328125 0.24722222222222223 0.0234375 0.04259259259259259
0 0.4046875 0.3138888888888889 0.023958333333333335 0.04259259259259259
0 0.484375 0.18564814814814815 0.023958333333333335 0.04351851851851852
0 0.4830729166666667 0.1398148148148148 0.0234375 0.044444444444444446
0 0.5049479166666667 0.12361111111111112 0.0234375 0.04351851851851852
0 0.3671875 0.19305555555555556 0.023958333333333335 0.04351851851851852
0 0.42916666666666664 0.2 0.022916666666666665 0.040740740740740744
0 0.4375 0.2462962962962963 0.022916666666666665 0.04259259259259259
0 0.40625 0.20694444444444443 0.022916666666666665 0.04351851851851852
0 0.45286458333333335 0.21388888888888888 0.0234375 0.04259259259259259
0 0.43645833333333334 0.16064814814814815 0.022916666666666665 0.04351851851851852
0 0.4125 0.16620370370370371 0.022916666666666665 0.04351851851851852
0 0.4578125 0.17592592592592593 0.022916666666666665 0.040740740740740744
0 0.38984375 0.17916666666666667 0.022395833333333334 0.04351851851851852