0 0.41770833333333335 0.5787037037037037 0.023958333333333335 0.044444444444444446
0 0.6799479166666667 0.28055555555555556 0.025520833333333333 0.044444444444444446
0 0.64921875 0.22268518518518518 0.024479166666666666 0.04351851851851852
0 0.396875 0.47129629629629627 0.025 0.046296296296296294
0 0.25364583333333335 0.19722222222222222 0.023958333333333335 0.04259259259259259
0 0.6403645833333333 0.35694444444444445 0.024479166666666666 0.04537037037037037
0 0.65625 0.6893518518518519 0.026041666666666668 0.04722222222222222
0 0.6658854166666667 0.5347222222222222 0.025520833333333333 0.04537037037037037
0 0.6778645833333333 0.6287037037037037 0.0265625 0.046296296296296294
0 0.4734375 0.5351851851851852 0.023958333333333335 0.044444444444444446
0 0.3731770833333333 0.6231481481481481 0.025520833333333333 0.046296296296296294
0 0.6075520833333333 0.3907407407407407 0.024479166666666666 0.044444444444444446
0 0.7479166666666667 0.674537037037037 0.028125 0.04722222222222222
0 0.35130208333333335 0.16898148148148148 0.0234375 0.04351851851851852
0 0.39765625 0.8 0.025520833333333333 0.04814814814814815
0 0.46979166666666666 0.19814814814814816 0.022916666666666665 0.04259259259259259
0 0.6075520833333333 0.8037037037037037 0.0265625 0.04814814814814815
0 0.6643229166666667 0.7944444444444444 0.0265625 0.04814814814814815
0 0.5651041666666666 0.5009259259259259 0.025 0.044444444444444446
0 0.7013020833333333 0.4888888888888889 0.0265625 0.046296296296296294
0 0.29973958333333334 0.7435185185185185 0.0265625 0.04814814814814815
0 0.3265625 0.3472222222222222 0.025 0.04259259259259259
0 0.5661458333333333 0.38935185185185184 0.025 0.04351851851851852
0 0.434375 0.6074074074074074 0.025 0.044444444444444446
0 0.30911458333333336 0.2828703703703704 0.025520833333333333 0.04537037037037037
0 0.6502604166666667 0.3976851851851852 0.025520833333333333 0.04351851851851852
0 0.2830729166666667 0.3509259259259259 0.025520833333333333 0.044444444444444446
0 0.4786458333333333 0.39444444444444443 0.025 0.044444444444444446
0 0.32317708333333334 0.42592592592592593 0.024479166666666666 0.044444444444444446
0 0.3731770833333333 0.8060185185185185 0.024479166666666666 0.04537037037037037
0 0.31197916666666664 0.7018518518518518 0.026041666666666668 0.046296296296296294
0 0.7106770833333333 0.7814814814814814 0.0265625 0.04814814814814815
0 0.6447916666666667 0.5027777777777778 0.026041666666666668 0.046296296296296294
0 0.6854166666666667 0.7555555555555555 0.027083333333333334 0.04814814814814815
0 0.33645833333333336 0.3837962962962963 0.025 0.041666666666666664
0 0.29401041666666666 0.7949074074074074 0.0265625 0.04722222222222222
0 0.18828125 0.4759259259259259 0.025520833333333333 0.044444444444444446
0 0.42109375 0.22361111111111112 0.0234375 0.04351851851851852
0 0.7049479166666667 0.12453703703703704 0.025520833333333333 0.04537037037037037
0 0.2109375 0.43287037037037035 0.025 0.04351851851851852
0 0.7122395833333334 0.836574074074074 0.027604166666666666 0.049074074074074076
0 0.678125 0.8495370370370371 0.027083333333333334 0.049074074074074076
0 0.33697916666666666 0.7981481481481482 0.025 0.046296296296296294
0 0.37265625 0.3314814814814815 0.025520833333333333 0.044444444444444446
0 0.453125 0.5675925925925925 0.023958333333333335 0.044444444444444446
0 0.3932291666666667 0.5861111111111111 0.023958333333333335 0.044444444444444446
0 0.35260416666666666 0.8347222222222223 0.025 0.04722222222222222
0 0.23072916666666668 0.22870370370370371 0.025 0.044444444444444446
0 0.44817708333333334 0.4842592592592593 0.0234375 0.044444444444444446
0 0.32083333333333336 0.8421296296296297 0.025 0.04722222222222222
0 0.6895833333333333 0.8083333333333333 0.026041666666666668 0.046296296296296294
0 0.3736979166666667 0.4148148148148148 0.024479166666666666 0.044444444444444446
0 0.37395833333333334 0.2013888888888889 0.023958333333333335 0.04351851851851852
0 0.4244791666666667 0.48194444444444445 0.023958333333333335 0.04351851851851852
0 0.3497395833333333 0.43842592592592594 0.024479166666666666 0.04351851851851852
0 0.37213541666666666 0.8597222222222223 0.0265625 0.04722222222222222
0 0.29739583333333336 0.8393518518518519 0.025 0.04722222222222222
0 0.4822916666666667 0.3435185185185185 0.023958333333333335 0.044444444444444446
0 0.378125 0.287962962962963 0.026041666666666668 0.04259259259259259
0 0.27682291666666664 0.18935185185185185 0.024479166666666666 0.04351851851851852
0 0.31276041666666665 0.18981481481481483 0.024479166666666666 0.044444444444444446
0 0.3372395833333333 0.28703703703703703 0.024479166666666666 0.044444444444444446
0 0.7252604166666666 0.10138888888888889 0.025520833333333333 0.04537037037037037
0 0.7018229166666666 0.0625 0.025520833333333333 0.04537037037037037
0 0.6658854166666667 0.36064814814814816 0.024479166666666666 0.04351851851851852
0 0.6083333333333333 0.262037037037037 0.025 0.044444444444444446
0 0.659375 0.26157407407407407 0.026041666666666668 0.04537037037037037
0 0.5046875 0.3282407407407407 0.023958333333333335 0.04351851851851852
0 0.6700520833333333 0.3194444444444444 0.025520833333333333 0.044444444444444446
0 0.6102604166666666 0.19117592592592592 0.025 0.046296296296296294
0 0.22942708333333334 0.17222222222222222 0.024479166666666666 0.044444444444444446
0 0.4315104166666667 0.43703703703703706 0.0234375 0.04259259259259259
0 0.3984375 0.18703703703703703 0.022916666666666665 0.04259259259259259
0 0.6325520833333333 0.2611111111111111 0.024479166666666666 0.044444444444444446
0 0.66328125 0.0625 0.024479166666666666 0.04537037037037037
0 0.3744479166666667 0.1601388888888889 0.02365625 0.042499999999999996
0 0.675 0.11342592592592593 0.025 0.04537037037037037
0 0.40625 0.42592592592592593 0.023958333333333335 0.044444444444444446
0 0.47317708333333336 0.28425925925925927 0.0234375 0.044444444444444446
0 0.5203125 0.28703703703703703 0.023958333333333335 0.044444444444444446
0 0.6760416666666667 0.21481481481481482 0.021875 0.04259259259259259
0 0.5080729166666667 0.23703703703703705 0.024479166666666666 0.04259259259259259
0 0.42135416666666664 0.18333333333333332 0.023958333333333335 0.04259259259259259
0 0.25052083333333336 0.15694444444444444 0.023958333333333335 0.04351851851851852
0 0.6921875 0.24444444444444444 0.025 0.044444444444444446
0 0.3296875 0.16203703703703703 0.022916666666666665 0.044444444444444446
0 0.4473958333333333 0.18935185185185185 0.022916666666666665 0.04351851851851852
0 0.6263020833333334 0.22268518518518518 0.025520833333333333 0.049074074074074076
0 0.49713541666666666 0.27546296296296297 0.0234375 0.04351851851851852
0 0.6799479166666667 0.16018518518518518 0.024479166666666666 0.044444444444444446
0 0.63984375 0.15555555555555556 0.0234375 0.044444444444444446
0 0.6158854166666666 0.15046296296296297 0.025520833333333333 0.04351851851851852
0 0.6587239583333333 0.1862777777777778 0.027786458333333333 0.04822222222222222