0 0.6270833333333333 0.3055555555555556 0.025 0.046296296296296294
0 0.5869791666666667 0.37222222222222223 0.025 0.044444444444444446
0 0.4591145833333333 0.5611111111111111 0.024479166666666666 0.044444444444444446
0 0.6888020833333334 0.2462962962962963 0.025520833333333333 0.044444444444444446
0 0.59453125 0.2537037037037037 0.024479166666666666 0.046296296296296294
0 0.5671875 0.32592592592592595 0.025 0.044444444444444446
0 0.37838541666666664 0.4324074074074074 0.024479166666666666 0.046296296296296294
0 0.34817708333333336 0.6583333333333333 0.024479166666666666 0.044444444444444446
0 0.40546875 0.7185185185185186 0.025520833333333333 0.046296296296296294
0 0.5856770833333333 0.16944444444444445 0.024479166666666666 0.046296296296296294
0 0.49296875 0.4824074074074074 0.025520833333333333 0.044444444444444446
0 0.49947916666666664 0.2833333333333333 0.023958333333333335 0.044444444444444446
0 0.6369791666666667 0.2162037037037037 0.025 0.04537037037037037
0 0.375 0.8527777777777777 0.026041666666666668 0.04814814814814815
0 0.25494791666666666 0.4527777777777778 0.025520833333333333 0.044444444444444446
0 0.23151041666666666 0.6138888888888889 0.027604166666666666 0.046296296296296294
0 0.25416666666666665 0.30972222222222223 0.025 0.04537037037037037
0 0.40703125 0.4444444444444444 0.024479166666666666 0.044444444444444446
0 0.5705729166666667 0.2462962962962963 0.024479166666666666 0.044444444444444446
0 0.7111979166666667 0.8356481481481481 0.027604166666666666 0.049074074074074076
0 0.2916666666666667 0.44074074074074077 0.026041666666666668 0.044444444444444446
0 0.4703125 0.5236111111111111 0.025 0.04537037037037037
0 0.36432291666666666 0.23148148148148148 0.024479166666666666 0.044444444444444446
0 0.42578125 0.18703703703703703 0.024479166666666666 0.044444444444444446
0 0.41744791666666664 0.6287037037037037 0.024479166666666666 0.04259259259259259
0 0.7091145833333333 0.7828703703703703 0.027604166666666666 0.049074074074074076
0 0.18776041666666668 0.47824074074074074 0.025520833333333333 0.04537037037037037
0 0.23671875 0.42824074074074076 0.024479166666666666 0.04351851851851852
0 0.359375 0.7078703703703704 0.025 0.04537037037037037
0 0.33515625 0.7175925925925926 0.024479166666666666 0.046296296296296294
0 0.6877604166666667 0.8092592592592592 0.027604166666666666 0.04814814814814815
0 0.6708333333333333 0.8444444444444444 0.027083333333333334 0.04814814814814815
0 0.3020833333333333 0.8296296296296296 0.026041666666666668 0.04814814814814815
0 0.27447916666666666 0.2740740740740741 0.025 0.044444444444444446
0 0.66875 0.21851851851851853 0.025 0.046296296296296294
0 0.6604166666666667 0.8 0.027083333333333334 0.05
0 0.5588541666666667 0.20185185185185187 0.023958333333333335 0.044444444444444446
0 0.32447916666666665 0.6685185185185185 0.025 0.044444444444444446
0 0.3346354166666667 0.8944444444444445 0.025520833333333333 0.04814814814814815
0 0.3489583333333333 0.8550925925925926 0.026041666666666668 0.049074074074074076
0 0.4817708333333333 0.44166666666666665 0.023958333333333335 0.044444444444444446
0 0.29791666666666666 0.662962962962963 0.026041666666666668 0.046296296296296294
0 0.3765625 0.675 0.023958333333333335 0.044444444444444446
0 0.39921875 0.37407407407407406 0.025520833333333333 0.044444444444444446
0 0.43307291666666664 0.44074074074074077 0.0234375 0.04259259259259259
0 0.6833333333333333 0.763425925925926 0.027083333333333334 0.049074074074074076
0 0.6591145833333333 0.1787037037037037 0.025520833333333333 0.044444444444444446
0 0.5447916666666667 0.15185185185185185 0.023958333333333335 0.044444444444444446
0 0.3072916666666667 0.8763888888888889 0.023958333333333335 0.04722222222222222
0 0.39114583333333336 0.1865740740740741 0.023958333333333335 0.04537037037037037
0 0.2760416666666667 0.324537037037037 0.023958333333333335 0.041666666666666664
0 0.2833333333333333 0.8875 0.027083333333333334 0.04722222222222222
0 0.70078125 0.12916666666666668 0.025520833333333333 0.04537037037037037
0 0.4934895833333333 0.40370370370370373 0.025520833333333333 0.044444444444444446
0 0.4671875 0.5995370370370371 0.025 0.04351851851851852
0 0.7419270833333333 0.687037037037037 0.028645833333333332 0.04814814814814815
0 0.3932291666666667 0.6402777777777777 0.025 0.04537037037037037
0 0.3463541666666667 0.19768518518518519 0.025 0.04537037037037037
0 0.4119791666666667 0.6722222222222223 0.025 0.044444444444444446
0 0.6721354166666667 0.12453703703703704 0.025520833333333333 0.04537037037037037
0 0.4778645833333333 0.15555555555555556 0.024479166666666666 0.044444444444444446
0 0.43984375 0.6134259259259259 0.0234375 0.04351851851851852
0 0.7223958333333333 0.10555555555555556 0.025 0.046296296296296294
0 0.634375 0.16203703703703703 0.023958333333333335 0.046296296296296294
0 0.45260416666666664 0.4074074074074074 0.023958333333333335 0.044444444444444446
0 0.4361979166666667 0.3712962962962963 0.024479166666666666 0.044444444444444446
0 0.20859375 0.4375 0.024479166666666666 0.04351851851851852
0 0.4578125 0.6402777777777777 0.025 0.04537037037037037
0 0.28463541666666664 0.4013888888888889 0.025520833333333333 0.041666666666666664
0 0.30026041666666664 0.9203703703703704 0.027604166666666666 0.05
0 0.39895833333333336 0.5476851851851852 0.025 0.04537037037037037
0 0.22994791666666667 0.23194444444444445 0.025520833333333333 0.04537037037037037
0 0.6833333333333333 0.17037037037037037 0.025 0.046296296296296294
0 0.43463541666666666 0.6578703703703703 0.024479166666666666 0.04537037037037037
0 0.6994791666666667 0.06759259259259259 0.025 0.046296296296296294
0 0.6598958333333333 0.0699074074074074 0.025 0.04537037037037037
0 0.3640625 0.587037037037037 0.025 0.046296296296296294
0 0.2609375 0.3611111111111111 0.025 0.044444444444444446
0 0.28984375 0.3574074074074074 0.024479166666666666 0.04259259259259259
0 0.29583333333333334 0.6180555555555556 0.026041666666666668 0.04537037037037037
0 0.31979166666666664 0.6222222222222222 0.023958333333333335 0.044444444444444446
0 0.38776041666666666 0.5986111111111111 0.0234375 0.041666666666666664
0 0.3072916666666667 0.2898148148148148 0.025 0.044444444444444446
0 0.43411458333333336 0.5736111111111111 0.024479166666666666 0.04351851851851852
0 0.30572916666666666 0.2462962962962963 0.025 0.04259259259259259
0 0.6104166666666667 0.1638888888888889 0.023958333333333335 0.044444444444444446
0 0.3684895833333333 0.6351851851851852 0.024479166666666666 0.044444444444444446
0 0.253125 0.20601851851851852 0.023958333333333335 0.04351851851851852
0 0.4114583333333333 0.5879629629629629 0.023958333333333335 0.044444444444444446
0 0.34322916666666664 0.6166666666666667 0.023958333333333335 0.044444444444444446
0 0.2755208333333333 0.19537037037037036 0.025 0.044444444444444446
0 0.22916666666666666 0.1884259259259259 0.023958333333333335 0.04351851851851852
0 0.24921875 0.16574074074074074 0.024479166666666666 0.044444444444444446