0 0.6083333333333333 0.3888888888888889 0.025 0.044444444444444446
0 0.6682291666666667 0.5324074074074074 0.026041666666666668 0.046296296296296294
0 0.565625 0.3662037037037037 0.023958333333333335 0.04537037037037037
0 0.44765625 0.6180555555555556 0.024479166666666666 0.04537037037037037
0 0.6625 0.6175925925925926 0.027083333333333334 0.046296296296296294
0 0.6575520833333334 0.6856481481481481 0.0265625 0.04722222222222222
0 0.41848958333333336 0.6958333333333333 0.025520833333333333 0.04537037037037037
0 0.47291666666666665 0.5962962962962963 0.023958333333333335 0.044444444444444446
0 0.365625 0.6717592592592593 0.025 0.04537037037037037
0 0.5924479166666666 0.1986111111111111 0.025520833333333333 0.04537037037037037
0 0.65703125 0.38055555555555554 0.025520833333333333 0.044444444444444446
0 0.225 0.475 0.025 0.044444444444444446
0 0.31328125 0.7287037037037037 0.0265625 0.04814814814814815
0 0.5671875 0.49675925925925923 0.026041666666666668 0.04537037037037037
0 0.39947916666666666 0.8018518518518518 0.026041666666666668 0.04814814814814815
0 0.6239583333333333 0.16712962962962963 0.025 0.04537037037037037
0 0.5265625 0.5101851851851852 0.025 0.044444444444444446
0 0.7044270833333334 0.48518518518518516 0.027604166666666666 0.046296296296296294
0 0.5518229166666667 0.3287037037037037 0.024479166666666666 0.044444444444444446
0 0.2760416666666667 0.4305555555555556 0.025 0.044444444444444446
0 0.33567708333333335 0.45231481481481484 0.024479166666666666 0.04351851851851852
0 0.46432291666666664 0.5574074074074075 0.024479166666666666 0.044444444444444446
0 0.440625 0.524074074074074 0.023958333333333335 0.044444444444444446
0 0.6408854166666667 0.34629629629629627 0.025520833333333333 0.044444444444444446
0 0.29192708333333334 0.7962962962962963 0.025520833333333333 0.046296296296296294
0 0.19166666666666668 0.47453703703703703 0.027083333333333334 0.04537037037037037
0 0.37473958333333335 0.8074074074074075 0.024479166666666666 0.046296296296296294
0 0.6447916666666667 0.5023148148148148 0.026041666666666668 0.04722222222222222
0 0.3098958333333333 0.32037037037037036 0.023958333333333335 0.044444444444444446
0 0.3372395833333333 0.8004629629629629 0.025520833333333333 0.04722222222222222
0 0.7111979166666667 0.7819444444444444 0.027604166666666666 0.049074074074074076
0 0.6651041666666667 0.7935185185185185 0.027083333333333334 0.05
0 0.7515625 0.6694444444444444 0.028125 0.04814814814814815
0 0.6575520833333334 0.2916666666666667 0.025520833333333333 0.044444444444444446
0 0.3484375 0.1884259259259259 0.021875 0.041666666666666664
0 0.6481770833333333 0.24768518518518517 0.025520833333333333 0.04537037037037037
0 0.4825520833333333 0.5296296296296297 0.0234375 0.044444444444444446
0 0.5286458333333334 0.16527777777777777 0.023958333333333335 0.04537037037037037
0 0.5041666666666667 0.524074074074074 0.022916666666666665 0.04259259259259259
0 0.37083333333333335 0.2625 0.025 0.04351851851851852
0 0.5916666666666667 0.1476851851851852 0.023958333333333335 0.04537037037037037
0 0.49765625 0.3194444444444444 0.024479166666666666 0.044444444444444446
0 0.6671875 0.33796296296296297 0.025 0.044444444444444446
0 0.3651041666666667 0.36574074074074076 0.025 0.044444444444444446
0 0.37265625 0.8601851851851852 0.0265625 0.04814814814814815
0 0.30859375 0.4361111111111111 0.0234375 0.04259259259259259
0 0.4205729166666667 0.500462962962963 0.0234375 0.04351851851851852
0 0.6442708333333333 0.12453703703703704 0.025 0.04537037037037037
0 0.32109375 0.8421296296296297 0.024479166666666666 0.04722222222222222
0 0.3536458333333333 0.8333333333333334 0.025 0.04814814814814815
0 0.39869791666666665 0.4828703703703704 0.024479166666666666 0.04537037037037037
0 0.4473958333333333 0.20416666666666666 0.022916666666666665 0.03981481481481482
0 0.5052083333333334 0.27685185185185185 0.023958333333333335 0.04259259259259259
0 0.7135416666666666 0.8361111111111111 0.028125 0.05
0 0.29765625 0.8379629629629629 0.025520833333333333 0.04814814814814815
0 0.371875 0.46620370370370373 0.025 0.04351851851851852
0 0.465625 0.500462962962963 0.023958333333333335 0.04351851851851852
0 0.6643229166666667 0.2064814814814815 0.025520833333333333 0.046296296296296294
0 0.6903645833333333 0.8101851851851852 0.0265625 0.04814814814814815
0 0.23046875 0.22870370370370371 0.025520833333333333 0.044444444444444446
0 0.52265625 0.31342592592592594 0.0234375 0.04351851851851852
0 0.33098958333333334 0.34629629629629627 0.024479166666666666 0.04259259259259259
0 0.3671875 0.42268518518518516 0.025 0.04351851851851852
0 0.32916666666666666 0.4013888888888889 0.025 0.04351851851851852
0 0.5669270833333333 0.1287037037037037 0.024479166666666666 0.044444444444444446
0 0.6794270833333333 0.8527777777777777 0.027604166666666666 0.05
0 0.68671875 0.7541666666666667 0.027604166666666666 0.049074074074074076
0 0.4734375 0.2824074074074074 0.023958333333333335 0.044444444444444446
0 0.41328125 0.22592592592592592 0.024479166666666666 0.044444444444444446
0 0.45364583333333336 0.2569444444444444 0.023958333333333335 0.04351851851851852
0 0.66328125 0.09814814814814815 0.025520833333333333 0.044444444444444446
0 0.2981770833333333 0.22407407407407406 0.022395833333333334 0.044444444444444446
0 0.63359375 0.08564814814814815 0.025520833333333333 0.04537037037037037
0 0.5856770833333333 0.09953703703703703 0.024479166666666666 0.04351851851851852
0 0.53046875 0.27361111111111114 0.0234375 0.04351851851851852
0 0.31666666666666665 0.25324074074074077 0.022916666666666665 0.04351851851851852
0 0.28828125 0.3060185185185185 0.024479166666666666 0.04351851851851852
0 0.33984375 0.24444444444444444 0.024479166666666666 0.044444444444444446
0 0.48854166666666665 0.24166666666666667 0.023958333333333335 0.04259259259259259
0 0.22734375 0.16296296296296298 0.0234375 0.044444444444444446
0 0.27734375 0.20046296296296295 0.0234375 0.04351851851851852
0 0.65703125 0.05787037037037037 0.024479166666666666 0.04351851851851852
0 0.47213541666666664 0.21296296296296297 0.0234375 0.04259259259259259
0 0.4005208333333333 0.1736111111111111 0.023958333333333335 0.04351851851851852
0 0.3033854166666667 0.1824074074074074 0.021354166666666667 0.037037037037037035
0 0.25338541666666664 0.19305555555555556 0.0234375 0.04351851851851852
0 0.25 0.15185185185185185 0.023958333333333335 0.044444444444444446
0 0.36822916666666666 0.21203703703703702 0.023958333333333335 0.04259259259259259
0 0.43020833333333336 0.1814814814814815 0.022916666666666665 0.04259259259259259
0 0.3268229166666667 0.21157407407407408 0.0234375 0.041666666666666664
0 0.35625 0.15 0.023958333333333335 0.044444444444444446
0 0.37421875 0.1736111111111111 0.0234375 0.041666666666666664
0 0.32526041666666666 0.17175925925925925 0.0234375 0.04351851851851852