0 0.6981770833333333 0.25416666666666665 0.025520833333333333 0.04537037037037037
0 0.7333333333333333 0.38287037037037036 0.028125 0.04722222222222222
0 0.5690104166666666 0.6347222222222222 0.025520833333333333 0.04537037037037037
0 0.72421875 0.24166666666666667 0.025520833333333333 0.044444444444444446
0 0.5645833333333333 0.687037037037037 0.027083333333333334 0.046296296296296294
0 0.17552083333333332 0.4777777777777778 0.027083333333333334 0.046296296296296294
0 0.37109375 0.8379629629629629 0.0265625 0.04814814814814815
0 0.22473958333333333 0.45092592592592595 0.0265625 0.044444444444444446
0 0.18541666666666667 0.4134259259259259 0.026041666666666668 0.04537037037037037
0 0.33359375 0.7967592592592593 0.0265625 0.04722222222222222
0 0.65 0.5601851851851852 0.026041666666666668 0.046296296296296294
0 0.7223958333333333 0.6958333333333333 0.027083333333333334 0.04722222222222222
0 0.28411458333333334 0.7851851851851852 0.0265625 0.04814814814814815
0 0.22864583333333333 0.3925925925925926 0.026041666666666668 0.044444444444444446
0 0.3268229166666667 0.8453703703703703 0.025520833333333333 0.046296296296296294
0 0.28072916666666664 0.5467592592592593 0.025 0.04537037037037037
0 0.6833333333333333 0.19166666666666668 0.025 0.046296296296296294
0 0.6119791666666666 0.799074074074074 0.027083333333333334 0.04814814814814815
0 0.31875 0.638425925925926 0.027083333333333334 0.04722222222222222
0 0.32395833333333335 0.5745370370370371 0.026041666666666668 0.04537037037037037
0 0.35442708333333334 0.875 0.0265625 0.04814814814814815
0 0.69453125 0.5282407407407408 0.0265625 0.04537037037037037
0 0.20130208333333333 0.3560185185185185 0.0265625 0.04537037037037037
0 0.6638020833333333 0.16574074074074074 0.025520833333333333 0.044444444444444446
0 0.70703125 0.7722222222222223 0.027604166666666666 0.046296296296296294
0 0.7111979166666667 0.5652777777777778 0.0265625 0.04722222222222222
0 0.28541666666666665 0.45092592592592595 0.025 0.044444444444444446
0 0.30182291666666666 0.8143518518518519 0.024479166666666666 0.04537037037037037
0 0.66875 0.600925925925926 0.027083333333333334 0.046296296296296294
0 0.20208333333333334 0.29907407407407405 0.026041666666666668 0.044444444444444446
0 0.6588541666666666 0.7541666666666667 0.027083333333333334 0.04722222222222222
0 0.56171875 0.1699074074074074 0.024479166666666666 0.04537037037037037
0 0.7036458333333333 0.725925925925926 0.027083333333333334 0.04814814814814815
0 0.6958333333333333 0.15231481481481482 0.025 0.04537037037037037
0 0.65234375 0.7083333333333334 0.0265625 0.04814814814814815
0 0.6705729166666666 0.6782407407407407 0.027604166666666666 0.04722222222222222
0 0.6901041666666666 0.8046296296296296 0.027083333333333334 0.04814814814814815
0 0.2791666666666667 0.8287037037037037 0.025 0.046296296296296294
0 0.69453125 0.5986111111111111 0.025520833333333333 0.04537037037037037
0 0.5252604166666667 0.5745370370370371 0.025520833333333333 0.04537037037037037
0 0.6385416666666667 0.8004629629629629 0.026041666666666668 0.04722222222222222
0 0.2635416666666667 0.8953703703703704 0.027083333333333334 0.04814814814814815
0 0.45677083333333335 0.3212962962962963 0.025 0.044444444444444446
0 0.6765625 0.5587962962962963 0.025 0.04537037037037037
0 0.30833333333333335 0.8833333333333333 0.026041666666666668 0.046296296296296294
0 0.5611979166666666 0.11481481481481481 0.024479166666666666 0.044444444444444446
0 0.41015625 0.5888888888888889 0.024479166666666666 0.044444444444444446
0 0.425 0.2796296296296296 0.025 0.044444444444444446
0 0.6078125 0.09398148148148149 0.025 0.04537037037037037
0 0.6151041666666667 0.8467592592592592 0.027083333333333334 0.049074074074074076
0 0.24583333333333332 0.2740740740740741 0.025 0.044444444444444446
0 0.684375 0.6393518518518518 0.026041666666666668 0.04722222222222222
0 0.2635416666666667 0.48935185185185187 0.025 0.04351851851851852
0 0.7 0.05185185185185185 0.025 0.044444444444444446
0 0.696875 0.6810185185185185 0.026041666666666668 0.04722222222222222
0 0.6486979166666667 0.1310185185185185 0.025520833333333333 0.04537037037037037
0 0.6770833333333334 0.7231481481481481 0.026041666666666668 0.046296296296296294
0 0.5375 0.1 0.023958333333333335 0.04259259259259259
0 0.5286458333333334 0.1763888888888889 0.022916666666666665 0.04351851851851852
0 0.37526041666666665 0.29953703703703705 0.024479166666666666 0.04351851851851852
0 0.6859375 0.08657407407407407 0.025 0.04351851851851852
0 0.69296875 0.8532407407407407 0.0265625 0.049074074074074076
0 0.28567708333333336 0.8726851851851852 0.0234375 0.04537037037037037
0 0.6643229166666667 0.7986111111111112 0.0265625 0.04722222222222222
0 0.49895833333333334 0.1787037037037037 0.022916666666666665 0.04259259259259259
0 0.6408854166666667 0.8481481481481481 0.0265625 0.04814814814814815
0 0.6296875 0.058333333333333334 0.025 0.044444444444444446
0 0.46875 0.5777777777777777 0.025 0.044444444444444446
0 0.1984375 0.1962962962962963 0.025 0.044444444444444446
0 0.6778645833333333 0.12546296296296297 0.024479166666666666 0.041666666666666664
0 0.5549479166666667 0.5032407407407408 0.024479166666666666 0.04351851851851852
0 0.6671875 0.8472222222222222 0.026041666666666668 0.04814814814814815
0 0.3072916666666667 0.2708333333333333 0.025 0.04537037037037037
0 0.2526041666666667 0.14953703703703702 0.025 0.04722222222222222
0 0.5333333333333333 0.4675925925925926 0.025 0.044444444444444446
0 0.31223958333333335 0.49212962962962964 0.025520833333333333 0.04537037037037037
0 0.3109375 0.5337962962962963 0.025 0.04351851851851852
0 0.284375 0.9194444444444444 0.027083333333333334 0.04814814814814815
0 0.6622395833333333 0.09583333333333334 0.024479166666666666 0.04351851851851852
0 0.27578125 0.2671296296296296 0.024479166666666666 0.04351851851851852
0 0.44140625 0.2310185185185185 0.024479166666666666 0.04351851851851852
0 0.49192708333333335 0.1398148148148148 0.0234375 0.04259259259259259
0 0.54453125 0.5412037037037037 0.024479166666666666 0.04351851851851852
0 0.32421875 0.38101851851851853 0.025520833333333333 0.04537037037037037
0 0.44375 0.5898148148148148 0.023958333333333335 0.04259259259259259
0 0.2875 0.4981481481481482 0.023958333333333335 0.044444444444444446
0 0.38333333333333336 0.5675925925925925 0.025 0.044444444444444446
0 0.6325520833333333 0.1 0.024479166666666666 0.044444444444444446
0 0.4825520833333333 0.412962962962963 0.024479166666666666 0.046296296296296294
0 0.23567708333333334 0.17453703703703705 0.0234375 0.04351851851851852
0 0.653125 0.05787037037037037 0.022916666666666665 0.04351851851851852
0 0.33619791666666665 0.5324074074074074 0.024479166666666666 0.044444444444444446
0 0.44895833333333335 0.40185185185185185 0.023958333333333335 0.044444444444444446
0 0.42265625 0.3333333333333333 0.024479166666666666 0.04259259259259259
0 0.2596354166666667 0.24166666666666667 0.024479166666666666 0.044444444444444446
0 0.6559895833333333 0.6393518518518518 0.0265625 0.04722222222222222
0 0.47161458333333334 0.1824074074074074 0.022395833333333334 0.04259259259259259
0 0.353125 0.3611111111111111 0.025 0.044444444444444446
0 0.22786458333333334 0.2513888888888889 0.0234375 0.04351851851851852
0 0.2078125 0.23425925925925925 0.023958333333333335 0.04259259259259259
0 0.5401041666666667 0.13935185185185187 0.022916666666666665 0.041666666666666664
0 0.4817708333333333 0.45231481481481484 0.023958333333333335 0.04351851851851852
0 0.40130208333333334 0.3800925925925926 0.024479166666666666 0.04351851851851852
0 0.428125 0.5592592592592592 0.023958333333333335 0.04259259259259259
0 0.3645833333333333 0.5337962962962963 0.023958333333333335 0.04351851851851852
0 0.4114583333333333 0.5291666666666667 0.023958333333333335 0.04351851851851852
0 0.28932291666666665 0.23287037037037037 0.0234375 0.04351851851851852
0 0.5283854166666667 0.5092592592592593 0.0234375 0.04259259259259259
0 0.31197916666666664 0.22870370370370371 0.023958333333333335 0.04259259259259259
0 0.4278645833333333 0.3736111111111111 0.024479166666666666 0.04351851851851852
0 0.47760416666666666 0.5375 0.023958333333333335 0.04351851851851852
0 0.51484375 0.13518518518518519 0.022395833333333334 0.040740740740740744
0 0.39817708333333335 0.2712962962962963 0.0234375 0.04259259259259259
0 0.5013020833333334 0.5648148148148148 0.024479166666666666 0.04259259259259259
0 0.22682291666666668 0.21203703703703702 0.0234375 0.04259259259259259
0 0.35182291666666665 0.44212962962962965 0.025520833333333333 0.04537037037037037
0 0.4114583333333333 0.4842592592592593 0.023958333333333335 0.04259259259259259
0 0.3385416666666667 0.2439814814814815 0.023958333333333335 0.04351851851851852
0 0.43333333333333335 0.5069444444444444 0.023958333333333335 0.04351851851851852
0 0.2875 0.19305555555555556 0.022916666666666665 0.041666666666666664
0 0.5075520833333333 0.4828703703703704 0.024479166666666666 0.04351851851851852
0 0.45208333333333334 0.5467592592592593 0.023958333333333335 0.041666666666666664
0 0.2669270833333333 0.18055555555555555 0.0234375 0.044444444444444446
0 0.44895833333333335 0.17083333333333334 0.023958333333333335 0.04351851851851852
0 0.37604166666666666 0.25277777777777777 0.022916666666666665 0.04259259259259259
0 0.35625 0.49444444444444446 0.023958333333333335 0.04259259259259259
0 0.24973958333333332 0.20601851851851852 0.022395833333333334 0.041666666666666664
0 0.45859375 0.46620370370370373 0.0234375 0.04351851851851852
0 0.50234375 0.5236111111111111 0.024479166666666666 0.04351851851851852
0 0.3859375 0.5138888888888888 0.023958333333333335 0.04259259259259259
0 0.4265625 0.17175925925925925 0.022916666666666665 0.04351851851851852
0 0.5036458333333333 0.44074074074074077 0.023958333333333335 0.044444444444444446
0 0.35442708333333334 0.1865740740740741 0.0234375 0.04351851851851852
0 0.38177083333333334 0.42962962962962964 0.023958333333333335 0.04259259259259259
0 0.48411458333333335 0.49537037037037035 0.0234375 0.04259259259259259
0 0.31015625 0.1884259259259259 0.0234375 0.04351851851851852
0 0.38385416666666666 0.4703703703703704 0.023958333333333335 0.04259259259259259
0 0.41640625 0.2111111111111111 0.022395833333333334 0.040740740740740744
0 0.39557291666666666 0.22685185185185186 0.0234375 0.04259259259259259
0 0.46015625 0.5078703703703704 0.024479166666666666 0.04351851851851852
0 0.3489583333333333 0.4013888888888889 0.023958333333333335 0.041666666666666664
0 0.4270833333333333 0.4185185185185185 0.023958333333333335 0.04259259259259259
0 0.33177083333333335 0.19907407407407407 0.021875 0.040740740740740744
0 0.40182291666666664 0.18055555555555555 0.022395833333333334 0.04259259259259259
0 0.37109375 0.3921296296296296 0.0234375 0.041666666666666664
0 0.40651041666666665 0.44351851851851853 0.024479166666666666 0.044444444444444446
0 0.37890625 0.1986111111111111 0.0234375 0.041666666666666664
0 0.43020833333333336 0.46064814814814814 0.021875 0.041666666666666664
0 0.3611979166666667 0.22453703703703703 0.022395833333333334 0.041666666666666664