0 0.37786458333333334 0.4828703703703704 0.025520833333333333 0.04351851851851852
0 0.62265625 0.337037037037037 0.025520833333333333 0.044444444444444446
0 0.29140625 0.4462962962962963 0.024479166666666666 0.044444444444444446
0 0.37526041666666665 0.42962962962962964 0.025520833333333333 0.044444444444444446
0 0.33932291666666664 0.425 0.025520833333333333 0.044444444444444446
0 0.6973958333333333 0.27824074074074073 0.026041666666666668 0.04722222222222222
0 0.5661458333333333 0.6583333333333333 0.026041666666666668 0.046296296296296294
0 0.51796875 0.5694444444444444 0.025520833333333333 0.046296296296296294
0 0.7263020833333333 0.4125 0.0265625 0.04722222222222222
0 0.5471354166666667 0.17777777777777778 0.024479166666666666 0.044444444444444446
0 0.19635416666666666 0.43472222222222223 0.026041666666666668 0.04537037037037037
0 0.3296875 0.8296296296296296 0.027083333333333334 0.05
0 0.17526041666666667 0.4736111111111111 0.0265625 0.04537037037037037
0 0.34088541666666666 0.262037037037037 0.025520833333333333 0.044444444444444446
0 0.4283854166666667 0.19027777777777777 0.0234375 0.04351851851851852
0 0.22864583333333333 0.3990740740740741 0.026041666666666668 0.044444444444444446
0 0.4393229166666667 0.7023148148148148 0.0265625 0.04722222222222222
0 0.7419270833333333 0.23194444444444445 0.0265625 0.04722222222222222
0 0.453125 0.18472222222222223 0.023958333333333335 0.04537037037037037
0 0.7434895833333334 0.3611111111111111 0.027604166666666666 0.04814814814814815
0 0.5096354166666667 0.14351851851851852 0.024479166666666666 0.044444444444444446
0 0.6838541666666667 0.2212962962962963 0.026041666666666668 0.046296296296296294
0 0.4002604166666667 0.7537037037037037 0.0265625 0.04814814814814815
0 0.7174479166666666 0.24861111111111112 0.0265625 0.04537037037037037
0 0.23098958333333333 0.3138888888888889 0.025520833333333333 0.044444444444444446
0 0.38203125 0.20324074074074075 0.024479166666666666 0.04351851851851852
0 0.34609375 0.7796296296296297 0.025520833333333333 0.046296296296296294
0 0.4471354166666667 0.5078703703703704 0.025520833333333333 0.04722222222222222
0 0.30833333333333335 0.875 0.026041666666666668 0.05
0 0.3541666666666667 0.22407407407407406 0.023958333333333335 0.044444444444444446
0 0.628125 0.29305555555555557 0.026041666666666668 0.04537037037037037
0 0.29375 0.29583333333333334 0.023958333333333335 0.04351851851851852
0 0.41041666666666665 0.7097222222222223 0.025 0.04722222222222222
0 0.4635416666666667 0.4462962962962963 0.023958333333333335 0.044444444444444446
0 0.28177083333333336 0.4101851851851852 0.025 0.04259259259259259
0 0.27890625 0.25972222222222224 0.0234375 0.041666666666666664
0 0.5453125 0.1375 0.023958333333333335 0.04351851851851852
0 0.32395833333333335 0.6486111111111111 0.026041666666666668 0.04537037037037037
0 0.26901041666666664 0.29768518518518516 0.0234375 0.04351851851851852
0 0.7111979166666667 0.20324074074074075 0.025520833333333333 0.04537037037037037
0 0.3151041666666667 0.40694444444444444 0.025 0.04537037037037037
0 0.4557291666666667 0.6217592592592592 0.026041666666666668 0.04537037037037037
0 0.40078125 0.1685185185185185 0.024479166666666666 0.044444444444444446
0 0.43463541666666666 0.45740740740740743 0.025520833333333333 0.044444444444444446
0 0.4140625 0.663425925925926 0.025 0.04537037037037037
0 0.6950520833333333 0.5990740740740741 0.0265625 0.04814814814814815
0 0.3098958333333333 0.6907407407407408 0.025 0.046296296296296294
0 0.4739583333333333 0.5305555555555556 0.025 0.046296296296296294
0 0.36692708333333335 0.7537037037037037 0.025520833333333333 0.046296296296296294
0 0.6755208333333333 0.18194444444444444 0.026041666666666668 0.04537037037037037
0 0.28098958333333335 0.8217592592592593 0.0265625 0.04722222222222222
0 0.43828125 0.6560185185185186 0.025520833333333333 0.04722222222222222
0 0.334375 0.7425925925925926 0.025 0.046296296296296294
0 0.35130208333333335 0.6611111111111111 0.025520833333333333 0.046296296296296294
0 0.628125 0.5277777777777778 0.026041666666666668 0.046296296296296294
0 0.4864583333333333 0.45787037037037037 0.023958333333333335 0.04351851851851852
0 0.55234375 0.5212962962962963 0.024479166666666666 0.04259259259259259
0 0.3848958333333333 0.7208333333333333 0.025 0.04537037037037037
0 0.4203125 0.36527777777777776 0.025 0.04537037037037037
0 0.6984375 0.48703703703703705 0.027083333333333334 0.04814814814814815
0 0.43463541666666666 0.5981481481481481 0.024479166666666666 0.044444444444444446
0 0.2630208333333333 0.888425925925926 0.027083333333333334 0.04722222222222222
0 0.3729166666666667 0.6833333333333333 0.025 0.044444444444444446
0 0.44244791666666666 0.14722222222222223 0.024479166666666666 0.044444444444444446
0 0.6140625 0.7967592592592593 0.027083333333333334 0.05092592592592592
0 0.2734375 0.3453703703703704 0.026041666666666668 0.044444444444444446
0 0.2950520833333333 0.37175925925925923 0.024479166666666666 0.04351851851851852
0 0.615625 0.8462962962962963 0.027083333333333334 0.05
0 0.2984375 0.6541666666666667 0.025 0.04537037037037037
0 0.28151041666666665 0.625 0.025520833333333333 0.046296296296296294
0 0.7208333333333333 0.1375 0.026041666666666668 0.04537037037037037
0 0.6026041666666667 0.538425925925926 0.026041666666666668 0.04722222222222222
0 0.7122395833333334 0.5657407407407408 0.0265625 0.04814814814814815
0 0.28359375 0.9162037037037037 0.027604166666666666 0.049074074074074076
0 0.7231770833333333 0.6953703703703704 0.027604166666666666 0.04814814814814815
0 0.5044270833333333 0.5356481481481481 0.024479166666666666 0.04537037037037037
0 0.44453125 0.3314814814814815 0.024479166666666666 0.044444444444444446
0 0.35520833333333335 0.7134259259259259 0.025 0.04537037037037037
0 0.30885416666666665 0.612037037037037 0.026041666666666668 0.04814814814814815
0 0.5276041666666667 0.11296296296296296 0.023958333333333335 0.044444444444444446
0 0.5856770833333333 0.49398148148148147 0.024479166666666666 0.04537037037037037
0 0.6174479166666667 0.05555555555555555 0.025520833333333333 0.046296296296296294
0 0.5270833333333333 0.5217592592592593 0.023958333333333335 0.04537037037037037
0 0.6934895833333333 0.8527777777777777 0.0265625 0.04814814814814815
0 0.28567708333333336 0.8666666666666667 0.024479166666666666 0.046296296296296294
0 0.70625 0.7689814814814815 0.028125 0.049074074074074076
0 0.33307291666666666 0.6981481481481482 0.024479166666666666 0.044444444444444446
0 0.7130208333333333 0.08194444444444444 0.026041666666666668 0.04537037037037037
0 0.43072916666666666 0.40925925925925927 0.025 0.04259259259259259
0 0.36171875 0.18564814814814815 0.0234375 0.04537037037037037
0 0.6359375 0.6097222222222223 0.026041666666666668 0.04722222222222222
0 0.5145833333333333 0.4861111111111111 0.023958333333333335 0.044444444444444446
0 0.6994791666666667 0.16435185185185186 0.026041666666666668 0.04537037037037037
0 0.659375 0.7537037037037037 0.027083333333333334 0.04814814814814815
0 0.690625 0.8041666666666667 0.027083333333333334 0.049074074074074076
0 0.7033854166666667 0.7231481481481481 0.0265625 0.04814814814814815
0 0.6419270833333334 0.8532407407407407 0.0265625 0.049074074074074076
0 0.6916666666666667 0.4337962962962963 0.026041666666666668 0.04722222222222222
0 0.6486979166666667 0.7111111111111111 0.0265625 0.04814814814814815
0 0.6393229166666666 0.8050925925925926 0.0265625 0.049074074074074076
0 0.6604166666666667 0.06666666666666667 0.025 0.046296296296296294
0 0.45546875 0.3680555555555556 0.024479166666666666 0.04351851851851852
0 0.5463541666666667 0.4060185185185185 0.025 0.04537037037037037
0 0.6377604166666667 0.09259259259259259 0.024479166666666666 0.044444444444444446
0 0.6640625 0.7981481481481482 0.026041666666666668 0.04814814814814815
0 0.3171875 0.22175925925925927 0.023958333333333335 0.04351851851851852
0 0.62265625 0.5708333333333333 0.0265625 0.04722222222222222
0 0.6033854166666667 0.4652777777777778 0.025520833333333333 0.04537037037037037
0 0.5036458333333333 0.40555555555555556 0.023958333333333335 0.044444444444444446
0 0.56171875 0.43796296296296294 0.025520833333333333 0.046296296296296294
0 0.23255208333333333 0.26990740740740743 0.024479166666666666 0.04351851851851852
0 0.46875 0.487962962962963 0.025 0.044444444444444446
0 0.6671875 0.8472222222222222 0.026041666666666668 0.04814814814814815
0 0.6776041666666667 0.13842592592592592 0.025 0.04537037037037037
0 0.6901041666666666 0.0587962962962963 0.025 0.04537037037037037
0 0.2557291666666667 0.2638888888888889 0.023958333333333335 0.044444444444444446
0 0.33619791666666665 0.19907407407407407 0.024479166666666666 0.044444444444444446
0 0.6458333333333334 0.6643518518518519 0.027083333333333334 0.04722222222222222
0 0.48046875 0.4162037037037037 0.024479166666666666 0.03981481481481482
0 0.4546875 0.4097222222222222 0.023958333333333335 0.04351851851851852
0 0.6552083333333333 0.11990740740740741 0.025 0.04537037037037037
0 0.6591145833333333 0.6273148148148148 0.0265625 0.04722222222222222
0 0.66875 0.524537037037037 0.026041666666666668 0.04537037037037037
0 0.64765625 0.5587962962962963 0.025520833333333333 0.04722222222222222
0 0.4908854166666667 0.5009259259259259 0.0234375 0.044444444444444446
0 0.6861979166666666 0.5550925925925926 0.0265625 0.04722222222222222
0 0.6677083333333333 0.5833333333333334 0.026041666666666668 0.046296296296296294
0 0.6763020833333333 0.7208333333333333 0.0265625 0.04722222222222222
0 0.30026041666666664 0.24814814814814815 0.024479166666666666 0.04259259259259259
0 0.22005208333333334 0.23564814814814813 0.024479166666666666 0.04351851851851852
0 0.684375 0.6388888888888888 0.026041666666666668 0.04814814814814815
0 0.5375 0.48333333333333334 0.023958333333333335 0.04259259259259259
0 0.6755208333333333 0.4666666666666667 0.026041666666666668 0.046296296296296294
0 0.67109375 0.6759259259259259 0.0265625 0.04814814814814815
0 0.6981770833333333 0.6777777777777778 0.0265625 0.04814814814814815
0 0.6471354166666666 0.5009259259259259 0.025520833333333333 0.046296296296296294
0 0.5328125 0.4412037037037037 0.025 0.04537037037037037
0 0.28854166666666664 0.21481481481481482 0.023958333333333335 0.044444444444444446
0 0.67734375 0.09537037037037037 0.024479166666666666 0.044444444444444446
0 0.6989583333333333 0.11805555555555555 0.025 0.04537037037037037
0 0.24088541666666666 0.21851851851851853 0.024479166666666666 0.044444444444444446
0 0.21979166666666666 0.19490740740740742 0.023958333333333335 0.04351851851851852
0 0.26510416666666664 0.1865740740740741 0.023958333333333335 0.04351851851851852
0 0.24244791666666668 0.1787037037037037 0.0234375 0.044444444444444446
0 0.628125 0.47129629629629627 0.025 0.044444444444444446
0 0.2671875 0.22546296296296298 0.023958333333333335 0.04351851851851852
0 0.6510416666666666 0.45787037037037037 0.025 0.04537037037037037
0 0.509375 0.44583333333333336 0.023958333333333335 0.04351851851851852
0 0.5611979166666666 0.48009259259259257 0.024479166666666666 0.04537037037037037