0 0.6231770833333333 0.45231481481481484 0.027604166666666666 0.04722222222222222
0 0.6966145833333334 0.14583333333333334 0.027604166666666666 0.04722222222222222
0 0.7364583333333333 0.2337962962962963 0.026041666666666668 0.04537037037037037
0 0.7359375 0.3675925925925926 0.027083333333333334 0.046296296296296294
0 0.61953125 0.08888888888888889 0.024479166666666666 0.044444444444444446
0 0.5880208333333333 0.36018518518518516 0.025 0.044444444444444446
0 0.175 0.475462962962963 0.027083333333333334 0.04537037037037037
0 0.5322916666666667 0.6833333333333333 0.026041666666666668 0.046296296296296294
0 0.28072916666666664 0.5449074074074074 0.026041666666666668 0.04351851851851852
0 0.6424479166666667 0.0962962962962963 0.024479166666666666 0.04259259259259259
0 0.37447916666666664 0.8462962962962963 0.026041666666666668 0.04814814814814815
0 0.18489583333333334 0.4115740740740741 0.026041666666666668 0.04537037037037037
0 0.49713541666666666 0.6513888888888889 0.025520833333333333 0.04537037037037037
0 0.6828125 0.06296296296296296 0.025 0.044444444444444446
0 0.28541666666666665 0.49537037037037035 0.026041666666666668 0.044444444444444446
0 0.22291666666666668 0.44722222222222224 0.026041666666666668 0.044444444444444446
0 0.55625 0.4074074074074074 0.025 0.044444444444444446
0 0.4171875 0.7097222222222223 0.026041666666666668 0.04722222222222222
0 0.20130208333333333 0.3541666666666667 0.0265625 0.04537037037037037
0 0.6955729166666667 0.487962962962963 0.0265625 0.046296296296296294
0 0.5565104166666667 0.13657407407407407 0.024479166666666666 0.04351851851851852
0 0.6130208333333333 0.7976851851851852 0.027083333333333334 0.049074074074074076
0 0.228125 0.3907407407407407 0.026041666666666668 0.044444444444444446
0 0.2752604166666667 0.7013888888888888 0.0265625 0.04722222222222222
0 0.41822916666666665 0.5740740740740741 0.025 0.044444444444444446
0 0.33151041666666664 0.7523148148148148 0.025520833333333333 0.04537037037037037
0 0.20182291666666666 0.29814814814814816 0.025520833333333333 0.044444444444444446
0 0.32838541666666665 0.8527777777777777 0.025520833333333333 0.046296296296296294
0 0.29296875 0.6699074074074074 0.025520833333333333 0.04537037037037037
0 0.65625 0.05787037037037037 0.023958333333333335 0.04351851851851852
0 0.35703125 0.324537037037037 0.025520833333333333 0.04537037037037037
0 0.253125 0.4703703703703704 0.026041666666666668 0.044444444444444446
0 0.3328125 0.799074074074074 0.026041666666666668 0.046296296296296294
0 0.7223958333333333 0.6962962962962963 0.028125 0.04814814814814815
0 0.70625 0.7703703703703704 0.027083333333333334 0.046296296296296294
0 0.71171875 0.5648148148148148 0.0265625 0.04814814814814815
0 0.35625 0.8796296296296297 0.026041666666666668 0.04814814814814815
0 0.46848958333333335 0.175 0.024479166666666666 0.044444444444444446
0 0.30755208333333334 0.7138888888888889 0.025520833333333333 0.044444444444444446
0 0.5651041666666666 0.6111111111111112 0.025 0.044444444444444446
0 0.26276041666666666 0.8925925925925926 0.0265625 0.04814814814814815
0 0.44921875 0.5949074074074074 0.024479166666666666 0.04537037037037037
0 0.5138020833333333 0.1310185185185185 0.0234375 0.04351851851851852
0 0.528125 0.6351851851851852 0.025 0.044444444444444446
0 0.6388020833333333 0.8027777777777778 0.025520833333333333 0.04814814814814815
0 0.35859375 0.5125 0.024479166666666666 0.04351851851851852
0 0.28098958333333335 0.4532407407407407 0.025520833333333333 0.04351851851851852
0 0.7033854166666667 0.7245370370370371 0.0265625 0.04722222222222222
0 0.5109375 0.20277777777777778 0.023958333333333335 0.04259259259259259
0 0.6106770833333334 0.549537037037037 0.024479166666666666 0.04351851851851852
0 0.32916666666666666 0.5180555555555556 0.025 0.041666666666666664
0 0.65859375 0.7541666666666667 0.0265625 0.04722222222222222
0 0.6151041666666667 0.8472222222222222 0.027083333333333334 0.05
0 0.27838541666666666 0.8263888888888888 0.025520833333333333 0.04722222222222222
0 0.6903645833333333 0.8050925925925926 0.0265625 0.04722222222222222
0 0.6520833333333333 0.7087962962962963 0.026041666666666668 0.04722222222222222
0 0.559375 0.3226851851851852 0.025 0.04537037037037037
0 0.3221354166666667 0.47638888888888886 0.024479166666666666 0.041666666666666664
0 0.24609375 0.2722222222222222 0.024479166666666666 0.04259259259259259
0 0.64296875 0.5486111111111112 0.025520833333333333 0.04537037037037037
0 0.6916666666666667 0.5333333333333333 0.026041666666666668 0.044444444444444446
0 0.2833333333333333 0.7833333333333333 0.026041666666666668 0.046296296296296294
0 0.6705729166666666 0.6782407407407407 0.0265625 0.04722222222222222
0 0.6598958333333333 0.6365740740740741 0.027083333333333334 0.04722222222222222
0 0.30703125 0.7583333333333333 0.024479166666666666 0.044444444444444446
0 0.253125 0.14583333333333334 0.025 0.04537037037037037
0 0.30703125 0.8819444444444444 0.025520833333333333 0.04537037037037037
0 0.3065104166666667 0.26851851851851855 0.024479166666666666 0.044444444444444446
0 0.6856770833333333 0.6388888888888888 0.0265625 0.04814814814814815
0 0.28671875 0.7384259259259259 0.024479166666666666 0.04537037037037037
0 0.19869791666666667 0.19074074074074074 0.024479166666666666 0.044444444444444446
0 0.69296875 0.8537037037037037 0.0265625 0.04814814814814815
0 0.5609375 0.5208333333333334 0.025 0.04537037037037037
0 0.28463541666666664 0.8694444444444445 0.0234375 0.044444444444444446
0 0.2760416666666667 0.2638888888888889 0.023958333333333335 0.04259259259259259
0 0.228125 0.24768518518518517 0.023958333333333335 0.04351851851851852
0 0.6682291666666667 0.55 0.025 0.044444444444444446
0 0.64140625 0.8518518518518519 0.0265625 0.04814814814814815
0 0.28359375 0.9180555555555555 0.0265625 0.049074074074074076
0 0.5046875 0.2518518518518518 0.022916666666666665 0.044444444444444446
0 0.6979166666666666 0.6796296296296296 0.026041666666666668 0.04814814814814815
0 0.3026041666666667 0.8138888888888889 0.025 0.044444444444444446
0 0.6770833333333334 0.7222222222222222 0.026041666666666668 0.046296296296296294
0 0.54296875 0.5796296296296296 0.024479166666666666 0.044444444444444446
0 0.6643229166666667 0.7986111111111112 0.025520833333333333 0.04722222222222222
0 0.55234375 0.28425925925925927 0.024479166666666666 0.044444444444444446
0 0.5299479166666666 0.16574074074074074 0.0234375 0.04259259259259259
0 0.36432291666666666 0.41435185185185186 0.025520833333333333 0.04537037037037037
0 0.5221354166666666 0.4078703703703704 0.024479166666666666 0.04351851851851852
0 0.38984375 0.5074074074074074 0.024479166666666666 0.04259259259259259
0 0.4921875 0.6083333333333333 0.025 0.044444444444444446
0 0.34296875 0.2375 0.024479166666666666 0.04351851851851852
0 0.6671875 0.8476851851851852 0.026041666666666668 0.04722222222222222
0 0.4046875 0.45925925925925926 0.025 0.044444444444444446
0 0.4515625 0.3560185185185185 0.025 0.04537037037037037
0 0.5177083333333333 0.587037037037037 0.025 0.044444444444444446
0 0.565625 0.5648148148148148 0.023958333333333335 0.044444444444444446
0 0.6703125 0.5958333333333333 0.025 0.04537037037037037
0 0.4375 0.5231481481481481 0.023958333333333335 0.04259259259259259
0 0.5846354166666666 0.537962962962963 0.024479166666666666 0.044444444444444446
0 0.31197916666666664 0.22361111111111112 0.023958333333333335 0.041666666666666664
0 0.4125 0.5185185185185185 0.023958333333333335 0.04259259259259259
0 0.43515625 0.20694444444444443 0.0234375 0.041666666666666664
0 0.28932291666666665 0.22962962962962963 0.0234375 0.04259259259259259
0 0.2078125 0.23055555555555557 0.023958333333333335 0.04259259259259259
0 0.23567708333333334 0.1712962962962963 0.0234375 0.04259259259259259
0 0.42734375 0.41805555555555557 0.024479166666666666 0.04351851851851852
0 0.39348958333333334 0.26342592592592595 0.024479166666666666 0.04351851851851852
0 0.3875 0.34120370370370373 0.023958333333333335 0.04351851851851852
0 0.54140625 0.20694444444444443 0.0234375 0.041666666666666664
0 0.4244791666666667 0.3287037037037037 0.023958333333333335 0.044444444444444446
0 0.5315104166666667 0.26296296296296295 0.0234375 0.04259259259259259
0 0.2591145833333333 0.23842592592592593 0.024479166666666666 0.041666666666666664
0 0.35703125 0.17916666666666667 0.0234375 0.04351851851851852
0 0.38255208333333335 0.38564814814814813 0.025520833333333333 0.04351851851851852
0 0.5552083333333333 0.2375 0.022916666666666665 0.041666666666666664
0 0.47161458333333334 0.45601851851851855 0.024479166666666666 0.041666666666666664
0 0.22708333333333333 0.20833333333333334 0.023958333333333335 0.04259259259259259
0 0.5059895833333333 0.4861111111111111 0.025520833333333333 0.044444444444444446
0 0.37005208333333334 0.21574074074074073 0.0234375 0.04259259259259259
0 0.2872395833333333 0.18981481481481483 0.0234375 0.04259259259259259
0 0.5036458333333333 0.44212962962962965 0.025 0.04351851851851852
0 0.5002604166666667 0.38842592592592595 0.0234375 0.04351851851851852
0 0.4036458333333333 0.3 0.023958333333333335 0.04259259259259259
0 0.43359375 0.4583333333333333 0.024479166666666666 0.044444444444444446
0 0.41015625 0.19537037037037036 0.024479166666666666 0.04259259259259259
0 0.45703125 0.5537037037037037 0.024479166666666666 0.04259259259259259
0 0.3875 0.18935185185185185 0.022916666666666665 0.04351851851851852
0 0.45 0.487962962962963 0.023958333333333335 0.044444444444444446
0 0.5041666666666667 0.5273148148148148 0.023958333333333335 0.04351851851851852
0 0.31015625 0.18333333333333332 0.0234375 0.04259259259259259
0 0.4734375 0.5837962962962963 0.023958333333333335 0.04351851851851852
0 0.4119791666666667 0.2361111111111111 0.023958333333333335 0.04259259259259259
0 0.4002604166666667 0.4162037037037037 0.0234375 0.041666666666666664
0 0.47421875 0.33287037037037037 0.0234375 0.04351851851851852
0 0.4635416666666667 0.28425925925925927 0.023958333333333335 0.04259259259259259
0 0.52734375 0.5337962962962963 0.0234375 0.04351851851851852
0 0.24973958333333332 0.2037037037037037 0.0234375 0.040740740740740744
0 0.49635416666666665 0.5666666666666667 0.023958333333333335 0.04259259259259259
0 0.49895833333333334 0.34629629629629627 0.023958333333333335 0.040740740740740744
0 0.2671875 0.17685185185185184 0.022916666666666665 0.04259259259259259
0 0.4375 0.2550925925925926 0.023958333333333335 0.041666666666666664
0 0.4796875 0.5398148148148149 0.023958333333333335 0.04259259259259259
0 0.33177083333333335 0.19444444444444445 0.022916666666666665 0.040740740740740744
0 0.48802083333333335 0.2962962962962963 0.022916666666666665 0.04259259259259259
0 0.4395833333333333 0.2949074074074074 0.023958333333333335 0.041666666666666664
0 0.4752604166666667 0.49722222222222223 0.024479166666666666 0.044444444444444446
0 0.6403645833333333 0.5949074074074074 0.0265625 0.04537037037037037
0 0.6955729166666667 0.5958333333333333 0.0265625 0.04722222222222222