0 0.7010416666666667 0.2513888888888889 0.026041666666666668 0.04537037037037037
0 0.6828125 0.39351851851851855 0.027083333333333334 0.04814814814814815
0 0.7356770833333334 0.23472222222222222 0.0265625 0.04537037037037037
0 0.753125 0.36342592592592593 0.027083333333333334 0.04722222222222222
0 0.6231770833333333 0.3587962962962963 0.025520833333333333 0.04537037037037037
0 0.53359375 0.6782407407407407 0.0265625 0.04722222222222222
0 0.68515625 0.1884259259259259 0.025520833333333333 0.04537037037037037
0 0.6158854166666666 0.29212962962962963 0.025520833333333333 0.04537037037037037
0 0.3572916666666667 0.32592592592592595 0.027083333333333334 0.046296296296296294
0 0.28072916666666664 0.5444444444444444 0.025 0.044444444444444446
0 0.37421875 0.8435185185185186 0.0265625 0.04814814814814815
0 0.3294270833333333 0.5222222222222223 0.024479166666666666 0.04259259259259259
0 0.17552083333333332 0.475462962962963 0.027083333333333334 0.04537037037037037
0 0.18541666666666667 0.4115740740740741 0.026041666666666668 0.04537037037037037
0 0.22864583333333333 0.3912037037037037 0.026041666666666668 0.04537037037037037
0 0.22291666666666668 0.44814814814814813 0.026041666666666668 0.044444444444444446
0 0.275 0.7013888888888888 0.026041666666666668 0.04722222222222222
0 0.28515625 0.49583333333333335 0.024479166666666666 0.04351851851851852
0 0.2015625 0.3541666666666667 0.026041666666666668 0.04351851851851852
0 0.33177083333333335 0.7523148148148148 0.026041666666666668 0.04537037037037037
0 0.359375 0.5254629629629629 0.025 0.04351851851851852
0 0.4158854166666667 0.7074074074074074 0.0265625 0.046296296296296294
0 0.6190104166666667 0.5425925925925926 0.025520833333333333 0.046296296296296294
0 0.20208333333333334 0.29814814814814816 0.026041666666666668 0.044444444444444446
0 0.29348958333333336 0.6699074074074074 0.025520833333333333 0.04537037037037037
0 0.6950520833333333 0.48518518518518516 0.0265625 0.046296296296296294
0 0.6130208333333333 0.7976851851851852 0.027083333333333334 0.049074074074074076
0 0.32864583333333336 0.8523148148148149 0.026041666666666668 0.04722222222222222
0 0.3328125 0.7986111111111112 0.026041666666666668 0.04537037037037037
0 0.6388020833333333 0.47175925925925927 0.025520833333333333 0.04537037037037037
0 0.5822916666666667 0.6064814814814815 0.026041666666666668 0.046296296296296294
0 0.35651041666666666 0.8782407407407408 0.0265625 0.049074074074074076
0 0.25338541666666664 0.4703703703703704 0.025520833333333333 0.044444444444444446
0 0.31328125 0.48842592592592593 0.024479166666666666 0.04351851851851852
0 0.6638020833333333 0.16018518518518518 0.025520833333333333 0.044444444444444446
0 0.30807291666666664 0.7138888888888889 0.025520833333333333 0.044444444444444446
0 0.596875 0.26064814814814813 0.025 0.04537037037037037
0 0.4401041666666667 0.5375 0.023958333333333335 0.04351851851851852
0 0.2630208333333333 0.8935185185185185 0.027083333333333334 0.04814814814814815
0 0.7223958333333333 0.6953703703703704 0.027083333333333334 0.04814814814814815
0 0.38958333333333334 0.5092592592592593 0.023958333333333335 0.044444444444444446
0 0.28072916666666664 0.4532407407407407 0.025 0.04351851851851852
0 0.38828125 0.2800925925925926 0.024479166666666666 0.04351851851851852
0 0.7111979166666667 0.5648148148148148 0.0265625 0.04814814814814815
0 0.41302083333333334 0.5208333333333334 0.023958333333333335 0.04351851851851852
0 0.6416666666666667 0.5981481481481481 0.026041666666666668 0.046296296296296294
0 0.4635416666666667 0.5259259259259259 0.023958333333333335 0.044444444444444446
0 0.5627604166666667 0.10601851851851851 0.0234375 0.04351851851851852
0 0.4505208333333333 0.16203703703703703 0.023958333333333335 0.044444444444444446
0 0.48932291666666666 0.5569444444444445 0.024479166666666666 0.04537037037037037
0 0.7067708333333333 0.7708333333333334 0.027083333333333334 0.04722222222222222
0 0.44583333333333336 0.49537037037037035 0.023958333333333335 0.04259259259259259
0 0.6385416666666667 0.8009259259259259 0.026041666666666668 0.04814814814814815
0 0.6588541666666666 0.7541666666666667 0.027083333333333334 0.04722222222222222
0 0.6091145833333333 0.08055555555555556 0.024479166666666666 0.044444444444444446
0 0.2833333333333333 0.7833333333333333 0.026041666666666668 0.046296296296296294
0 0.6151041666666667 0.8462962962962963 0.027083333333333334 0.05
0 0.27890625 0.825925925925926 0.025520833333333333 0.046296296296296294
0 0.7033854166666667 0.7245370370370371 0.027604166666666666 0.04722222222222222
0 0.30703125 0.26851851851851855 0.024479166666666666 0.044444444444444446
0 0.6971354166666667 0.15 0.024479166666666666 0.044444444444444446
0 0.690625 0.8055555555555556 0.027083333333333334 0.04814814814814815
0 0.6575520833333334 0.6388888888888888 0.0265625 0.04814814814814815
0 0.3020833333333333 0.8125 0.025 0.04537037037037037
0 0.30755208333333334 0.7583333333333333 0.024479166666666666 0.044444444444444446
0 0.6520833333333333 0.7087962962962963 0.026041666666666668 0.04722222222222222
0 0.58671875 0.5574074074074075 0.025520833333333333 0.044444444444444446
0 0.5583333333333333 0.2324074074074074 0.023958333333333335 0.044444444444444446
0 0.24635416666666668 0.2722222222222222 0.025 0.04259259259259259
0 0.53828125 0.4736111111111111 0.024479166666666666 0.04351851851851852
0 0.55 0.4361111111111111 0.023958333333333335 0.044444444444444446
0 0.45729166666666665 0.25833333333333336 0.023958333333333335 0.04259259259259259
0 0.19895833333333332 0.19166666666666668 0.025 0.044444444444444446
0 0.6705729166666666 0.6782407407407407 0.0265625 0.04722222222222222
0 0.27630208333333334 0.26435185185185184 0.024479166666666666 0.04351851851851852
0 0.6481770833333333 0.5143518518518518 0.025520833333333333 0.04537037037037037
0 0.5372395833333333 0.21574074074074073 0.0234375 0.044444444444444446
0 0.6950520833333333 0.5296296296296297 0.0265625 0.044444444444444446
0 0.70078125 0.05 0.025520833333333333 0.044444444444444446
0 0.53046875 0.4074074074074074 0.0234375 0.04259259259259259
0 0.5408854166666667 0.0912037037037037 0.0234375 0.04351851851851852
0 0.2872395833333333 0.7379629629629629 0.024479166666666666 0.044444444444444446
0 0.45651041666666664 0.3023148148148148 0.024479166666666666 0.04351851851851852
0 0.68515625 0.6393518518518518 0.0265625 0.04722222222222222
0 0.65 0.125 0.025 0.044444444444444446
0 0.6408854166666667 0.85 0.025520833333333333 0.04814814814814815
0 0.25364583333333335 0.14583333333333334 0.025 0.04537037037037037
0 0.48828125 0.5148148148148148 0.0234375 0.044444444444444446
0 0.6317708333333333 0.09166666666666666 0.025 0.044444444444444446
0 0.34296875 0.2375 0.024479166666666666 0.04351851851851852
0 0.6973958333333333 0.6796296296296296 0.026041666666666668 0.046296296296296294
0 0.48020833333333335 0.2902777777777778 0.023958333333333335 0.04351851851851852
0 0.6700520833333333 0.600462962962963 0.025520833333333333 0.04537037037037037
0 0.6927083333333334 0.8541666666666666 0.026041666666666668 0.049074074074074076
0 0.3065104166666667 0.8824074074074074 0.024479166666666666 0.044444444444444446
0 0.5166666666666667 0.32731481481481484 0.023958333333333335 0.04351851851851852
0 0.68671875 0.08518518518518518 0.024479166666666666 0.04259259259259259
0 0.2833333333333333 0.9180555555555555 0.027083333333333334 0.049074074074074076
0 0.5377604166666666 0.3648148148148148 0.0234375 0.04259259259259259
0 0.28489583333333335 0.8685185185185185 0.022916666666666665 0.044444444444444446
0 0.49375 0.12777777777777777 0.023958333333333335 0.04259259259259259
0 0.41015625 0.2638888888888889 0.024479166666666666 0.044444444444444446
0 0.6770833333333334 0.5592592592592592 0.025 0.044444444444444446
0 0.5583333333333333 0.5916666666666667 0.023958333333333335 0.044444444444444446
0 0.22838541666666667 0.24768518518518517 0.024479166666666666 0.04351851851851852
0 0.6643229166666667 0.7986111111111112 0.025520833333333333 0.04722222222222222
0 0.5184895833333333 0.18101851851851852 0.0234375 0.04351851851851852
0 0.6544270833333333 0.05185185185185185 0.0234375 0.04259259259259259
0 0.66328125 0.09074074074074075 0.024479166666666666 0.04259259259259259
0 0.6770833333333334 0.7222222222222222 0.026041666666666668 0.046296296296296294
0 0.5145833333333333 0.3773148148148148 0.022916666666666665 0.041666666666666664
0 0.6666666666666666 0.8476851851851852 0.026041666666666668 0.049074074074074076
0 0.6299479166666667 0.04953703703703704 0.024479166666666666 0.04351851851851852
0 0.2078125 0.2310185185185185 0.023958333333333335 0.04351851851851852
0 0.5630208333333333 0.549537037037037 0.023958333333333335 0.04351851851851852
0 0.47578125 0.3296296296296296 0.024479166666666666 0.04259259259259259
0 0.6518229166666667 0.5574074074074075 0.025520833333333333 0.044444444444444446
0 0.4278645833333333 0.15324074074074073 0.0234375 0.04351851851851852
0 0.28984375 0.23055555555555557 0.0234375 0.04259259259259259
0 0.496875 0.35 0.023958333333333335 0.04259259259259259
0 0.31223958333333335 0.22361111111111112 0.0234375 0.041666666666666664
0 0.5828125 0.22268518518518518 0.022916666666666665 0.041666666666666664
0 0.49635416666666665 0.1685185185185185 0.023958333333333335 0.044444444444444446
0 0.678125 0.12361111111111112 0.023958333333333335 0.041666666666666664
0 0.5169270833333334 0.13564814814814816 0.0234375 0.04351851851851852
0 0.23619791666666667 0.1712962962962963 0.0234375 0.04259259259259259
0 0.36640625 0.21481481481481482 0.0234375 0.04259259259259259
0 0.38723958333333336 0.2388888888888889 0.0234375 0.040740740740740744
0 0.2598958333333333 0.23842592592592593 0.025 0.041666666666666664
0 0.41171875 0.18194444444444444 0.0234375 0.041666666666666664
0 0.2877604166666667 0.18981481481481483 0.0234375 0.04259259259259259
0 0.22760416666666666 0.20833333333333334 0.023958333333333335 0.04259259259259259
0 0.5231770833333333 0.5078703703703704 0.0234375 0.041666666666666664
0 0.57890625 0.5157407407407407 0.024479166666666666 0.04259259259259259
0 0.56171875 0.487962962962963 0.024479166666666666 0.044444444444444446
0 0.5393229166666667 0.5615740740740741 0.0234375 0.04351851851851852
0 0.35598958333333336 0.17962962962962964 0.0234375 0.04259259259259259
0 0.56796875 0.1912037037037037 0.0234375 0.041666666666666664
0 0.5484375 0.1712962962962963 0.023958333333333335 0.04259259259259259
0 0.38776041666666666 0.19074074074074074 0.0234375 0.04259259259259259
0 0.41484375 0.22268518518518518 0.0234375 0.041666666666666664
0 0.5421875 0.13240740740740742 0.022916666666666665 0.04259259259259259
0 0.51328125 0.549074074074074 0.0234375 0.04259259259259259
0 0.3106770833333333 0.18425925925925926 0.0234375 0.04259259259259259
0 0.2674479166666667 0.17731481481481481 0.0234375 0.04351851851851852
0 0.33229166666666665 0.19444444444444445 0.022916666666666665 0.040740740740740744
0 0.5455729166666666 0.5212962962962963 0.0234375 0.04259259259259259
0 0.25 0.20416666666666666 0.022916666666666665 0.041666666666666664
0 0.6950520833333333 0.5981481481481481 0.025520833333333333 0.046296296296296294