0 0.37135416666666665 0.46805555555555556 0.025 0.04351851851851852
0 0.5682291666666667 0.6587962962962963 0.026041666666666668 0.04722222222222222
0 0.2916666666666667 0.44722222222222224 0.025 0.044444444444444446
0 0.7244791666666667 0.4046296296296296 0.027083333333333334 0.046296296296296294
0 0.3299479166666667 0.8319444444444445 0.027604166666666666 0.05092592592592592
0 0.6799479166666667 0.26944444444444443 0.025520833333333333 0.044444444444444446
0 0.7057291666666666 0.25601851851851853 0.026041666666666668 0.04537037037037037
0 0.17526041666666667 0.475462962962963 0.0265625 0.04537037037037037
0 0.19661458333333334 0.4356481481481482 0.0265625 0.04537037037037037
0 0.340625 0.4078703703703704 0.025 0.04537037037037037
0 0.5604166666666667 0.6083333333333333 0.026041666666666668 0.046296296296296294
0 0.22916666666666666 0.40046296296296297 0.026041666666666668 0.04537037037037037
0 0.6184895833333334 0.3421296296296296 0.025520833333333333 0.04537037037037037
0 0.5270833333333333 0.6060185185185185 0.025 0.04537037037037037
0 0.6927083333333334 0.4773148148148148 0.027083333333333334 0.04722222222222222
0 0.62421875 0.09444444444444444 0.024479166666666666 0.044444444444444446
0 0.27317708333333335 0.3472222222222222 0.0265625 0.046296296296296294
0 0.40182291666666664 0.7560185185185185 0.025520833333333333 0.04722222222222222
0 0.30911458333333336 0.8763888888888889 0.0265625 0.049074074074074076
0 0.34765625 0.7805555555555556 0.0265625 0.04814814814814815
0 0.6744791666666666 0.18009259259259258 0.026041666666666668 0.04722222222222222
0 0.2953125 0.3726851851851852 0.025 0.04537037037037037
0 0.7106770833333333 0.20185185185185187 0.025520833333333333 0.046296296296296294
0 0.31614583333333335 0.4060185185185185 0.025 0.04537037037037037
0 0.70859375 0.36574074074074076 0.0265625 0.046296296296296294
0 0.40260416666666665 0.42685185185185187 0.023958333333333335 0.044444444444444446
0 0.28177083333333336 0.41064814814814815 0.025 0.04351851851851852
0 0.23098958333333333 0.31527777777777777 0.025520833333333333 0.04537037037037037
0 0.6880208333333333 0.22407407407407406 0.025 0.044444444444444446
0 0.28177083333333336 0.8240740740740741 0.027083333333333334 0.04814814814814815
0 0.3104166666666667 0.6921296296296297 0.025 0.04722222222222222
0 0.4625 0.47824074074074074 0.023958333333333335 0.04351851851851852
0 0.3848958333333333 0.29583333333333334 0.023958333333333335 0.04351851851851852
0 0.36380208333333336 0.33240740740740743 0.024479166666666666 0.044444444444444446
0 0.41380208333333335 0.17592592592592593 0.024479166666666666 0.044444444444444446
0 0.4393229166666667 0.7041666666666667 0.025520833333333333 0.04722222222222222
0 0.2942708333333333 0.29768518518518516 0.023958333333333335 0.04537037037037037
0 0.35546875 0.7152777777777778 0.025520833333333333 0.04537037037037037
0 0.36770833333333336 0.7527777777777778 0.025 0.046296296296296294
0 0.38619791666666664 0.7231481481481481 0.025520833333333333 0.046296296296296294
0 0.6046875 0.5703703703703704 0.026041666666666668 0.04814814814814815
0 0.35182291666666665 0.6611111111111111 0.025520833333333333 0.046296296296296294
0 0.26927083333333335 0.2986111111111111 0.023958333333333335 0.04351851851851852
0 0.33828125 0.2013888888888889 0.024479166666666666 0.04351851851851852
0 0.32395833333333335 0.649074074074074 0.025 0.046296296296296294
0 0.7111979166666667 0.5740740740740741 0.0265625 0.04814814814814815
0 0.6716145833333333 0.6712962962962963 0.027604166666666666 0.04814814814814815
0 0.33489583333333334 0.7430555555555556 0.025 0.04537037037037037
0 0.26328125 0.8902777777777777 0.027604166666666666 0.049074074074074076
0 0.7205729166666667 0.1375 0.025520833333333333 0.04722222222222222
0 0.6666666666666666 0.5824074074074074 0.027083333333333334 0.04814814814814815
0 0.5705729166666667 0.4310185185185185 0.024479166666666666 0.04351851851851852
0 0.7236979166666667 0.6949074074074074 0.027604166666666666 0.049074074074074076
0 0.6677083333333333 0.525 0.026041666666666668 0.046296296296296294
0 0.6145833333333334 0.7976851851851852 0.027083333333333334 0.05092592592592592
0 0.61640625 0.8476851851851852 0.027604166666666666 0.05092592592592592
0 0.33359375 0.6986111111111111 0.024479166666666666 0.04537037037037037
0 0.41692708333333334 0.7185185185185186 0.025520833333333333 0.046296296296296294
0 0.69453125 0.8532407407407407 0.0265625 0.049074074074074076
0 0.2859375 0.8680555555555556 0.023958333333333335 0.04722222222222222
0 0.45989583333333334 0.6222222222222222 0.025 0.046296296296296294
0 0.6533854166666667 0.06898148148148148 0.024479166666666666 0.04537037037037037
0 0.36432291666666666 0.18101851851851852 0.024479166666666666 0.04537037037037037
0 0.678125 0.7157407407407408 0.027083333333333334 0.04814814814814815
0 0.7067708333333333 0.7689814814814815 0.028125 0.04722222222222222
0 0.65546875 0.11944444444444445 0.024479166666666666 0.046296296296296294
0 0.42135416666666664 0.6736111111111112 0.025 0.04537037037037037
0 0.28151041666666665 0.6259259259259259 0.0265625 0.046296296296296294
0 0.6854166666666667 0.43472222222222223 0.026041666666666668 0.04722222222222222
0 0.43723958333333335 0.5416666666666666 0.025520833333333333 0.046296296296296294
0 0.28359375 0.9175925925925926 0.027604166666666666 0.05
0 0.3768229166666667 0.4273148148148148 0.024479166666666666 0.04351851851851852
0 0.2981770833333333 0.6560185185185186 0.025520833333333333 0.04722222222222222
0 0.42864583333333334 0.3175925925925926 0.023958333333333335 0.044444444444444446
0 0.5515625 0.5657407407407408 0.025 0.044444444444444446
0 0.7 0.16342592592592592 0.026041666666666668 0.04537037037037037
0 0.7135416666666666 0.08194444444444444 0.026041666666666668 0.04537037037037037
0 0.3734375 0.6865740740740741 0.025 0.04537037037037037
0 0.30885416666666665 0.6129629629629629 0.026041666666666668 0.04814814814814815
0 0.44114583333333335 0.5944444444444444 0.026041666666666668 0.046296296296296294
0 0.55 0.39814814814814814 0.026041666666666668 0.044444444444444446
0 0.4466145833333333 0.6606481481481481 0.025520833333333333 0.04722222222222222
0 0.46015625 0.5194444444444445 0.024479166666666666 0.04259259259259259
0 0.6403645833333333 0.8069444444444445 0.0265625 0.049074074074074076
0 0.66328125 0.7518518518518519 0.0265625 0.04814814814814815
0 0.6421875 0.8550925925925926 0.027083333333333334 0.049074074074074076
0 0.4119791666666667 0.35648148148148145 0.023958333333333335 0.044444444444444446
0 0.45859375 0.5625 0.025520833333333333 0.04722222222222222
0 0.6458333333333334 0.6217592592592592 0.027083333333333334 0.04722222222222222
0 0.4518229166666667 0.3574074074074074 0.024479166666666666 0.044444444444444446
0 0.4765625 0.5888888888888889 0.025 0.046296296296296294
0 0.6911458333333333 0.8050925925925926 0.026041666666666668 0.049074074074074076
0 0.6627604166666666 0.46111111111111114 0.025520833333333333 0.046296296296296294
0 0.7049479166666667 0.7236111111111111 0.027604166666666666 0.049074074074074076
0 0.6510416666666666 0.7125 0.027083333333333334 0.049074074074074076
0 0.44036458333333334 0.4634259259259259 0.024479166666666666 0.04537037037037037
0 0.35 0.2967592592592593 0.023958333333333335 0.04351851851851852
0 0.6463541666666667 0.6666666666666666 0.027083333333333334 0.04814814814814815
0 0.6203125 0.05277777777777778 0.025 0.044444444444444446
0 0.5002604166666667 0.5736111111111111 0.0234375 0.04351851851851852
0 0.6971354166666667 0.6699074074074074 0.0265625 0.04722222222222222
0 0.39088541666666665 0.33935185185185185 0.0234375 0.04537037037037037
0 0.66484375 0.7981481481481482 0.0265625 0.04814814814814815
0 0.6169270833333333 0.4930555555555556 0.0265625 0.04537037037037037
0 0.6677083333333333 0.8453703703703703 0.027083333333333334 0.05
0 0.67109375 0.6277777777777778 0.0265625 0.04814814814814815
0 0.375 0.2569444444444444 0.023958333333333335 0.04351851851851852
0 0.35833333333333334 0.2300925925925926 0.025 0.04351851851851852
0 0.6901041666666666 0.058333333333333334 0.025 0.044444444444444446
0 0.5635416666666667 0.475 0.025 0.044444444444444446
0 0.48411458333333335 0.42685185185185187 0.0234375 0.040740740740740744
0 0.4080729166666667 0.300462962962963 0.0234375 0.04351851851851852
0 0.6291666666666667 0.5898148148148148 0.026041666666666668 0.04814814814814815
0 0.6778645833333333 0.09398148148148149 0.024479166666666666 0.04351851851851852
0 0.5239583333333333 0.5625 0.023958333333333335 0.04351851851851852
0 0.6921875 0.6037037037037037 0.026041666666666668 0.046296296296296294
0 0.56796875 0.5337962962962963 0.024479166666666666 0.04351851851851852
0 0.3171875 0.22175925925925927 0.023958333333333335 0.04351851851851852
0 0.48203125 0.5106481481481482 0.0234375 0.04351851851851852
0 0.5028645833333333 0.5310185185185186 0.0234375 0.041666666666666664
0 0.6432291666666666 0.5120370370370371 0.026041666666666668 0.046296296296296294
0 0.67734375 0.13842592592592592 0.025520833333333333 0.04537037037037037
0 0.64609375 0.5587962962962963 0.025520833333333333 0.04722222222222222
0 0.6856770833333333 0.5550925925925926 0.0265625 0.04722222222222222
0 0.5466145833333333 0.4425925925925926 0.024479166666666666 0.044444444444444446
0 0.6989583333333333 0.1175925925925926 0.025 0.044444444444444446
0 0.54921875 0.5087962962962963 0.024479166666666666 0.04537037037037037
0 0.5299479166666666 0.48009259259259257 0.022395833333333334 0.041666666666666664
0 0.6216145833333333 0.5370370370370371 0.025520833333333333 0.046296296296296294
0 0.43020833333333336 0.3814814814814815 0.023958333333333335 0.044444444444444446
0 0.28958333333333336 0.21388888888888888 0.021875 0.03888888888888889
0 0.5096354166666667 0.4476851851851852 0.024479166666666666 0.04351851851851852
0 0.23229166666666667 0.2712962962962963 0.023958333333333335 0.044444444444444446
0 0.2557291666666667 0.26435185185185184 0.023958333333333335 0.04351851851851852
0 0.22005208333333334 0.23657407407407408 0.024479166666666666 0.04351851851851852
0 0.6375 0.4699074074074074 0.025 0.04537037037037037
0 0.27890625 0.2611111111111111 0.0234375 0.04259259259259259
0 0.2671875 0.2273148148148148 0.023958333333333335 0.04351851851851852
0 0.5260416666666666 0.5217592592592593 0.023958333333333335 0.04351851851851852
0 0.48541666666666666 0.46805555555555556 0.023958333333333335 0.04351851851851852
0 0.30026041666666664 0.2490740740740741 0.0234375 0.04259259259259259
0 0.4635416666666667 0.39490740740740743 0.023958333333333335 0.04351851851851852
0 0.5057291666666667 0.4898148148148148 0.023958333333333335 0.044444444444444446
0 0.26510416666666664 0.1865740740740741 0.022916666666666665 0.04351851851851852
0 0.24088541666666666 0.21944444444444444 0.024479166666666666 0.044444444444444446
0 0.43802083333333336 0.4203703703703704 0.023958333333333335 0.044444444444444446
0 0.46119791666666665 0.43703703703703706 0.024479166666666666 0.044444444444444446
0 0.21979166666666666 0.19583333333333333 0.023958333333333335 0.04351851851851852
0 0.24244791666666668 0.17962962962962964 0.0234375 0.044444444444444446