0 0.7234375 0.5824074074074074 0.027083333333333334 0.046296296296296294
0 0.27005208333333336 0.8263888888888888 0.0265625 0.049074074074074076
0 0.39947916666666666 0.7939814814814815 0.026041666666666668 0.04722222222222222
0 0.60625 0.7662037037037037 0.027083333333333334 0.049074074074074076
0 0.20390625 0.6055555555555555 0.027604166666666666 0.046296296296296294
0 0.7296875 0.5268518518518519 0.027083333333333334 0.046296296296296294
0 0.19921875 0.48564814814814816 0.0265625 0.04537037037037037
0 0.7497395833333333 0.5587962962962963 0.027604166666666666 0.04722222222222222
0 0.22317708333333333 0.6638888888888889 0.0265625 0.046296296296296294
0 0.39895833333333336 0.6046296296296296 0.026041666666666668 0.044444444444444446
0 0.24348958333333334 0.5023148148148148 0.0265625 0.04537037037037037
0 0.5994791666666667 0.5481481481481482 0.025 0.044444444444444446
0 0.7270833333333333 0.7078703703703704 0.028125 0.049074074074074076
0 0.23229166666666667 0.41944444444444445 0.026041666666666668 0.044444444444444446
0 0.2994791666666667 0.6787037037037037 0.026041666666666668 0.044444444444444446
0 0.2643229166666667 0.7180555555555556 0.025520833333333333 0.04722222222222222
0 0.6291666666666667 0.10185185185185185 0.025 0.044444444444444446
0 0.23776041666666667 0.7643518518518518 0.0265625 0.04722222222222222
0 0.2955729166666667 0.8222222222222222 0.025520833333333333 0.046296296296296294
0 0.3294270833333333 0.9092592592592592 0.025520833333333333 0.04814814814814815
0 0.5505208333333333 0.5513888888888889 0.025 0.04351851851851852
0 0.7036458333333333 0.5115740740740741 0.027083333333333334 0.04722222222222222
0 0.6671875 0.6180555555555556 0.026041666666666668 0.04537037037037037
0 0.5096354166666667 0.49722222222222223 0.024479166666666666 0.04259259259259259
0 0.5661458333333333 0.6375 0.026041666666666668 0.04722222222222222
0 0.3341145833333333 0.7810185185185186 0.025520833333333333 0.04537037037037037
0 0.16744791666666667 0.43472222222222223 0.0265625 0.04537037037037037
0 0.6872395833333333 0.5851851851851851 0.025520833333333333 0.046296296296296294
0 0.63046875 0.8 0.0265625 0.05
0 0.6609375 0.8018518518518518 0.027083333333333334 0.04814814814814815
0 0.28541666666666665 0.8662037037037037 0.026041666666666668 0.04722222222222222
0 0.6174479166666667 0.5157407407407407 0.0265625 0.046296296296296294
0 0.4109375 0.8912037037037037 0.027083333333333334 0.05092592592592592
0 0.7223958333333333 0.7736111111111111 0.027083333333333334 0.04722222222222222
0 0.35651041666666666 0.9203703703703704 0.0265625 0.04814814814814815
0 0.2671875 0.9004629629629629 0.027083333333333334 0.049074074074074076
0 0.37421875 0.6606481481481481 0.024479166666666666 0.04537037037037037
0 0.35390625 0.7546296296296297 0.025520833333333333 0.046296296296296294
0 0.5645833333333333 0.5893518518518519 0.025 0.04351851851851852
0 0.6541666666666667 0.6643518518518519 0.026041666666666668 0.04722222222222222
0 0.5627604166666667 0.5143518518518518 0.025520833333333333 0.04537037037037037
0 0.3651041666666667 0.7143518518518519 0.025 0.04722222222222222
0 0.2911458333333333 0.42314814814814816 0.026041666666666668 0.044444444444444446
0 0.6565104166666667 0.712037037037037 0.0265625 0.04814814814814815
0 0.6872395833333333 0.787962962962963 0.027604166666666666 0.04814814814814815
0 0.2635416666666667 0.3560185185185185 0.025 0.04351851851851852
0 0.3502604166666667 0.6726851851851852 0.024479166666666666 0.04351851851851852
0 0.32526041666666666 0.48703703703703705 0.025520833333333333 0.044444444444444446
0 0.70390625 0.687037037037037 0.0265625 0.046296296296296294
0 0.6393229166666666 0.5523148148148148 0.025520833333333333 0.04537037037037037
0 0.7221354166666667 0.11666666666666667 0.024479166666666666 0.044444444444444446
0 0.6966145833333334 0.11574074074074074 0.024479166666666666 0.044444444444444446
0 0.7057291666666666 0.7351851851851852 0.026041666666666668 0.04814814814814815
0 0.31354166666666666 0.7291666666666666 0.023958333333333335 0.04537037037037037
0 0.17864583333333334 0.21435185185185185 0.025 0.04351851851851852
0 0.6638020833333333 0.5680555555555555 0.025520833333333333 0.04537037037037037
0 0.18203125 0.36944444444444446 0.024479166666666666 0.044444444444444446
0 0.71171875 0.8148148148148148 0.027604166666666666 0.04814814814814815
0 0.33203125 0.30972222222222223 0.024479166666666666 0.04351851851851852
0 0.42604166666666665 0.5398148148148149 0.025 0.044444444444444446
0 0.71015625 0.07731481481481481 0.024479166666666666 0.04351851851851852
0 0.6794270833333333 0.7388888888888889 0.0265625 0.046296296296296294
0 0.28958333333333336 0.7222222222222222 0.023958333333333335 0.044444444444444446
0 0.6776041666666667 0.08611111111111111 0.025 0.044444444444444446
0 0.3536458333333333 0.5199074074074074 0.023958333333333335 0.04351851851851852
0 0.37890625 0.5236111111111111 0.0234375 0.04351851851851852
0 0.6364583333333333 0.043055555555555555 0.025 0.04537037037037037
0 0.60390625 0.3888888888888889 0.025520833333333333 0.046296296296296294
0 0.6796875 0.6657407407407407 0.025 0.046296296296296294
0 0.33984375 0.7194444444444444 0.0234375 0.04259259259259259
0 0.6559895833333333 0.06620370370370371 0.024479166666666666 0.04351851851851852
0 0.6143229166666667 0.8384259259259259 0.0265625 0.049074074074074076
0 0.20520833333333333 0.18935185185185185 0.025 0.04351851851851852
0 0.7028645833333333 0.03888888888888889 0.024479166666666666 0.04259259259259259
0 0.3841145833333333 0.2916666666666667 0.024479166666666666 0.044444444444444446
0 0.6932291666666667 0.8476851851851852 0.027083333333333334 0.049074074074074076
0 0.21041666666666667 0.1486111111111111 0.025 0.04351851851851852
0 0.36432291666666666 0.31296296296296294 0.024479166666666666 0.044444444444444446
0 0.22083333333333333 0.2800925925925926 0.025 0.04351851851851852
0 0.2908854166666667 0.9138888888888889 0.024479166666666666 0.046296296296296294
0 0.2877604166666667 0.20879629629629629 0.0234375 0.04351851851851852
0 0.24270833333333333 0.2625 0.025 0.04351851851851852
0 0.23567708333333334 0.34953703703703703 0.024479166666666666 0.04351851851851852
0 0.5955729166666667 0.30462962962962964 0.025520833333333333 0.044444444444444446
0 0.6408854166666667 0.8453703703703703 0.025520833333333333 0.05
0 0.49453125 0.15925925925925927 0.024479166666666666 0.044444444444444446
0 0.25 0.17592592592592593 0.023958333333333335 0.04259259259259259
0 0.3841145833333333 0.3819444444444444 0.024479166666666666 0.04537037037037037
0 0.6778645833333333 0.043055555555555555 0.024479166666666666 0.04351851851851852
0 0.20729166666666668 0.36574074074074076 0.023958333333333335 0.04259259259259259
0 0.21692708333333333 0.32407407407407407 0.024479166666666666 0.04259259259259259
0 0.31744791666666666 0.175 0.0234375 0.04259259259259259
0 0.57109375 0.16666666666666666 0.024479166666666666 0.044444444444444446
0 0.5244791666666667 0.4625 0.023958333333333335 0.04351851851851852
0 0.3138020833333333 0.21574074074074073 0.024479166666666666 0.04259259259259259
0 0.6661458333333333 0.8495370370370371 0.026041666666666668 0.049074074074074076
0 0.43046875 0.49722222222222223 0.024479166666666666 0.04259259259259259
0 0.34088541666666666 0.15185185185185185 0.024479166666666666 0.04259259259259259
0 0.22916666666666666 0.19768518518518519 0.023958333333333335 0.04351851851851852
0 0.40338541666666666 0.5254629629629629 0.0234375 0.04351851851851852
0 0.2890625 0.9597222222222223 0.027083333333333334 0.04722222222222222
0 0.3606770833333333 0.36712962962962964 0.024479166666666666 0.04537037037037037
0 0.5791666666666667 0.3907407407407407 0.023958333333333335 0.044444444444444446
0 0.4546875 0.12546296296296297 0.023958333333333335 0.04351851851851852
0 0.35963541666666665 0.47685185185185186 0.024479166666666666 0.04259259259259259
0 0.3828125 0.4824074074074074 0.023958333333333335 0.04259259259259259
0 0.40677083333333336 0.4842592592592593 0.023958333333333335 0.04259259259259259
0 0.5471354166666667 0.16805555555555557 0.0234375 0.04351851851851852
0 0.5986979166666667 0.2611111111111111 0.024479166666666666 0.04259259259259259
0 0.39505208333333336 0.44583333333333336 0.0234375 0.04351851851851852
0 0.4140625 0.3800925925925926 0.023958333333333335 0.04351851851851852
0 0.3533854166666667 0.26990740740740743 0.024479166666666666 0.04351851851851852
0 0.4401041666666667 0.45925925925925926 0.023958333333333335 0.04259259259259259
0 0.4484375 0.2050925925925926 0.023958333333333335 0.04351851851851852
0 0.56015625 0.33240740740740743 0.024479166666666666 0.044444444444444446
0 0.5549479166666667 0.4393518518518518 0.022395833333333334 0.04351851851851852
0 0.55 0.20787037037037037 0.023958333333333335 0.04351851851851852
0 0.49583333333333335 0.44166666666666665 0.023958333333333335 0.04259259259259259
0 0.34869791666666666 0.19027777777777777 0.0234375 0.041666666666666664
0 0.4231770833333333 0.4185185185185185 0.0234375 0.04259259259259259
0 0.44244791666666666 0.375 0.0234375 0.04259259259259259
0 0.5760416666666667 0.23425925925925925 0.023958333333333335 0.04259259259259259
0 0.46822916666666664 0.23194444444444445 0.023958333333333335 0.04351851851851852
0 0.4934895833333333 0.21898148148148147 0.0234375 0.04351851851851852
0 0.3497395833333333 0.22916666666666666 0.0234375 0.041666666666666664
0 0.26484375 0.20601851851851852 0.022395833333333334 0.04351851851851852
0 0.4557291666666667 0.4287037037037037 0.023958333333333335 0.04259259259259259
0 0.49270833333333336 0.3824074074074074 0.023958333333333335 0.04259259259259259
0 0.4817708333333333 0.26481481481481484 0.023958333333333335 0.044444444444444446
0 0.5127604166666667 0.40370370370370373 0.0234375 0.040740740740740744
0 0.55390625 0.38796296296296295 0.0234375 0.04259259259259259
0 0.565625 0.2824074074074074 0.023958333333333335 0.04259259259259259
0 0.471875 0.1527777777777778 0.022916666666666665 0.040740740740740744
0 0.5341145833333333 0.41898148148148145 0.0234375 0.041666666666666664
0 0.47760416666666666 0.4148148148148148 0.023958333333333335 0.04259259259259259
0 0.446875 0.1648148148148148 0.023958333333333335 0.04259259259259259
0 0.49166666666666664 0.3425925925925926 0.023958333333333335 0.046296296296296294
0 0.46588541666666666 0.3625 0.0234375 0.04351851851851852
0 0.5364583333333334 0.3351851851851852 0.022916666666666665 0.04259259259259259
0 0.5924479166666666 0.47314814814814815 0.025520833333333333 0.044444444444444446
0 0.5192708333333333 0.3055555555555556 0.023958333333333335 0.044444444444444446
0 0.5309895833333333 0.3768518518518518 0.0234375 0.04259259259259259
0 0.47421875 0.19166666666666668 0.0234375 0.04259259259259259
0 0.5536458333333333 0.24814814814814815 0.022916666666666665 0.04259259259259259
0 0.5080729166666667 0.26666666666666666 0.0234375 0.04259259259259259
0 0.5411458333333333 0.2884259259259259 0.022916666666666665 0.041666666666666664
0 0.49635416666666665 0.30185185185185187 0.023958333333333335 0.044444444444444446
0 0.5296875 0.24861111111111112 0.022916666666666665 0.041666666666666664
0 0.5143229166666666 0.3486111111111111 0.022395833333333334 0.041666666666666664