0 0.7765625 0.3287037037037037 0.029166666666666667 0.04814814814814815
0 0.7416666666666667 0.3699074074074074 0.027083333333333334 0.04537037037037037
0 0.6825520833333333 0.21435185185185185 0.025520833333333333 0.04537037037037037
0 0.69765625 0.4097222222222222 0.025520833333333333 0.04351851851851852
0 0.7260416666666667 0.14305555555555555 0.026041666666666668 0.04537037037037037
0 0.7307291666666667 0.0763888888888889 0.026041666666666668 0.04537037037037037
0 0.7604166666666666 0.21666666666666667 0.026041666666666668 0.044444444444444446
0 0.6403645833333333 0.27361111111111114 0.025520833333333333 0.04537037037037037
0 0.6776041666666667 0.3236111111111111 0.026041666666666668 0.04537037037037037
0 0.20364583333333333 0.6050925925925926 0.027083333333333334 0.04537037037037037
0 0.61796875 0.42962962962962964 0.025520833333333333 0.044444444444444446
0 0.6916666666666667 0.36064814814814816 0.026041666666666668 0.04351851851851852
0 0.7671875 0.175 0.026041666666666668 0.044444444444444446
0 0.60625 0.7680555555555556 0.027083333333333334 0.049074074074074076
0 0.7380208333333333 0.19675925925925927 0.026041666666666668 0.04537037037037037
0 0.24401041666666667 0.5018518518518519 0.0265625 0.044444444444444446
0 0.57578125 0.6888888888888889 0.0265625 0.046296296296296294
0 0.19947916666666668 0.48564814814814816 0.026041666666666668 0.04537037037037037
0 0.39505208333333336 0.7925925925925926 0.0265625 0.04814814814814815
0 0.6861979166666666 0.08657407407407407 0.025520833333333333 0.04537037037037037
0 0.5783854166666667 0.5046296296296297 0.025520833333333333 0.046296296296296294
0 0.27005208333333336 0.825462962962963 0.0265625 0.04722222222222222
0 0.3963541666666667 0.43148148148148147 0.025 0.044444444444444446
0 0.2234375 0.663425925925926 0.027083333333333334 0.04722222222222222
0 0.33880208333333334 0.6037037037037037 0.025520833333333333 0.04259259259259259
0 0.40078125 0.6069444444444444 0.025520833333333333 0.04537037037037037
0 0.5572916666666666 0.3 0.023958333333333335 0.044444444444444446
0 0.6541666666666667 0.11157407407407408 0.023958333333333335 0.04351851851851852
0 0.37916666666666665 0.8611111111111112 0.026041666666666668 0.05
0 0.7567708333333333 0.5777777777777777 0.027083333333333334 0.046296296296296294
0 0.1671875 0.4337962962962963 0.026041666666666668 0.04351851851851852
0 0.31197916666666664 0.5532407407407407 0.026041666666666668 0.04537037037037037
0 0.60625 0.10694444444444444 0.025 0.04537037037037037
0 0.23255208333333333 0.41898148148148145 0.025520833333333333 0.04351851851851852
0 0.29973958333333334 0.6782407407407407 0.025520833333333333 0.04537037037037037
0 0.6296875 0.1125 0.025 0.04537037037037037
0 0.2953125 0.8212962962962963 0.025 0.046296296296296294
0 0.7403645833333333 0.6152777777777778 0.0265625 0.04722222222222222
0 0.3796875 0.5814814814814815 0.025 0.044444444444444446
0 0.321875 0.4462962962962963 0.025 0.044444444444444446
0 0.56796875 0.2101851851851852 0.024479166666666666 0.044444444444444446
0 0.6526041666666667 0.6671296296296296 0.027083333333333334 0.04722222222222222
0 0.5442708333333334 0.2652777777777778 0.023958333333333335 0.04351851851851852
0 0.7270833333333333 0.7097222222222223 0.028125 0.049074074074074076
0 0.23802083333333332 0.7652777777777777 0.027083333333333334 0.04722222222222222
0 0.2911458333333333 0.4236111111111111 0.025 0.04351851851851852
0 0.30520833333333336 0.48842592592592593 0.025 0.04351851851851852
0 0.32864583333333336 0.9074074074074074 0.026041666666666668 0.04814814814814815
0 0.3098958333333333 0.31851851851851853 0.025 0.044444444444444446
0 0.7375 0.03611111111111111 0.026041666666666668 0.04259259259259259
0 0.33359375 0.7796296296296297 0.025520833333333333 0.046296296296296294
0 0.26484375 0.7185185185185186 0.025520833333333333 0.046296296296296294
0 0.7484375 0.5333333333333333 0.027083333333333334 0.046296296296296294
0 0.359375 0.40046296296296297 0.025 0.04351851851851852
0 0.7307291666666667 0.49907407407407406 0.027083333333333334 0.046296296296296294
0 0.2669270833333333 0.9 0.0265625 0.04814814814814815
0 0.63125 0.8 0.027083333333333334 0.05
0 0.37421875 0.6606481481481481 0.025520833333333333 0.04537037037037037
0 0.4947916666666667 0.20046296296296295 0.023958333333333335 0.04351851851851852
0 0.35520833333333335 0.7550925925925925 0.025 0.04537037037037037
0 0.6359375 0.04814814814814815 0.025 0.044444444444444446
0 0.2635416666666667 0.3560185185185185 0.025 0.04351851851851852
0 0.46328125 0.4615740740740741 0.024479166666666666 0.04351851851851852
0 0.17890625 0.21342592592592594 0.025520833333333333 0.04351851851851852
0 0.7223958333333333 0.774074074074074 0.027083333333333334 0.046296296296296294
0 0.28515625 0.8652777777777778 0.025520833333333333 0.04722222222222222
0 0.42239583333333336 0.40185185185185185 0.023958333333333335 0.04259259259259259
0 0.35520833333333335 0.9180555555555555 0.027083333333333334 0.049074074074074076
0 0.334375 0.29259259259259257 0.023958333333333335 0.044444444444444446
0 0.6833333333333333 0.5981481481481481 0.026041666666666668 0.046296296296296294
0 0.3645833333333333 0.7129629629629629 0.025 0.046296296296296294
0 0.35052083333333334 0.5652777777777778 0.025 0.04537037037037037
0 0.7049479166666667 0.5726851851851852 0.025520833333333333 0.04537037037037037
0 0.6598958333333333 0.8009259259259259 0.027083333333333334 0.04814814814814815
0 0.6565104166666667 0.7129629629629629 0.0265625 0.04814814814814815
0 0.67734375 0.6782407407407407 0.025520833333333333 0.04722222222222222
0 0.6559895833333333 0.06898148148148148 0.024479166666666666 0.041666666666666664
0 0.6911458333333333 0.6402777777777777 0.026041666666666668 0.04722222222222222
0 0.6828125 0.5481481481481482 0.026041666666666668 0.046296296296296294
0 0.7296875 0.5685185185185185 0.026041666666666668 0.046296296296296294
0 0.6864583333333333 0.7888888888888889 0.027083333333333334 0.04814814814814815
0 0.5638020833333334 0.1587962962962963 0.024479166666666666 0.04351851851851852
0 0.3502604166666667 0.6726851851851852 0.024479166666666666 0.04351851851851852
0 0.71171875 0.5300925925925926 0.0265625 0.04537037037037037
0 0.5533854166666666 0.500462962962963 0.0234375 0.04351851851851852
0 0.675 0.04351851851851852 0.025 0.04259259259259259
0 0.18177083333333333 0.3685185185185185 0.025 0.044444444444444446
0 0.46067708333333335 0.2671296296296296 0.024479166666666666 0.04537037037037037
0 0.5598958333333334 0.45740740740740743 0.023958333333333335 0.04259259259259259
0 0.31354166666666666 0.7291666666666666 0.023958333333333335 0.04537037037037037
0 0.6140625 0.8384259259259259 0.026041666666666668 0.049074074074074076
0 0.4513020833333333 0.3888888888888889 0.024479166666666666 0.044444444444444446
0 0.5549479166666667 0.41388888888888886 0.024479166666666666 0.04259259259259259
0 0.7033854166666667 0.6893518518518519 0.0265625 0.04722222222222222
0 0.34869791666666666 0.23657407407407408 0.024479166666666666 0.04351851851851852
0 0.7057291666666666 0.736574074074074 0.026041666666666668 0.04722222222222222
0 0.7111979166666667 0.8143518518518519 0.0265625 0.04537037037037037
0 0.39817708333333335 0.2324074074074074 0.024479166666666666 0.044444444444444446
0 0.6963541666666667 0.02361111111111111 0.025 0.04351851851851852
0 0.44765625 0.21805555555555556 0.024479166666666666 0.04537037037037037
0 0.22057291666666667 0.2796296296296296 0.025520833333333333 0.04259259259259259
0 0.6927083333333334 0.8467592592592592 0.027083333333333334 0.049074074074074076
0 0.5119791666666667 0.2935185185185185 0.022916666666666665 0.04259259259259259
0 0.7135416666666666 0.6203703703703703 0.026041666666666668 0.046296296296296294
0 0.24270833333333333 0.262037037037037 0.025 0.044444444444444446
0 0.5309895833333333 0.4861111111111111 0.0234375 0.04259259259259259
0 0.28932291666666665 0.7226851851851852 0.0234375 0.04351851851851852
0 0.23567708333333334 0.34953703703703703 0.024479166666666666 0.04351851851851852
0 0.5091145833333334 0.3768518518518518 0.0234375 0.04259259259259259
0 0.21067708333333332 0.14907407407407408 0.025520833333333333 0.044444444444444446
0 0.5388020833333333 0.12453703703703704 0.024479166666666666 0.04351851851851852
0 0.3138020833333333 0.21574074074074073 0.024479166666666666 0.044444444444444446
0 0.63984375 0.8458333333333333 0.025520833333333333 0.04722222222222222
0 0.2903645833333333 0.9143518518518519 0.024479166666666666 0.04537037037037037
0 0.67890625 0.7398148148148148 0.025520833333333333 0.046296296296296294
0 0.47604166666666664 0.42083333333333334 0.023958333333333335 0.041666666666666664
0 0.3390625 0.15555555555555556 0.023958333333333335 0.044444444444444446
0 0.20703125 0.36527777777777776 0.024479166666666666 0.04351851851851852
0 0.20520833333333333 0.18935185185185185 0.025 0.04351851851851852
0 0.6653645833333334 0.8490740740740741 0.025520833333333333 0.04814814814814815
0 0.53671875 0.44351851851851853 0.0234375 0.04259259259259259
0 0.3692708333333333 0.21574074074074073 0.023958333333333335 0.044444444444444446
0 0.5411458333333333 0.17731481481481481 0.022916666666666665 0.04351851851851852
0 0.33932291666666664 0.7199074074074074 0.0234375 0.04351851851851852
0 0.21692708333333333 0.3236111111111111 0.024479166666666666 0.041666666666666664
0 0.28854166666666664 0.9592592592592593 0.026041666666666668 0.04814814814814815
0 0.40729166666666666 0.1912037037037037 0.023958333333333335 0.04351851851851852
0 0.46067708333333335 0.12083333333333333 0.0234375 0.04351851851851852
0 0.48723958333333334 0.4583333333333333 0.0234375 0.04259259259259259
0 0.4479166666666667 0.15601851851851853 0.023958333333333335 0.04351851851851852
0 0.5252604166666667 0.40694444444444444 0.0234375 0.04351851851851852
0 0.2877604166666667 0.20925925925925926 0.0234375 0.04259259259259259
0 0.31744791666666666 0.17546296296296296 0.0234375 0.041666666666666664
0 0.22916666666666666 0.19722222222222222 0.023958333333333335 0.04259259259259259
0 0.48802083333333335 0.29444444444444445 0.023958333333333335 0.044444444444444446
0 0.46640625 0.18935185185185185 0.0234375 0.04351851851851852
0 0.24973958333333332 0.17592592592592593 0.024479166666666666 0.04259259259259259
0 0.5098958333333333 0.46805555555555556 0.022916666666666665 0.041666666666666664
0 0.48463541666666665 0.3814814814814815 0.024479166666666666 0.04259259259259259
0 0.4947916666666667 0.3421296296296296 0.023958333333333335 0.04351851851851852
0 0.42630208333333336 0.17037037037037037 0.0234375 0.04259259259259259
0 0.5065104166666666 0.12314814814814815 0.0234375 0.04259259259259259
0 0.3575520833333333 0.18009259259259258 0.024479166666666666 0.041666666666666664
0 0.5018229166666667 0.42314814814814816 0.0234375 0.04259259259259259
0 0.4708333333333333 0.34814814814814815 0.022916666666666665 0.04259259259259259
0 0.5203125 0.15601851851851853 0.022916666666666665 0.041666666666666664
0 0.4981770833333333 0.16064814814814815 0.022395833333333334 0.041666666666666664
0 0.47604166666666664 0.15231481481481482 0.021875 0.041666666666666664
0 0.26484375 0.20555555555555555 0.022395833333333334 0.04259259259259259