0 0.38229166666666664 0.8476851851851852 0.026041666666666668 0.05092592592592592
0 0.73203125 0.38333333333333336 0.028645833333333332 0.05
0 0.3494791666666667 0.7819444444444444 0.026041666666666668 0.04722222222222222
0 0.39505208333333336 0.7777777777777778 0.025520833333333333 0.04814814814814815
0 0.27630208333333334 0.875 0.0265625 0.04814814814814815
0 0.38828125 0.6861111111111111 0.0265625 0.046296296296296294
0 0.4153645833333333 0.8027777777777778 0.025520833333333333 0.04814814814814815
0 0.33359375 0.6861111111111111 0.025520833333333333 0.046296296296296294
0 0.28567708333333336 0.736574074074074 0.0265625 0.04722222222222222
0 0.5794270833333334 0.725925925925926 0.0265625 0.04814814814814815
0 0.5729166666666666 0.6620370370370371 0.026041666666666668 0.04814814814814815
0 0.28463541666666664 0.7847222222222222 0.0265625 0.04722222222222222
0 0.33645833333333336 0.9143518518518519 0.026041666666666668 0.049074074074074076
0 0.6794270833333333 0.31851851851851853 0.025520833333333333 0.046296296296296294
0 0.72890625 0.5824074074074074 0.0265625 0.046296296296296294
0 0.37890625 0.3527777777777778 0.0234375 0.044444444444444446
0 0.6502604166666667 0.4444444444444444 0.025520833333333333 0.046296296296296294
0 0.6354166666666666 0.18472222222222223 0.025 0.04537037037037037
0 0.5533854166666666 0.21064814814814814 0.024479166666666666 0.04537037037037037
0 0.4703125 0.14629629629629629 0.026041666666666668 0.046296296296296294
0 0.61015625 0.33935185185185185 0.024479166666666666 0.04351851851851852
0 0.42526041666666664 0.35694444444444445 0.025520833333333333 0.04537037037037037
0 0.7322916666666667 0.5282407407407408 0.026041666666666668 0.04537037037037037
0 0.6934895833333333 0.25787037037037036 0.025520833333333333 0.04537037037037037
0 0.29322916666666665 0.9074074074074074 0.023958333333333335 0.046296296296296294
0 0.4630208333333333 0.36944444444444446 0.025 0.044444444444444446
0 0.6283854166666667 0.30648148148148147 0.024479166666666666 0.044444444444444446
0 0.5125 0.2712962962962963 0.023958333333333335 0.044444444444444446
0 0.35989583333333336 0.9282407407407407 0.026041666666666668 0.05092592592592592
0 0.6354166666666666 0.8 0.027083333333333334 0.04814814814814815
0 0.753125 0.5587962962962963 0.027083333333333334 0.04722222222222222
0 0.7317708333333334 0.7069444444444445 0.028125 0.049074074074074076
0 0.61640625 0.8467592592592592 0.0265625 0.049074074074074076
0 0.4005208333333333 0.19675925925925927 0.025 0.04537037037037037
0 0.7223958333333333 0.774074074074074 0.028125 0.04814814814814815
0 0.7184895833333333 0.24351851851851852 0.025520833333333333 0.046296296296296294
0 0.4734375 0.2875 0.023958333333333335 0.04351851851851852
0 0.40130208333333334 0.6273148148148148 0.025520833333333333 0.04537037037037037
0 0.19947916666666668 0.30277777777777776 0.025 0.044444444444444446
0 0.6890625 0.20925925925925926 0.026041666666666668 0.046296296296296294
0 0.7130208333333333 0.8175925925925925 0.028125 0.04814814814814815
0 0.5466145833333333 0.1300925925925926 0.0234375 0.04351851851851852
0 0.5294270833333333 0.16018518518518518 0.0234375 0.044444444444444446
0 0.34791666666666665 0.33611111111111114 0.023958333333333335 0.044444444444444446
0 0.3575520833333333 0.19444444444444445 0.024479166666666666 0.044444444444444446
0 0.7080729166666667 0.5106481481481482 0.0265625 0.04722222222222222
0 0.21510416666666668 0.5041666666666667 0.026041666666666668 0.04537037037037037
0 0.47239583333333335 0.5986111111111111 0.025 0.04537037037037037
0 0.3296875 0.22870370370370371 0.025 0.044444444444444446
0 0.20364583333333333 0.4222222222222222 0.026041666666666668 0.044444444444444446
0 0.28671875 0.9518518518518518 0.027604166666666666 0.04814814814814815
0 0.36276041666666664 0.6222222222222222 0.024479166666666666 0.044444444444444446
0 0.23229166666666667 0.3333333333333333 0.025 0.044444444444444446
0 0.67265625 0.6143518518518518 0.0265625 0.04722222222222222
0 0.6888020833333334 0.787962962962963 0.027604166666666666 0.04814814814814815
0 0.6588541666666666 0.7606481481481482 0.027083333333333334 0.049074074074074076
0 0.24947916666666667 0.5199074074074074 0.026041666666666668 0.04537037037037037
0 0.7072916666666667 0.7347222222222223 0.027083333333333334 0.049074074074074076
0 0.66484375 0.16898148148148148 0.024479166666666666 0.04537037037037037
0 0.6619791666666667 0.8064814814814815 0.026041666666666668 0.04814814814814815
0 0.3372395833333333 0.6013888888888889 0.024479166666666666 0.04537037037037037
0 0.6580729166666667 0.6625 0.0265625 0.04722222222222222
0 0.6315104166666666 0.5050925925925925 0.025520833333333333 0.04722222222222222
0 0.659375 0.7125 0.027083333333333334 0.04722222222222222
0 0.55546875 0.4078703703703704 0.024479166666666666 0.04351851851851852
0 0.61015625 0.5972222222222222 0.025520833333333333 0.046296296296296294
0 0.6432291666666666 0.8467592592592592 0.026041666666666668 0.049074074074074076
0 0.55859375 0.4546296296296296 0.024479166666666666 0.044444444444444446
0 0.5325520833333334 0.6175925925925926 0.024479166666666666 0.046296296296296294
0 0.5036458333333333 0.42685185185185187 0.023958333333333335 0.044444444444444446
0 0.43072916666666666 0.5125 0.023958333333333335 0.04351851851851852
0 0.38697916666666665 0.5046296296296297 0.025 0.04259259259259259
0 0.6067708333333334 0.1 0.025 0.046296296296296294
0 0.21536458333333333 0.4615740740740741 0.025520833333333333 0.04351851851851852
0 0.690625 0.5833333333333334 0.025 0.046296296296296294
0 0.6950520833333333 0.850925925925926 0.025520833333333333 0.04814814814814815
0 0.30234375 0.5814814814814815 0.024479166666666666 0.044444444444444446
0 0.6473958333333333 0.1310185185185185 0.025 0.04537037037037037
0 0.7067708333333333 0.6888888888888889 0.026041666666666668 0.04814814814814815
0 0.40286458333333336 0.5824074074074074 0.024479166666666666 0.04259259259259259
0 0.6692708333333334 0.8513888888888889 0.026041666666666668 0.049074074074074076
0 0.6833333333333333 0.6666666666666666 0.026041666666666668 0.046296296296296294
0 0.3611979166666667 0.5787037037037037 0.024479166666666666 0.04259259259259259
0 0.69453125 0.15416666666666667 0.024479166666666666 0.04537037037037037
0 0.49765625 0.5763888888888888 0.024479166666666666 0.04351851851851852
0 0.5270833333333333 0.43287037037037035 0.023958333333333335 0.04351851851851852
0 0.3932291666666667 0.5449074074074074 0.023958333333333335 0.04351851851851852
0 0.6994791666666667 0.05138888888888889 0.025 0.04537037037037037
0 0.58125 0.6106481481481482 0.023958333333333335 0.04351851851851852
0 0.6765625 0.12731481481481483 0.025 0.04351851851851852
0 0.3263020833333333 0.175 0.024479166666666666 0.044444444444444446
0 0.25807291666666665 0.29768518518518516 0.024479166666666666 0.04351851851851852
0 0.24973958333333332 0.3824074074074074 0.025520833333333333 0.044444444444444446
0 0.6296875 0.06018518518518518 0.025 0.044444444444444446
0 0.45989583333333334 0.48842592592592593 0.023958333333333335 0.04351851851851852
0 0.6809895833333334 0.7379629629629629 0.025520833333333333 0.046296296296296294
0 0.63046875 0.10138888888888889 0.024479166666666666 0.04537037037037037
0 0.19973958333333333 0.19953703703703704 0.024479166666666666 0.04351851851851852
0 0.25442708333333336 0.46435185185185185 0.025520833333333333 0.04351851851851852
0 0.6854166666666667 0.08935185185185185 0.025 0.04351851851851852
0 0.26328125 0.3425925925925926 0.024479166666666666 0.044444444444444446
0 0.6432291666666666 0.5476851851851852 0.025 0.04537037037037037
0 0.6143229166666667 0.5458333333333333 0.024479166666666666 0.04537037037037037
0 0.32864583333333336 0.5231481481481481 0.023958333333333335 0.044444444444444446
0 0.35911458333333335 0.5032407407407408 0.024479166666666666 0.04351851851851852
0 0.525 0.575925925925926 0.023958333333333335 0.04259259259259259
0 0.6614583333333334 0.09722222222222222 0.023958333333333335 0.044444444444444446
0 0.27109375 0.49907407407407406 0.024479166666666666 0.04259259259259259
0 0.4765625 0.5564814814814815 0.025 0.04259259259259259
0 0.203125 0.24444444444444444 0.025 0.044444444444444446
0 0.5731770833333333 0.5361111111111111 0.024479166666666666 0.044444444444444446
0 0.32473958333333336 0.5648148148148148 0.0234375 0.04259259259259259
0 0.28828125 0.36944444444444446 0.024479166666666666 0.04259259259259259
0 0.653125 0.0587962962962963 0.022916666666666665 0.04351851851851852
0 0.3065104166666667 0.15462962962962962 0.0234375 0.04259259259259259
0 0.24791666666666667 0.262037037037037 0.023958333333333335 0.04259259259259259
0 0.6666666666666666 0.5662037037037037 0.025 0.04351851851851852
0 0.5315104166666667 0.4925925925925926 0.024479166666666666 0.044444444444444446
0 0.5520833333333334 0.5606481481481481 0.023958333333333335 0.04351851851851852
0 0.2669270833333333 0.23935185185185184 0.024479166666666666 0.04351851851851852
0 0.24401041666666667 0.2111111111111111 0.0234375 0.04259259259259259
0 0.22395833333333334 0.26064814814814813 0.023958333333333335 0.04351851851851852
0 0.4825520833333333 0.4726851851851852 0.0234375 0.04351851851851852
0 0.25 0.1625 0.022916666666666665 0.04351851851851852
0 0.2994791666666667 0.5398148148148149 0.023958333333333335 0.044444444444444446
0 0.30911458333333336 0.500462962962963 0.0234375 0.04351851851851852
0 0.26875 0.4064814814814815 0.025 0.044444444444444446
0 0.33151041666666664 0.4828703703703704 0.024479166666666666 0.04351851851851852
0 0.28880208333333335 0.2212962962962963 0.0234375 0.04259259259259259
0 0.2760416666666667 0.5402777777777777 0.023958333333333335 0.04351851851851852
0 0.32057291666666665 0.4064814814814815 0.0234375 0.04259259259259259
0 0.22916666666666666 0.17731481481481481 0.022916666666666665 0.04351851851851852
0 0.29192708333333334 0.4777777777777778 0.0234375 0.04259259259259259
0 0.5895833333333333 0.5685185185185185 0.023958333333333335 0.04259259259259259
0 0.28098958333333335 0.44074074074074077 0.0234375 0.04259259259259259
0 0.47942708333333334 0.5138888888888888 0.0234375 0.04259259259259259
0 0.2640625 0.19212962962962962 0.022916666666666665 0.041666666666666664
0 0.5559895833333334 0.611574074074074 0.022395833333333334 0.04351851851851852
0 0.35234375 0.4625 0.024479166666666666 0.04351851851851852
0 0.5260416666666666 0.5342592592592592 0.022916666666666665 0.040740740740740744
0 0.5510416666666667 0.5185185185185185 0.023958333333333335 0.04259259259259259
0 0.28567708333333336 0.17916666666666667 0.022395833333333334 0.04351851851851852
0 0.2942708333333333 0.4083333333333333 0.023958333333333335 0.04259259259259259
0 0.33255208333333336 0.44027777777777777 0.0234375 0.041666666666666664
0 0.3065104166666667 0.44212962962962965 0.022395833333333334 0.041666666666666664
0 0.5018229166666667 0.5337962962962963 0.0234375 0.041666666666666664
0 0.22239583333333332 0.2212962962962963 0.021875 0.040740740740740744
0 0.3489583333333333 0.5421296296296296 0.025 0.04351851851851852
0 0.307046875 0.19686111111111113 0.024973958333333334 0.04505555555555555