0 0.7713541666666667 0.43842592592592594 0.028125 0.04537037037037037
0 0.7234375 0.44027777777777777 0.027083333333333334 0.04722222222222222
0 0.796875 0.28425925925925927 0.028125 0.046296296296296294
0 0.7171875 0.21666666666666667 0.027083333333333334 0.046296296296296294
0 0.8005208333333333 0.4023148148148148 0.028125 0.04722222222222222
0 0.66328125 0.2800925925925926 0.0265625 0.04537037037037037
0 0.6861979166666666 0.4361111111111111 0.0265625 0.044444444444444446
0 0.6330729166666667 0.22453703703703703 0.025520833333333333 0.04537037037037037
0 0.6833333333333333 0.3888888888888889 0.027083333333333334 0.046296296296296294
0 0.5372395833333333 0.799537037037037 0.027604166666666666 0.049074074074074076
0 0.61875 0.5958333333333333 0.027083333333333334 0.04722222222222222
0 0.7877604166666666 0.2449074074074074 0.027604166666666666 0.04537037037037037
0 0.7638020833333333 0.18703703703703703 0.027604166666666666 0.046296296296296294
0 0.19947916666666668 0.47685185185185186 0.027083333333333334 0.046296296296296294
0 0.6799479166666667 0.5745370370370371 0.0265625 0.04537037037037037
0 0.3385416666666667 0.7791666666666667 0.028125 0.05092592592592592
0 0.2359375 0.45231481481481484 0.026041666666666668 0.04537037037037037
0 0.6739583333333333 0.16944444444444445 0.026041666666666668 0.046296296296296294
0 0.26197916666666665 0.45046296296296295 0.026041666666666668 0.04537037037037037
0 0.7216145833333333 0.5523148148148148 0.0265625 0.04537037037037037
0 0.7268229166666667 0.5060185185185185 0.027604166666666666 0.04722222222222222
0 0.3567708333333333 0.8537037037037037 0.027083333333333334 0.05
0 0.38385416666666666 0.749537037037037 0.027083333333333334 0.04722222222222222
0 0.5989583333333334 0.18564814814814815 0.025 0.04537037037037037
0 0.4856770833333333 0.7564814814814815 0.0265625 0.04814814814814815
0 0.6421875 0.5305555555555556 0.026041666666666668 0.046296296296296294
0 0.27395833333333336 0.8277777777777777 0.026041666666666668 0.04814814814814815
0 0.7536458333333333 0.5814814814814815 0.028125 0.046296296296296294
0 0.6145833333333334 0.5476851851851852 0.026041666666666668 0.04537037037037037
0 0.6536458333333334 0.8324074074074074 0.027083333333333334 0.05
0 0.5075520833333333 0.6962962962962963 0.0265625 0.04814814814814815
0 0.49583333333333335 0.8097222222222222 0.027083333333333334 0.049074074074074076
0 0.5315104166666667 0.3675925925925926 0.024479166666666666 0.044444444444444446
0 0.2989583333333333 0.8277777777777777 0.026041666666666668 0.046296296296296294
0 0.7247395833333333 0.15046296296296297 0.0265625 0.04722222222222222
0 0.5354166666666667 0.6393518518518518 0.026041666666666668 0.04722222222222222
0 0.6213541666666667 0.8379629629629629 0.027083333333333334 0.05
0 0.7005208333333334 0.525 0.026041666666666668 0.046296296296296294
0 0.22369791666666666 0.6222222222222222 0.0265625 0.046296296296296294
0 0.265625 0.8986111111111111 0.027083333333333334 0.049074074074074076
0 0.3828125 0.35 0.025 0.044444444444444446
0 0.16796875 0.4337962962962963 0.0265625 0.04537037037037037
0 0.42135416666666664 0.37546296296296294 0.025 0.04537037037037037
0 0.28567708333333336 0.8680555555555556 0.025520833333333333 0.04537037037037037
0 0.71171875 0.11527777777777778 0.025520833333333333 0.04537037037037037
0 0.67890625 0.10694444444444444 0.025520833333333333 0.04537037037037037
0 0.3229166666666667 0.9023148148148148 0.026041666666666668 0.049074074074074076
0 0.48046875 0.40046296296296297 0.025520833333333333 0.04351851851851852
0 0.6270833333333333 0.17916666666666667 0.025 0.04537037037037037
0 0.1828125 0.3685185185185185 0.025 0.046296296296296294
0 0.6286458333333333 0.11898148148148148 0.025 0.04537037037037037
0 0.4075520833333333 0.7180555555555556 0.025520833333333333 0.04722222222222222
0 0.52421875 0.4986111111111111 0.025520833333333333 0.04537037037037037
0 0.7471354166666667 0.5370370370370371 0.0265625 0.044444444444444446
0 0.6046875 0.11157407407407408 0.025 0.04537037037037037
0 0.2864583333333333 0.6731481481481482 0.025 0.044444444444444446
0 0.30546875 0.4888888888888889 0.0265625 0.046296296296296294
0 0.4791666666666667 0.5546296296296296 0.026041666666666668 0.046296296296296294
0 0.35 0.9111111111111111 0.027083333333333334 0.05
0 0.5572916666666666 0.5013888888888889 0.025 0.04537037037037037
0 0.44140625 0.2263888888888889 0.025520833333333333 0.04537037037037037
0 0.5393229166666667 0.5324074074074074 0.025520833333333333 0.044444444444444446
0 0.5755208333333334 0.5902777777777778 0.026041666666666668 0.04722222222222222
0 0.728125 0.0824074074074074 0.026041666666666668 0.044444444444444446
0 0.37265625 0.6513888888888889 0.0265625 0.04722222222222222
0 0.18020833333333333 0.21388888888888888 0.026041666666666668 0.044444444444444446
0 0.38385416666666666 0.2449074074074074 0.025 0.04537037037037037
0 0.4953125 0.4398148148148148 0.025 0.044444444444444446
0 0.46979166666666666 0.4689814814814815 0.025 0.04537037037037037
0 0.4544270833333333 0.7296296296296296 0.025520833333333333 0.046296296296296294
0 0.6682291666666667 0.5291666666666667 0.025 0.04537037037037037
0 0.6611979166666667 0.06805555555555555 0.025520833333333333 0.04537037037037037
0 0.39166666666666666 0.41944444444444445 0.026041666666666668 0.046296296296296294
0 0.5140625 0.3402777777777778 0.023958333333333335 0.04351851851851852
0 0.31953125 0.33796296296296297 0.025520833333333333 0.044444444444444446
0 0.50234375 0.6435185185185185 0.025520833333333333 0.046296296296296294
0 0.20755208333333333 0.3648148148148148 0.024479166666666666 0.044444444444444446
0 0.5309895833333333 0.3101851851851852 0.024479166666666666 0.044444444444444446
0 0.23723958333333334 0.663425925925926 0.025520833333333333 0.04537037037037037
0 0.36015625 0.3365740740740741 0.024479166666666666 0.04351851851851852
0 0.5583333333333333 0.562037037037037 0.025 0.044444444444444446
0 0.3658854166666667 0.4564814814814815 0.025520833333333333 0.044444444444444446
0 0.29010416666666666 0.6162037037037037 0.026041666666666668 0.04537037037037037
0 0.21171875 0.15231481481481482 0.025520833333333333 0.04537037037037037
0 0.68671875 0.06527777777777778 0.025520833333333333 0.04537037037037037
0 0.5544270833333333 0.3125 0.024479166666666666 0.04351851851851852
0 0.21458333333333332 0.32222222222222224 0.022916666666666665 0.04259259259259259
0 0.5091145833333334 0.29398148148148145 0.024479166666666666 0.04351851851851852
0 0.3221354166666667 0.29444444444444445 0.024479166666666666 0.044444444444444446
0 0.46015625 0.6861111111111111 0.025520833333333333 0.046296296296296294
0 0.28958333333333336 0.9143518518518519 0.025 0.04537037037037037
0 0.5442708333333334 0.27314814814814814 0.023958333333333335 0.044444444444444446
0 0.5192708333333333 0.25416666666666665 0.025 0.04351851851851852
0 0.2989583333333333 0.287962962962963 0.023958333333333335 0.04259259259259259
0 0.24348958333333334 0.2611111111111111 0.025520833333333333 0.044444444444444446
0 0.34296875 0.21435185185185185 0.025520833333333333 0.04537037037037037
0 0.2375 0.3125 0.025 0.04351851851851852
0 0.22161458333333334 0.27870370370370373 0.025520833333333333 0.044444444444444446
0 0.28828125 0.9587962962962963 0.0265625 0.04722222222222222
0 0.3171875 0.17777777777777778 0.025 0.04259259259259259
0 0.4328125 0.7106481481481481 0.025 0.04722222222222222
0 0.33229166666666665 0.6481481481481481 0.025 0.044444444444444446
0 0.7067708333333333 0.03287037037037037 0.025 0.04351851851851852
0 0.42161458333333335 0.4685185185185185 0.025520833333333333 0.044444444444444446
0 0.44505208333333335 0.6365740740740741 0.024479166666666666 0.04537037037037037
0 0.3072916666666667 0.6486111111111111 0.023958333333333335 0.04351851851851852
0 0.26197916666666665 0.6652777777777777 0.025 0.04351851851851852
0 0.73671875 0.03333333333333333 0.025520833333333333 0.044444444444444446
0 0.4747395833333333 0.65 0.025520833333333333 0.046296296296296294
0 0.30520833333333336 0.5481481481481482 0.025 0.046296296296296294
0 0.5453125 0.10601851851851851 0.023958333333333335 0.04537037037037037
0 0.41302083333333334 0.20601851851851852 0.025 0.04537037037037037
0 0.22994791666666667 0.19722222222222222 0.024479166666666666 0.044444444444444446
0 0.20677083333333332 0.1925925925925926 0.025 0.044444444444444446
0 0.28854166666666664 0.2101851851851852 0.023958333333333335 0.044444444444444446
0 0.31484375 0.21944444444444444 0.024479166666666666 0.044444444444444446
0 0.53203125 0.1412037037037037 0.024479166666666666 0.04537037037037037
0 0.4901041666666667 0.18564814814814815 0.025 0.04537037037037037
0 0.40078125 0.6074074074074074 0.025520833333333333 0.044444444444444446
0 0.38619791666666664 0.48148148148148145 0.025520833333333333 0.044444444444444446
0 0.25104166666666666 0.17824074074074073 0.023958333333333335 0.04537037037037037
0 0.3536458333333333 0.624537037037037 0.025 0.04537037037037037
0 0.45364583333333336 0.5925925925925926 0.025 0.044444444444444446
0 0.4192708333333333 0.12314814814814815 0.025 0.044444444444444446
0 0.3489583333333333 0.17453703703703705 0.026041666666666668 0.04351851851851852
0 0.44036458333333334 0.5574074074074075 0.024479166666666666 0.044444444444444446
0 0.3971354166666667 0.5291666666666667 0.024479166666666666 0.04351851851851852
0 0.2791666666666667 0.2671296296296296 0.023958333333333335 0.04351851851851852
0 0.41640625 0.5546296296296296 0.024479166666666666 0.044444444444444446
0 0.4197916666666667 0.513425925925926 0.025 0.04537037037037037
0 0.45755208333333336 0.11666666666666667 0.024479166666666666 0.044444444444444446
0 0.33697916666666666 0.5962962962962963 0.025 0.044444444444444446
0 0.38125 0.2037037037037037 0.025 0.04259259259259259
0 0.44479166666666664 0.5060185185185185 0.023958333333333335 0.04351851851851852
0 0.26588541666666665 0.2064814814814815 0.0234375 0.044444444444444446
0 0.32890625 0.5560185185185185 0.024479166666666666 0.04351851851851852
0 0.3684895833333333 0.5893518518518519 0.024479166666666666 0.04537037037037037
0 0.35390625 0.5541666666666667 0.025520833333333333 0.04351851851851852
0 0.5135416666666667 0.11527777777777778 0.023958333333333335 0.04351851851851852
0 0.390625 0.16666666666666666 0.023958333333333335 0.040740740740740744
0 0.43385416666666665 0.1875 0.023958333333333335 0.041666666666666664
0 0.484375 0.14814814814814814 0.022916666666666665 0.04259259259259259
0 0.5080729166666667 0.15648148148148147 0.0234375 0.04259259259259259
0 0.5578125 0.6194444444444445 0.026041666666666668 0.046296296296296294
0 0.45859375 0.19675925925925927 0.022395833333333334 0.041666666666666664
0 0.43984375 0.14814814814814814 0.0234375 0.04259259259259259
0 0.46171875 0.15601851851851853 0.0234375 0.04351851851851852
0 0.415625 0.16342592592592592 0.022916666666666665 0.041666666666666664
0 0.3890625 0.5685185185185185 0.023958333333333335 0.044444444444444446