0 0.7684895833333333 0.44722222222222224 0.027604166666666666 0.046296296296296294
0 0.7239583333333334 0.44907407407407407 0.027083333333333334 0.046296296296296294
0 0.6497395833333334 0.48148148148148145 0.0265625 0.046296296296296294
0 0.7682291666666666 0.31157407407407406 0.028125 0.04537037037037037
0 0.7973958333333333 0.4185185185185185 0.028125 0.046296296296296294
0 0.7638020833333333 0.25092592592592594 0.027604166666666666 0.046296296296296294
0 0.6880208333333333 0.10416666666666667 0.026041666666666668 0.04537037037037037
0 0.7591145833333334 0.19953703703703704 0.027604166666666666 0.04537037037037037
0 0.6526041666666667 0.1287037037037037 0.025 0.044444444444444446
0 0.19166666666666668 0.6398148148148148 0.027083333333333334 0.046296296296296294
0 0.6802083333333333 0.5782407407407407 0.027083333333333334 0.04537037037037037
0 0.5671875 0.7773148148148148 0.027083333333333334 0.049074074074074076
0 0.23645833333333333 0.5722222222222222 0.026041666666666668 0.046296296296296294
0 0.5286458333333334 0.4027777777777778 0.026041666666666668 0.046296296296296294
0 0.7526041666666666 0.5875 0.028125 0.04722222222222222
0 0.7255208333333333 0.5115740740740741 0.027083333333333334 0.04722222222222222
0 0.6481770833333333 0.8351851851851851 0.027604166666666666 0.05
0 0.5885416666666666 0.4935185185185185 0.026041666666666668 0.046296296296296294
0 0.21640625 0.65 0.0265625 0.046296296296296294
0 0.51328125 0.30092592592592593 0.025520833333333333 0.044444444444444446
0 0.7200520833333334 0.5574074074074075 0.0265625 0.046296296296296294
0 0.4002604166666667 0.762962962962963 0.0265625 0.04814814814814815
0 0.5497395833333333 0.6527777777777778 0.0265625 0.046296296296296294
0 0.17942708333333332 0.44814814814814813 0.0265625 0.044444444444444446
0 0.19401041666666666 0.4962962962962963 0.0265625 0.046296296296296294
0 0.6403645833333333 0.09305555555555556 0.025520833333333333 0.04537037037037037
0 0.6158854166666666 0.8388888888888889 0.0265625 0.05
0 0.6208333333333333 0.6046296296296296 0.027083333333333334 0.046296296296296294
0 0.36640625 0.7550925925925925 0.0265625 0.04722222222222222
0 0.6466145833333333 0.5365740740740741 0.025520833333333333 0.04537037037037037
0 0.18802083333333333 0.19212962962962962 0.025 0.04537037037037037
0 0.7453125 0.5416666666666666 0.027083333333333334 0.046296296296296294
0 0.21041666666666667 0.3527777777777778 0.025 0.044444444444444446
0 0.17239583333333333 0.4050925925925926 0.026041666666666668 0.04351851851851852
0 0.6984375 0.5287037037037037 0.026041666666666668 0.046296296296296294
0 0.25026041666666665 0.3375 0.0265625 0.04537037037037037
0 0.6653645833333334 0.0837962962962963 0.024479166666666666 0.04351851851851852
0 0.6716145833333333 0.5337962962962963 0.025520833333333333 0.04537037037037037
0 0.53203125 0.18564814814814815 0.025520833333333333 0.04537037037037037
0 0.7484375 0.034722222222222224 0.027083333333333334 0.04537037037037037
0 0.215625 0.17777777777777778 0.023958333333333335 0.044444444444444446
0 0.28828125 0.3824074074074074 0.025520833333333333 0.044444444444444446
0 0.5739583333333333 0.6393518518518518 0.026041666666666668 0.04722222222222222
0 0.43828125 0.7087962962962963 0.0265625 0.04722222222222222
0 0.3578125 0.7976851851851852 0.027083333333333334 0.04722222222222222
0 0.48046875 0.2050925925925926 0.024479166666666666 0.04537037037037037
0 0.2950520833333333 0.18009259259259258 0.024479166666666666 0.04537037037037037
0 0.28411458333333334 0.3347222222222222 0.025520833333333333 0.04351851851851852
0 0.1875 0.3453703703703704 0.025 0.044444444444444446
0 0.5143229166666666 0.25833333333333336 0.024479166666666666 0.04259259259259259
0 0.29401041666666666 0.5787037037037037 0.025520833333333333 0.044444444444444446
0 0.42578125 0.2 0.024479166666666666 0.044444444444444446
0 0.6247395833333333 0.5587962962962963 0.024479166666666666 0.04537037037037037
0 0.2140625 0.26666666666666666 0.026041666666666668 0.04259259259259259
0 0.23776041666666667 0.1824074074074074 0.0234375 0.044444444444444446
0 0.31197916666666664 0.6476851851851851 0.026041666666666668 0.04537037037037037
0 0.5559895833333334 0.6069444444444444 0.025520833333333333 0.04537037037037037
0 0.46796875 0.6407407407407407 0.0265625 0.046296296296296294
0 0.27421875 0.19490740740740742 0.024479166666666666 0.04351851851851852
0 0.21119791666666668 0.30972222222222223 0.025520833333333333 0.04351851851851852
0 0.5416666666666666 0.14675925925925926 0.023958333333333335 0.04537037037037037
0 0.4830729166666667 0.362962962962963 0.024479166666666666 0.044444444444444446
0 0.4140625 0.7050925925925926 0.025 0.04537037037037037
0 0.3411458333333333 0.6472222222222223 0.025 0.044444444444444446
0 0.5778645833333333 0.538425925925926 0.024479166666666666 0.04537037037037037
0 0.22135416666666666 0.1375 0.025 0.04351851851851852
0 0.36302083333333335 0.7055555555555556 0.025 0.046296296296296294
0 0.2591145833333333 0.16620370370370371 0.024479166666666666 0.04537037037037037
0 0.49140625 0.5935185185185186 0.025520833333333333 0.046296296296296294
0 0.5236979166666667 0.1111111111111111 0.024479166666666666 0.04259259259259259
0 0.5583333333333333 0.562962962962963 0.025 0.046296296296296294
0 0.57890625 0.5925925925925926 0.024479166666666666 0.044444444444444446
0 0.48046875 0.16574074074074074 0.024479166666666666 0.044444444444444446
0 0.5041666666666667 0.22361111111111112 0.023958333333333335 0.041666666666666664
0 0.4296875 0.6689814814814815 0.025 0.04351851851851852
0 0.40234375 0.19212962962962962 0.0234375 0.04351851851851852
0 0.5091145833333334 0.475 0.024479166666666666 0.044444444444444446
0 0.5299479166666666 0.5643518518518519 0.025520833333333333 0.04537037037037037
0 0.4671875 0.13287037037037036 0.023958333333333335 0.04537037037037037
0 0.29375 0.6240740740740741 0.025 0.044444444444444446
0 0.3736979166666667 0.662962962962963 0.024479166666666666 0.044444444444444446
0 0.38828125 0.7055555555555556 0.0234375 0.044444444444444446
0 0.37057291666666664 0.5300925925925926 0.025520833333333333 0.04537037037037037
0 0.37161458333333336 0.15787037037037038 0.024479166666666666 0.04351851851851852
0 0.40546875 0.6564814814814814 0.024479166666666666 0.044444444444444446
0 0.5997395833333333 0.5703703703703704 0.024479166666666666 0.044444444444444446
0 0.53046875 0.49212962962962964 0.024479166666666666 0.04351851851851852
0 0.3184895833333333 0.40925925925925927 0.025520833333333333 0.044444444444444446
0 0.3182291666666667 0.3597222222222222 0.025 0.04351851851851852
0 0.3385416666666667 0.575 0.025 0.044444444444444446
0 0.44583333333333336 0.1685185185185185 0.023958333333333335 0.04259259259259259
0 0.5447916666666667 0.5259259259259259 0.025 0.044444444444444446
0 0.5106770833333333 0.14537037037037037 0.0234375 0.04259259259259259
0 0.3380208333333333 0.4375 0.025 0.04537037037037037
0 0.3450520833333333 0.17037037037037037 0.0234375 0.04259259259259259
0 0.31979166666666664 0.6 0.025 0.04259259259259259
0 0.5015625 0.1824074074074074 0.023958333333333335 0.04259259259259259
0 0.43385416666666665 0.6263888888888889 0.025 0.04351851851851852
0 0.45390625 0.42916666666666664 0.024479166666666666 0.04351851851851852
0 0.4200520833333333 0.1574074074074074 0.0234375 0.04259259259259259
0 0.32890625 0.31203703703703706 0.024479166666666666 0.044444444444444446
0 0.45546875 0.6055555555555555 0.025520833333333333 0.044444444444444446
0 0.3494791666666667 0.387037037037037 0.025 0.044444444444444446
0 0.38645833333333335 0.3439814814814815 0.023958333333333335 0.04351851851851852
0 0.49114583333333334 0.5518518518518518 0.025 0.044444444444444446
0 0.4661458333333333 0.3925925925925926 0.023958333333333335 0.04259259259259259
0 0.5177083333333333 0.5291666666666667 0.025 0.04351851851851852
0 0.31666666666666665 0.2449074074074074 0.025 0.04351851851851852
0 0.353125 0.3148148148148148 0.023958333333333335 0.044444444444444446
0 0.43854166666666666 0.12916666666666668 0.023958333333333335 0.04351851851851852
0 0.34348958333333335 0.24953703703703703 0.0234375 0.04351851851851852
0 0.31171875 0.287962962962963 0.024479166666666666 0.044444444444444446
0 0.4080729166666667 0.35555555555555557 0.024479166666666666 0.04259259259259259
0 0.3885416666666667 0.6277777777777778 0.023958333333333335 0.04259259259259259
0 0.3580729166666667 0.6143518518518518 0.024479166666666666 0.04351851851851852
0 0.41171875 0.6143518518518518 0.024479166666666666 0.04351851851851852
0 0.4552083333333333 0.4726851851851852 0.025 0.04351851851851852
0 0.4309895833333333 0.4527777777777778 0.024479166666666666 0.04259259259259259
0 0.4591145833333333 0.35324074074074074 0.0234375 0.041666666666666664
0 0.43697916666666664 0.36944444444444446 0.023958333333333335 0.04259259259259259
0 0.3416666666666667 0.21064814814814814 0.023958333333333335 0.04351851851851852
0 0.36223958333333334 0.4486111111111111 0.0234375 0.04351851851851852
0 0.38229166666666664 0.46944444444444444 0.023958333333333335 0.044444444444444446
0 0.4765625 0.487962962962963 0.023958333333333335 0.044444444444444446
0 0.434375 0.5833333333333334 0.025 0.044444444444444446
0 0.4049479166666667 0.4361111111111111 0.024479166666666666 0.046296296296296294
0 0.36614583333333334 0.23657407407407408 0.025 0.04351851851851852
0 0.41067708333333336 0.5175925925925926 0.024479166666666666 0.044444444444444446
0 0.49635416666666665 0.5115740740740741 0.023958333333333335 0.04351851851851852
0 0.38255208333333335 0.42592592592592593 0.0234375 0.04259259259259259
0 0.45598958333333334 0.562037037037037 0.024479166666666666 0.04259259259259259
0 0.4046875 0.47685185185185186 0.022916666666666665 0.04259259259259259
0 0.3765625 0.30833333333333335 0.022916666666666665 0.044444444444444446
0 0.36302083333333335 0.1935185185185185 0.023958333333333335 0.04259259259259259
0 0.3203125 0.19768518518518519 0.023958333333333335 0.04351851851851852
0 0.38671875 0.5851851851851851 0.0234375 0.04259259259259259
0 0.41119791666666666 0.5717592592592593 0.024479166666666666 0.04351851851851852
0 0.37473958333333335 0.38564814814814813 0.0234375 0.041666666666666664
0 0.38255208333333335 0.26851851851851855 0.0234375 0.04259259259259259
0 0.4322916666666667 0.4115740740740741 0.023958333333333335 0.04351851851851852
0 0.36484375 0.5731481481481482 0.024479166666666666 0.044444444444444446
0 0.4114583333333333 0.39537037037037037 0.023958333333333335 0.04259259259259259
0 0.35989583333333336 0.2759259259259259 0.023958333333333335 0.04259259259259259
0 0.48984375 0.1287037037037037 0.0234375 0.044444444444444446
0 0.44817708333333334 0.5222222222222223 0.024479166666666666 0.044444444444444446
0 0.47239583333333335 0.5291666666666667 0.023958333333333335 0.04351851851851852
0 0.4278645833333333 0.5439814814814815 0.0234375 0.04351851851851852
0 0.3927083333333333 0.5439814814814815 0.025 0.04351851851851852
0 0.4322916666666667 0.49444444444444446 0.026041666666666668 0.046296296296296294