0 0.46770833333333334 0.3814814814814815 0.027083333333333334 0.04814814814814815
0 0.525 0.2810185185185185 0.027083333333333334 0.049074074074074076
0 0.31744791666666666 0.21898148148148147 0.0265625 0.04722222222222222
0 0.6184895833333334 0.4842592592592593 0.027604166666666666 0.04814814814814815
0 0.590625 0.4203703703703704 0.027083333333333334 0.04814814814814815
0 0.3341145833333333 0.17916666666666667 0.0265625 0.04722222222222222
0 0.46979166666666666 0.15046296296296297 0.026041666666666668 0.04722222222222222
0 0.35104166666666664 0.6138888888888889 0.029166666666666667 0.05
0 0.5752604166666667 0.38055555555555554 0.027604166666666666 0.05
0 0.6580729166666667 0.12962962962962962 0.027604166666666666 0.04814814814814815
0 0.50859375 0.40185185185185185 0.025520833333333333 0.04814814814814815
0 0.5372395833333333 0.4111111111111111 0.0265625 0.04814814814814815
0 0.3450520833333333 0.6620370370370371 0.028645833333333332 0.04814814814814815
0 0.54375 0.4615740740740741 0.026041666666666668 0.04722222222222222