0 0.653125 0.4810185185185185 0.029166666666666667 0.04722222222222222
0 0.5182291666666666 0.33055555555555555 0.027083333333333334 0.04814814814814815
0 0.3229166666666667 0.5222222222222223 0.028125 0.04814814814814815
0 0.5286458333333334 0.10416666666666667 0.026041666666666668 0.04722222222222222
0 0.34817708333333336 0.22870370370370371 0.0265625 0.04814814814814815
0 0.6778645833333333 0.15185185185185185 0.027604166666666666 0.04814814814814815
0 0.6708333333333333 0.07685185185185185 0.027083333333333334 0.046296296296296294
0 0.6481770833333333 0.5560185185185185 0.028645833333333332 0.049074074074074076
0 0.3854166666666667 0.6231481481481481 0.028125 0.04814814814814815
0 0.3723958333333333 0.5231481481481481 0.028125 0.046296296296296294
0 0.41067708333333336 0.4861111111111111 0.028645833333333332 0.04814814814814815
0 0.6018229166666667 0.39537037037037037 0.0265625 0.046296296296296294
0 0.3966145833333333 0.1287037037037037 0.0265625 0.046296296296296294
0 0.32890625 0.11990740740740741 0.0265625 0.04722222222222222
0 0.5856770833333333 0.10787037037037037 0.025520833333333333 0.04537037037037037
0 0.37213541666666666 0.41712962962962963 0.025520833333333333 0.04537037037037037
0 0.6291666666666667 0.3912037037037037 0.026041666666666668 0.04722222222222222
0 0.6130208333333333 0.7870370370370371 0.03125 0.053703703703703705
0 0.31796875 0.7648148148148148 0.028645833333333332 0.05
0 0.37473958333333335 0.46805555555555556 0.025520833333333333 0.04537037037037037
0 0.5114583333333333 0.1837962962962963 0.027083333333333334 0.04537037037037037
0 0.6643229166666667 0.3449074074074074 0.027604166666666666 0.04722222222222222
0 0.40338541666666666 0.375 0.025520833333333333 0.044444444444444446
0 0.37786458333333334 0.19074074074074074 0.024479166666666666 0.046296296296296294
0 0.4627604166666667 0.2851851851851852 0.025520833333333333 0.044444444444444446
0 0.53046875 0.20972222222222223 0.024479166666666666 0.04537037037037037
0 0.48098958333333336 0.31342592592592594 0.024479166666666666 0.04537037037037037
0 0.44765625 0.4134259259259259 0.025520833333333333 0.04537037037037037
0 0.5716145833333334 0.2611111111111111 0.025520833333333333 0.046296296296296294
0 0.6731770833333334 0.29907407407407405 0.027604166666666666 0.046296296296296294
0 0.47239583333333335 0.4777777777777778 0.025 0.046296296296296294
0 0.6419270833333334 0.32037037037037036 0.0265625 0.046296296296296294
0 0.5114583333333333 0.43287037037037035 0.025 0.04351851851851852
0 0.52421875 0.4726851851851852 0.025520833333333333 0.04537037037037037
0 0.6481770833333333 0.27546296296296297 0.0265625 0.04537037037037037
0 0.49765625 0.4703703703703704 0.0234375 0.044444444444444446
0 0.56171875 0.10648148148148148 0.024479166666666666 0.046296296296296294
0 0.621875 0.28194444444444444 0.026041666666666668 0.04722222222222222
0 0.66953125 0.5861111111111111 0.027604166666666666 0.04814814814814815
0 0.4239583333333333 0.44305555555555554 0.025 0.04351851851851852
0 0.4231770833333333 0.3990740740740741 0.024479166666666666 0.044444444444444446
0 0.40208333333333335 0.4212962962962963 0.025 0.044444444444444446