0 0.40286458333333336 0.4074074074074074 0.027604166666666666 0.04814814814814815
0 0.3184895833333333 0.21851851851851853 0.0265625 0.046296296296296294
0 0.42890625 0.11666666666666667 0.0265625 0.04814814814814815
0 0.5424479166666667 0.475 0.028645833333333332 0.05
0 0.6559895833333333 0.13055555555555556 0.027604166666666666 0.04814814814814815
0 0.5236979166666667 0.16527777777777777 0.0265625 0.049074074074074076
0 0.5075520833333333 0.40555555555555556 0.028645833333333332 0.05
0 0.34869791666666666 0.6134259259259259 0.0296875 0.05092592592592592
0 0.65703125 0.4824074074074074 0.028645833333333332 0.05
0 0.4934895833333333 0.475 0.0265625 0.04814814814814815
0 0.33567708333333335 0.17824074074074073 0.0296875 0.05092592592592592
0 0.48776041666666664 0.4310185185185185 0.0265625 0.04722222222222222
0 0.34375 0.6592592592592592 0.029166666666666667 0.05
0 0.4393229166666667 0.42453703703703705 0.025520833333333333 0.04537037037037037