0 0.6890625 0.6990740740740741 0.028125 0.04814814814814815
0 0.46380208333333334 0.22777777777777777 0.0203125 0.037037037037037035
0 0.5205729166666667 0.17731481481481481 0.0203125 0.03611111111111111
0 0.6822916666666666 0.0763888888888889 0.021875 0.03611111111111111
0 0.23125 0.7421296296296296 0.026041666666666668 0.04537037037037037
0 0.3658854166666667 0.30416666666666664 0.021354166666666667 0.03796296296296296
0 0.5559895833333334 0.44166666666666665 0.022395833333333334 0.040740740740740744
0 0.48932291666666666 0.2273148148148148 0.0203125 0.03611111111111111
0 0.4401041666666667 0.16435185185185186 0.020833333333333332 0.03796296296296296
0 0.4752604166666667 0.15462962962962962 0.0203125 0.03888888888888889
0 0.39453125 0.28935185185185186 0.021354166666666667 0.03981481481481482
0 0.54453125 0.14907407407407408 0.0203125 0.037037037037037035
0 0.2947916666666667 0.2101851851851852 0.022916666666666665 0.03888888888888889
0 0.58046875 0.07407407407407407 0.0203125 0.037037037037037035
0 0.60078125 0.08518518518518518 0.0203125 0.037037037037037035
0 0.6520833333333333 0.7592592592592593 0.025 0.046296296296296294
0 0.3078125 0.48935185185185187 0.023958333333333335 0.041666666666666664
0 0.4049479166666667 0.13287037037037036 0.0203125 0.03796296296296296
0 0.58515625 0.2638888888888889 0.022395833333333334 0.040740740740740744
0 0.25703125 0.7685185185185185 0.0265625 0.044444444444444446
0 0.6286458333333333 0.7685185185185185 0.025 0.04814814814814815
0 0.42864583333333334 0.40879629629629627 0.021875 0.03981481481481482
0 0.3359375 0.6092592592592593 0.023958333333333335 0.040740740740740744
0 0.6854166666666667 0.7875 0.027083333333333334 0.04722222222222222
0 0.5822916666666667 0.6912037037037037 0.026041666666666668 0.04537037037037037
0 0.3346354166666667 0.42407407407407405 0.022395833333333334 0.03888888888888889
0 0.44192708333333336 0.5884259259259259 0.0234375 0.03981481481481482
0 0.0890625 0.6898148148148148 0.026041666666666668 0.04259259259259259
0 0.3859375 0.35462962962962963 0.021875 0.03888888888888889
0 0.39114583333333336 0.4587962962962963 0.021875 0.03981481481481482
0 0.42734375 0.12083333333333333 0.0203125 0.03796296296296296
0 0.11354166666666667 0.6685185185185185 0.026041666666666668 0.044444444444444446
0 0.44244791666666666 0.09537037037037037 0.0203125 0.03888888888888889
0 0.49296875 0.4041666666666667 0.022395833333333334 0.03981481481481482
0 0.46640625 0.3685185185185185 0.021354166666666667 0.03888888888888889
0 0.4200520833333333 0.5768518518518518 0.022395833333333334 0.040740740740740744
0 0.571875 0.65 0.023958333333333335 0.040740740740740744
0 0.34427083333333336 0.4597222222222222 0.022916666666666665 0.03981481481481482
0 0.35651041666666666 0.5888888888888889 0.0234375 0.040740740740740744
0 0.23020833333333332 0.8287037037037037 0.027083333333333334 0.04814814814814815
0 0.5520833333333334 0.5986111111111111 0.022916666666666665 0.03981481481481482
0 0.4119791666666667 0.5421296296296296 0.021875 0.03796296296296296
0 0.38515625 0.4027777777777778 0.022395833333333334 0.03888888888888889
0 0.5265625 0.5217592592592593 0.021875 0.03796296296296296
0 0.35494791666666664 0.5171296296296296 0.022395833333333334 0.03981481481481482
0 0.3653645833333333 0.4828703703703704 0.0234375 0.03981481481481482
0 0.44375 0.36203703703703705 0.020833333333333332 0.03888888888888889
0 0.5744791666666667 0.6101851851851852 0.023958333333333335 0.040740740740740744
0 0.565625 0.5324074074074074 0.021875 0.040740740740740744
0 0.52265625 0.5601851851851852 0.021354166666666667 0.03888888888888889
0 0.36328125 0.5518518518518518 0.0234375 0.03888888888888889
0 0.48098958333333336 0.5351851851851852 0.021354166666666667 0.03888888888888889
0 0.5674479166666667 0.5712962962962963 0.022395833333333334 0.03888888888888889
0 0.45364583333333336 0.4583333333333333 0.021875 0.040740740740740744
0 0.44296875 0.5125 0.021354166666666667 0.03796296296296296
0 0.42239583333333336 0.49907407407407406 0.021875 0.03888888888888889
0 0.49375 0.5009259259259259 0.021875 0.03888888888888889
0 0.3645833333333333 0.3902777777777778 0.021875 0.03981481481481482
0 0.4197916666666667 0.36527777777777776 0.020833333333333332 0.03796296296296296
0 0.465625 0.5097222222222222 0.021875 0.03981481481481482
0 0.49557291666666664 0.4615740740740741 0.022395833333333334 0.03981481481481482
0 0.4791666666666667 0.43796296296296294 0.021875 0.03888888888888889
0 0.5036458333333333 0.5435185185185185 0.020833333333333332 0.037037037037037035
0 0.47213541666666664 0.4736111111111111 0.021354166666666667 0.03796296296296296
0 0.5447916666666667 0.5467592592592593 0.021875 0.03796296296296296