0 0.3151041666666667 0.2270740740740741 0.023958333333333335 0.05229629629629629
0 0.29010416666666666 0.2351851851851852 0.025 0.044444444444444446
0 0.46848958333333335 0.1837962962962963 0.024479166666666666 0.04537037037037037
0 0.5671875 0.3574074074074074 0.025 0.044444444444444446
0 0.45651041666666664 0.47129629629629627 0.025520833333333333 0.04259259259259259
0 0.5802083333333333 0.3175925925925926 0.025 0.044444444444444446
0 0.33697916666666666 0.23703703703703705 0.025 0.046296296296296294
0 0.46588541666666666 0.36712962962962964 0.025520833333333333 0.04537037037037037
0 0.45 0.4027777777777778 0.025 0.044444444444444446
0 0.30859375 0.2652777777777778 0.024479166666666666 0.04351851851851852
0 0.48098958333333336 0.4689814814814815 0.025520833333333333 0.04351851851851852
0 0.46119791666666665 0.13935185185185187 0.025520833333333333 0.04722222222222222
0 0.49453125 0.17962962962962964 0.025520833333333333 0.046296296296296294
0 0.48411458333333335 0.4166666666666667 0.025520833333333333 0.044444444444444446
0 0.4466145833333333 0.20324074074074075 0.024479166666666666 0.04537037037037037
0 0.5828125 0.3912037037037037 0.025 0.04351851851851852
0 0.33932291666666664 0.4023148148148148 0.025520833333333333 0.04722222222222222
0 0.30416666666666664 0.39351851851851855 0.026041666666666668 0.046296296296296294
0 0.46979166666666666 0.5097222222222222 0.025 0.04351851851851852
0 0.6416666666666667 0.3907407407407407 0.027083333333333334 0.04814814814814815
0 0.29739583333333336 0.736574074074074 0.026041666666666668 0.04722222222222222
0 0.6559895833333333 0.475 0.027604166666666666 0.05
0 0.5984375 0.5638888888888889 0.026041666666666668 0.046296296296296294
0 0.5455729166666666 0.40694444444444444 0.025520833333333333 0.04537037037037037
0 0.44505208333333335 0.5120370370370371 0.024479166666666666 0.044444444444444446
0 0.6221354166666667 0.2490740740740741 0.0265625 0.04814814814814815
0 0.5885416666666666 0.175 0.025 0.046296296296296294
0 0.5598958333333334 0.6425925925925926 0.028125 0.05185185185185185
0 0.659375 0.5680555555555555 0.027083333333333334 0.04722222222222222
0 0.271875 0.3388888888888889 0.027083333333333334 0.04814814814814815
0 0.5494791666666666 0.14537037037037037 0.025 0.046296296296296294
0 0.68203125 0.5935185185185186 0.028645833333333332 0.05
0 0.27682291666666664 0.7166666666666667 0.0265625 0.04814814814814815
0 0.6330729166666667 0.5726851851851852 0.0265625 0.04722222222222222
0 0.38177083333333334 0.6574074074074074 0.027083333333333334 0.04814814814814815
0 0.5432291666666667 0.47824074074074074 0.026041666666666668 0.04722222222222222
0 0.5901041666666667 0.6069444444444444 0.028125 0.05092592592592592
0 0.30416666666666664 0.12731481481481483 0.027083333333333334 0.04722222222222222
0 0.34869791666666666 0.4597222222222222 0.0265625 0.04722222222222222
0 0.33932291666666664 0.7648148148148148 0.027604166666666666 0.05
0 0.31223958333333335 0.7708333333333334 0.0265625 0.049074074074074076
0 0.5723958333333333 0.7087962962962963 0.027083333333333334 0.049074074074074076