0 0.659375 0.4935185185185185 0.029166666666666667 0.05
0 0.5471354166666667 0.2833333333333333 0.0265625 0.04814814814814815
0 0.66953125 0.07824074074074074 0.027604166666666666 0.049074074074074076
0 0.64765625 0.5569444444444445 0.0296875 0.05092592592592592
0 0.5841145833333333 0.3675925925925926 0.0265625 0.046296296296296294
0 0.6466145833333333 0.2773148148148148 0.027604166666666666 0.049074074074074076
0 0.621875 0.75 0.030208333333333334 0.05185185185185185
0 0.4192708333333333 0.649074074074074 0.027083333333333334 0.04814814814814815
0 0.66875 0.5856481481481481 0.028125 0.049074074074074076
0 0.3963541666666667 0.12962962962962962 0.027083333333333334 0.046296296296296294
0 0.34088541666666666 0.5157407407407407 0.0265625 0.046296296296296294
0 0.6544270833333333 0.3439814814814815 0.027604166666666666 0.049074074074074076
0 0.31744791666666666 0.7625 0.027604166666666666 0.049074074074074076
0 0.6690104166666667 0.3023148148148148 0.0265625 0.04722222222222222
0 0.5278645833333333 0.49953703703703706 0.025520833333333333 0.04537037037037037
0 0.6765625 0.1527777777777778 0.027083333333333334 0.04814814814814815
0 0.32864583333333336 0.12175925925925926 0.026041666666666668 0.04722222222222222
0 0.45026041666666666 0.2 0.025520833333333333 0.046296296296296294
0 0.5197916666666667 0.4 0.025 0.046296296296296294
0 0.34661458333333334 0.18888888888888888 0.027604166666666666 0.046296296296296294
0 0.5276041666666667 0.11064814814814815 0.027083333333333334 0.049074074074074076
0 0.53046875 0.4546296296296296 0.025520833333333333 0.046296296296296294
0 0.37213541666666666 0.5236111111111111 0.025520833333333333 0.04537037037037037
0 0.54609375 0.4074074074074074 0.025520833333333333 0.046296296296296294
0 0.4940104166666667 0.48657407407407405 0.024479166666666666 0.04537037037037037
0 0.41354166666666664 0.337037037037037 0.025 0.044444444444444446
0 0.47265625 0.27037037037037037 0.024479166666666666 0.044444444444444446
0 0.403125 0.37777777777777777 0.025 0.044444444444444446
0 0.49505208333333334 0.30416666666666664 0.024479166666666666 0.04537037037037037
0 0.46953125 0.48564814814814816 0.024479166666666666 0.04351851851851852
0 0.58515625 0.10925925925925926 0.025520833333333333 0.046296296296296294
0 0.415625 0.512962962962963 0.025 0.044444444444444446
0 0.38723958333333336 0.48657407407407405 0.0234375 0.04351851851851852
0 0.34479166666666666 0.23194444444444445 0.026041666666666668 0.04537037037037037
0 0.5609375 0.10833333333333334 0.026041666666666668 0.04814814814814815
0 0.39869791666666665 0.44722222222222224 0.024479166666666666 0.044444444444444446
0 0.425 0.46574074074074073 0.025 0.044444444444444446
0 0.46588541666666666 0.3800925925925926 0.024479166666666666 0.04537037037037037
0 0.45260416666666664 0.45231481481481484 0.023958333333333335 0.04351851851851852
0 0.4700520833333333 0.4217592592592593 0.0234375 0.04351851851851852
0 0.44427083333333334 0.4064814814814815 0.023958333333333335 0.044444444444444446
0 0.4203125 0.42407407407407405 0.023958333333333335 0.044444444444444446