0 0.6588541666666666 0.4925925925925926 0.030208333333333334 0.05
0 0.6859375 0.3314814814814815 0.029166666666666667 0.05
0 0.6223958333333334 0.23842592592592593 0.029166666666666667 0.049074074074074076
0 0.46119791666666665 0.49212962962962964 0.0265625 0.04722222222222222
0 0.32083333333333336 0.7074074074074074 0.029166666666666667 0.05
0 0.5197916666666667 0.16111111111111112 0.028125 0.04814814814814815
0 0.4627604166666667 0.3087962962962963 0.027604166666666666 0.049074074074074076
0 0.6755208333333333 0.15601851851851853 0.028125 0.049074074074074076
0 0.32838541666666665 0.12129629629629629 0.0265625 0.04814814814814815
0 0.66875 0.0787037037037037 0.027083333333333334 0.04814814814814815
0 0.2752604166666667 0.5671296296296297 0.027604166666666666 0.04722222222222222
0 0.54375 0.36898148148148147 0.028125 0.04722222222222222
0 0.6471354166666666 0.5564814814814815 0.0296875 0.05
0 0.5463541666666667 0.5300925925925926 0.028125 0.04722222222222222
0 0.40520833333333334 0.7518518518518519 0.029166666666666667 0.05185185185185185
0 0.6145833333333334 0.7226851851851852 0.030208333333333334 0.05462962962962963
0 0.3171875 0.7611111111111111 0.028125 0.05
0 0.6627604166666666 0.37222222222222223 0.027604166666666666 0.046296296296296294
0 0.3763020833333333 0.37453703703703706 0.0265625 0.04537037037037037
0 0.33880208333333334 0.2726851851851852 0.0265625 0.04722222222222222
0 0.34088541666666666 0.5148148148148148 0.025520833333333333 0.046296296296296294
0 0.5838541666666667 0.11574074074074074 0.026041666666666668 0.04814814814814815
0 0.32786458333333335 0.37037037037037035 0.025520833333333333 0.046296296296296294
0 0.36614583333333334 0.5138888888888888 0.026041666666666668 0.046296296296296294
0 0.346875 0.4652777777777778 0.025 0.04351851851851852
0 0.40703125 0.43796296296296294 0.0265625 0.046296296296296294
0 0.4908854166666667 0.49953703703703706 0.025520833333333333 0.04537037037037037
0 0.3958333333333333 0.1300925925925926 0.026041666666666668 0.04537037037037037
0 0.5369791666666667 0.4888888888888889 0.026041666666666668 0.046296296296296294
0 0.66796875 0.587037037037037 0.0296875 0.04814814814814815
0 0.6052083333333333 0.32407407407407407 0.027083333333333334 0.046296296296296294
0 0.66328125 0.26342592592592595 0.0265625 0.04722222222222222
0 0.34401041666666665 0.4027777777777778 0.024479166666666666 0.044444444444444446
0 0.38515625 0.45740740740740743 0.025520833333333333 0.046296296296296294
0 0.38958333333333334 0.41203703703703703 0.023958333333333335 0.04259259259259259
0 0.43802083333333336 0.16666666666666666 0.025 0.044444444444444446
0 0.6328125 0.14537037037037037 0.025 0.046296296296296294
0 0.465625 0.15462962962962962 0.025 0.046296296296296294
0 0.34609375 0.18935185185185185 0.027604166666666666 0.04537037037037037
0 0.36666666666666664 0.4300925925925926 0.025 0.04537037037037037
0 0.6091145833333333 0.12916666666666668 0.025520833333333333 0.04537037037037037
0 0.3455729166666667 0.23055555555555557 0.025520833333333333 0.044444444444444446