0 0.67109375 0.24675925925925926 0.0296875 0.05092592592592592
0 0.6565104166666667 0.49398148148148147 0.028645833333333332 0.049074074074074076
0 0.6223958333333334 0.23287037037037037 0.028125 0.049074074074074076
0 0.4765625 0.46296296296296297 0.027083333333333334 0.046296296296296294
0 0.6661458333333333 0.0824074074074074 0.028125 0.04814814814814815
0 0.5932291666666667 0.5314814814814814 0.028125 0.05
0 0.6580729166666667 0.3763888888888889 0.028645833333333332 0.049074074074074076
0 0.51796875 0.22175925925925927 0.0265625 0.04722222222222222
0 0.30442708333333335 0.12268518518518519 0.0265625 0.04722222222222222
0 0.6528645833333333 0.1550925925925926 0.027604166666666666 0.04722222222222222
0 0.39401041666666664 0.6925925925925925 0.027604166666666666 0.05
0 0.6802083333333333 0.16296296296296298 0.027083333333333334 0.05
0 0.2716145833333333 0.3351851851851852 0.028645833333333332 0.044444444444444446
0 0.49895833333333334 0.5101851851851852 0.026041666666666668 0.046296296296296294
0 0.31354166666666666 0.7564814814814815 0.028125 0.04814814814814815
0 0.5723958333333333 0.7111111111111111 0.029166666666666667 0.05185185185185185
0 0.6671875 0.586574074074074 0.027083333333333334 0.049074074074074076
0 0.4625 0.1527777777777778 0.027083333333333334 0.04814814814814815
0 0.2916666666666667 0.638425925925926 0.026041666666666668 0.04722222222222222
0 0.46145833333333336 0.4064814814814815 0.026041666666666668 0.046296296296296294
0 0.6828125 0.3560185185185185 0.027083333333333334 0.04722222222222222
0 0.4588541666666667 0.20185185185185187 0.026041666666666668 0.05
0 0.61953125 0.55 0.0265625 0.04814814814814815
0 0.29401041666666666 0.7046296296296296 0.0265625 0.04814814814814815
0 0.2677083333333333 0.6532407407407408 0.027083333333333334 0.049074074074074076
0 0.3182291666666667 0.7064814814814815 0.026041666666666668 0.04814814814814815
0 0.3919270833333333 0.39814814814814814 0.025520833333333333 0.044444444444444446
0 0.4940104166666667 0.21064814814814814 0.025520833333333333 0.04722222222222222
0 0.6442708333333333 0.5611111111111111 0.026041666666666668 0.04814814814814815
0 0.37864583333333335 0.4337962962962963 0.026041666666666668 0.04537037037037037
0 0.26276041666666666 0.39166666666666666 0.0265625 0.044444444444444446
0 0.6755208333333333 0.31203703703703706 0.028125 0.04814814814814815
0 0.32838541666666665 0.4185185185185185 0.0265625 0.046296296296296294
0 0.3606770833333333 0.3351851851851852 0.025520833333333333 0.044444444444444446
0 0.4825520833333333 0.17453703703703705 0.024479166666666666 0.04351851851851852
0 0.28359375 0.41203703703703703 0.0265625 0.046296296296296294
0 0.30026041666666664 0.27824074074074073 0.025520833333333333 0.04537037037037037
0 0.33177083333333335 0.2662037037037037 0.023958333333333335 0.04537037037037037
0 0.3802083333333333 0.3611111111111111 0.026041666666666668 0.044444444444444446
0 0.34270833333333334 0.38055555555555554 0.025 0.044444444444444446
0 0.321875 0.22685185185185186 0.026041666666666668 0.04259259259259259
0 0.29765625 0.23472222222222222 0.025520833333333333 0.04537037037037037