0 0.5192708333333333 0.29768518518518516 0.027083333333333334 0.04722222222222222
0 0.6744791666666666 0.24074074074074073 0.028125 0.05
0 0.6684895833333333 0.07916666666666666 0.027604166666666666 0.04722222222222222
0 0.68671875 0.3074074074074074 0.0296875 0.05
0 0.5111979166666667 0.39166666666666666 0.0265625 0.046296296296296294
0 0.659375 0.49212962962962964 0.028125 0.049074074074074076
0 0.6854166666666667 0.1597222222222222 0.028125 0.05092592592592592
0 0.29661458333333335 0.48518518518518516 0.027604166666666666 0.04814814814814815
0 0.35442708333333334 0.5027777777777778 0.028645833333333332 0.04814814814814815
0 0.6315104166666666 0.22685185185185186 0.027604166666666666 0.04814814814814815
0 0.54609375 0.5282407407407408 0.027604166666666666 0.049074074074074076
0 0.3028645833333333 0.3925925925925926 0.027604166666666666 0.04814814814814815
0 0.6627604166666666 0.3726851851851852 0.027604166666666666 0.04722222222222222
0 0.3072916666666667 0.1175925925925926 0.027083333333333334 0.046296296296296294
0 0.5880208333333333 0.40925925925925927 0.028125 0.04814814814814815
0 0.32083333333333336 0.7069444444444445 0.029166666666666667 0.05092592592592592
0 0.5841145833333333 0.48935185185185187 0.027604166666666666 0.049074074074074076
0 0.28072916666666664 0.33194444444444443 0.026041666666666668 0.04722222222222222
0 0.2755208333333333 0.5671296296296297 0.027083333333333334 0.04722222222222222
0 0.6145833333333334 0.7217592592592592 0.029166666666666667 0.05462962962962963
0 0.6575520833333334 0.15046296296296297 0.0265625 0.049074074074074076
0 0.3171875 0.7606481481481482 0.028125 0.049074074074074076
0 0.4515625 0.15416666666666667 0.025 0.04537037037037037
0 0.28125 0.425 0.025 0.046296296296296294
0 0.4244791666666667 0.12129629629629629 0.023958333333333335 0.044444444444444446
0 0.61015625 0.1337962962962963 0.025520833333333333 0.04722222222222222
0 0.6911458333333333 0.35185185185185186 0.027083333333333334 0.04814814814814815
0 0.6471354166666666 0.5560185185185185 0.027604166666666666 0.049074074074074076
0 0.46927083333333336 0.18101851851851852 0.025 0.04722222222222222
0 0.4083333333333333 0.3662037037037037 0.027083333333333334 0.04537037037037037
0 0.44296875 0.3375 0.025520833333333333 0.04537037037037037
0 0.5635416666666667 0.1388888888888889 0.025 0.046296296296296294
0 0.5846354166666666 0.11666666666666667 0.024479166666666666 0.046296296296296294
0 0.6682291666666667 0.5851851851851851 0.027083333333333334 0.04814814814814815
0 0.5153645833333333 0.12175925925925926 0.0234375 0.04537037037037037
0 0.40677083333333336 0.6884259259259259 0.029166666666666667 0.05092592592592592
0 0.40338541666666666 0.28703703703703703 0.025520833333333333 0.044444444444444446
0 0.40286458333333336 0.10601851851851851 0.025520833333333333 0.04537037037037037
0 0.53046875 0.0824074074074074 0.024479166666666666 0.04259259259259259
0 0.5403645833333334 0.12268518518518519 0.0234375 0.04537037037037037
0 0.39791666666666664 0.32731481481481484 0.027083333333333334 0.04537037037037037
0 0.4205729166666667 0.32546296296296295 0.024479166666666666 0.04351851851851852