0 0.5080729166666667 0.15231481481481482 0.024479166666666666 0.04351851851851852
0 0.50625 0.3662037037037037 0.026041666666666668 0.04537037037037037
0 0.4744791666666667 0.34444444444444444 0.025 0.044444444444444446
0 0.6205729166666667 0.3662037037037037 0.025520833333333333 0.04537037037037037
0 0.47994791666666664 0.3888888888888889 0.025520833333333333 0.046296296296296294
0 0.2838541666666667 0.27685185185185185 0.025 0.044444444444444446
0 0.6515625 0.5583333333333333 0.026041666666666668 0.04814814814814815
0 0.5143229166666666 0.40694444444444444 0.024479166666666666 0.04351851851851852
0 0.5934895833333333 0.35185185185185186 0.025520833333333333 0.046296296296296294
0 0.45078125 0.3287037037037037 0.025520833333333333 0.046296296296296294
0 0.6135416666666667 0.40879629629629627 0.026041666666666668 0.04722222222222222
0 0.43385416666666665 0.5199074074074074 0.025 0.04537037037037037
0 0.4856770833333333 0.1398148148148148 0.025520833333333333 0.046296296296296294
0 0.47708333333333336 0.5189814814814815 0.025 0.04537037037037037
0 0.5322916666666667 0.14351851851851852 0.026041666666666668 0.046296296296296294
0 0.49322916666666666 0.4300925925925926 0.026041666666666668 0.04537037037037037
0 0.2630208333333333 0.3050925925925926 0.026041666666666668 0.04537037037037037
0 0.49921875 0.4949074074074074 0.025520833333333333 0.04537037037037037
0 0.3015625 0.2361111111111111 0.025 0.046296296296296294
0 0.3859375 0.38564814814814813 0.025 0.04537037037037037
0 0.6286458333333333 0.5791666666666667 0.026041666666666668 0.04722222222222222
0 0.6778645833333333 0.5578703703703703 0.0265625 0.049074074074074076
0 0.35963541666666665 0.4837962962962963 0.025520833333333333 0.04722222222222222
0 0.3578125 0.35833333333333334 0.025 0.046296296296296294
0 0.4549479166666667 0.5412037037037037 0.024479166666666666 0.04537037037037037
0 0.3890625 0.5 0.025 0.046296296296296294
0 0.60078125 0.29398148148148145 0.0265625 0.04722222222222222
0 0.25390625 0.24583333333333332 0.025520833333333333 0.04537037037037037
0 0.42109375 0.39444444444444443 0.025520833333333333 0.044444444444444446
0 0.52265625 0.18935185185185185 0.025520833333333333 0.04722222222222222
0 0.6403645833333333 0.43148148148148147 0.0265625 0.04814814814814815
0 0.6083333333333333 0.6055555555555555 0.027083333333333334 0.04814814814814815
0 0.5729166666666666 0.25092592592592594 0.026041666666666668 0.046296296296296294
0 0.27265625 0.3638888888888889 0.025520833333333333 0.046296296296296294
0 0.5760416666666667 0.46111111111111114 0.027083333333333334 0.04814814814814815
0 0.3377604166666667 0.575925925925926 0.025520833333333333 0.04814814814814815
0 0.3703125 0.6013888888888889 0.026041666666666668 0.04722222222222222
0 0.4088541666666667 0.586574074074074 0.026041666666666668 0.04722222222222222
0 0.6932291666666667 0.5976851851851852 0.028125 0.049074074074074076
0 0.55625 0.5486111111111112 0.026041666666666668 0.04722222222222222
0 0.30390625 0.13148148148148148 0.0265625 0.046296296296296294
0 0.58828125 0.6958333333333333 0.027604166666666666 0.05092592592592592