0 0.4661458333333333 0.14537037037037037 0.023958333333333335 0.044444444444444446
0 0.46119791666666665 0.41898148148148145 0.025520833333333333 0.04537037037037037
0 0.4432291666666667 0.1398148148148148 0.025 0.046296296296296294
0 0.43463541666666666 0.412962962962963 0.025520833333333333 0.046296296296296294
0 0.44036458333333334 0.4898148148148148 0.024479166666666666 0.044444444444444446
0 0.4161458333333333 0.48842592592592593 0.025 0.04537037037037037
0 0.46953125 0.4601851851851852 0.025520833333333333 0.044444444444444446
0 0.49635416666666665 0.475 0.025 0.044444444444444446
0 0.4869791666666667 0.16620370370370371 0.023958333333333335 0.04537037037037037
0 0.284375 0.27685185185185185 0.025 0.044444444444444446
0 0.41015625 0.4398148148148148 0.025520833333333333 0.046296296296296294
0 0.6515625 0.5578703703703703 0.027083333333333334 0.049074074074074076
0 0.4296875 0.1912037037037037 0.025 0.04537037037037037
0 0.425 0.5296296296296297 0.026041666666666668 0.046296296296296294
0 0.46484375 0.5037037037037037 0.025520833333333333 0.046296296296296294
0 0.4471354166666667 0.3726851851851852 0.025520833333333333 0.04537037037037037
0 0.4578125 0.20092592592592592 0.025 0.044444444444444446
0 0.48828125 0.5166666666666667 0.025520833333333333 0.044444444444444446
0 0.30182291666666666 0.23564814814814813 0.025520833333333333 0.04537037037037037
0 0.44869791666666664 0.5361111111111111 0.025520833333333333 0.044444444444444446
0 0.6778645833333333 0.5574074074074075 0.0265625 0.05
0 0.628125 0.5782407407407407 0.026041666666666668 0.04722222222222222
0 0.2630208333333333 0.3050925925925926 0.026041666666666668 0.04537037037037037
0 0.25442708333333336 0.24583333333333332 0.025520833333333333 0.04537037037037037
0 0.38229166666666664 0.24305555555555555 0.025 0.04537037037037037
0 0.53828125 0.23842592592592593 0.024479166666666666 0.04537037037037037
0 0.5489583333333333 0.2916666666666667 0.025 0.046296296296296294
0 0.39479166666666665 0.29305555555555557 0.026041666666666668 0.04537037037037037
0 0.6075520833333333 0.6050925925925926 0.0265625 0.049074074074074076
0 0.43125 0.5712962962962963 0.026041666666666668 0.046296296296296294
0 0.5322916666666667 0.16064814814814815 0.026041666666666668 0.04722222222222222
0 0.27291666666666664 0.3638888888888889 0.026041666666666668 0.046296296296296294
0 0.5606770833333333 0.6708333333333333 0.0265625 0.049074074074074076
0 0.6927083333333334 0.5976851851851852 0.028125 0.049074074074074076
0 0.5869791666666667 0.32546296296296295 0.026041666666666668 0.04722222222222222
0 0.6466145833333333 0.19814814814814816 0.0265625 0.046296296296296294
0 0.53828125 0.5092592592592593 0.025520833333333333 0.04814814814814815
0 0.3606770833333333 0.41805555555555557 0.025520833333333333 0.04537037037037037
0 0.5861979166666667 0.6898148148148148 0.027604166666666666 0.05
0 0.30416666666666664 0.13287037037037036 0.026041666666666668 0.04537037037037037
0 0.6994791666666667 0.2652777777777778 0.028125 0.049074074074074076
0 0.27578125 0.5768518518518518 0.0265625 0.04814814814814815