0 0.42604166666666665 0.29398148148148145 0.023958333333333335 0.04351851851851852
0 0.45 0.2912037037037037 0.025 0.04351851851851852
0 0.4 0.2828703703703704 0.023958333333333335 0.04351851851851852
0 0.3390625 0.3875 0.026041666666666668 0.04722222222222222
0 0.36692708333333335 0.40046296296296297 0.025520833333333333 0.04537037037037037
0 0.34010416666666665 0.42916666666666664 0.026041666666666668 0.04722222222222222
0 0.6901041666666666 0.21157407407407408 0.026041666666666668 0.04722222222222222
0 0.36380208333333336 0.4439814814814815 0.025520833333333333 0.04537037037037037
0 0.44140625 0.3384259259259259 0.024479166666666666 0.04351851851851852
0 0.37838541666666664 0.26435185185185184 0.024479166666666666 0.04537037037037037
0 0.64921875 0.1685185185185185 0.025520833333333333 0.046296296296296294
0 0.6833333333333333 0.25277777777777777 0.026041666666666668 0.04814814814814815
0 0.46796875 0.31851851851851853 0.024479166666666666 0.04259259259259259
0 0.6291666666666667 0.19583333333333333 0.025 0.04722222222222222
0 0.3924479166666667 0.4375 0.025520833333333333 0.04537037037037037
0 0.6989583333333333 0.16805555555555557 0.026041666666666668 0.04722222222222222
0 0.41302083333333334 0.33101851851851855 0.025 0.04351851851851852
0 0.6234375 0.2375 0.025 0.04722222222222222
0 0.6596354166666667 0.2351851851851852 0.0265625 0.04814814814814815
0 0.5979166666666667 0.2324074074074074 0.025 0.046296296296296294
0 0.67265625 0.18287037037037038 0.025520833333333333 0.04537037037037037
0 0.5002604166666667 0.42592592592592593 0.024479166666666666 0.044444444444444446
0 0.33541666666666664 0.47314814814814815 0.026041666666666668 0.046296296296296294
0 0.46328125 0.3597222222222222 0.024479166666666666 0.04351851851851852
0 0.6302083333333334 0.49675925925925923 0.026041666666666668 0.04722222222222222
0 0.5671875 0.21064814814814814 0.025 0.04537037037037037
0 0.68046875 0.13842592592592592 0.025520833333333333 0.04722222222222222
0 0.4036458333333333 0.47638888888888886 0.025 0.04351851851851852
0 0.6513020833333333 0.5305555555555556 0.0265625 0.04814814814814815
0 0.71328125 0.23287037037037037 0.027604166666666666 0.049074074074074076
0 0.5299479166666666 0.4398148148148148 0.025520833333333333 0.044444444444444446
0 0.62421875 0.55 0.025520833333333333 0.046296296296296294
0 0.6153645833333333 0.2935185185185185 0.0265625 0.04814814814814815
0 0.503125 0.475462962962963 0.023958333333333335 0.04537037037037037
0 0.40208333333333335 0.5662037037037037 0.025 0.04537037037037037
0 0.3966145833333333 0.5180555555555556 0.025520833333333333 0.04537037037037037
0 0.7049479166666667 0.2810185185185185 0.027604166666666666 0.049074074074074076
0 0.64296875 0.3523148148148148 0.0265625 0.049074074074074076
0 0.6981770833333333 0.3263888888888889 0.0265625 0.049074074074074076
0 0.5716145833333334 0.2569444444444444 0.025520833333333333 0.04537037037037037
0 0.3645833333333333 0.48703703703703705 0.026041666666666668 0.044444444444444446
0 0.4234375 0.500462962962963 0.026041666666666668 0.04537037037037037
0 0.37135416666666665 0.575 0.025 0.046296296296296294
0 0.5606770833333333 0.1527777777777778 0.025520833333333333 0.044444444444444446
0 0.5065104166666666 0.5185185185185185 0.024479166666666666 0.044444444444444446
0 0.2721354166666667 0.4685185185185185 0.0265625 0.046296296296296294
0 0.6104166666666667 0.3449074074074074 0.026041666666666668 0.04722222222222222
0 0.60234375 0.47638888888888886 0.0265625 0.049074074074074076
0 0.67109375 0.37407407407407406 0.0265625 0.04814814814814815
0 0.5302083333333333 0.48518518518518516 0.025 0.044444444444444446
0 0.5979166666666667 0.5546296296296296 0.026041666666666668 0.04814814814814815
0 0.4278645833333333 0.5537037037037037 0.0265625 0.046296296296296294
0 0.53046875 0.5314814814814814 0.025520833333333333 0.046296296296296294
0 0.6729166666666667 0.5606481481481481 0.027083333333333334 0.04722222222222222
0 0.3263020833333333 0.5560185185185185 0.0265625 0.04722222222222222
0 0.6565104166666667 0.462037037037037 0.0265625 0.05
0 0.3463541666666667 0.5837962962962963 0.025 0.04537037037037037
0 0.4791666666666667 0.5087962962962963 0.025 0.04537037037037037
0 0.55234375 0.11203703703703703 0.025520833333333333 0.044444444444444446
0 0.2640625 0.5166666666666667 0.027083333333333334 0.046296296296296294
0 0.46979166666666666 0.4009259259259259 0.025 0.044444444444444446
0 0.6473958333333333 0.575462962962963 0.026041666666666668 0.049074074074074076
0 0.575 0.6537037037037037 0.027083333333333334 0.044444444444444446
0 0.45 0.525 0.025 0.046296296296296294
0 0.2559895833333333 0.3199074074074074 0.025520833333333333 0.04537037037037037
0 0.44453125 0.5837962962962963 0.024479166666666666 0.04537037037037037
0 0.4046875 0.6097222222222223 0.026041666666666668 0.04722222222222222
0 0.5583333333333333 0.4810185185185185 0.025 0.04722222222222222
0 0.496875 0.5583333333333333 0.025 0.046296296296296294
0 0.62421875 0.5972222222222222 0.025520833333333333 0.046296296296296294
0 0.5744791666666667 0.4305555555555556 0.026041666666666668 0.04814814814814815
0 0.5963541666666666 0.6125 0.026041666666666668 0.04722222222222222
0 0.2796875 0.3013888888888889 0.025 0.04537037037037037
0 0.5934895833333333 0.12407407407407407 0.025520833333333333 0.046296296296296294
0 0.521875 0.5722222222222222 0.026041666666666668 0.046296296296296294
0 0.37994791666666666 0.6152777777777778 0.025520833333333333 0.04722222222222222
0 0.6963541666666667 0.4356481481481482 0.027083333333333334 0.049074074074074076
0 0.47213541666666664 0.5513888888888889 0.024479166666666666 0.04537037037037037
0 0.7263020833333333 0.15601851851851853 0.027604166666666666 0.049074074074074076
0 0.42942708333333335 0.6203703703703703 0.0265625 0.046296296296296294
0 0.725 0.36203703703703705 0.028125 0.05
0 0.5588541666666667 0.6842592592592592 0.027083333333333334 0.05
0 0.51796875 0.35324074074074074 0.025520833333333333 0.04722222222222222
0 0.5846354166666666 0.6902777777777778 0.027604166666666666 0.049074074074074076
0 0.25416666666666665 0.25046296296296294 0.026041666666666668 0.04537037037037037
0 0.40625 0.2050925925925926 0.025 0.04537037037037037
0 0.6890625 0.5990740740740741 0.028125 0.05
0 0.27708333333333335 0.5981481481481481 0.027083333333333334 0.04814814814814815
0 0.30416666666666664 0.15416666666666667 0.026041666666666668 0.04537037037037037
0 0.33046875 0.7064814814814815 0.0265625 0.04814814814814815