0 0.5205729166666667 0.24953703703703703 0.024479166666666666 0.04537037037037037
0 0.32083333333333336 0.2564814814814815 0.023958333333333335 0.044444444444444446
0 0.4044270833333333 0.45555555555555555 0.0234375 0.044444444444444446
0 0.5432291666666667 0.2662037037037037 0.025 0.04537037037037037
0 0.3502604166666667 0.2351851851851852 0.024479166666666666 0.044444444444444446
0 0.47161458333333334 0.49907407407407406 0.024479166666666666 0.044444444444444446
0 0.49661458333333336 0.49953703703703706 0.024479166666666666 0.04537037037037037
0 0.42578125 0.49074074074074076 0.025520833333333333 0.046296296296296294
0 0.46927083333333336 0.5430555555555555 0.026041666666666668 0.04722222222222222
0 0.49505208333333334 0.5425925925925926 0.025520833333333333 0.046296296296296294
0 0.40546875 0.5763888888888888 0.024479166666666666 0.04537037037037037
0 0.5421875 0.15648148148148147 0.023958333333333335 0.044444444444444446
0 0.3765625 0.22083333333333333 0.025 0.04351851851851852
0 0.4127604166666667 0.6175925925925926 0.024479166666666666 0.044444444444444446
0 0.35911458333333335 0.2740740740740741 0.025520833333333333 0.044444444444444446
0 0.3802083333333333 0.4537037037037037 0.025 0.046296296296296294
0 0.5265625 0.5541666666666667 0.026041666666666668 0.04722222222222222
0 0.4359375 0.6180555555555556 0.026041666666666668 0.04722222222222222
0 0.5372395833333333 0.2175925925925926 0.025520833333333333 0.046296296296296294
0 0.4276041666666667 0.44537037037037036 0.025 0.044444444444444446
0 0.5713541666666667 0.22175925925925927 0.026041666666666668 0.04722222222222222
0 0.37890625 0.5907407407407408 0.0265625 0.046296296296296294
0 0.5622395833333333 0.17824074074074073 0.025520833333333333 0.04537037037037037
0 0.44947916666666665 0.48148148148148145 0.025 0.046296296296296294
0 0.5216145833333333 0.5106481481481482 0.025520833333333333 0.04722222222222222
0 0.4947916666666667 0.14629629629629629 0.025 0.046296296296296294
0 0.359375 0.1935185185185185 0.025 0.044444444444444446
0 0.3260416666666667 0.2162037037037037 0.025 0.04537037037037037
0 0.5041666666666667 0.19166666666666668 0.026041666666666668 0.046296296296296294
0 0.6427083333333333 0.5513888888888889 0.026041666666666668 0.049074074074074076
0 0.3888020833333333 0.6314814814814815 0.024479166666666666 0.044444444444444446
0 0.6109375 0.5657407407407408 0.026041666666666668 0.04814814814814815
0 0.43072916666666666 0.5763888888888888 0.026041666666666668 0.04722222222222222
0 0.6690104166666667 0.5638888888888889 0.0265625 0.04814814814814815
0 0.290625 0.27314814814814814 0.025 0.04259259259259259
0 0.44140625 0.175 0.024479166666666666 0.044444444444444446
0 0.55234375 0.5319444444444444 0.0265625 0.04722222222222222
0 0.3609375 0.6199074074074075 0.025 0.04537037037037037
0 0.57578125 0.5537037037037037 0.0265625 0.04814814814814815
0 0.3846354166666667 0.5032407407407408 0.0265625 0.04722222222222222
0 0.29010416666666666 0.48194444444444445 0.025 0.04537037037037037
0 0.4703125 0.21203703703703702 0.025 0.046296296296296294
0 0.4596354166666667 0.14675925925925926 0.024479166666666666 0.04537037037037037
0 0.36223958333333334 0.5597222222222222 0.025520833333333333 0.04722222222222222
0 0.48776041666666664 0.25 0.024479166666666666 0.044444444444444446
0 0.5489583333333333 0.575925925925926 0.026041666666666668 0.04814814814814815
0 0.3302083333333333 0.2949074074074074 0.025 0.04351851851851852
0 0.5239583333333333 0.30185185185185187 0.026041666666666668 0.046296296296296294
0 0.52265625 0.1300925925925926 0.025520833333333333 0.04722222222222222
0 0.44609375 0.30462962962962964 0.024479166666666666 0.044444444444444446
0 0.5942708333333333 0.6032407407407407 0.027083333333333334 0.049074074074074076
0 0.4596354166666667 0.6287037037037037 0.025520833333333333 0.04814814814814815
0 0.36953125 0.6620370370370371 0.0265625 0.04814814814814815
0 0.43984375 0.6615740740740741 0.0265625 0.04722222222222222
0 0.5622395833333333 0.6259259259259259 0.027604166666666666 0.05
0 0.6236979166666666 0.6074074074074074 0.0265625 0.04814814814814815
0 0.41458333333333336 0.6620370370370371 0.025 0.046296296296296294
0 0.64921875 0.5958333333333333 0.0265625 0.049074074074074076
0 0.28072916666666664 0.3143518518518518 0.026041666666666668 0.04537037037037037
0 0.46041666666666664 0.34074074074074073 0.026041666666666668 0.046296296296296294
0 0.39375 0.4148148148148148 0.026041666666666668 0.046296296296296294
0 0.39166666666666666 0.6763888888888889 0.026041666666666668 0.04722222222222222
0 0.5734375 0.6671296296296296 0.027083333333333334 0.049074074074074076
0 0.42526041666666664 0.25324074074074077 0.025520833333333333 0.04537037037037037
0 0.5940104166666667 0.18194444444444444 0.0265625 0.049074074074074076
0 0.26875 0.6268518518518519 0.027083333333333334 0.04814814814814815
0 0.5049479166666667 0.10324074074074074 0.025520833333333333 0.04722222222222222
0 0.48723958333333334 0.6458333333333334 0.0265625 0.049074074074074076
0 0.2713541666666667 0.5125 0.026041666666666668 0.04722222222222222
0 0.31484375 0.524074074074074 0.0265625 0.04814814814814815
0 0.4044270833333333 0.18703703703703703 0.025520833333333333 0.046296296296296294
0 0.27838541666666666 0.6689814814814815 0.0265625 0.04722222222222222
0 0.35 0.7217592592592592 0.026041666666666668 0.049074074074074076
0 0.41119791666666666 0.7078703703703704 0.027604166666666666 0.049074074074074076
0 0.3171875 0.6837962962962963 0.027083333333333334 0.049074074074074076
0 0.5533854166666666 0.6953703703703704 0.027604166666666666 0.04814814814814815
0 0.5278645833333333 0.6800925925925926 0.0265625 0.049074074074074076
0 0.2546875 0.32314814814814813 0.026041666666666668 0.046296296296296294
0 0.5591145833333333 0.09814814814814815 0.025520833333333333 0.046296296296296294
0 0.38203125 0.7217592592592592 0.0265625 0.049074074074074076
0 0.6888020833333334 0.5976851851851852 0.028645833333333332 0.05092592592592592
0 0.23802083333333332 0.6259259259259259 0.026041666666666668 0.04814814814814815
0 0.253125 0.25416666666666665 0.026041666666666668 0.04537037037037037
0 0.3234375 0.7513888888888889 0.026041666666666668 0.049074074074074076
0 0.30234375 0.17037037037037037 0.025520833333333333 0.046296296296296294
0 0.6528645833333333 0.47314814814814815 0.027604166666666666 0.05
0 0.5104166666666666 0.4 0.026041666666666668 0.046296296296296294
0 0.5953125 0.09907407407407408 0.026041666666666668 0.046296296296296294
0 0.57578125 0.7203703703703703 0.028645833333333332 0.05
0 0.3463541666666667 0.7671296296296296 0.026041666666666668 0.04722222222222222