0 0.5721354166666667 0.2412037037037037 0.025520833333333333 0.04537037037037037
0 0.35885416666666664 0.27685185185185185 0.026041666666666668 0.046296296296296294
0 0.2921875 0.27361111111111114 0.025 0.04351851851851852
0 0.5015625 0.18935185185185185 0.023958333333333335 0.04537037037037037
0 0.3515625 0.2361111111111111 0.025 0.044444444444444446
0 0.5255208333333333 0.2013888888888889 0.023958333333333335 0.04537037037037037
0 0.5440104166666667 0.2375 0.024479166666666666 0.04537037037037037
0 0.32395833333333335 0.25416666666666665 0.025 0.04351851851851852
0 0.38125 0.20972222222222223 0.025 0.04537037037037037
0 0.43776041666666665 0.41203703703703703 0.024479166666666666 0.046296296296296294
0 0.5526041666666667 0.5078703703703704 0.025 0.04537037037037037
0 0.56171875 0.20185185185185187 0.025520833333333333 0.044444444444444446
0 0.5640625 0.2824074074074074 0.026041666666666668 0.046296296296296294
0 0.52265625 0.16018518518518518 0.024479166666666666 0.044444444444444446
0 0.34088541666666666 0.5055555555555555 0.025520833333333333 0.046296296296296294
0 0.32760416666666664 0.2162037037037037 0.025 0.04537037037037037
0 0.41901041666666666 0.5930555555555556 0.0265625 0.04722222222222222
0 0.4140625 0.4078703703703704 0.023958333333333335 0.04537037037037037
0 0.49895833333333334 0.13796296296296295 0.023958333333333335 0.044444444444444446
0 0.28229166666666666 0.3143518518518518 0.025 0.04537037037037037
0 0.63203125 0.16342592592592592 0.025520833333333333 0.04722222222222222
0 0.43645833333333334 0.45925925925925926 0.025 0.044444444444444446
0 0.4861979166666667 0.4356481481481482 0.0234375 0.04351851851851852
0 0.6510416666666666 0.18935185185185185 0.025 0.04537037037037037
0 0.33098958333333334 0.2962962962962963 0.025520833333333333 0.044444444444444446
0 0.5291666666666667 0.11805555555555555 0.023958333333333335 0.04537037037037037
0 0.39479166666666665 0.5851851851851851 0.025 0.046296296296296294
0 0.5833333333333334 0.5462962962962963 0.025 0.046296296296296294
0 0.4596354166666667 0.487962962962963 0.0234375 0.044444444444444446
0 0.46197916666666666 0.4263888888888889 0.023958333333333335 0.04537037037037037
0 0.5067708333333333 0.4601851851851852 0.025 0.046296296296296294
0 0.2916666666666667 0.48194444444444445 0.025 0.04537037037037037
0 0.35963541666666665 0.1935185185185185 0.024479166666666666 0.044444444444444446
0 0.50078125 0.5027777777777778 0.024479166666666666 0.046296296296296294
0 0.40520833333333334 0.1884259259259259 0.023958333333333335 0.04537037037037037
0 0.3567708333333333 0.6180555555555556 0.026041666666666668 0.04537037037037037
0 0.54609375 0.46574074074074073 0.025520833333333333 0.046296296296296294
0 0.2708333333333333 0.6268518518518519 0.027083333333333334 0.046296296296296294
0 0.6067708333333334 0.15601851851851853 0.025 0.04722222222222222
0 0.3809895833333333 0.6259259259259259 0.025520833333333333 0.046296296296296294
0 0.5283854166666667 0.49907407407407406 0.024479166666666666 0.044444444444444446
0 0.6432291666666666 0.5481481481481482 0.026041666666666668 0.046296296296296294
0 0.40260416666666665 0.6444444444444445 0.026041666666666668 0.046296296296296294
0 0.6130208333333333 0.5652777777777778 0.026041666666666668 0.04722222222222222
0 0.41171875 0.5518518518518518 0.0265625 0.046296296296296294
0 0.6067708333333334 0.5212962962962963 0.026041666666666668 0.04814814814814815
0 0.6723958333333333 0.16203703703703703 0.026041666666666668 0.04814814814814815
0 0.5578125 0.5532407407407407 0.025 0.04722222222222222
0 0.3184895833333333 0.5319444444444444 0.025520833333333333 0.04537037037037037
0 0.45416666666666666 0.3768518518518518 0.025 0.044444444444444446
0 0.5567708333333333 0.6092592592592593 0.026041666666666668 0.04814814814814815
0 0.5330729166666667 0.5560185185185185 0.0265625 0.049074074074074076
0 0.27291666666666664 0.5120370370370371 0.026041666666666668 0.046296296296296294
0 0.36432291666666666 0.6601851851851852 0.0265625 0.04814814814814815
0 0.6700520833333333 0.5625 0.0265625 0.04722222222222222
0 0.5447916666666667 0.337037037037037 0.025 0.046296296296296294
0 0.3854166666666667 0.6814814814814815 0.026041666666666668 0.04814814814814815
0 0.46848958333333335 0.1388888888888889 0.024479166666666666 0.046296296296296294
0 0.65078125 0.5939814814814814 0.0265625 0.04722222222222222
0 0.5846354166666666 0.5962962962962963 0.025520833333333333 0.046296296296296294
0 0.47942708333333334 0.5921296296296297 0.0265625 0.04537037037037037
0 0.48020833333333335 0.2865740740740741 0.025 0.04722222222222222
0 0.6026041666666667 0.6277777777777778 0.027083333333333334 0.04814814814814815
0 0.5828125 0.6601851851851852 0.026041666666666668 0.04814814814814815
0 0.4390625 0.17824074074074073 0.025 0.04537037037037037
0 0.5153645833333333 0.3347222222222222 0.024479166666666666 0.04537037037037037
0 0.58828125 0.11574074074074074 0.025520833333333333 0.046296296296296294
0 0.62578125 0.6046296296296296 0.025520833333333333 0.04814814814814815
0 0.44479166666666664 0.24768518518518517 0.025 0.04537037037037037
0 0.2565104166666667 0.32407407407407407 0.025520833333333333 0.046296296296296294
0 0.3190104166666667 0.6833333333333333 0.0265625 0.04814814814814815
0 0.3809895833333333 0.4115740740740741 0.025520833333333333 0.04537037037037037
0 0.6880208333333333 0.20694444444444443 0.027083333333333334 0.049074074074074076
0 0.484375 0.6370370370370371 0.027083333333333334 0.04814814814814815
0 0.35078125 0.7185185185185186 0.0265625 0.04814814814814815
0 0.28046875 0.6680555555555555 0.0265625 0.04722222222222222
0 0.5114583333333333 0.08935185185185185 0.025 0.04537037037037037
0 0.25442708333333336 0.2550925925925926 0.0265625 0.04722222222222222
0 0.6080729166666666 0.0875 0.025520833333333333 0.04722222222222222
0 0.40859375 0.7018518518518518 0.027604166666666666 0.05
0 0.5578125 0.675 0.026041666666666668 0.04814814814814815
0 0.37942708333333336 0.7245370370370371 0.0265625 0.049074074074074076
0 0.3046875 0.17453703703703705 0.026041666666666668 0.04722222222222222
0 0.24088541666666666 0.6263888888888889 0.027604166666666666 0.04722222222222222
0 0.6526041666666667 0.47453703703703703 0.027083333333333334 0.049074074074074076
0 0.6890625 0.5962962962962963 0.028125 0.05
0 0.325 0.75 0.026041666666666668 0.04814814814814815
0 0.6838541666666667 0.27870370370370373 0.026041666666666668 0.04814814814814815
0 0.5768229166666666 0.7083333333333334 0.028645833333333332 0.05185185185185185
0 0.34739583333333335 0.7662037037037037 0.026041666666666668 0.04722222222222222