0 0.5276041666666667 0.13240740740740742 0.025 0.046296296296296294
0 0.43411458333333336 0.22268518518518518 0.024479166666666666 0.04351851851851852
0 0.5041666666666667 0.1361111111111111 0.025 0.046296296296296294
0 0.51875 0.17407407407407408 0.025 0.044444444444444446
0 0.546875 0.19722222222222222 0.025 0.044444444444444446
0 0.55 0.14953703703703702 0.026041666666666668 0.04537037037037037
0 0.5684895833333333 0.17453703703703705 0.024479166666666666 0.04351851851851852
0 0.35130208333333335 0.23796296296296296 0.025520833333333333 0.044444444444444446
0 0.3234375 0.25787037037037036 0.025 0.04351851851851852
0 0.4005208333333333 0.3819444444444444 0.025 0.04351851851851852
0 0.44947916666666665 0.2564814814814815 0.026041666666666668 0.044444444444444446
0 0.6424479166666667 0.5518518518518518 0.0265625 0.04814814814814815
0 0.36015625 0.19537037037037036 0.025520833333333333 0.044444444444444446
0 0.32760416666666664 0.21805555555555556 0.025 0.04537037037037037
0 0.5244791666666667 0.2152777777777778 0.025 0.04537037037037037
0 0.46328125 0.20925925925925926 0.025520833333333333 0.046296296296296294
0 0.44192708333333336 0.18055555555555555 0.025520833333333333 0.044444444444444446
0 0.4453125 0.5 0.023958333333333335 0.044444444444444446
0 0.52265625 0.5032407407407408 0.025520833333333333 0.04537037037037037
0 0.40911458333333334 0.34120370370370373 0.025520833333333333 0.04351851851851852
0 0.38177083333333334 0.2111111111111111 0.025 0.044444444444444446
0 0.43984375 0.2967592592592593 0.025520833333333333 0.04537037037037037
0 0.29322916666666665 0.275 0.023958333333333335 0.04259259259259259
0 0.58828125 0.2023148148148148 0.025520833333333333 0.04537037037037037
0 0.43463541666666666 0.5393518518518519 0.025520833333333333 0.04537037037037037
0 0.41953125 0.475 0.025520833333333333 0.046296296296296294
0 0.55 0.2388888888888889 0.025 0.044444444444444446
0 0.43385416666666665 0.37592592592592594 0.025 0.044444444444444446
0 0.40677083333333336 0.5277777777777778 0.026041666666666668 0.046296296296296294
0 0.49583333333333335 0.48194444444444445 0.025 0.04537037037037037
0 0.5203125 0.5504629629629629 0.026041666666666668 0.04537037037037037
0 0.51640625 0.0962962962962963 0.025520833333333333 0.046296296296296294
0 0.46796875 0.5125 0.025520833333333333 0.04537037037037037
0 0.5471354166666667 0.5111111111111111 0.025520833333333333 0.046296296296296294
0 0.5013020833333334 0.524074074074074 0.025520833333333333 0.044444444444444446
0 0.47213541666666664 0.46620370370370373 0.024479166666666666 0.04351851851851852
0 0.4453125 0.44583333333333336 0.023958333333333335 0.04351851851851852
0 0.41822916666666665 0.40879629629629627 0.025 0.04351851851851852
0 0.49713541666666666 0.2199074074074074 0.024479166666666666 0.04351851851851852
0 0.61015625 0.5652777777777778 0.0265625 0.04722222222222222
0 0.5455729166666666 0.5574074074074075 0.025520833333333333 0.046296296296296294
0 0.4046875 0.18981481481481483 0.023958333333333335 0.044444444444444446
0 0.36432291666666666 0.6606481481481481 0.025520833333333333 0.04722222222222222
0 0.39505208333333336 0.5828703703703704 0.0265625 0.04722222222222222
0 0.57421875 0.24027777777777778 0.0265625 0.04722222222222222
0 0.38229166666666664 0.6222222222222222 0.026041666666666668 0.046296296296296294
0 0.4192708333333333 0.5824074074074074 0.026041666666666668 0.046296296296296294
0 0.56640625 0.5393518518518519 0.025520833333333333 0.04537037037037037
0 0.66796875 0.5643518518518519 0.0265625 0.04537037037037037
0 0.35651041666666666 0.6175925925925926 0.025520833333333333 0.046296296296296294
0 0.55859375 0.1037037037037037 0.025520833333333333 0.046296296296296294
0 0.35989583333333336 0.27824074074074073 0.026041666666666668 0.04537037037037037
0 0.48489583333333336 0.5574074074074075 0.025 0.044444444444444446
0 0.2911458333333333 0.4824074074074074 0.023958333333333335 0.044444444444444446
0 0.33125 0.29768518518518516 0.025 0.04351851851851852
0 0.2825520833333333 0.3143518518518518 0.025520833333333333 0.04537037037037037
0 0.6481770833333333 0.5958333333333333 0.0265625 0.04722222222222222
0 0.45234375 0.5662037037037037 0.025520833333333333 0.04351851851851852
0 0.47682291666666665 0.2796296296296296 0.025520833333333333 0.046296296296296294
0 0.33932291666666664 0.5060185185185185 0.0265625 0.04722222222222222
0 0.6229166666666667 0.6069444444444444 0.027083333333333334 0.04722222222222222
0 0.3807291666666667 0.41203703703703703 0.026041666666666668 0.046296296296296294
0 0.31875 0.5314814814814814 0.025 0.044444444444444446
0 0.46848958333333335 0.14074074074074075 0.024479166666666666 0.046296296296296294
0 0.27291666666666664 0.5115740740740741 0.026041666666666668 0.04537037037037037
0 0.5940104166666667 0.6041666666666666 0.027604166666666666 0.04722222222222222
0 0.5520833333333334 0.600925925925926 0.027083333333333334 0.04814814814814815
0 0.40182291666666664 0.6458333333333334 0.025520833333333333 0.04537037037037037
0 0.2703125 0.6259259259259259 0.027083333333333334 0.04814814814814815
0 0.3848958333333333 0.6814814814814815 0.026041666666666668 0.046296296296296294
0 0.5729166666666666 0.6648148148148149 0.027083333333333334 0.04814814814814815
0 0.25677083333333334 0.324537037037037 0.026041666666666668 0.04537037037037037
0 0.35104166666666664 0.7185185185185186 0.026041666666666668 0.046296296296296294
0 0.5505208333333333 0.6875 0.027083333333333334 0.049074074074074076
0 0.30364583333333334 0.17407407407407408 0.025 0.044444444444444446
0 0.2546875 0.2564814814814815 0.026041666666666668 0.046296296296296294
0 0.32421875 0.7490740740740741 0.025520833333333333 0.04814814814814815
0 0.3796875 0.725462962962963 0.026041666666666668 0.04722222222222222
0 0.28072916666666664 0.6675925925925926 0.025 0.046296296296296294
0 0.3184895833333333 0.6828703703703703 0.0265625 0.04722222222222222
0 0.24036458333333333 0.625 0.0265625 0.04814814814814815
0 0.4088541666666667 0.7041666666666667 0.027083333333333334 0.049074074074074076
0 0.49114583333333334 0.6166666666666667 0.027083333333333334 0.046296296296296294
0 0.6877604166666667 0.5976851851851852 0.0296875 0.049074074074074076
0 0.6520833333333333 0.4740740740740741 0.028125 0.04814814814814815
0 0.5114583333333333 0.3388888888888889 0.026041666666666668 0.046296296296296294
0 0.5734375 0.7125 0.028125 0.049074074074074076
0 0.34661458333333334 0.7657407407407407 0.025520833333333333 0.046296296296296294
0 0.6065104166666667 0.08657407407407407 0.0265625 0.04722222222222222
0 0.6877604166666667 0.1986111111111111 0.027604166666666666 0.04722222222222222