0 0.34427083333333336 0.44074074074074077 0.025 0.044444444444444446
0 0.5236979166666667 0.23287037037037037 0.024479166666666666 0.04537037037037037
0 0.41458333333333336 0.24583333333333332 0.026041666666666668 0.04537037037037037
0 0.39453125 0.2791666666666667 0.025520833333333333 0.04537037037037037
0 0.49140625 0.2652777777777778 0.025520833333333333 0.04537037037037037
0 0.32473958333333336 0.46805555555555556 0.025520833333333333 0.04537037037037037
0 0.37473958333333335 0.25046296296296294 0.0234375 0.04351851851851852
0 0.30234375 0.48703703703703705 0.025520833333333333 0.046296296296296294
0 0.46770833333333334 0.2449074074074074 0.025 0.04537037037037037
0 0.4817708333333333 0.31296296296296294 0.025 0.046296296296296294
0 0.42135416666666664 0.31296296296296294 0.025 0.046296296296296294
0 0.32838541666666665 0.4111111111111111 0.025520833333333333 0.046296296296296294
0 0.5822916666666667 0.25 0.025 0.046296296296296294
0 0.64921875 0.17037037037037037 0.025520833333333333 0.046296296296296294
0 0.5075520833333333 0.1726851851851852 0.025520833333333333 0.04537037037037037
0 0.42213541666666665 0.1638888888888889 0.025520833333333333 0.046296296296296294
0 0.5817708333333333 0.39444444444444443 0.025 0.046296296296296294
0 0.35104166666666664 0.27175925925925926 0.025 0.04537037037037037
0 0.32265625 0.5175925925925926 0.025520833333333333 0.046296296296296294
0 0.48359375 0.18796296296296297 0.024479166666666666 0.044444444444444446
0 0.453125 0.14351851851851852 0.025 0.046296296296296294
0 0.5002604166666667 0.22083333333333333 0.0234375 0.04351851851851852
0 0.396875 0.1763888888888889 0.025 0.04351851851851852
0 0.60078125 0.36712962962962964 0.0265625 0.04722222222222222
0 0.6153645833333333 0.41898148148148145 0.0265625 0.04722222222222222
0 0.3671875 0.20925925925925926 0.026041666666666668 0.046296296296296294
0 0.2643229166666667 0.5185185185185185 0.0265625 0.046296296296296294
0 0.5471354166666667 0.4671296296296296 0.025520833333333333 0.04537037037037037
0 0.66328125 0.21157407407407408 0.025520833333333333 0.04722222222222222
0 0.41484375 0.20277777777777778 0.025520833333333333 0.044444444444444446
0 0.3736979166666667 0.42824074074074076 0.025520833333333333 0.04537037037037037
0 0.521875 0.3087962962962963 0.026041666666666668 0.04722222222222222
0 0.4700520833333333 0.3509259259259259 0.025520833333333333 0.046296296296296294
0 0.5395833333333333 0.38287037037037036 0.025 0.04537037037037037
0 0.5565104166666667 0.2601851851851852 0.024479166666666666 0.046296296296296294
0 0.5919270833333333 0.4439814814814815 0.0265625 0.04722222222222222
0 0.28880208333333335 0.524537037037037 0.025520833333333333 0.04537037037037037
0 0.3046875 0.40555555555555556 0.026041666666666668 0.046296296296296294
0 0.6276041666666666 0.34444444444444444 0.026041666666666668 0.04814814814814815
0 0.27109375 0.4699074074074074 0.0265625 0.04537037037037037
0 0.5979166666666667 0.31527777777777777 0.026041666666666668 0.04722222222222222
0 0.35625 0.5944444444444444 0.025 0.046296296296296294
0 0.33828125 0.562962962962963 0.025520833333333333 0.046296296296296294
0 0.4078125 0.3476851851851852 0.026041666666666668 0.04722222222222222
0 0.6494791666666667 0.5324074074074074 0.027083333333333334 0.04814814814814815
0 0.4122395833333333 0.6375 0.025520833333333333 0.04722222222222222
0 0.2791666666666667 0.3037037037037037 0.025 0.046296296296296294
0 0.6286458333333333 0.14444444444444443 0.026041666666666668 0.04814814814814815
0 0.36276041666666664 0.5518518518518518 0.025520833333333333 0.046296296296296294
0 0.5403645833333334 0.5111111111111111 0.025520833333333333 0.046296296296296294
0 0.51875 0.4074074074074074 0.026041666666666668 0.04814814814814815
0 0.39140625 0.6175925925925926 0.0265625 0.04814814814814815
0 0.5216145833333333 0.4824074074074074 0.025520833333333333 0.046296296296296294
0 0.6291666666666667 0.500462962962963 0.027083333333333334 0.049074074074074076
0 0.33177083333333335 0.6078703703703704 0.025 0.04722222222222222
0 0.3072916666666667 0.6157407407407407 0.025 0.046296296296296294
0 0.44817708333333334 0.32731481481481484 0.024479166666666666 0.04537037037037037
0 0.36822916666666666 0.6310185185185185 0.026041666666666668 0.04722222222222222
0 0.6765625 0.5532407407407407 0.027083333333333334 0.049074074074074076
0 0.62421875 0.5481481481481482 0.0265625 0.04814814814814815
0 0.5559895833333334 0.42083333333333334 0.0234375 0.04537037037037037
0 0.41744791666666664 0.5856481481481481 0.0265625 0.04722222222222222
0 0.6552083333333333 0.46111111111111114 0.027083333333333334 0.05
0 0.3296875 0.6513888888888889 0.026041666666666668 0.04722222222222222
0 0.6916666666666667 0.20462962962962963 0.027083333333333334 0.04814814814814815
0 0.48932291666666666 0.5032407407407408 0.0265625 0.04722222222222222
0 0.35234375 0.6662037037037037 0.025520833333333333 0.04722222222222222
0 0.403125 0.4546296296296296 0.025 0.046296296296296294
0 0.25546875 0.32175925925925924 0.025520833333333333 0.04537037037037037
0 0.4309895833333333 0.6638888888888889 0.0265625 0.04814814814814815
0 0.44244791666666666 0.40925925925925927 0.025520833333333333 0.046296296296296294
0 0.509375 0.5282407407407408 0.026041666666666668 0.04722222222222222
0 0.6755208333333333 0.2601851851851852 0.027083333333333334 0.04814814814814815
0 0.45677083333333335 0.09861111111111111 0.025 0.04537037037037037
0 0.6544270833333333 0.5773148148148148 0.0265625 0.049074074074074076
0 0.4 0.6833333333333333 0.026041666666666668 0.04814814814814815
0 0.378125 0.6694444444444444 0.025 0.04814814814814815
0 0.5744791666666667 0.6513888888888889 0.027083333333333334 0.049074074074074076
0 0.27578125 0.5995370370370371 0.027604166666666666 0.04722222222222222
0 0.25338541666666664 0.2518518518518518 0.025520833333333333 0.046296296296296294
0 0.6296875 0.5944444444444444 0.027083333333333334 0.04814814814814815
0 0.6127604166666667 0.08703703703703704 0.025520833333333333 0.046296296296296294
0 0.36276041666666664 0.7060185185185185 0.0265625 0.04722222222222222
0 0.69609375 0.44675925925925924 0.027604166666666666 0.049074074074074076
0 0.6877604166666667 0.5981481481481481 0.028645833333333332 0.05
0 0.5872395833333334 0.6935185185185185 0.027604166666666666 0.05
0 0.5591145833333333 0.6902777777777778 0.0265625 0.05092592592592592
0 0.3296875 0.7064814814814815 0.027083333333333334 0.05
0 0.58046875 0.06342592592592593 0.025520833333333333 0.04722222222222222
0 0.30364583333333334 0.15833333333333333 0.027083333333333334 0.046296296296296294