0 0.28984375 0.27314814814814814 0.025520833333333333 0.044444444444444446
0 0.35885416666666664 0.27314814814814814 0.027083333333333334 0.046296296296296294
0 0.5447916666666667 0.2611111111111111 0.025 0.046296296296296294
0 0.37734375 0.21944444444444444 0.024479166666666666 0.044444444444444446
0 0.46484375 0.3282407407407407 0.025520833333333333 0.04722222222222222
0 0.4434895833333333 0.3050925925925926 0.025520833333333333 0.04537037037037037
0 0.5411458333333333 0.15138888888888888 0.025 0.04537037037037037
0 0.49375 0.24675925925925926 0.025 0.04537037037037037
0 0.44088541666666664 0.1736111111111111 0.024479166666666666 0.04537037037037037
0 0.478125 0.21666666666666667 0.025 0.046296296296296294
0 0.28020833333333334 0.3138888888888889 0.026041666666666668 0.046296296296296294
0 0.5666666666666667 0.18194444444444444 0.026041666666666668 0.04722222222222222
0 0.28958333333333336 0.48148148148148145 0.026041666666666668 0.046296296296296294
0 0.5278645833333333 0.2986111111111111 0.025520833333333333 0.04722222222222222
0 0.5205729166666667 0.2523148148148148 0.024479166666666666 0.04537037037037037
0 0.31979166666666664 0.2564814814814815 0.025 0.046296296296296294
0 0.5369791666666667 0.4842592592592593 0.026041666666666668 0.046296296296296294
0 0.3497708333333333 0.2361111111111111 0.026625 0.046296296296296294
0 0.61171875 0.562037037037037 0.0265625 0.04814814814814815
0 0.57734375 0.5541666666666667 0.0265625 0.049074074074074076
0 0.3255208333333333 0.2162037037037037 0.026041666666666668 0.04722222222222222
0 0.4979166666666667 0.19212962962962962 0.025 0.04537037037037037
0 0.47213541666666664 0.4398148148148148 0.025520833333333333 0.046296296296296294
0 0.5364583333333334 0.21851851851851853 0.025 0.044444444444444446
0 0.3807291666666667 0.45231481481481484 0.026041666666666668 0.04537037037037037
0 0.39296875 0.48703703703703705 0.0265625 0.046296296296296294
0 0.3294270833333333 0.29583333333333334 0.0265625 0.04537037037037037
0 0.35911458333333335 0.19166666666666668 0.0265625 0.046296296296296294
0 0.5606770833333333 0.5194444444444445 0.0265625 0.04814814814814815
0 0.5705729166666667 0.2361111111111111 0.025520833333333333 0.046296296296296294
0 0.44375 0.4444444444444444 0.025 0.044444444444444446
0 0.5364583333333334 0.5319444444444444 0.026041666666666668 0.04722222222222222
0 0.6526041666666667 0.5777777777777777 0.026041666666666668 0.04814814814814815
0 0.5861979166666667 0.27037037037037037 0.0265625 0.05
0 0.3966145833333333 0.41805555555555557 0.025520833333333333 0.04537037037037037
0 0.5505208333333333 0.5694444444444444 0.026041666666666668 0.04814814814814815
0 0.2671875 0.6259259259259259 0.027083333333333334 0.04814814814814815
0 0.5856770833333333 0.5976851851851852 0.0265625 0.049074074074074076
0 0.41953125 0.4300925925925926 0.025520833333333333 0.04537037037037037
0 0.675 0.5513888888888889 0.027083333333333334 0.049074074074074076
0 0.48984375 0.4685185185185185 0.025520833333333333 0.046296296296296294
0 0.52578125 0.575462962962963 0.0265625 0.049074074074074076
0 0.42291666666666666 0.25416666666666665 0.026041666666666668 0.04722222222222222
0 0.5609375 0.6166666666666667 0.027083333333333334 0.05
0 0.27005208333333336 0.5120370370370371 0.0265625 0.046296296296296294
0 0.48880208333333336 0.5574074074074075 0.0265625 0.04814814814814815
0 0.45625 0.5611111111111111 0.025 0.046296296296296294
0 0.49921875 0.15046296296296297 0.025520833333333333 0.04722222222222222
0 0.41640625 0.5157407407407407 0.024479166666666666 0.044444444444444446
0 0.5125 0.4962962962962963 0.025 0.046296296296296294
0 0.44114583333333335 0.5097222222222222 0.025 0.04537037037037037
0 0.39114583333333336 0.5310185185185186 0.026041666666666668 0.04537037037037037
0 0.5825520833333333 0.6458333333333334 0.027604166666666666 0.049074074074074076
0 0.4591145833333333 0.4773148148148148 0.024479166666666666 0.04537037037037037
0 0.51953125 0.4532407407407407 0.0265625 0.04722222222222222
0 0.4044270833333333 0.18611111111111112 0.0265625 0.04814814814814815
0 0.39505208333333336 0.6694444444444444 0.0265625 0.04814814814814815
0 0.64765625 0.5310185185185186 0.027604166666666666 0.049074074074074076
0 0.5109375 0.5398148148148149 0.025 0.046296296296296294
0 0.43333333333333335 0.5518518518518518 0.026041666666666668 0.04814814814814815
0 0.48932291666666666 0.5143518518518518 0.025520833333333333 0.04537037037037037
0 0.4083333333333333 0.5587962962962963 0.027083333333333334 0.049074074074074076
0 0.425 0.475 0.025 0.044444444444444446
0 0.37473958333333335 0.6472222222222223 0.0265625 0.04814814814814815
0 0.4640625 0.5208333333333334 0.025 0.04537037037037037
0 0.45807291666666666 0.37916666666666665 0.0265625 0.04722222222222222
0 0.6276041666666666 0.5995370370370371 0.027083333333333334 0.049074074074074076
0 0.53984375 0.6421296296296296 0.0265625 0.049074074074074076
0 0.25416666666666665 0.3226851851851852 0.026041666666666668 0.04722222222222222
0 0.278125 0.6685185185185185 0.027083333333333334 0.046296296296296294
0 0.50078125 0.10694444444444444 0.025520833333333333 0.04537037037037037
0 0.31666666666666665 0.6828703703703703 0.027083333333333334 0.049074074074074076
0 0.4153645833333333 0.6930555555555555 0.0265625 0.049074074074074076
0 0.3143229166666667 0.5236111111111111 0.0265625 0.04722222222222222
0 0.2515625 0.2537037037037037 0.027083333333333334 0.04814814814814815
0 0.23671875 0.624537037037037 0.027604166666666666 0.04722222222222222
0 0.35 0.7226851851851852 0.026041666666666668 0.049074074074074076
0 0.38359375 0.7268518518518519 0.027604166666666666 0.05
0 0.56015625 0.09351851851851851 0.025520833333333333 0.04814814814814815
0 0.68671875 0.5958333333333333 0.028645833333333332 0.05092592592592592
0 0.5588541666666667 0.6865740740740741 0.027083333333333334 0.049074074074074076
0 0.5393229166666667 0.3680555555555556 0.0265625 0.04722222222222222
0 0.30182291666666666 0.1675925925925926 0.0265625 0.04814814814814815
0 0.5856770833333333 0.6930555555555555 0.028645833333333332 0.05092592592592592
0 0.3234375 0.7513888888888889 0.027083333333333334 0.049074074074074076
0 0.596875 0.09212962962962963 0.026041666666666668 0.04722222222222222
0 0.34609375 0.7685185185185185 0.0265625 0.04814814814814815
0 0.6864583333333333 0.4689814814814815 0.028125 0.049074074074074076
0 0.523515625 0.1269074074074074 0.026197916666666664 0.04825925925925926
0 0.4596822916666667 0.14580555555555555 0.02714583333333333 0.04902777777777778