0 0.47369791666666666 0.4925925925925926 0.024479166666666666 0.04259259259259259
0 0.5270833333333333 0.15925925925925927 0.023958333333333335 0.044444444444444446
0 0.43776041666666665 0.2759259259259259 0.0234375 0.04259259259259259
0 0.3338541666666667 0.22685185185185186 0.023958333333333335 0.04259259259259259
0 0.4986979166666667 0.21435185185185185 0.0234375 0.04351851851851852
0 0.5299479166666666 0.20277777777777778 0.024479166666666666 0.046296296296296294
0 0.5286458333333334 0.1162037037037037 0.023958333333333335 0.04537037037037037
0 0.6541666666666667 0.5513888888888889 0.026041666666666668 0.04722222222222222
0 0.484375 0.2824074074074074 0.022916666666666665 0.04259259259259259
0 0.5018229166666667 0.16712962962962963 0.024479166666666666 0.04537037037037037
0 0.39947916666666666 0.43287037037037035 0.023958333333333335 0.04351851851851852
0 0.5182291666666666 0.4708333333333333 0.025 0.04351851851851852
0 0.425 0.4222222222222222 0.023958333333333335 0.04259259259259259
0 0.5192708333333333 0.29074074074074074 0.025 0.044444444444444446
0 0.55078125 0.12824074074074074 0.024479166666666666 0.04537037037037037
0 0.46145833333333336 0.18194444444444444 0.023958333333333335 0.04537037037037037
0 0.521875 0.3333333333333333 0.025 0.046296296296296294
0 0.36484375 0.2101851851851852 0.024479166666666666 0.044444444444444446
0 0.5447916666666667 0.3486111111111111 0.025 0.04537037037037037
0 0.5026041666666666 0.38842592592592595 0.023958333333333335 0.04537037037037037
0 0.47708333333333336 0.14907407407407408 0.022916666666666665 0.04259259259259259
0 0.30795833333333333 0.22024074074074076 0.026338541666666666 0.04602777777777778
0 0.5041666666666667 0.25601851851851853 0.023958333333333335 0.04537037037037037
0 0.42630208333333336 0.23796296296296296 0.024479166666666666 0.044444444444444446
0 0.46588541666666666 0.31712962962962965 0.024479166666666666 0.04537037037037037
0 0.30572916666666666 0.26990740740740743 0.023958333333333335 0.04351851851851852
0 0.5388020833333333 0.43287037037037035 0.025520833333333333 0.04537037037037037
0 0.62421875 0.4847222222222222 0.025520833333333333 0.04722222222222222
0 0.49114583333333334 0.324537037037037 0.023958333333333335 0.04351851851851852
0 0.46197916666666666 0.2708333333333333 0.023958333333333335 0.04351851851851852
0 0.46796875 0.41805555555555557 0.024479166666666666 0.04351851851851852
0 0.5588541666666667 0.513425925925926 0.026041666666666668 0.04537037037037037
0 0.5083333333333333 0.4310185185185185 0.025 0.04537037037037037
0 0.621875 0.5662037037037037 0.026041666666666668 0.04722222222222222
0 0.4036458333333333 0.5083333333333333 0.026041666666666668 0.046296296296296294
0 0.6497395833333334 0.4615740740740741 0.025520833333333333 0.04537037037037037
0 0.38255208333333335 0.4638888888888889 0.025520833333333333 0.044444444444444446
0 0.40859375 0.20694444444444443 0.024479166666666666 0.04537037037037037
0 0.6721354166666667 0.48703703703703705 0.027604166666666666 0.046296296296296294
0 0.5481770833333334 0.4740740740740741 0.025520833333333333 0.044444444444444446
0 0.64765625 0.5074074074074074 0.0265625 0.04814814814814815
0 0.42604166666666665 0.3814814814814815 0.025 0.044444444444444446
0 0.68046875 0.5648148148148148 0.0265625 0.046296296296296294
0 0.5026041666666666 0.5055555555555555 0.023958333333333335 0.04259259259259259
0 0.4903645833333333 0.4615740740740741 0.024479166666666666 0.04351851851851852
0 0.44947916666666665 0.3902777777777778 0.023958333333333335 0.04351851851851852
0 0.49557291666666664 0.12268518518518519 0.0234375 0.04351851851851852
0 0.3770833333333333 0.41712962962962963 0.023958333333333335 0.04351851851851852
0 0.5950520833333334 0.5962962962962963 0.0265625 0.04814814814814815
0 0.45234375 0.4615740740740741 0.025520833333333333 0.04537037037037037
0 0.6609375 0.5935185185185186 0.026041666666666668 0.046296296296296294
0 0.3729166666666667 0.5111111111111111 0.025 0.044444444444444446
0 0.5294270833333333 0.3921296296296296 0.024479166666666666 0.04351851851851852
0 0.44557291666666665 0.5027777777777778 0.024479166666666666 0.04259259259259259
0 0.54140625 0.5532407407407407 0.025520833333333333 0.04537037037037037
0 0.3807291666666667 0.17731481481481481 0.023958333333333335 0.04351851851851852
0 0.42291666666666666 0.4759259259259259 0.025 0.044444444444444446
0 0.40182291666666664 0.38101851851851853 0.024479166666666666 0.04537037037037037
0 0.4549479166666667 0.13842592592592592 0.0234375 0.04351851851851852
0 0.5690104166666666 0.6083333333333333 0.025520833333333333 0.046296296296296294
0 0.34869791666666666 0.44537037037037036 0.025520833333333333 0.044444444444444446
0 0.6354166666666666 0.6046296296296296 0.023958333333333335 0.046296296296296294
0 0.434375 0.16111111111111112 0.023958333333333335 0.046296296296296294
0 0.3385416666666667 0.18703703703703703 0.025 0.044444444444444446
0 0.5333333333333333 0.5101851851851852 0.025 0.044444444444444446
0 0.43359375 0.5421296296296296 0.025520833333333333 0.04537037037037037
0 0.4674479166666667 0.5370370370370371 0.025520833333333333 0.046296296296296294
0 0.5690104166666666 0.6546296296296297 0.0265625 0.04814814814814815
0 0.5046875 0.5486111111111112 0.025 0.04722222222222222
0 0.3893229166666667 0.6842592592592592 0.025520833333333333 0.046296296296296294
0 0.5940104166666667 0.6574074074074074 0.0265625 0.046296296296296294
0 0.26510416666666664 0.2523148148148148 0.025 0.04351851851851852
0 0.6325520833333333 0.42962962962962964 0.0265625 0.04814814814814815
0 0.6135416666666667 0.6259259259259259 0.026041666666666668 0.04814814814814815
0 0.32916666666666666 0.687962962962963 0.026041666666666668 0.046296296296296294
0 0.40703125 0.7134259259259259 0.0265625 0.049074074074074076
0 0.35494791666666664 0.7138888888888889 0.025520833333333333 0.046296296296296294
0 0.51015625 0.08888888888888889 0.0234375 0.044444444444444446
0 0.2953125 0.17824074074074073 0.023958333333333335 0.04351851851851852
0 0.27630208333333334 0.30925925925925923 0.025520833333333333 0.044444444444444446
0 0.5497395833333333 0.08564814814814815 0.024479166666666666 0.04537037037037037
0 0.37890625 0.7277777777777777 0.0265625 0.04814814814814815
0 0.2903645833333333 0.6699074074074074 0.025520833333333333 0.04537037037037037
0 0.7002604166666667 0.5972222222222222 0.028645833333333332 0.05
0 0.2916666666666667 0.4824074074074074 0.025 0.044444444444444446
0 0.33177083333333335 0.7467592592592592 0.026041666666666668 0.04722222222222222
0 0.35442708333333334 0.7587962962962963 0.0265625 0.04722222222222222
0 0.25546875 0.6476851851851851 0.0265625 0.04537037037037037
0 0.5794270833333334 0.700462962962963 0.027604166666666666 0.049074074074074076
0 0.64140625 0.11388888888888889 0.0265625 0.046296296296296294