0 0.403125 0.1337962962962963 0.022916666666666665 0.04351851851851852
0 0.4700520833333333 0.32731481481481484 0.024479166666666666 0.04537037037037037
0 0.33255208333333336 0.2222222222222222 0.0234375 0.04259259259259259
0 0.37503125 0.24427777777777776 0.025062499999999998 0.04412037037037037
0 0.35625 0.21851851851851853 0.023958333333333335 0.044444444444444446
0 0.3828125 0.1550925925925926 0.023958333333333335 0.04537037037037037
0 0.28984375 0.21898148148148147 0.024479166666666666 0.04351851851851852
0 0.653125 0.1574074074074074 0.025 0.046296296296296294
0 0.40338541666666666 0.23981481481481481 0.024479166666666666 0.044444444444444446
0 0.3567708333333333 0.17731481481481481 0.023958333333333335 0.04351851851851852
0 0.3065104166666667 0.5773148148148148 0.024479166666666666 0.04537037037037037
0 0.31015625 0.2351851851851852 0.024479166666666666 0.044444444444444446
0 0.6341145833333334 0.10416666666666667 0.024479166666666666 0.04537037037037037
0 0.5549479166666667 0.5046296296296297 0.024479166666666666 0.044444444444444446
0 0.6143229166666667 0.1310185185185185 0.024479166666666666 0.04537037037037037
0 0.3216145833333333 0.18518518518518517 0.024479166666666666 0.044444444444444446
0 0.4471354166666667 0.3148148148148148 0.024479166666666666 0.044444444444444446
0 0.29010416666666666 0.26666666666666666 0.025 0.044444444444444446
0 0.5421875 0.45925925925925926 0.026041666666666668 0.044444444444444446
0 0.3921875 0.5851851851851851 0.026041666666666668 0.046296296296296294
0 0.44088541666666664 0.11481481481481481 0.0234375 0.044444444444444446
0 0.5338541666666666 0.4166666666666667 0.026041666666666668 0.044444444444444446
0 0.5307291666666667 0.4981481481481482 0.025 0.046296296296296294
0 0.43046875 0.2851851851851852 0.024479166666666666 0.044444444444444446
0 0.44036458333333334 0.35648148148148145 0.024479166666666666 0.044444444444444446
0 0.4828125 0.5055555555555555 0.025 0.044444444444444446
0 0.5125 0.5310185185185186 0.023958333333333335 0.04351851851851852
0 0.30390625 0.49907407407407406 0.025520833333333333 0.044444444444444446
0 0.5393229166666667 0.538425925925926 0.025520833333333333 0.04537037037037037
0 0.3328125 0.5824074074074074 0.025 0.044444444444444446
0 0.41640625 0.3509259259259259 0.024479166666666666 0.044444444444444446
0 0.5690104166666666 0.1375 0.024479166666666666 0.04537037037037037
0 0.3932291666666667 0.3189814814814815 0.025 0.04537037037037037
0 0.37109375 0.5634259259259259 0.025520833333333333 0.04722222222222222
0 0.32916666666666666 0.5342592592592592 0.026041666666666668 0.046296296296296294
0 0.2859375 0.5546296296296296 0.025 0.046296296296296294
0 0.4890625 0.5472222222222223 0.025 0.046296296296296294
0 0.2635416666666667 0.5745370370370371 0.026041666666666668 0.04537037037037037
0 0.36796875 0.28564814814814815 0.025520833333333333 0.04537037037037037
0 0.5098958333333333 0.40694444444444444 0.025 0.04537037037037037
0 0.5067708333333333 0.48842592592592593 0.025 0.04537037037037037
0 0.65546875 0.0824074074074074 0.025520833333333333 0.046296296296296294
0 0.6359375 0.5532407407407407 0.026041666666666668 0.04537037037037037
0 0.3697916666666667 0.6069444444444444 0.026041666666666668 0.04722222222222222
0 0.5630208333333333 0.5476851851851852 0.025 0.04537037037037037
0 0.5247395833333334 0.19583333333333333 0.024479166666666666 0.04537037037037037
0 0.6653645833333334 0.562962962962963 0.0265625 0.046296296296296294
0 0.6067708333333334 0.562962962962963 0.026041666666666668 0.046296296296296294
0 0.628125 0.16666666666666666 0.026041666666666668 0.046296296296296294
0 0.4505208333333333 0.5277777777777778 0.025 0.044444444444444446
0 0.621875 0.5152777777777777 0.026041666666666668 0.04722222222222222
0 0.31223958333333335 0.6185185185185185 0.0265625 0.046296296296296294
0 0.37265625 0.11296296296296296 0.0234375 0.044444444444444446
0 0.34609375 0.6189814814814815 0.024479166666666666 0.04351851851851852
0 0.6510416666666666 0.6018518518518519 0.026041666666666668 0.046296296296296294
0 0.49114583333333334 0.12916666666666668 0.023958333333333335 0.04537037037037037
0 0.5893229166666667 0.5962962962962963 0.025520833333333333 0.046296296296296294
0 0.50390625 0.3638888888888889 0.024479166666666666 0.044444444444444446
0 0.5223958333333333 0.5717592592592593 0.026041666666666668 0.04537037037037037
0 0.5372395833333333 0.24583333333333332 0.024479166666666666 0.04537037037037037
0 0.5606770833333333 0.5976851851851852 0.025520833333333333 0.04722222222222222
0 0.42421875 0.5513888888888889 0.025520833333333333 0.04537037037037037
0 0.28515625 0.4726851851851852 0.025520833333333333 0.04537037037037037
0 0.6252604166666667 0.5921296296296297 0.024479166666666666 0.04351851851851852
0 0.36692708333333335 0.6768518518518518 0.0265625 0.046296296296296294
0 0.25729166666666664 0.5185185185185185 0.027083333333333334 0.046296296296296294
0 0.47942708333333334 0.4513888888888889 0.025520833333333333 0.04537037037037037
0 0.2799479166666667 0.17777777777777778 0.025520833333333333 0.044444444444444446
0 0.30911458333333336 0.6837962962962963 0.0265625 0.04722222222222222
0 0.25 0.24722222222222223 0.026041666666666668 0.044444444444444446
0 0.55 0.09537037037037037 0.025 0.046296296296296294
0 0.6083333333333333 0.6259259259259259 0.026041666666666668 0.04814814814814815
0 0.6442708333333333 0.4888888888888889 0.027083333333333334 0.04814814814814815
0 0.33125 0.7037037037037037 0.025 0.046296296296296294
0 0.6794270833333333 0.6041666666666666 0.027604166666666666 0.049074074074074076
0 0.45989583333333334 0.075 0.023958333333333335 0.044444444444444446
0 0.41432291666666665 0.47824074074074074 0.025520833333333333 0.04537037037037037
0 0.38359375 0.7083333333333334 0.0265625 0.04814814814814815
0 0.3541666666666667 0.7185185185185186 0.026041666666666668 0.046296296296296294
0 0.7057291666666666 0.11296296296296296 0.026041666666666668 0.046296296296296294
0 0.5765625 0.6513888888888889 0.027083333333333334 0.049074074074074076
0 0.27057291666666666 0.6643518518518519 0.0265625 0.04722222222222222
0 0.60078125 0.6773148148148148 0.0265625 0.049074074074074076
0 0.26015625 0.30416666666666664 0.0265625 0.04537037037037037
0 0.30911458333333336 0.7384259259259259 0.0265625 0.04722222222222222
0 0.71640625 0.16574074074074074 0.0265625 0.04814814814814815
0 0.6265625 0.04861111111111111 0.025 0.04537037037037037
0 0.23645833333333333 0.6412037037037037 0.027083333333333334 0.04722222222222222
0 0.33177083333333335 0.7509259259259259 0.026041666666666668 0.046296296296296294
0 0.56953125 0.7092592592592593 0.027604166666666666 0.04814814814814815