0 0.484375 0.29259259259259257 0.023958333333333335 0.044444444444444446
0 0.6494791666666667 0.2708333333333333 0.026041666666666668 0.04537037037037037
0 0.46432291666666664 0.3541666666666667 0.025520833333333333 0.04537037037037037
0 0.3421875 0.2263888888888889 0.023958333333333335 0.04351851851851852
0 0.3731770833333333 0.4393518518518518 0.025520833333333333 0.04351851851851852
0 0.4986979166666667 0.21574074074074073 0.024479166666666666 0.044444444444444446
0 0.3875 0.2162037037037037 0.023958333333333335 0.04351851851851852
0 0.32083333333333336 0.20972222222222223 0.023958333333333335 0.04351851851851852
0 0.446875 0.3199074074074074 0.025 0.04351851851851852
0 0.44375 0.38333333333333336 0.025 0.044444444444444446
0 0.52578125 0.3416666666666667 0.024479166666666666 0.04259259259259259
0 0.5013020833333334 0.14305555555555555 0.0234375 0.04351851851851852
0 0.4359375 0.23935185185185184 0.025 0.04537037037037037
0 0.6005208333333333 0.2953703703703704 0.025 0.044444444444444446
0 0.37083333333333335 0.48703703703703705 0.027083333333333334 0.046296296296296294
0 0.6325520833333333 0.2222222222222222 0.025520833333333333 0.046296296296296294
0 0.56171875 0.2675925925925926 0.025520833333333333 0.046296296296296294
0 0.32083333333333336 0.25277777777777777 0.025 0.044444444444444446
0 0.4752604166666667 0.4837962962962963 0.025520833333333333 0.04537037037037037
0 0.4744791666666667 0.5273148148148148 0.025 0.04537037037037037
0 0.6143229166666667 0.4837962962962963 0.025520833333333333 0.04722222222222222
0 0.29661458333333335 0.2199074074074074 0.024479166666666666 0.04537037037037037
0 0.6002604166666666 0.3416666666666667 0.025520833333333333 0.046296296296296294
0 0.4158854166666667 0.4736111111111111 0.025520833333333333 0.04537037037037037
0 0.6205729166666667 0.26157407407407407 0.025520833333333333 0.04537037037037037
0 0.540625 0.30694444444444446 0.025 0.04537037037037037
0 0.45625 0.5587962962962963 0.023958333333333335 0.04351851851851852
0 0.6369791666666667 0.5060185185185185 0.026041666666666668 0.04722222222222222
0 0.4518229166666667 0.20694444444444443 0.024479166666666666 0.04537037037037037
0 0.55625 0.1425925925925926 0.023958333333333335 0.044444444444444446
0 0.4783854166666667 0.16018518518518518 0.024479166666666666 0.044444444444444446
0 0.6119791666666666 0.5657407407407408 0.026041666666666668 0.046296296296296294
0 0.4122395833333333 0.5268518518518519 0.025520833333333333 0.044444444444444446
0 0.39895833333333336 0.2574074074074074 0.026041666666666668 0.046296296296296294
0 0.5817708333333333 0.12453703703703704 0.025 0.04537037037037037
0 0.47890625 0.25046296296296294 0.024479166666666666 0.04351851851851852
0 0.5674479166666667 0.3800925925925926 0.024479166666666666 0.04537037037037037
0 0.4036458333333333 0.1837962962962963 0.023958333333333335 0.04351851851851852
0 0.5388020833333333 0.25324074074074077 0.025520833333333333 0.04537037037037037
0 0.45364583333333336 0.16064814814814815 0.025 0.04537037037037037
0 0.36666666666666664 0.23842592592592593 0.025 0.04537037037037037
0 0.38671875 0.40324074074074073 0.025520833333333333 0.04537037037037037
0 0.6080729166666666 0.2111111111111111 0.025520833333333333 0.046296296296296294
0 0.59140625 0.38981481481481484 0.025520833333333333 0.046296296296296294
0 0.5434895833333333 0.40185185185185185 0.024479166666666666 0.044444444444444446
0 0.3651041666666667 0.5291666666666667 0.026041666666666668 0.04537037037037037
0 0.5911458333333334 0.1787037037037037 0.025 0.046296296296296294
0 0.48463541666666665 0.4097222222222222 0.024479166666666666 0.04537037037037037
0 0.5494791666666666 0.35 0.025 0.044444444444444446
0 0.40338541666666666 0.5685185185185185 0.024479166666666666 0.044444444444444446
0 0.6700520833333333 0.5625 0.0265625 0.04537037037037037
0 0.6604166666666667 0.47962962962962963 0.027083333333333334 0.04814814814814815
0 0.64296875 0.55 0.025520833333333333 0.046296296296296294
0 0.36432291666666666 0.19212962962962962 0.024479166666666666 0.04537037037037037
0 0.44973958333333336 0.5078703703703704 0.025520833333333333 0.04537037037037037
0 0.65 0.5925925925925926 0.026041666666666668 0.046296296296296294
0 0.28411458333333334 0.275 0.024479166666666666 0.044444444444444446
0 0.521875 0.11342592592592593 0.025 0.04722222222222222
0 0.6375 0.45694444444444443 0.026041666666666668 0.04537037037037037
0 0.6125 0.43657407407407406 0.026041666666666668 0.04537037037037037
0 0.5841145833333333 0.5958333333333333 0.025520833333333333 0.04537037037037037
0 0.6578125 0.31342592592592594 0.027083333333333334 0.04722222222222222
0 0.46875 0.12083333333333333 0.023958333333333335 0.04351851851851852
0 0.4041666666666667 0.6902777777777778 0.026041666666666668 0.04722222222222222
0 0.434375 0.5407407407407407 0.025 0.044444444444444446
0 0.42604166666666665 0.5833333333333334 0.025 0.046296296296296294
0 0.603125 0.6282407407407408 0.026041666666666668 0.04722222222222222
0 0.5604166666666667 0.6101851851851852 0.026041666666666668 0.04814814814814815
0 0.625 0.6041666666666666 0.025 0.04537037037037037
0 0.30364583333333334 0.17592592592592593 0.025 0.044444444444444446
0 0.3190104166666667 0.6856481481481481 0.0265625 0.04722222222222222
0 0.3815104166666667 0.674537037037037 0.025520833333333333 0.04722222222222222
0 0.5591145833333333 0.6550925925925926 0.0265625 0.049074074074074076
0 0.35052083333333334 0.7189814814814814 0.026041666666666668 0.04722222222222222
0 0.5276041666666667 0.4597222222222222 0.025 0.04537037037037037
0 0.5848958333333333 0.6574074074074074 0.026041666666666668 0.046296296296296294
0 0.25442708333333336 0.2569444444444444 0.025520833333333333 0.04537037037037037
0 0.37864583333333335 0.7236111111111111 0.025 0.04722222222222222
0 0.32057291666666665 0.4449074074074074 0.025520833333333333 0.04537037037037037
0 0.6924479166666667 0.21481481481481482 0.0265625 0.04814814814814815
0 0.25703125 0.324537037037037 0.0265625 0.04537037037037037
0 0.6893229166666667 0.5958333333333333 0.028645833333333332 0.049074074074074076
0 0.5549479166666667 0.08703703703703704 0.024479166666666666 0.046296296296296294
0 0.27421875 0.4597222222222222 0.0265625 0.04537037037037037
0 0.28098958333333335 0.6708333333333333 0.0265625 0.04722222222222222
0 0.32421875 0.750462962962963 0.025520833333333333 0.04722222222222222
0 0.6846354166666667 0.14675925925925926 0.0265625 0.04722222222222222
0 0.34739583333333335 0.7657407407407407 0.025 0.046296296296296294
0 0.2421875 0.6361111111111111 0.027083333333333334 0.04814814814814815
0 0.571875 0.7060185185185185 0.027083333333333334 0.049074074074074076