0 0.6682291666666667 0.24675925925925926 0.022916666666666665 0.041666666666666664
0 0.40729166666666666 0.3277777777777778 0.023958333333333335 0.040740740740740744
0 0.29296875 0.21435185185185185 0.022395833333333334 0.03981481481481482
0 0.48984375 0.2212962962962963 0.022395833333333334 0.03888888888888889
0 0.2609375 0.6472222222222223 0.026041666666666668 0.044444444444444446
0 0.5283854166666667 0.1425925925925926 0.021354166666666667 0.03888888888888889
0 0.62578125 0.17083333333333334 0.021354166666666667 0.03796296296296296
0 0.6153645833333333 0.7712962962962963 0.028645833333333332 0.05
0 0.634375 0.6666666666666666 0.026041666666666668 0.044444444444444446
0 0.25364583333333335 0.49907407407407406 0.022916666666666665 0.040740740740740744
0 0.57890625 0.2601851851851852 0.021354166666666667 0.03888888888888889
0 0.6463541666666667 0.6171296296296296 0.026041666666666668 0.04537037037037037
0 0.5559895833333334 0.26157407407407407 0.0203125 0.03796296296296296
0 0.5375 0.2324074074074074 0.020833333333333332 0.037037037037037035
0 0.22864583333333333 0.5152777777777777 0.023958333333333335 0.03981481481481482
0 0.24140625 0.4300925925925926 0.0234375 0.03981481481481482
0 0.40390625 0.2050925925925926 0.0203125 0.03796296296296296
0 0.3828125 0.20833333333333334 0.020833333333333332 0.037037037037037035
0 0.31666666666666665 0.3106481481481482 0.022916666666666665 0.03981481481481482
0 0.5783854166666667 0.6944444444444444 0.025520833333333333 0.044444444444444446
0 0.32057291666666665 0.25416666666666665 0.021354166666666667 0.03796296296296296
0 0.6510416666666666 0.7680555555555556 0.026041666666666668 0.04722222222222222
0 0.5299479166666666 0.3902777777777778 0.021354166666666667 0.03981481481481482
0 0.5338541666666666 0.4462962962962963 0.021875 0.040740740740740744
0 0.50078125 0.40046296296296297 0.021354166666666667 0.03796296296296296
0 0.58046875 0.7398148148148148 0.0265625 0.046296296296296294
0 0.64765625 0.15787037037037038 0.021354166666666667 0.03611111111111111
0 0.46875 0.38055555555555554 0.021875 0.03888888888888889
0 0.2716145833333333 0.3087962962962963 0.022395833333333334 0.03981481481481482
0 0.38203125 0.40879629629629627 0.022395833333333334 0.03981481481481482
0 0.69921875 0.7592592592592593 0.0265625 0.04814814814814815
0 0.32421875 0.4759259259259259 0.022395833333333334 0.040740740740740744
0 0.5528645833333333 0.12685185185185185 0.0203125 0.037037037037037035
0 0.6692708333333334 0.11388888888888889 0.020833333333333332 0.037037037037037035
0 0.57109375 0.6375 0.024479166666666666 0.04351851851851852
0 0.5669270833333333 0.5967592592592592 0.024479166666666666 0.03981481481481482
0 0.5341145833333333 0.5092592592592593 0.022395833333333334 0.040740740740740744
0 0.27838541666666666 0.3541666666666667 0.021354166666666667 0.03796296296296296
0 0.42604166666666665 0.4166666666666667 0.021875 0.03888888888888889
0 0.5505208333333333 0.5532407407407407 0.022916666666666665 0.03981481481481482
0 0.4578125 0.5370370370370371 0.021875 0.03888888888888889
0 0.10520833333333333 0.6518518518518519 0.026041666666666668 0.044444444444444446
0 0.6463541666666667 0.12546296296296297 0.020833333333333332 0.03425925925925926
0 0.62421875 0.11342592592592593 0.0203125 0.03611111111111111
0 0.44036458333333334 0.5018518518518519 0.022395833333333334 0.03888888888888889
0 0.3072916666666667 0.40925925925925927 0.021875 0.03888888888888889
0 0.5989583333333334 0.10694444444444444 0.019791666666666666 0.03611111111111111
0 0.08645833333333333 0.6865740740740741 0.026041666666666668 0.04351851851851852
0 0.575 0.06851851851851852 0.020833333333333332 0.037037037037037035
0 0.5973958333333333 0.052314814814814814 0.020833333333333332 0.03796296296296296
0 0.35 0.4412037037037037 0.021875 0.03796296296296296
0 0.6778645833333333 0.7842592592592592 0.025520833333333333 0.046296296296296294
0 0.5109375 0.5273148148148148 0.020833333333333332 0.03796296296296296
0 0.24557291666666667 0.387037037037037 0.022395833333333334 0.037037037037037035
0 0.5653645833333333 0.09861111111111111 0.0203125 0.03611111111111111
0 0.22838541666666667 0.8157407407407408 0.028645833333333332 0.05
0 0.3731770833333333 0.4625 0.021354166666666667 0.03796296296296296
0 0.2565104166666667 0.35509259259259257 0.021354166666666667 0.03611111111111111
0 0.45338541666666665 0.4356481481481482 0.021354166666666667 0.03796296296296296
0 0.4908854166666667 0.513425925925926 0.021354166666666667 0.03796296296296296
0 0.46848958333333335 0.5050925925925925 0.021354166666666667 0.03796296296296296
0 0.4622395833333333 0.4689814814814815 0.021354166666666667 0.03796296296296296
0 0.3216145833333333 0.43842592592592594 0.022395833333333334 0.03796296296296296
0 0.4080729166666667 0.4537037037037037 0.021354166666666667 0.03888888888888889
0 0.43020833333333336 0.4652777777777778 0.020833333333333332 0.03611111111111111