0 0.5927083333333333 0.6027777777777777 0.026041666666666668 0.046296296296296294
0 0.61953125 0.6097222222222223 0.0265625 0.04722222222222222
0 0.5661458333333333 0.6013888888888889 0.026041666666666668 0.04722222222222222
0 0.43776041666666665 0.3611111111111111 0.025520833333333333 0.044444444444444446
0 0.659375 0.4736111111111111 0.027083333333333334 0.04722222222222222
0 0.54609375 0.575462962962963 0.025520833333333333 0.04537037037037037
0 0.5203125 0.5601851851851852 0.026041666666666668 0.046296296296296294
0 0.39947916666666666 0.39861111111111114 0.025 0.04351851851851852
0 0.3875 0.5787037037037037 0.025 0.044444444444444446
0 0.6453125 0.6291666666666667 0.027083333333333334 0.05092592592592592
0 0.6877604166666667 0.4537037037037037 0.0265625 0.04814814814814815
0 0.615625 0.6541666666666667 0.027083333333333334 0.049074074074074076
0 0.41432291666666665 0.3611111111111111 0.024479166666666666 0.04259259259259259
0 0.7169270833333333 0.5111111111111111 0.027604166666666666 0.04814814814814815
0 0.37890625 0.5365740740740741 0.025520833333333333 0.04537037037037037
0 0.4140625 0.6064814814814815 0.026041666666666668 0.046296296296296294
0 0.69453125 0.6305555555555555 0.025520833333333333 0.046296296296296294
0 0.71015625 0.5546296296296296 0.0265625 0.05
0 0.5393229166666667 0.5287037037037037 0.0265625 0.046296296296296294
0 0.40859375 0.5407407407407407 0.025520833333333333 0.044444444444444446
0 0.48385416666666664 0.4925925925925926 0.025 0.044444444444444446
0 0.50625 0.5064814814814815 0.026041666666666668 0.046296296296296294
0 0.39479166666666665 0.5018518518518519 0.027083333333333334 0.046296296296296294
0 0.4549479166666667 0.3277777777777778 0.0265625 0.044444444444444446
0 0.66328125 0.5643518518518519 0.0265625 0.04722222222222222
0 0.3841145833333333 0.36157407407407405 0.025520833333333333 0.04537037037037037
0 0.5296875 0.4847222222222222 0.025 0.04537037037037037
0 0.5481770833333334 0.24953703703703703 0.025520833333333333 0.04537037037037037
0 0.5901041666666667 0.6462962962962963 0.026041666666666668 0.04814814814814815
0 0.4705729166666667 0.5634259259259259 0.024479166666666666 0.04537037037037037
0 0.6799479166666667 0.500462962962963 0.0265625 0.04722222222222222
0 0.7359375 0.562962962962963 0.027083333333333334 0.046296296296296294
0 0.7072916666666667 0.39166666666666666 0.026041666666666668 0.046296296296296294
0 0.7330729166666666 0.47453703703703703 0.027604166666666666 0.04722222222222222
0 0.7127604166666667 0.43703703703703706 0.027604166666666666 0.04814814814814815
0 0.3768229166666667 0.4726851851851852 0.025520833333333333 0.04351851851851852
0 0.4973958333333333 0.5722222222222222 0.025 0.044444444444444446
0 0.4348958333333333 0.30324074074074076 0.025 0.04351851851851852
0 0.4705729166666667 0.35694444444444445 0.024479166666666666 0.04537037037037037
0 0.45286458333333335 0.5935185185185186 0.025520833333333333 0.044444444444444446
0 0.51328125 0.4527777777777778 0.025520833333333333 0.044444444444444446
0 0.5458333333333333 0.30416666666666664 0.025 0.04537037037037037
0 0.565625 0.2773148148148148 0.025 0.04537037037037037
0 0.7145833333333333 0.6 0.027083333333333334 0.04814814814814815
0 0.22005208333333334 0.3814814814814815 0.025520833333333333 0.044444444444444446
0 0.34088541666666666 0.600925925925926 0.025520833333333333 0.044444444444444446
0 0.57734375 0.3787037037037037 0.0265625 0.044444444444444446
0 0.20963541666666666 0.462037037037037 0.0265625 0.044444444444444446
0 0.67109375 0.6615740740740741 0.027604166666666666 0.04722222222222222
0 0.23203125 0.3453703703703704 0.0265625 0.046296296296296294
0 0.5393229166666667 0.6546296296296297 0.0265625 0.046296296296296294
0 0.5994791666666667 0.3662037037037037 0.026041666666666668 0.04537037037037037
0 0.20963541666666666 0.41759259259259257 0.025520833333333333 0.04259259259259259
0 0.5401041666666667 0.41388888888888886 0.025 0.044444444444444446
0 0.6638020833333333 0.4300925925925926 0.027604166666666666 0.04537037037037037
0 0.29921875 0.7939814814814815 0.025520833333333333 0.04537037037037037
0 0.51640625 0.39166666666666666 0.025520833333333333 0.044444444444444446
0 0.196875 0.3768518518518518 0.026041666666666668 0.044444444444444446
0 0.7203125 0.35324074074074074 0.028125 0.04722222222222222
0 0.6466145833333333 0.675 0.027604166666666666 0.04814814814814815
0 0.6239583333333333 0.6967592592592593 0.026041666666666668 0.04537037037037037
0 0.27578125 0.7842592592592592 0.0265625 0.04814814814814815
0 0.5705729166666667 0.32916666666666666 0.025520833333333333 0.04537037037037037
0 0.32317708333333334 0.7898148148148149 0.0265625 0.04814814814814815
0 0.3841145833333333 0.43148148148148147 0.0265625 0.046296296296296294
0 0.46484375 0.2916666666666667 0.025520833333333333 0.046296296296296294
0 0.34270833333333334 0.5361111111111111 0.026041666666666668 0.046296296296296294
0 0.584375 0.4203703703703704 0.025 0.04259259259259259
0 0.43515625 0.625462962962963 0.025520833333333333 0.04537037037037037
0 0.28229166666666666 0.7402777777777778 0.027083333333333334 0.049074074074074076
0 0.3484375 0.36342592592592593 0.025 0.04537037037037037
0 0.23359375 0.30416666666666664 0.025520833333333333 0.04351851851851852
0 0.5177083333333333 0.2662037037037037 0.025 0.04537037037037037
0 0.6432291666666666 0.20601851851851852 0.026041666666666668 0.04722222222222222
0 0.7190104166666667 0.6532407407407408 0.027604166666666666 0.049074074074074076
0 0.7072916666666667 0.11851851851851852 0.026041666666666668 0.046296296296296294
0 0.24088541666666666 0.41574074074074074 0.027604166666666666 0.046296296296296294
0 0.646875 0.14814814814814814 0.026041666666666668 0.046296296296296294
0 0.5552083333333333 0.6907407407407408 0.025 0.044444444444444446
0 0.19791666666666666 0.500462962962963 0.026041666666666668 0.04537037037037037
0 0.35911458333333335 0.6291666666666667 0.0265625 0.04722222222222222
0 0.2515625 0.6842592592592592 0.026041666666666668 0.04814814814814815
0 0.2747395833333333 0.6898148148148148 0.025520833333333333 0.046296296296296294
0 0.38828125 0.2587962962962963 0.025520833333333333 0.04537037037037037
0 0.22630208333333332 0.6912037037037037 0.0265625 0.04722222222222222
0 0.6809895833333334 0.12314814814814815 0.025520833333333333 0.046296296296296294
0 0.39296875 0.6314814814814815 0.0265625 0.04814814814814815
0 0.21015625 0.30462962962962964 0.0265625 0.044444444444444446
0 0.3580729166666667 0.2740740740740741 0.025520833333333333 0.044444444444444446
0 0.2708333333333333 0.8296296296296296 0.028125 0.04814814814814815
0 0.3190104166666667 0.8333333333333334 0.024479166666666666 0.044444444444444446
0 0.6971354166666667 0.6777777777777778 0.027604166666666666 0.04814814814814815
0 0.5861979166666667 0.7134259259259259 0.0265625 0.04722222222222222
0 0.25833333333333336 0.7342592592592593 0.027083333333333334 0.04814814814814815
0 0.6731770833333334 0.1763888888888889 0.0265625 0.04722222222222222
0 0.34869791666666666 0.8101851851851852 0.024479166666666666 0.046296296296296294
0 0.73359375 0.13564814814814816 0.027604166666666666 0.049074074074074076
0 0.5924479166666666 0.17222222222222222 0.025520833333333333 0.046296296296296294
0 0.621875 0.16666666666666666 0.026041666666666668 0.046296296296296294
0 0.2950520833333333 0.8398148148148148 0.0265625 0.046296296296296294
0 0.46328125 0.4023148148148148 0.025520833333333333 0.04537037037037037
0 0.7239583333333334 0.08564814814814815 0.026041666666666668 0.049074074074074076
0 0.26614583333333336 0.3638888888888889 0.026041666666666668 0.046296296296296294
0 0.5330729166666667 0.20879629629629629 0.025520833333333333 0.04537037037037037
0 0.27682291666666664 0.5421296296296296 0.025520833333333333 0.04537037037037037
0 0.7223958333333333 0.1787037037037037 0.027083333333333334 0.04814814814814815
0 0.7458333333333333 0.36064814814814816 0.027083333333333334 0.049074074074074076
0 0.25494791666666666 0.24953703703703703 0.025520833333333333 0.04351851851851852
0 0.63203125 0.08148148148148149 0.0265625 0.04814814814814815
0 0.3026041666666667 0.5504629629629629 0.026041666666666668 0.04722222222222222
0 0.7518229166666667 0.09166666666666666 0.027604166666666666 0.04814814814814815
0 0.6153645833333333 0.11342592592592593 0.0265625 0.04722222222222222
0 0.62265625 0.2310185185185185 0.0265625 0.04537037037037037
0 0.5997395833333333 0.46574074074074073 0.025520833333333333 0.046296296296296294
0 0.37083333333333335 0.7916666666666666 0.026041666666666668 0.04814814814814815
0 0.30364583333333334 0.3023148148148148 0.026041666666666668 0.04351851851851852
0 0.76328125 0.5680555555555555 0.028645833333333332 0.049074074074074076
0 0.44192708333333336 0.48703703703703705 0.025520833333333333 0.046296296296296294
0 0.26588541666666665 0.2125 0.0265625 0.04537037037037037
0 0.21770833333333334 0.5412037037037037 0.027083333333333334 0.04722222222222222
0 0.5989583333333334 0.08148148148148149 0.026041666666666668 0.046296296296296294
0 0.5244791666666667 0.16574074074074074 0.025 0.044444444444444446
0 0.60859375 0.7347222222222223 0.027604166666666666 0.049074074074074076
0 0.3026041666666667 0.3453703703703704 0.026041666666666668 0.04259259259259259
0 0.7 0.0625 0.027083333333333334 0.049074074074074076
0 0.26979166666666665 0.875 0.028125 0.04814814814814815
0 0.72890625 0.04537037037037037 0.027604166666666666 0.04814814814814815
0 0.7072916666666667 0.22592592592592592 0.027083333333333334 0.04814814814814815
0 0.2994791666666667 0.21712962962962962 0.026041666666666668 0.04537037037037037
0 0.30104166666666665 0.8837962962962963 0.027083333333333334 0.04722222222222222
0 0.22526041666666666 0.6296296296296297 0.027604166666666666 0.05
0 0.7341145833333333 0.29398148148148145 0.028645833333333332 0.049074074074074076
0 0.5309895833333333 0.611574074074074 0.024479166666666666 0.041666666666666664
0 0.184375 0.5773148148148148 0.027083333333333334 0.04722222222222222
0 0.440625 0.16712962962962963 0.025 0.04537037037037037
0 0.4044270833333333 0.7199074074074074 0.0265625 0.04722222222222222
0 0.41302083333333334 0.7736111111111111 0.027083333333333334 0.049074074074074076
0 0.48151041666666666 0.13657407407407407 0.025520833333333333 0.04537037037037037
0 0.2794270833333333 0.9194444444444444 0.027604166666666666 0.04814814814814815
0 0.33151041666666664 0.17037037037037037 0.025520833333333333 0.044444444444444446
0 0.6700520833333333 0.7981481481481482 0.0296875 0.053703703703703705
0 0.3639791666666667 0.5706851851851852 0.026442708333333335 0.049944444444444444
0 0.5620833333333334 0.5438796296296297 0.02850520833333333 0.05214814814814815
0 0.5645625 0.6470740740740741 0.02685416666666667 0.051416666666666666
0 0.6409895833333333 0.5850092592592592 0.02850520833333333 0.05067592592592592
0 0.6692916666666666 0.6173240740740741 0.029744791666666666 0.05067592592592592
0 0.3704114583333334 0.3963703703703704 0.02753125 0.04968518518518518
0 0.3864739583333333 0.32073148148148145 0.025442708333333335 0.04672222222222222
0 0.41045833333333337 0.3214722222222222 0.025026041666666665 0.045231481481481484
0 0.4098333333333333 0.2758611111111111 0.02628125 0.04894444444444444