0 0.42864583333333334 0.31805555555555554 0.023958333333333335 0.04351851851851852
0 0.41380208333333335 0.2875 0.0234375 0.04351851851851852
0 0.3703125 0.2310185185185185 0.023958333333333335 0.04351851851851852
0 0.3846354166666667 0.26064814814814813 0.0234375 0.04351851851851852
0 0.2903645833333333 0.3236111111111111 0.024479166666666666 0.04351851851851852
0 0.4348958333333333 0.25 0.023958333333333335 0.044444444444444446
0 0.31692708333333336 0.2388888888888889 0.024479166666666666 0.04259259259259259
0 0.5963541666666666 0.3351851851851852 0.025 0.044444444444444446
0 0.2682291666666667 0.3449074074074074 0.025 0.04537037037037037
0 0.30572916666666666 0.274537037037037 0.025 0.04351851851851852
0 0.36770833333333336 0.2884259259259259 0.025 0.04537037037037037
0 0.5270833333333333 0.2513888888888889 0.022916666666666665 0.04351851851851852
0 0.55078125 0.17175925925925925 0.0234375 0.04351851851851852
0 0.5510416666666667 0.25277777777777777 0.023958333333333335 0.044444444444444446
0 0.5544270833333333 0.3712962962962963 0.0234375 0.04259259259259259
0 0.5119791666666667 0.20925925925925926 0.023958333333333335 0.044444444444444446
0 0.5700520833333333 0.32592592592592595 0.024479166666666666 0.044444444444444446
0 0.5807291666666666 0.37592592592592594 0.025 0.044444444444444446
0 0.6072916666666667 0.3925925925925926 0.025 0.046296296296296294
0 0.35182291666666665 0.25833333333333336 0.024479166666666666 0.044444444444444446
0 0.6369791666666667 0.1388888888888889 0.023958333333333335 0.044444444444444446
0 0.5421875 0.2912037037037037 0.022916666666666665 0.04537037037037037
0 0.40859375 0.5092592592592593 0.025520833333333333 0.046296296296296294
0 0.6145833333333334 0.12361111111111112 0.025 0.04537037037037037
0 0.40260416666666665 0.35185185185185186 0.023958333333333335 0.044444444444444446
0 0.4393229166666667 0.35648148148148145 0.025520833333333333 0.046296296296296294
0 0.4278645833333333 0.5509259259259259 0.024479166666666666 0.044444444444444446
0 0.4119791666666667 0.23981481481481481 0.023958333333333335 0.044444444444444446
0 0.384375 0.4773148148148148 0.025 0.04537037037037037
0 0.56484375 0.4148148148148148 0.024479166666666666 0.044444444444444446
0 0.5869791666666667 0.29444444444444445 0.025 0.044444444444444446
0 0.5059895833333333 0.1685185185185185 0.0234375 0.044444444444444446
0 0.4903645833333333 0.38796296296296295 0.024479166666666666 0.044444444444444446
0 0.5041666666666667 0.24814814814814815 0.023958333333333335 0.044444444444444446
0 0.3690104166666667 0.5106481481481482 0.025520833333333333 0.04537037037037037
0 0.4473958333333333 0.2828703703703704 0.023958333333333335 0.04537037037037037
0 0.47291666666666665 0.18564814814814815 0.023958333333333335 0.04351851851851852
0 0.4986979166666667 0.512962962962963 0.024479166666666666 0.044444444444444446
0 0.51796875 0.3384259259259259 0.024479166666666666 0.04351851851851852
0 0.5731770833333333 0.14675925925925926 0.024479166666666666 0.04537037037037037
0 0.5309895833333333 0.37407407407407406 0.024479166666666666 0.044444444444444446
0 0.4505208333333333 0.5361111111111111 0.025 0.044444444444444446
0 0.340625 0.4310185185185185 0.025 0.04537037037037037
0 0.38333333333333336 0.5430555555555555 0.023958333333333335 0.04351851851851852
0 0.5911458333333334 0.11851851851851852 0.023958333333333335 0.044444444444444446
0 0.403125 0.5810185185185185 0.025 0.04537037037037037
0 0.4322916666666667 0.5092592592592593 0.025 0.044444444444444446
0 0.46979166666666666 0.5615740740740741 0.023958333333333335 0.04351851851851852
0 0.5510416666666667 0.5277777777777778 0.026041666666666668 0.04814814814814815
0 0.3497395833333333 0.2125 0.024479166666666666 0.04351851851851852
0 0.48046875 0.24814814814814815 0.024479166666666666 0.044444444444444446
0 0.3190104166666667 0.5981481481481481 0.024479166666666666 0.044444444444444446
0 0.54765625 0.5731481481481482 0.025520833333333333 0.046296296296296294
0 0.36640625 0.45046296296296295 0.025520833333333333 0.04537037037037037
0 0.5744791666666667 0.2587962962962963 0.025 0.04537037037037037
0 0.28828125 0.575 0.025520833333333333 0.044444444444444446
0 0.37395833333333334 0.5847222222222223 0.023958333333333335 0.04351851851851852
0 0.52890625 0.15833333333333333 0.0234375 0.044444444444444446
0 0.29635416666666664 0.6152777777777778 0.025 0.04537037037037037
0 0.4713541666666667 0.513425925925926 0.023958333333333335 0.04351851851851852
0 0.35104166666666664 0.575925925925926 0.025 0.044444444444444446
0 0.31640625 0.44166666666666665 0.024479166666666666 0.04259259259259259
0 0.67890625 0.47314814814814815 0.025520833333333333 0.046296296296296294
0 0.6544270833333333 0.10740740740740741 0.024479166666666666 0.046296296296296294
0 0.34036458333333336 0.6157407407407407 0.025520833333333333 0.046296296296296294
0 0.25442708333333336 0.37916666666666665 0.025520833333333333 0.04537037037037037
0 0.6559895833333333 0.3060185185185185 0.0265625 0.04722222222222222
0 0.5026041666666666 0.5550925925925926 0.025 0.04722222222222222
0 0.60703125 0.08611111111111111 0.024479166666666666 0.046296296296296294
0 0.6481770833333333 0.5388888888888889 0.0265625 0.04814814814814815
0 0.6291666666666667 0.5671296296296297 0.027083333333333334 0.04722222222222222
0 0.32057291666666665 0.6856481481481481 0.025520833333333333 0.04722222222222222
0 0.6716145833333333 0.34629629629629627 0.0265625 0.046296296296296294
0 0.5270833333333333 0.5444444444444444 0.023958333333333335 0.044444444444444446
0 0.2635416666666667 0.575462962962963 0.026041666666666668 0.04537037037037037
0 0.7080729166666667 0.4597222222222222 0.0265625 0.04722222222222222
0 0.6135416666666667 0.16666666666666666 0.025 0.046296296296296294
0 0.35911458333333335 0.3541666666666667 0.024479166666666666 0.04351851851851852
0 0.55 0.6189814814814815 0.026041666666666668 0.04722222222222222
0 0.53984375 0.4125 0.0234375 0.04351851851851852
0 0.6388020833333333 0.21712962962962962 0.024479166666666666 0.04537037037037037
0 0.64609375 0.4925925925925926 0.025520833333333333 0.046296296296296294
0 0.4473958333333333 0.5787037037037037 0.025 0.046296296296296294
0 0.6846354166666667 0.3106481481481482 0.0265625 0.04722222222222222
0 0.5583333333333333 0.6675925925925926 0.026041666666666668 0.04814814814814815
0 0.6559895833333333 0.26064814814814813 0.0265625 0.04722222222222222
0 0.6638020833333333 0.21898148148148147 0.024479166666666666 0.04537037037037037
0 0.41041666666666665 0.6810185185185185 0.027083333333333334 0.04722222222222222
0 0.42083333333333334 0.46944444444444444 0.025 0.044444444444444446
0 0.26067708333333334 0.29583333333333334 0.025520833333333333 0.04351851851851852
0 0.6893229166666667 0.22037037037037038 0.025520833333333333 0.046296296296296294
0 0.6359375 0.6185185185185185 0.026041666666666668 0.046296296296296294
0 0.6760416666666667 0.1685185185185185 0.026041666666666668 0.04814814814814815
0 0.3859375 0.6787037037037037 0.025 0.04814814814814815
0 0.6880208333333333 0.4300925925925926 0.027083333333333334 0.04722222222222222
0 0.340625 0.6583333333333333 0.026041666666666668 0.04814814814814815
0 0.42578125 0.5990740740740741 0.025520833333333333 0.046296296296296294
0 0.6971354166666667 0.3578703703703704 0.0265625 0.04722222222222222
0 0.6981770833333333 0.5074074074074074 0.027604166666666666 0.04814814814814815
0 0.6666666666666666 0.38935185185185184 0.025 0.04537037037037037
0 0.5169270833333334 0.41944444444444445 0.024479166666666666 0.046296296296296294
0 0.6619791666666667 0.43333333333333335 0.026041666666666668 0.046296296296296294
0 0.5765625 0.4671296296296296 0.026041666666666668 0.04722222222222222
0 0.68046875 0.5708333333333333 0.025520833333333333 0.04537037037037037
0 0.5916666666666667 0.6851851851851852 0.026041666666666668 0.04814814814814815
0 0.71015625 0.32037037037037036 0.0265625 0.04814814814814815
0 0.63203125 0.09351851851851851 0.024479166666666666 0.044444444444444446
0 0.6598958333333333 0.5958333333333333 0.026041666666666668 0.04722222222222222
0 0.6338541666666667 0.662962962962963 0.026041666666666668 0.04814814814814815
0 0.4822916666666667 0.14583333333333334 0.023958333333333335 0.04351851851851852
0 0.7013020833333333 0.10462962962962963 0.025520833333333333 0.046296296296296294
0 0.3502604166666667 0.7138888888888889 0.0265625 0.04814814814814815
0 0.6778645833333333 0.09537037037037037 0.024479166666666666 0.046296296296296294
0 0.2911458333333333 0.22870370370370371 0.025 0.04259259259259259
0 0.56171875 0.1050925925925926 0.024479166666666666 0.04537037037037037
0 0.3619791666666667 0.6763888888888889 0.025 0.04722222222222222
0 0.4200520833333333 0.7199074074074074 0.0265625 0.049074074074074076
0 0.6736979166666667 0.5273148148148148 0.0265625 0.04722222222222222
0 0.3265625 0.7282407407407407 0.027083333333333334 0.04722222222222222
0 0.684375 0.6152777777777778 0.027083333333333334 0.04722222222222222
0 0.3611979166666667 0.7532407407407408 0.025520833333333333 0.04537037037037037
0 0.6627604166666666 0.6412037037037037 0.0265625 0.04722222222222222
0 0.36796875 0.6277777777777778 0.0265625 0.04814814814814815
0 0.309375 0.7615740740740741 0.026041666666666668 0.04722222222222222
0 0.33697916666666666 0.7685185185185185 0.026041666666666668 0.04814814814814815
0 0.40572916666666664 0.7583333333333333 0.027083333333333334 0.04814814814814815
0 0.71015625 0.6037037037037037 0.027604166666666666 0.04814814814814815
0 0.6169270833333333 0.6958333333333333 0.0265625 0.049074074074074076
0 0.28463541666666664 0.7555555555555555 0.0265625 0.04814814814814815
0 0.35208333333333336 0.1712962962962963 0.025 0.044444444444444446
0 0.2328125 0.4050925925925926 0.026041666666666668 0.04537037037037037
0 0.38203125 0.775 0.0265625 0.04814814814814815
0 0.3190104166666667 0.8018518518518518 0.025520833333333333 0.046296296296296294
0 0.5708333333333333 0.7157407407407408 0.026041666666666668 0.046296296296296294
0 0.2677083333333333 0.7185185185185186 0.027083333333333334 0.04814814814814815
0 0.40572916666666664 0.17453703703703705 0.023958333333333335 0.04351851851851852
0 0.359375 0.7976851851851852 0.027083333333333334 0.04722222222222222
0 0.5940104166666667 0.737037037037037 0.0265625 0.04814814814814815
0 0.6877604166666667 0.663425925925926 0.028645833333333332 0.049074074074074076
0 0.24166666666666667 0.6111111111111112 0.027083333333333334 0.046296296296296294
0 0.5854166666666667 0.0699074074074074 0.025 0.04722222222222222
0 0.2955729166666667 0.8106481481481481 0.0265625 0.049074074074074076
0 0.49322916666666666 0.4300925925925926 0.026041666666666668 0.04722222222222222
0 0.7229166666666667 0.08055555555555556 0.026041666666666668 0.046296296296296294
0 0.5494791666666666 0.7412037037037037 0.027083333333333334 0.049074074074074076
0 0.3390625 0.8268518518518518 0.028125 0.05
0 0.4708333333333333 0.6902777777777778 0.026041666666666668 0.04722222222222222
0 0.6346354166666667 0.4527777777777778 0.025520833333333333 0.046296296296296294
0 0.315625 0.8481481481481481 0.027083333333333334 0.05
0 0.6864583333333333 0.2638888888888889 0.027083333333333334 0.04814814814814815