0 0.24088541666666666 0.44814814814814813 0.0265625 0.044444444444444446
0 0.20989583333333334 0.4537037037037037 0.026041666666666668 0.044444444444444446
0 0.21953125 0.4152777777777778 0.025520833333333333 0.04351851851851852
0 0.41510416666666666 0.38055555555555554 0.023958333333333335 0.044444444444444446
0 0.44453125 0.37916666666666665 0.024479166666666666 0.04351851851851852
0 0.44140625 0.2 0.024479166666666666 0.044444444444444446
0 0.3841145833333333 0.34675925925925927 0.024479166666666666 0.04537037037037037
0 0.22994791666666667 0.3773148148148148 0.025520833333333333 0.04537037037037037
0 0.3260416666666667 0.2967592592592593 0.025 0.04351851851851852
0 0.3953125 0.18796296296296297 0.025 0.044444444444444446
0 0.4078125 0.3416666666666667 0.023958333333333335 0.044444444444444446
0 0.35520833333333335 0.3578703703703704 0.023958333333333335 0.04351851851851852
0 0.30364583333333334 0.2574074074074074 0.025 0.044444444444444446
0 0.25078125 0.2814814814814815 0.024479166666666666 0.04259259259259259
0 0.7075520833333333 0.38472222222222224 0.0265625 0.04722222222222222
0 0.21145833333333333 0.4981481481481482 0.026041666666666668 0.044444444444444446
0 0.6643229166666667 0.18796296296296297 0.024479166666666666 0.044444444444444446
0 0.3033854166666667 0.32592592592592595 0.025520833333333333 0.04259259259259259
0 0.73125 0.13657407407407407 0.026041666666666668 0.04722222222222222
0 0.5375 0.46111111111111114 0.026041666666666668 0.046296296296296294
0 0.1953125 0.4125 0.025 0.04351851851851852
0 0.42473958333333334 0.31527777777777777 0.024479166666666666 0.04537037037037037
0 0.3046875 0.36898148148148147 0.025 0.04351851851851852
0 0.45 0.32314814814814813 0.023958333333333335 0.044444444444444446
0 0.3416666666666667 0.3939814814814815 0.025 0.04537037037037037
0 0.29244791666666664 0.6402777777777777 0.0265625 0.04722222222222222
0 0.7153645833333333 0.17037037037037037 0.025520833333333333 0.046296296296296294
0 0.40989583333333335 0.2851851851851852 0.025 0.044444444444444446
0 0.384375 0.2916666666666667 0.023958333333333335 0.044444444444444446
0 0.2609375 0.2439814814814815 0.023958333333333335 0.041666666666666664
0 0.48072916666666665 0.3958333333333333 0.023958333333333335 0.04351851851851852
0 0.7067708333333333 0.12222222222222222 0.025 0.044444444444444446
0 0.3580729166666667 0.27361111111111114 0.024479166666666666 0.04351851851851852
0 0.23098958333333333 0.337037037037037 0.025520833333333333 0.04259259259259259
0 0.45625 0.5777777777777777 0.026041666666666668 0.044444444444444446
0 0.45677083333333335 0.26296296296296295 0.025 0.046296296296296294
0 0.5125 0.45694444444444443 0.025 0.04351851851851852
0 0.7364583333333333 0.4634259259259259 0.028125 0.04722222222222222
0 0.38828125 0.6574074074074074 0.024479166666666666 0.044444444444444446
0 0.4861979166666667 0.4425925925925926 0.024479166666666666 0.044444444444444446
0 0.4356770833333333 0.6291666666666667 0.0265625 0.04722222222222222
0 0.2203125 0.575925925925926 0.027083333333333334 0.046296296296296294
0 0.3609375 0.675 0.023958333333333335 0.044444444444444446
0 0.4752604166666667 0.6041666666666666 0.025520833333333333 0.04537037037037037
0 0.35182291666666665 0.6347222222222222 0.025520833333333333 0.04537037037037037
0 0.4197916666666667 0.5856481481481481 0.026041666666666668 0.04537037037037037
0 0.67265625 0.10462962962962963 0.025520833333333333 0.046296296296296294
0 0.4125 0.7333333333333333 0.027083333333333334 0.04814814814814815
0 0.40677083333333336 0.2449074074074074 0.023958333333333335 0.04351851851851852
0 0.3263020833333333 0.6592592592592592 0.0265625 0.046296296296296294
0 0.4671875 0.36435185185185187 0.023958333333333335 0.04537037037037037
0 0.5828125 0.5467592592592593 0.026041666666666668 0.04722222222222222
0 0.19921875 0.5370370370370371 0.0265625 0.046296296296296294
0 0.3734375 0.7134259259259259 0.025 0.04537037037037037
0 0.50703125 0.600462962962963 0.0265625 0.04722222222222222
0 0.52890625 0.513425925925926 0.024479166666666666 0.04537037037037037
0 0.40677083333333336 0.5435185185185185 0.025 0.044444444444444446
0 0.23072916666666668 0.6648148148148149 0.027083333333333334 0.04814814814814815
0 0.20703125 0.3388888888888889 0.025520833333333333 0.044444444444444446
0 0.71953125 0.0787037037037037 0.025520833333333333 0.044444444444444446
0 0.6729166666666667 0.48148148148148145 0.027083333333333334 0.04814814814814815
0 0.44505208333333335 0.1574074074074074 0.0234375 0.044444444444444446
0 0.34765625 0.5912037037037037 0.025520833333333333 0.04537037037037037
0 0.2791666666666667 0.5731481481481482 0.026041666666666668 0.046296296296296294
0 0.6947916666666667 0.08796296296296297 0.023958333333333335 0.046296296296296294
0 0.66015625 0.14166666666666666 0.025520833333333333 0.046296296296296294
0 0.5838541666666667 0.5009259259259259 0.026041666666666668 0.046296296296296294
0 0.4114583333333333 0.6393518518518518 0.025 0.04537037037037037
0 0.25859375 0.7175925925925926 0.0265625 0.04814814814814815
0 0.7190104166666667 0.3439814814814815 0.0265625 0.04537037037037037
0 0.23411458333333332 0.7263888888888889 0.027604166666666666 0.049074074074074076
0 0.7 0.44212962962962965 0.027083333333333334 0.04722222222222222
0 0.325 0.6138888888888889 0.026041666666666668 0.046296296296296294
0 0.39739583333333334 0.6986111111111111 0.026041666666666668 0.04537037037037037
0 0.6916666666666667 0.19212962962962962 0.026041666666666668 0.04722222222222222
0 0.7151041666666667 0.5462962962962963 0.027083333333333334 0.046296296296296294
0 0.7260416666666667 0.5050925925925925 0.028125 0.049074074074074076
0 0.53046875 0.41759259259259257 0.025520833333333333 0.044444444444444446
0 0.3151041666666667 0.7064814814814815 0.026041666666666668 0.04814814814814815
0 0.42161458333333335 0.15324074074074073 0.0234375 0.04351851851851852
0 0.7453125 0.3509259259259259 0.027083333333333334 0.04814814814814815
0 0.37552083333333336 0.6212962962962963 0.025 0.044444444444444446
0 0.6486979166666667 0.10185185185185185 0.025520833333333333 0.046296296296296294
0 0.5036458333333333 0.4986111111111111 0.025 0.04537037037037037
0 0.6705729166666666 0.5587962962962963 0.0265625 0.04722222222222222
0 0.5841145833333333 0.7282407407407407 0.0265625 0.04722222222222222
0 0.5505208333333333 0.6393518518518518 0.026041666666666668 0.04722222222222222
0 0.2872395833333333 0.5064814814814815 0.0265625 0.046296296296296294
0 0.34010416666666665 0.6990740740740741 0.026041666666666668 0.046296296296296294
0 0.50546875 0.4162037037037037 0.024479166666666666 0.04351851851851852
0 0.5104166666666666 0.5472222222222223 0.025 0.044444444444444446
0 0.2833333333333333 0.7217592592592592 0.027083333333333334 0.04722222222222222
0 0.7440104166666667 0.08333333333333333 0.0265625 0.04814814814814815
0 0.39739583333333334 0.43148148148148147 0.026041666666666668 0.046296296296296294
0 0.7403645833333333 0.5509259259259259 0.027604166666666666 0.04814814814814815
0 0.5526041666666667 0.5263888888888889 0.025 0.04537037037037037
0 0.7197916666666667 0.5898148148148148 0.027083333333333334 0.04814814814814815
0 0.5630208333333333 0.6791666666666667 0.027083333333333334 0.049074074074074076
0 0.72421875 0.425 0.0265625 0.046296296296296294
0 0.70625 0.22685185185185186 0.027083333333333334 0.046296296296296294
0 0.384375 0.7546296296296297 0.027083333333333334 0.05
0 0.28125 0.22453703703703703 0.025 0.04351851851851852
0 0.6270833333333333 0.6055555555555555 0.026041666666666668 0.046296296296296294
0 0.2916666666666667 0.7703703703703704 0.026041666666666668 0.04814814814814815
0 0.3578125 0.8319444444444445 0.026041666666666668 0.049074074074074076
0 0.3098958333333333 0.8222222222222222 0.026041666666666668 0.05
0 0.5408854166666667 0.5981481481481481 0.024479166666666666 0.044444444444444446
0 0.47552083333333334 0.17731481481481481 0.023958333333333335 0.04537037037037037
0 0.6486979166666667 0.5810185185185185 0.0265625 0.04722222222222222
0 0.26666666666666666 0.7666666666666667 0.026041666666666668 0.04814814814814815
0 0.6481770833333333 0.05925925925925926 0.024479166666666666 0.046296296296296294
0 0.6231770833333333 0.07592592592592592 0.025520833333333333 0.046296296296296294
0 0.67734375 0.6069444444444444 0.0265625 0.04722222222222222
0 0.6057291666666667 0.6388888888888888 0.026041666666666668 0.046296296296296294
0 0.38046875 0.8092592592592592 0.025520833333333333 0.05
0 0.6526041666666667 0.624537037037037 0.023958333333333335 0.04537037037037037
0 0.334375 0.8157407407407408 0.025 0.046296296296296294
0 0.5734375 0.6060185185185185 0.026041666666666668 0.04722222222222222
0 0.40546875 0.8074074074074075 0.027604166666666666 0.05
0 0.7028645833333333 0.6240740740740741 0.0265625 0.046296296296296294
0 0.56015625 0.5694444444444444 0.024479166666666666 0.04259259259259259
0 0.6015625 0.5930555555555556 0.026041666666666668 0.04537037037037037
0 0.2864583333333333 0.8162037037037037 0.027083333333333334 0.049074074074074076
0 0.665625 0.2324074074074074 0.026041666666666668 0.046296296296296294
0 0.4309895833333333 0.4981481481481482 0.025520833333333333 0.044444444444444446
0 0.3731770833333333 0.15648148148148147 0.024479166666666666 0.044444444444444446
0 0.6309895833333333 0.6509259259259259 0.0265625 0.046296296296296294
0 0.6934895833333333 0.04675925925925926 0.024479166666666666 0.04537037037037037
0 0.68046875 0.6532407407407408 0.025520833333333333 0.04537037037037037
0 0.7283854166666667 0.6416666666666667 0.028645833333333332 0.04814814814814815
0 0.7692708333333333 0.5555555555555556 0.029166666666666667 0.05
0 0.33177083333333335 0.8606481481481482 0.026041666666666668 0.04722222222222222
0 0.3078125 0.8685185185185185 0.026041666666666668 0.046296296296296294
0 0.6341145833333334 0.6958333333333333 0.027604166666666666 0.049074074074074076
0 0.7013020833333333 0.487962962962963 0.027604166666666666 0.04814814814814815
0 0.28359375 0.8611111111111112 0.027604166666666666 0.04814814814814815
0 0.7067708333333333 0.6708333333333333 0.029166666666666667 0.04722222222222222
0 0.1875 0.6162037037037037 0.028125 0.04722222222222222
0 0.6565104166666667 0.6708333333333333 0.0265625 0.04722222222222222
0 0.7247395833333333 0.03888888888888889 0.025520833333333333 0.044444444444444446
0 0.6854166666666667 0.15 0.026041666666666668 0.046296296296296294
0 0.6026041666666667 0.762962962962963 0.029166666666666667 0.05185185185185185
0 0.284375 0.9083333333333333 0.028125 0.05
0 0.3151041666666667 0.912962962962963 0.027083333333333334 0.04814814814814815
0 0.68671875 0.5236111111111111 0.0265625 0.04537037037037037
0 0.7307291666666667 0.2833333333333333 0.027083333333333334 0.04814814814814815
0 0.4505208333333333 0.8324074074074074 0.028125 0.05185185185185185
0 0.6856770833333333 0.7787037037037037 0.0296875 0.053703703703703705
0 0.29348958333333336 0.9518518518518518 0.027604166666666666 0.05
0 0.534375 0.5555555555555556 0.025 0.046296296296296294