0 0.32447916666666665 0.31342592592592594 0.026041666666666668 0.04537037037037037
0 0.3046875 0.2638888888888889 0.023958333333333335 0.04259259259259259
0 0.3296875 0.2657407407407407 0.025 0.044444444444444446
0 0.43072916666666666 0.24351851851851852 0.023958333333333335 0.044444444444444446
0 0.2296875 0.37916666666666665 0.026041666666666668 0.04537037037037037
0 0.48463541666666665 0.4115740740740741 0.024479166666666666 0.04537037037037037
0 0.35703125 0.2828703703703704 0.025520833333333333 0.04537037037037037
0 0.30807291666666664 0.38287037037037036 0.025520833333333333 0.04537037037037037
0 0.38645833333333335 0.21851851851851853 0.023958333333333335 0.04259259259259259
0 0.21953125 0.5328703703703703 0.0265625 0.04537037037037037
0 0.5083333333333333 0.38425925925925924 0.025 0.046296296296296294
0 0.35494791666666664 0.20324074074074075 0.025520833333333333 0.04351851851851852
0 0.27395833333333336 0.4134259259259259 0.026041666666666668 0.04351851851851852
0 0.42604166666666665 0.19768518518518519 0.023958333333333335 0.04351851851851852
0 0.39921875 0.2759259259259259 0.024479166666666666 0.044444444444444446
0 0.32317708333333334 0.22546296296296298 0.024479166666666666 0.041666666666666664
0 0.19505208333333332 0.41944444444444445 0.025520833333333333 0.044444444444444446
0 0.20911458333333333 0.4787037037037037 0.0265625 0.044444444444444446
0 0.26953125 0.37222222222222223 0.025520833333333333 0.04259259259259259
0 0.28072916666666664 0.2759259259259259 0.023958333333333335 0.04259259259259259
0 0.25078125 0.2824074074074074 0.024479166666666666 0.044444444444444446
0 0.34140625 0.42962962962962964 0.025520833333333333 0.046296296296296294
0 0.2674479166666667 0.32592592592592595 0.024479166666666666 0.044444444444444446
0 0.70625 0.38101851851851853 0.027083333333333334 0.04722222222222222
0 0.23072916666666668 0.3388888888888889 0.025 0.044444444444444446
0 0.2942708333333333 0.3060185185185185 0.025 0.04351851851851852
0 0.21875 0.4217592592592593 0.026041666666666668 0.04537037037037037
0 0.3502604166666667 0.24351851851851852 0.024479166666666666 0.04259259259259259
0 0.2203125 0.6268518518518519 0.027083333333333334 0.046296296296296294
0 0.28229166666666666 0.22962962962962963 0.023958333333333335 0.04259259259259259
0 0.20703125 0.34074074074074073 0.025520833333333333 0.044444444444444446
0 0.4515625 0.49212962962962964 0.026041666666666668 0.04722222222222222
0 0.4544270833333333 0.5819444444444445 0.025520833333333333 0.04537037037037037
0 0.39140625 0.42592592592592593 0.024479166666666666 0.044444444444444446
0 0.6716145833333333 0.10092592592592593 0.025520833333333333 0.044444444444444446
0 0.48802083333333335 0.3314814814814815 0.023958333333333335 0.044444444444444446
0 0.7169270833333333 0.3398148148148148 0.0265625 0.046296296296296294
0 0.4317708333333333 0.37962962962962965 0.023958333333333335 0.044444444444444446
0 0.45286458333333335 0.399537037037037 0.024479166666666666 0.04537037037037037
0 0.19947916666666668 0.5615740740740741 0.027083333333333334 0.04722222222222222
0 0.7364583333333333 0.45925925925925926 0.027083333333333334 0.046296296296296294
0 0.69296875 0.08194444444444444 0.024479166666666666 0.04537037037037037
0 0.26015625 0.2439814814814815 0.024479166666666666 0.041666666666666664
0 0.3671875 0.3958333333333333 0.025 0.04351851851851852
0 0.6393229166666666 0.3226851851851852 0.025520833333333333 0.04537037037037037
0 0.44973958333333336 0.29444444444444445 0.024479166666666666 0.044444444444444446
0 0.6075520833333333 0.562962962962963 0.0265625 0.04814814814814815
0 0.46432291666666664 0.3435185185185185 0.0234375 0.044444444444444446
0 0.39557291666666666 0.562037037037037 0.025520833333333333 0.046296296296296294
0 0.7184895833333333 0.07407407407407407 0.025520833333333333 0.046296296296296294
0 0.47942708333333334 0.5481481481481482 0.025520833333333333 0.046296296296296294
0 0.4158854166666667 0.4981481481481482 0.024479166666666666 0.044444444444444446
0 0.3046875 0.6148148148148148 0.026041666666666668 0.046296296296296294
0 0.7046875 0.11898148148148148 0.026041666666666668 0.04722222222222222
0 0.29791666666666666 0.5342592592592592 0.026041666666666668 0.044444444444444446
0 0.6203125 0.5203703703703704 0.027083333333333334 0.046296296296296294
0 0.6494791666666667 0.5 0.026041666666666668 0.046296296296296294
0 0.34479166666666666 0.48009259259259257 0.026041666666666668 0.04537037037037037
0 0.7442708333333333 0.3449074074074074 0.027083333333333334 0.04722222222222222
0 0.3377604166666667 0.8125 0.0265625 0.04722222222222222
0 0.44166666666666665 0.33425925925925926 0.025 0.044444444444444446
0 0.6515625 0.5453703703703704 0.026041666666666668 0.04814814814814815
0 0.30911458333333336 0.5708333333333333 0.025520833333333333 0.04537037037037037
0 0.5984375 0.6277777777777778 0.027083333333333334 0.04814814814814815
0 0.33515625 0.5708333333333333 0.025520833333333333 0.04537037037037037
0 0.7434895833333334 0.07731481481481481 0.0265625 0.04537037037037037
0 0.3653645833333333 0.5939814814814814 0.025520833333333333 0.04537037037037037
0 0.28072916666666664 0.5731481481481482 0.025 0.046296296296296294
0 0.6739583333333333 0.4777777777777778 0.026041666666666668 0.046296296296296294
0 0.7234375 0.41944444444444445 0.026041666666666668 0.046296296296296294
0 0.38984375 0.17407407407407408 0.024479166666666666 0.044444444444444446
0 0.6989583333333333 0.43703703703703706 0.027083333333333334 0.04814814814814815
0 0.63359375 0.5740740740740741 0.0265625 0.04814814814814815
0 0.3411458333333333 0.524074074074074 0.025 0.044444444444444446
0 0.4283854166666667 0.6236111111111111 0.025520833333333333 0.04537037037037037
0 0.6481770833333333 0.45555555555555555 0.0265625 0.046296296296296294
0 0.2989583333333333 0.20092592592592592 0.025 0.044444444444444446
0 0.7263020833333333 0.5 0.027604166666666666 0.04814814814814815
0 0.7408854166666666 0.5453703703703704 0.027604166666666666 0.04814814814814815
0 0.3932291666666667 0.6064814814814815 0.026041666666666668 0.046296296296296294
0 0.5119791666666667 0.47453703703703703 0.026041666666666668 0.04537037037037037
0 0.3536458333333333 0.6671296296296296 0.026041666666666668 0.04722222222222222
0 0.3151041666666667 0.7949074074074074 0.026041666666666668 0.04722222222222222
0 0.18932291666666667 0.6175925925925926 0.027604166666666666 0.046296296296296294
0 0.62578125 0.28379629629629627 0.025520833333333333 0.04537037037037037
0 0.290625 0.8398148148148148 0.026041666666666668 0.04814814814814815
0 0.3859375 0.6837962962962963 0.026041666666666668 0.04722222222222222
0 0.43515625 0.5546296296296296 0.025520833333333333 0.046296296296296294
0 0.6580729166666667 0.587037037037037 0.0265625 0.04814814814814815
0 0.42473958333333334 0.6722222222222223 0.025520833333333333 0.046296296296296294
0 0.6760416666666667 0.5569444444444445 0.026041666666666668 0.04722222222222222
0 0.4466145833333333 0.65 0.025520833333333333 0.046296296296296294
0 0.63828125 0.6175925925925926 0.0265625 0.04814814814814815
0 0.62265625 0.07453703703703704 0.025520833333333333 0.04537037037037037
0 0.6471354166666666 0.10185185185185185 0.025520833333333333 0.046296296296296294
0 0.490625 0.6865740740740741 0.027083333333333334 0.049074074074074076
0 0.40260416666666665 0.6467592592592593 0.023958333333333335 0.04351851851851852
0 0.5979166666666667 0.7287037037037037 0.026041666666666668 0.04814814814814815
0 0.7338541666666667 0.6425925925925926 0.028125 0.04814814814814815
0 0.31536458333333334 0.8412037037037037 0.025520833333333333 0.04722222222222222
0 0.60859375 0.687962962962963 0.0265625 0.04814814814814815
0 0.35833333333333334 0.8421296296296297 0.027083333333333334 0.049074074074074076
0 0.6080729166666666 0.3472222222222222 0.025520833333333333 0.044444444444444446
0 0.3893229166666667 0.7939814814814815 0.0265625 0.049074074074074076
0 0.7135416666666666 0.5407407407407407 0.027083333333333334 0.04814814814814815
0 0.46197916666666666 0.6990740740740741 0.026041666666666668 0.04814814814814815
0 0.36484375 0.7847222222222222 0.0265625 0.049074074074074076
0 0.6471354166666666 0.058333333333333334 0.025520833333333333 0.046296296296296294
0 0.37786458333333334 0.6402777777777777 0.025520833333333333 0.04537037037037037
0 0.6213541666666667 0.649074074074074 0.027083333333333334 0.04814814814814815
0 0.5544270833333333 0.6782407407407407 0.0265625 0.049074074074074076
0 0.5143229166666666 0.6032407407407407 0.025520833333333333 0.04722222222222222
0 0.5729166666666666 0.7175925925925926 0.028125 0.05
0 0.29010416666666666 0.7935185185185185 0.026041666666666668 0.04814814814814815
0 0.43671875 0.7361111111111112 0.0265625 0.04814814814814815
0 0.66328125 0.6333333333333333 0.025520833333333333 0.04814814814814815
0 0.73203125 0.13148148148148148 0.0265625 0.04814814814814815
0 0.63359375 0.7027777777777777 0.027604166666666666 0.04814814814814815
0 0.6885416666666667 0.5166666666666667 0.026041666666666668 0.046296296296296294
0 0.6833333333333333 0.6037037037037037 0.027083333333333334 0.04814814814814815
0 0.33489583333333334 0.8671296296296296 0.027083333333333334 0.049074074074074076
0 0.44583333333333336 0.16111111111111112 0.023958333333333335 0.044444444444444446
0 0.6932291666666667 0.040740740740740744 0.025 0.046296296296296294
0 0.28229166666666666 0.8847222222222222 0.027083333333333334 0.049074074074074076
0 0.6455729166666667 0.6638888888888889 0.0265625 0.04814814814814815
0 0.4140625 0.7194444444444444 0.025 0.046296296296296294
0 0.39088541666666665 0.7296296296296296 0.025520833333333333 0.046296296296296294
0 0.2328125 0.6675925925925926 0.027083333333333334 0.046296296296296294
0 0.7130208333333333 0.6708333333333333 0.028125 0.049074074074074076
0 0.30755208333333334 0.887962962962963 0.0265625 0.04814814814814815
0 0.6268229166666667 0.7472222222222222 0.027604166666666666 0.05
0 0.39401041666666664 0.48009259259259257 0.025520833333333333 0.04537037037037037
0 0.70234375 0.48009259259259257 0.027604166666666666 0.04722222222222222
0 0.7692708333333333 0.5509259259259259 0.029166666666666667 0.05
0 0.67109375 0.6800925925925926 0.027604166666666666 0.049074074074074076
0 0.6888020833333334 0.6486111111111111 0.0265625 0.04722222222222222
0 0.70859375 0.6212962962962963 0.0265625 0.04814814814814815
0 0.575 0.29953703703703705 0.025 0.04537037037037037
0 0.72421875 0.033796296296296297 0.025520833333333333 0.04537037037037037
0 0.5098958333333333 0.23425925925925925 0.025 0.044444444444444446
0 0.7239583333333334 0.5847222222222223 0.028125 0.049074074074074076
0 0.28854166666666664 0.9300925925925926 0.028125 0.049074074074074076
0 0.32083333333333336 0.924537037037037 0.028125 0.05092592592592592
0 0.6229166666666667 0.16157407407407406 0.025 0.04537037037037037
0 0.36640625 0.5259259259259259 0.0265625 0.046296296296296294
0 0.7302083333333333 0.2777777777777778 0.027083333333333334 0.046296296296296294
0 0.59609375 0.7759259259259259 0.028645833333333332 0.05
0 0.6877604166666667 0.7722222222222223 0.0296875 0.05185185185185185
0 0.2984375 0.9745370370370371 0.028125 0.05092592592592592
0 0.3692708333333333 0.48194444444444445 0.026041666666666668 0.04351851851851852