0 0.39114583333333336 0.25925925925925924 0.022916666666666665 0.04259259259259259
0 0.41770833333333335 0.2449074074074074 0.023958333333333335 0.04351851851851852
0 0.4669270833333333 0.21898148148148147 0.024479166666666666 0.04537037037037037
0 0.20989583333333334 0.4537037037037037 0.026041666666666668 0.044444444444444446
0 0.4002604166666667 0.29768518518518516 0.024479166666666666 0.04351851851851852
0 0.39088541666666665 0.41064814814814815 0.025520833333333333 0.04537037037037037
0 0.21927083333333333 0.4148148148148148 0.025 0.04259259259259259
0 0.37109375 0.2875 0.025520833333333333 0.04537037037037037
0 0.42604166666666665 0.20462962962962963 0.023958333333333335 0.04259259259259259
0 0.23046875 0.37777777777777777 0.025520833333333333 0.044444444444444446
0 0.26119791666666664 0.24351851851851852 0.024479166666666666 0.040740740740740744
0 0.2513020833333333 0.28194444444444444 0.024479166666666666 0.04351851851851852
0 0.49895833333333334 0.28935185185185186 0.023958333333333335 0.04351851851851852
0 0.24166666666666667 0.4486111111111111 0.027083333333333334 0.04537037037037037
0 0.1953125 0.412962962962963 0.025 0.044444444444444446
0 0.4236979166666667 0.2828703703703704 0.025520833333333333 0.04537037037037037
0 0.21197916666666666 0.49907407407407406 0.026041666666666668 0.044444444444444446
0 0.3033854166666667 0.32592592592592595 0.0265625 0.04259259259259259
0 0.7080729166666667 0.3837962962962963 0.0265625 0.04722222222222222
0 0.47604166666666664 0.30972222222222223 0.023958333333333335 0.04537037037037037
0 0.7200520833333334 0.0787037037037037 0.025520833333333333 0.046296296296296294
0 0.30416666666666664 0.2564814814814815 0.025 0.044444444444444446
0 0.6653645833333334 0.1875 0.025520833333333333 0.04537037037037037
0 0.7315104166666667 0.13564814814814816 0.0265625 0.04722222222222222
0 0.19947916666666668 0.5370370370370371 0.027083333333333334 0.046296296296296294
0 0.42083333333333334 0.3490740740740741 0.023958333333333335 0.04259259259259259
0 0.4127604166666667 0.39351851851851855 0.0234375 0.044444444444444446
0 0.47994791666666664 0.1726851851851852 0.024479166666666666 0.04537037037037037
0 0.36015625 0.2513888888888889 0.024479166666666666 0.04351851851851852
0 0.5143229166666666 0.3625 0.024479166666666666 0.04537037037037037
0 0.23125 0.3375 0.025 0.04351851851851852
0 0.51640625 0.3189814814814815 0.024479166666666666 0.04351851851851852
0 0.7072916666666667 0.12268518518518519 0.025 0.04537037037037037
0 0.715625 0.17037037037037037 0.026041666666666668 0.046296296296296294
0 0.41822916666666665 0.16574074074074074 0.023958333333333335 0.04259259259259259
0 0.2799479166666667 0.5736111111111111 0.024479166666666666 0.04537037037037037
0 0.6497395833333334 0.10185185185185185 0.025520833333333333 0.046296296296296294
0 0.44244791666666666 0.3287037037037037 0.024479166666666666 0.044444444444444446
0 0.25885416666666666 0.7175925925925926 0.026041666666666668 0.04814814814814815
0 0.22083333333333333 0.575925925925926 0.027083333333333334 0.046296296296296294
0 0.4783854166666667 0.2652777777777778 0.024479166666666666 0.04351851851851852
0 0.43828125 0.4217592592592593 0.024479166666666666 0.04537037037037037
0 0.45546875 0.5773148148148148 0.025520833333333333 0.04722222222222222
0 0.20703125 0.33935185185185185 0.025520833333333333 0.04351851851851852
0 0.4356770833333333 0.37777777777777777 0.024479166666666666 0.044444444444444446
0 0.45625 0.18101851851851852 0.023958333333333335 0.04351851851851852
0 0.4630208333333333 0.4337962962962963 0.026041666666666668 0.04722222222222222
0 0.3265625 0.5430555555555555 0.025 0.04351851851851852
0 0.33515625 0.8166666666666667 0.0265625 0.05
0 0.38645833333333335 0.5740740740740741 0.023958333333333335 0.044444444444444446
0 0.6731770833333334 0.1050925925925926 0.025520833333333333 0.04537037037037037
0 0.6609375 0.14166666666666666 0.026041666666666668 0.046296296296296294
0 0.38307291666666665 0.8138888888888889 0.0265625 0.05
0 0.7364583333333333 0.4638888888888889 0.027083333333333334 0.046296296296296294
0 0.30416666666666664 0.5662037037037037 0.023958333333333335 0.04351851851851852
0 0.29140625 0.7708333333333334 0.025520833333333333 0.04722222222222222
0 0.32317708333333334 0.5925925925925926 0.025520833333333333 0.044444444444444446
0 0.41432291666666665 0.737037037037037 0.0265625 0.04814814814814815
0 0.28151041666666665 0.22361111111111112 0.025520833333333333 0.04351851851851852
0 0.3619791666666667 0.5648148148148148 0.023958333333333335 0.044444444444444446
0 0.2677083333333333 0.7662037037037037 0.027083333333333334 0.049074074074074076
0 0.43385416666666665 0.6013888888888889 0.025 0.04722222222222222
0 0.71953125 0.34305555555555556 0.0265625 0.04537037037037037
0 0.60390625 0.46620370370370373 0.0265625 0.049074074074074076
0 0.69140625 0.19305555555555556 0.025520833333333333 0.04722222222222222
0 0.4109375 0.587037037037037 0.025 0.044444444444444446
0 0.5450520833333333 0.42453703703703705 0.024479166666666666 0.04537037037037037
0 0.28619791666666666 0.8162037037037037 0.0265625 0.049074074074074076
0 0.40677083333333336 0.5435185185185185 0.025 0.044444444444444446
0 0.5661458333333333 0.39861111111111114 0.025 0.04537037037037037
0 0.35885416666666664 0.399537037037037 0.026041666666666668 0.04537037037037037
0 0.30546875 0.3685185185185185 0.025520833333333333 0.04259259259259259
0 0.70625 0.2273148148148148 0.027083333333333334 0.04722222222222222
0 0.5208333333333334 0.4097222222222222 0.025 0.04537037037037037
0 0.36041666666666666 0.8356481481481481 0.026041666666666668 0.049074074074074076
0 0.4578125 0.3921296296296296 0.022916666666666665 0.041666666666666664
0 0.6955729166666667 0.08796296296296297 0.024479166666666666 0.046296296296296294
0 0.6734375 0.4810185185185185 0.027083333333333334 0.04722222222222222
0 0.43333333333333335 0.5564814814814815 0.025 0.044444444444444446
0 0.5856770833333333 0.42268518518518516 0.025520833333333333 0.04537037037037037
0 0.34791666666666665 0.6018518518518519 0.023958333333333335 0.044444444444444446
0 0.7453125 0.35 0.027083333333333334 0.04814814814814815
0 0.3098958333333333 0.8231481481481482 0.026041666666666668 0.05
0 0.7 0.44212962962962965 0.027083333333333334 0.04722222222222222
0 0.39609375 0.6222222222222222 0.025520833333333333 0.046296296296296294
0 0.371875 0.6097222222222223 0.025 0.04537037037037037
0 0.49635416666666665 0.5662037037037037 0.025 0.04537037037037037
0 0.7447916666666666 0.0824074074074074 0.027083333333333334 0.04814814814814815
0 0.715625 0.5449074074074074 0.027083333333333334 0.04722222222222222
0 0.72421875 0.425 0.0265625 0.046296296296296294
0 0.234375 0.7263888888888889 0.028125 0.049074074074074076
0 0.35651041666666666 0.5208333333333334 0.025520833333333333 0.04537037037037037
0 0.5481770833333334 0.47175925925925927 0.024479166666666666 0.04351851851851852
0 0.5645833333333333 0.5041666666666667 0.025 0.04722222222222222
0 0.5236979166666667 0.5587962962962963 0.024479166666666666 0.04537037037037037
0 0.23098958333333333 0.6648148148148149 0.027604166666666666 0.04814814814814815
0 0.6486979166666667 0.05648148148148148 0.025520833333333333 0.046296296296296294
0 0.7208333333333333 0.5898148148148148 0.026041666666666668 0.04814814814814815
0 0.33177083333333335 0.8625 0.025 0.04722222222222222
0 0.5963541666666666 0.7157407407407408 0.026041666666666668 0.04814814814814815
0 0.5263020833333333 0.4527777777777778 0.024479166666666666 0.044444444444444446
0 0.37942708333333336 0.725 0.0265625 0.04814814814814815
0 0.5276041666666667 0.4981481481481482 0.023958333333333335 0.044444444444444446
0 0.66875 0.23194444444444445 0.026041666666666668 0.04722222222222222
0 0.2833333333333333 0.861574074074074 0.027083333333333334 0.049074074074074076
0 0.5393229166666667 0.3814814814814815 0.024479166666666666 0.04259259259259259
0 0.6231770833333333 0.07222222222222222 0.025520833333333333 0.046296296296296294
0 0.5875 0.5231481481481481 0.026041666666666668 0.04814814814814815
0 0.6481770833333333 0.5805555555555556 0.025520833333333333 0.046296296296296294
0 0.603125 0.5930555555555556 0.026041666666666668 0.04722222222222222
0 0.7018229166666666 0.487962962962963 0.027604166666666666 0.04814814814814815
0 0.5778645833333333 0.6388888888888888 0.025520833333333333 0.046296296296296294
0 0.5671875 0.6958333333333333 0.027083333333333334 0.049074074074074076
0 0.7260416666666667 0.5050925925925925 0.028125 0.049074074074074076
0 0.6942708333333333 0.046296296296296294 0.025 0.046296296296296294
0 0.7033854166666667 0.6222222222222222 0.0265625 0.04814814814814815
0 0.5666666666666667 0.5486111111111112 0.025 0.04537037037037037
0 0.60625 0.638425925925926 0.026041666666666668 0.04722222222222222
0 0.6364583333333333 0.6949074074074074 0.027083333333333334 0.04722222222222222
0 0.42526041666666664 0.7907407407407407 0.027604166666666666 0.05
0 0.7286458333333333 0.6416666666666667 0.028125 0.04814814814814815
0 0.575 0.5902777777777778 0.026041666666666668 0.04537037037037037
0 0.6815104166666667 0.6532407407407408 0.025520833333333333 0.04722222222222222
0 0.6705729166666666 0.5592592592592592 0.0265625 0.04814814814814815
0 0.628125 0.6069444444444444 0.026041666666666668 0.04722222222222222
0 0.5466145833333333 0.5768518518518518 0.025520833333333333 0.046296296296296294
0 0.6783854166666666 0.6074074074074074 0.0265625 0.04814814814814815
0 0.3072916666666667 0.8689814814814815 0.025 0.04722222222222222
0 0.2833333333333333 0.7212962962962963 0.027083333333333334 0.046296296296296294
0 0.63203125 0.6513888888888889 0.025520833333333333 0.04722222222222222
0 0.40338541666666666 0.13333333333333333 0.024479166666666666 0.044444444444444446
0 0.5557291666666667 0.6199074074074075 0.025 0.04537037037037037
0 0.725 0.03888888888888889 0.026041666666666668 0.044444444444444446
0 0.7067708333333333 0.6699074074074074 0.027083333333333334 0.04722222222222222
0 0.74140625 0.549537037037037 0.028645833333333332 0.049074074074074076
0 0.6552083333333333 0.625462962962963 0.026041666666666668 0.04722222222222222
0 0.62109375 0.7324074074074074 0.027604166666666666 0.05
0 0.1875 0.6162037037037037 0.028125 0.04722222222222222
0 0.6575520833333334 0.6694444444444444 0.027604166666666666 0.04814814814814815
0 0.7708333333333334 0.5550925925925926 0.029166666666666667 0.05092592592592592
0 0.2830729166666667 0.9083333333333333 0.027604166666666666 0.05
0 0.68671875 0.5236111111111111 0.0265625 0.04722222222222222
0 0.73046875 0.2833333333333333 0.027604166666666666 0.04814814814814815
0 0.31588541666666664 0.9143518518518519 0.027604166666666666 0.05092592592592592
0 0.5049479166666667 0.47638888888888886 0.025520833333333333 0.04537037037037037
0 0.6861979166666666 0.15092592592592594 0.0265625 0.046296296296296294
0 0.54453125 0.5305555555555556 0.024479166666666666 0.044444444444444446
0 0.29401041666666666 0.9527777777777777 0.027604166666666666 0.05
0 0.6856770833333333 0.7828703703703703 0.0296875 0.05277777777777778
0 0.38307291666666665 0.5287037037037037 0.025520833333333333 0.046296296296296294