0 0.20807291666666666 0.36527777777777776 0.024479166666666666 0.04351851851851852
0 0.3203125 0.2851851851851852 0.022916666666666665 0.04259259259259259
0 0.26510416666666664 0.38796296296296295 0.023958333333333335 0.044444444444444446
0 0.215625 0.20925925925925926 0.026041666666666668 0.044444444444444446
0 0.18515625 0.23981481481481481 0.0265625 0.044444444444444446
0 0.44505208333333335 0.28379629629629627 0.024479166666666666 0.04351851851851852
0 0.37057291666666664 0.31805555555555554 0.024479166666666666 0.04351851851851852
0 0.34140625 0.30694444444444446 0.024479166666666666 0.04537037037037037
0 0.32135416666666666 0.35138888888888886 0.023958333333333335 0.04351851851851852
0 0.2752604166666667 0.42314814814814816 0.024479166666666666 0.044444444444444446
0 0.24036458333333333 0.3976851851851852 0.025520833333333333 0.04537037037037037
0 0.2794270833333333 0.2263888888888889 0.024479166666666666 0.04351851851851852
0 0.5421875 0.11527777777777778 0.021875 0.04351851851851852
0 0.2984375 0.4078703703703704 0.025 0.04537037037037037
0 0.30104166666666665 0.26481481481481484 0.023958333333333335 0.04259259259259259
0 0.44635416666666666 0.3662037037037037 0.025 0.04537037037037037
0 0.26197916666666665 0.3148148148148148 0.025 0.044444444444444446
0 0.19088541666666667 0.3337962962962963 0.025520833333333333 0.04351851851851852
0 0.42942708333333335 0.6578703703703703 0.024479166666666666 0.04537037037037037
0 0.43802083333333336 0.23796296296296296 0.023958333333333335 0.044444444444444446
0 0.6809895833333334 0.1587962962962963 0.024479166666666666 0.04537037037037037
0 0.40703125 0.425462962962963 0.024479166666666666 0.04351851851851852
0 0.41041666666666665 0.2273148148148148 0.025 0.04351851851851852
0 0.6828125 0.21388888888888888 0.025 0.046296296296296294
0 0.41770833333333335 0.30462962962962964 0.023958333333333335 0.044444444444444446
0 0.4002604166666667 0.3699074074074074 0.024479166666666666 0.04351851851851852
0 0.22604166666666667 0.43287037037037035 0.026041666666666668 0.04351851851851852
0 0.3223958333333333 0.46574074074074073 0.025 0.044444444444444446
0 0.38177083333333334 0.40555555555555556 0.025 0.044444444444444446
0 0.47682291666666665 0.31666666666666665 0.024479166666666666 0.044444444444444446
0 0.43697916666666664 0.3282407407407407 0.025 0.04351851851851852
0 0.3609375 0.3875 0.023958333333333335 0.04351851851851852
0 0.46171875 0.42453703703703705 0.024479166666666666 0.04537037037037037
0 0.69375 0.11018518518518519 0.023958333333333335 0.044444444444444446
0 0.2984375 0.45555555555555555 0.025 0.044444444444444446
0 0.54921875 0.3449074074074074 0.024479166666666666 0.04537037037037037
0 0.18098958333333334 0.1986111111111111 0.024479166666666666 0.041666666666666664
0 0.3028645833333333 0.6648148148148149 0.024479166666666666 0.044444444444444446
0 0.5640625 0.09675925925925925 0.023958333333333335 0.04537037037037037
0 0.5104166666666666 0.44305555555555554 0.025 0.04351851851851852
0 0.659375 0.18333333333333332 0.026041666666666668 0.046296296296296294
0 0.34427083333333336 0.487962962962963 0.025 0.044444444444444446
0 0.4609375 0.24027777777777778 0.023958333333333335 0.04351851851851852
0 0.53984375 0.41759259259259257 0.024479166666666666 0.044444444444444446
0 0.21171875 0.6361111111111111 0.0265625 0.046296296296296294
0 0.50078125 0.48333333333333334 0.024479166666666666 0.044444444444444446
0 0.48151041666666666 0.6375 0.0265625 0.04722222222222222
0 0.3059895833333333 0.5 0.024479166666666666 0.04259259259259259
0 0.34713541666666664 0.6888888888888889 0.024479166666666666 0.044444444444444446
0 0.5817708333333333 0.3837962962962963 0.023958333333333335 0.04537037037037037
0 0.7067708333333333 0.22870370370370371 0.027083333333333334 0.046296296296296294
0 0.32760416666666664 0.6657407407407407 0.025 0.044444444444444446
0 0.56328125 0.6458333333333334 0.0265625 0.04722222222222222
0 0.7 0.2722222222222222 0.026041666666666668 0.046296296296296294
0 0.7106770833333333 0.1412037037037037 0.025520833333333333 0.04537037037037037
0 0.44765625 0.4625 0.025520833333333333 0.04537037037037037
0 0.6744791666666666 0.26435185185185184 0.026041666666666668 0.04722222222222222
0 0.7395833333333334 0.3050925925925926 0.027083333333333334 0.04722222222222222
0 0.16692708333333334 0.2708333333333333 0.025520833333333333 0.04351851851851852
0 0.5989583333333334 0.43472222222222223 0.025 0.04537037037037037
0 0.6580729166666667 0.12824074074074074 0.025520833333333333 0.04537037037037037
0 0.396875 0.6708333333333333 0.026041666666666668 0.04537037037037037
0 0.49375 0.2564814814814815 0.025 0.044444444444444446
0 0.5315104166666667 0.4736111111111111 0.024479166666666666 0.04537037037037037
0 0.409375 0.6319444444444444 0.025 0.04537037037037037
0 0.5635416666666667 0.41435185185185186 0.025 0.04537037037037037
0 0.6091145833333333 0.3962962962962963 0.024479166666666666 0.044444444444444446
0 0.24869791666666666 0.6837962962962963 0.025520833333333333 0.04537037037037037
0 0.5763020833333333 0.34120370370370373 0.025520833333333333 0.04537037037037037
0 0.18984375 0.6180555555555556 0.0265625 0.04537037037037037
0 0.45755208333333336 0.6166666666666667 0.024479166666666666 0.044444444444444446
0 0.3671875 0.6504629629629629 0.026041666666666668 0.04537037037037037
0 0.27630208333333334 0.6550925925925926 0.025520833333333333 0.04537037037037037
0 0.29635416666666664 0.6236111111111111 0.025 0.04537037037037037
0 0.7114583333333333 0.07592592592592592 0.026041666666666668 0.044444444444444446
0 0.4283854166666667 0.7032407407407407 0.0265625 0.04722222222222222
0 0.57578125 0.4537037037037037 0.025520833333333333 0.044444444444444446
0 0.4197916666666667 0.2638888888888889 0.025 0.04259259259259259
0 0.5 0.2967592592592593 0.022916666666666665 0.041666666666666664
0 0.6075520833333333 0.35462962962962963 0.025520833333333333 0.046296296296296294
0 0.22994791666666667 0.6032407407407407 0.0265625 0.04722222222222222
0 0.20026041666666666 0.17685185185185184 0.025520833333333333 0.04259259259259259
0 0.34401041666666665 0.6347222222222222 0.024479166666666666 0.04537037037037037
0 0.40260416666666665 0.1865740740740741 0.023958333333333335 0.04351851851851852
0 0.5182291666666666 0.13240740740740742 0.023958333333333335 0.044444444444444446
0 0.20651041666666667 0.6837962962962963 0.028645833333333332 0.04722222222222222
0 0.5481770833333334 0.2953703703703704 0.024479166666666666 0.044444444444444446
0 0.7380208333333333 0.35 0.027083333333333334 0.046296296296296294
0 0.31796875 0.7138888888888889 0.024479166666666666 0.044444444444444446
0 0.7135416666666666 0.3087962962962963 0.027083333333333334 0.04722222222222222
0 0.32083333333333336 0.7768518518518519 0.026041666666666668 0.04814814814814815
0 0.29453125 0.7078703703703704 0.025520833333333333 0.04722222222222222
0 0.5734375 0.49722222222222223 0.025 0.046296296296296294
0 0.60234375 0.4773148148148148 0.025520833333333333 0.04537037037037037
0 0.4934895833333333 0.1675925925925926 0.024479166666666666 0.044444444444444446
0 0.3380208333333333 0.7384259259259259 0.026041666666666668 0.04722222222222222
0 0.63203125 0.5912037037037037 0.0265625 0.04722222222222222
0 0.7378697916666667 0.475 0.027828125 0.044444444444444446
0 0.35078125 0.2125 0.024479166666666666 0.04351851851851852
0 0.253125 0.6393518518518518 0.026041666666666668 0.04722222222222222
0 0.2903645833333333 0.16898148148148148 0.025520833333333333 0.04351851851851852
0 0.3859375 0.6175925925925926 0.025 0.044444444444444446
0 0.6888020833333334 0.06111111111111111 0.025520833333333333 0.046296296296296294
0 0.7643229166666666 0.34074074074074073 0.027604166666666666 0.04814814814814815
0 0.7057291666666666 0.5458333333333333 0.026041666666666668 0.04722222222222222
0 0.6416666666666667 0.5365740740740741 0.026041666666666668 0.04722222222222222
0 0.4010416666666667 0.8171296296296297 0.025 0.04722222222222222
0 0.5940104166666667 0.0912037037037037 0.024479166666666666 0.04537037037037037
0 0.5721354166666667 0.2986111111111111 0.024479166666666666 0.04351851851851852
0 0.57109375 0.7625 0.0265625 0.049074074074074076
0 0.67265625 0.09259259259259259 0.0265625 0.046296296296296294
0 0.38229166666666664 0.7898148148148149 0.026041666666666668 0.04814814814814815
0 0.6700520833333333 0.48194444444444445 0.0265625 0.04722222222222222
0 0.553125 0.6875 0.027083333333333334 0.04722222222222222
0 0.3580729166666667 0.7638888888888888 0.025520833333333333 0.04814814814814815
0 0.5984375 0.5212962962962963 0.025 0.044444444444444446
0 0.7145833333333333 0.18287037037037038 0.027083333333333334 0.04722222222222222
0 0.7317708333333334 0.43194444444444446 0.028125 0.04722222222222222
0 0.6231770833333333 0.4513888888888889 0.025520833333333333 0.04537037037037037
0 0.34609375 0.8060185185185185 0.025520833333333333 0.049074074074074076
0 0.2734375 0.6129629629629629 0.025 0.046296296296296294
0 0.5286458333333334 0.3236111111111111 0.022916666666666665 0.04351851851851852
0 0.36380208333333336 0.7203703703703703 0.025520833333333333 0.046296296296296294
0 0.65859375 0.5703703703703704 0.0265625 0.046296296296296294
0 0.5486979166666667 0.6097222222222223 0.0265625 0.04537037037037037
0 0.6442708333333333 0.48703703703703705 0.026041666666666668 0.046296296296296294
0 0.6442708333333333 0.08796296296296297 0.026041666666666668 0.046296296296296294
0 0.7190104166666667 0.5078703703703704 0.027604166666666666 0.04722222222222222
0 0.32135416666666666 0.625 0.023958333333333335 0.044444444444444446
0 0.7635416666666667 0.39490740740740743 0.028125 0.049074074074074076
0 0.37890625 0.4981481481481482 0.024479166666666666 0.044444444444444446
0 0.27109375 0.6995370370370371 0.025520833333333333 0.04722222222222222
0 0.23984375 0.7263888888888889 0.027604166666666666 0.04722222222222222
0 0.6216145833333333 0.5064814814814815 0.025520833333333333 0.046296296296296294
0 0.7182291666666667 0.5925925925925926 0.027083333333333334 0.04814814814814815
0 0.69609375 0.4810185185185185 0.0265625 0.04722222222222222
0 0.2630208333333333 0.7425925925925926 0.026041666666666668 0.046296296296296294
0 0.6846354166666667 0.5685185185185185 0.0265625 0.04814814814814815
0 0.7252604166666666 0.26481481481481484 0.0265625 0.046296296296296294
0 0.421875 0.8402777777777778 0.027083333333333334 0.05092592592592592
0 0.28671875 0.7513888888888889 0.0265625 0.04722222222222222
0 0.6838541666666667 0.5212962962962963 0.026041666666666668 0.046296296296296294
0 0.38984375 0.8597222222222223 0.025520833333333333 0.04722222222222222
0 0.7296875 0.6398148148148148 0.028125 0.04814814814814815
0 0.6739583333333333 0.6106481481481482 0.027083333333333334 0.049074074074074076
0 0.6984375 0.6268518518518519 0.027083333333333334 0.04814814814814815
0 0.6 0.1712962962962963 0.025 0.046296296296296294
0 0.66015625 0.056018518518518516 0.025520833333333333 0.04537037037037037
0 0.6494791666666667 0.6259259259259259 0.027083333333333334 0.04814814814814815
0 0.55 0.8013888888888889 0.026041666666666668 0.049074074074074076
0 0.43854166666666666 0.14074074074074075 0.025 0.044444444444444446
0 0.33203125 0.8685185185185185 0.0265625 0.04814814814814815
0 0.25104166666666666 0.16018518518518518 0.025 0.044444444444444446
0 0.5755208333333334 0.8171296296296297 0.028125 0.05092592592592592
0 0.7328125 0.549074074074074 0.027083333333333334 0.04814814814814815
0 0.35651041666666666 0.874537037037037 0.0265625 0.049074074074074076
0 0.3234375 0.825462962962963 0.027083333333333334 0.049074074074074076
0 0.6846354166666667 0.43287037037037035 0.0265625 0.04722222222222222
0 0.36640625 0.8300925925925926 0.0265625 0.049074074074074076
0 0.41041666666666665 0.8856481481481482 0.028125 0.05092592592592592
0 0.14296875 0.5597222222222222 0.027604166666666666 0.04537037037037037
0 0.140625 0.5083333333333333 0.027083333333333334 0.044444444444444446
0 0.7606770833333333 0.549537037037037 0.028645833333333332 0.049074074074074076
0 0.29296875 0.9041666666666667 0.0265625 0.049074074074074076
0 0.31197916666666664 0.9310185185185185 0.026041666666666668 0.05092592592592592
0 0.7205729166666667 0.03611111111111111 0.025520833333333333 0.044444444444444446
0 0.37916666666666665 0.9055555555555556 0.027083333333333334 0.05
0 0.5020833333333333 0.8212962962962963 0.027083333333333334 0.05
0 0.71015625 0.6708333333333333 0.027604166666666666 0.04722222222222222
0 0.5372395833333333 0.8597222222222223 0.027604166666666666 0.05092592592592592
0 0.33671875 0.9449074074074074 0.0265625 0.05092592592592592
0 0.2950520833333333 0.9666666666666667 0.0265625 0.05