0 0.30625 0.5037037037037037 0.026041666666666668 0.046296296296296294
0 0.21953125 0.40925925925925927 0.025520833333333333 0.044444444444444446
0 0.5338541666666666 0.4527777777777778 0.026041666666666668 0.046296296296296294
0 0.37265625 0.6055555555555555 0.0265625 0.04814814814814815
0 0.3059895833333333 0.45555555555555555 0.025520833333333333 0.044444444444444446
0 0.2640625 0.4203703703703704 0.025 0.044444444444444446
0 0.27578125 0.475462962962963 0.025520833333333333 0.04537037037037037
0 0.271875 0.24814814814814815 0.023958333333333335 0.04259259259259259
0 0.35 0.22361111111111112 0.025 0.04351851851851852
0 0.3828125 0.23425925925925925 0.023958333333333335 0.044444444444444446
0 0.6403645833333333 0.5175925925925926 0.0265625 0.046296296296296294
0 0.6369791666666667 0.6069444444444444 0.027083333333333334 0.04722222222222222
0 0.3489583333333333 0.30324074074074076 0.025 0.04351851851851852
0 0.38671875 0.41759259259259257 0.024479166666666666 0.044444444444444446
0 0.21770833333333334 0.36157407407407405 0.025 0.04537037037037037
0 0.2234375 0.3194444444444444 0.023958333333333335 0.04259259259259259
0 0.25703125 0.3296296296296296 0.025520833333333333 0.044444444444444446
0 0.6190104166666667 0.5708333333333333 0.0265625 0.04722222222222222
0 0.3453125 0.6 0.026041666666666668 0.046296296296296294
0 0.30052083333333335 0.26342592592592595 0.023958333333333335 0.04351851851851852
0 0.20052083333333334 0.33611111111111114 0.025 0.044444444444444446
0 0.29192708333333334 0.21712962962962962 0.0234375 0.04351851851851852
0 0.30130208333333336 0.30324074074074076 0.024479166666666666 0.04537037037037037
0 0.7359375 0.4587962962962963 0.028125 0.04537037037037037
0 0.32421875 0.275 0.024479166666666666 0.04259259259259259
0 0.4078125 0.22453703703703703 0.025 0.04351851851851852
0 0.278125 0.30092592592592593 0.023958333333333335 0.04259259259259259
0 0.24192708333333332 0.36203703703703705 0.025520833333333333 0.044444444444444446
0 0.6677083333333333 0.1287037037037037 0.025 0.044444444444444446
0 0.5510416666666667 0.49907407407407406 0.026041666666666668 0.046296296296296294
0 0.4515625 0.40046296296296297 0.025 0.04537037037037037
0 0.4283854166666667 0.5597222222222222 0.025520833333333333 0.04537037037037037
0 0.24921875 0.26851851851851855 0.024479166666666666 0.04259259259259259
0 0.22005208333333334 0.5685185185185185 0.027604166666666666 0.046296296296296294
0 0.48541666666666666 0.45092592592592595 0.025 0.044444444444444446
0 0.31640625 0.23472222222222222 0.024479166666666666 0.04351851851851852
0 0.4122395833333333 0.4111111111111111 0.024479166666666666 0.044444444444444446
0 0.25546875 0.663425925925926 0.0265625 0.04722222222222222
0 0.6911458333333333 0.1125 0.025 0.04537037037037037
0 0.7122395833333334 0.13240740740740742 0.0265625 0.046296296296296294
0 0.675 0.5574074074074075 0.027083333333333334 0.04814814814814815
0 0.6580729166666667 0.48564814814814816 0.0265625 0.04722222222222222
0 0.4549479166666667 0.5254629629629629 0.025520833333333333 0.04537037037037037
0 0.6447916666666667 0.10462962962962963 0.025 0.046296296296296294
0 0.6776041666666667 0.6064814814814815 0.027083333333333334 0.04814814814814815
0 0.259375 0.5643518518518519 0.026041666666666668 0.04537037037037037
0 0.5270833333333333 0.512962962962963 0.025 0.044444444444444446
0 0.25625 0.5189814814814815 0.026041666666666668 0.04537037037037037
0 0.23411458333333332 0.23935185185185184 0.024479166666666666 0.04351851851851852
0 0.40963541666666664 0.6180555555555556 0.025520833333333333 0.04537037037037037
0 0.7223958333333333 0.42083333333333334 0.027083333333333334 0.04537037037037037
0 0.2796875 0.5287037037037037 0.026041666666666668 0.046296296296296294
0 0.28229166666666666 0.7324074074074074 0.027083333333333334 0.04814814814814815
0 0.26536458333333335 0.6217592592592592 0.025520833333333333 0.04537037037037037
0 0.6309895833333333 0.6680555555555555 0.027604166666666666 0.049074074074074076
0 0.54765625 0.663425925925926 0.0265625 0.049074074074074076
0 0.3346354166666667 0.7226851851851852 0.025520833333333333 0.04722222222222222
0 0.421875 0.49027777777777776 0.025 0.04537037037037037
0 0.3606770833333333 0.6888888888888889 0.025520833333333333 0.046296296296296294
0 0.6057291666666667 0.6537037037037037 0.027083333333333334 0.04814814814814815
0 0.484375 0.4949074074074074 0.026041666666666668 0.04537037037037037
0 0.31223958333333335 0.1935185185185185 0.025520833333333333 0.04259259259259259
0 0.7184895833333333 0.07685185185185185 0.0265625 0.044444444444444446
0 0.6263020833333334 0.287962962962963 0.025520833333333333 0.044444444444444446
0 0.4354166666666667 0.3685185185185185 0.025 0.044444444444444446
0 0.275 0.7787037037037037 0.027083333333333334 0.04814814814814815
0 0.740625 0.5462962962962963 0.028125 0.04814814814814815
0 0.4505208333333333 0.48194444444444445 0.026041666666666668 0.04537037037037037
0 0.2559895833333333 0.2212962962962963 0.024479166666666666 0.044444444444444446
0 0.7244791666666667 0.1824074074074074 0.026041666666666668 0.044444444444444446
0 0.6846354166666667 0.0712962962962963 0.025520833333333333 0.044444444444444446
0 0.37213541666666666 0.7273148148148149 0.0265625 0.04722222222222222
0 0.45755208333333336 0.5805555555555556 0.025520833333333333 0.046296296296296294
0 0.43463541666666666 0.6013888888888889 0.025520833333333333 0.04537037037037037
0 0.49765625 0.5319444444444444 0.025520833333333333 0.04537037037037037
0 0.5544270833333333 0.5564814814814815 0.025520833333333333 0.046296296296296294
0 0.4828125 0.6157407407407407 0.025 0.044444444444444446
0 0.7263020833333333 0.5009259259259259 0.027604166666666666 0.04814814814814815
0 0.7078125 0.6236111111111111 0.028125 0.049074074074074076
0 0.70546875 0.3819444444444444 0.027604166666666666 0.04722222222222222
0 0.434375 0.44351851851851853 0.025 0.044444444444444446
0 0.19192708333333333 0.6180555555555556 0.027604166666666666 0.04537037037037037
0 0.29765625 0.8138888888888889 0.0265625 0.04814814814814815
0 0.4309895833333333 0.7425925925925926 0.0265625 0.05
0 0.3046875 0.6703703703703704 0.026041666666666668 0.046296296296296294
0 0.44375 0.6435185185185185 0.026041666666666668 0.044444444444444446
0 0.55234375 0.6212962962962963 0.025520833333333333 0.046296296296296294
0 0.7346354166666667 0.6416666666666667 0.028645833333333332 0.04814814814814815
0 0.5294270833333333 0.5569444444444445 0.024479166666666666 0.04537037037037037
0 0.5091145833333334 0.6231481481481481 0.025520833333333333 0.046296296296296294
0 0.19140625 0.4166666666666667 0.0265625 0.044444444444444446
0 0.31640625 0.5953703703703703 0.025520833333333333 0.044444444444444446
0 0.22708333333333333 0.2800925925925926 0.023958333333333335 0.041666666666666664
0 0.28151041666666665 0.5837962962962963 0.025520833333333333 0.04537037037037037
0 0.2989583333333333 0.7643518518518518 0.026041666666666668 0.04722222222222222
0 0.7111979166666667 0.22037037037037038 0.0265625 0.046296296296296294
0 0.30859375 0.7217592592592592 0.025520833333333333 0.04722222222222222
0 0.33151041666666664 0.8009259259259259 0.025520833333333333 0.04814814814814815
0 0.6489583333333333 0.06296296296296296 0.025 0.044444444444444446
0 0.74296875 0.34444444444444444 0.027604166666666666 0.046296296296296294
0 0.5182291666666666 0.4185185185185185 0.025 0.044444444444444446
0 0.6393229166666666 0.3287037037037037 0.025520833333333333 0.044444444444444446
0 0.71171875 0.3388888888888889 0.0265625 0.046296296296296294
0 0.35208333333333336 0.4726851851851852 0.026041666666666668 0.04537037037037037
0 0.40729166666666666 0.4583333333333333 0.025 0.044444444444444446
0 0.7234375 0.5851851851851851 0.028125 0.04814814814814815
0 0.2953125 0.6212962962962963 0.026041666666666668 0.046296296296296294
0 0.5013020833333334 0.5745370370370371 0.024479166666666666 0.04351851851851852
0 0.39427083333333335 0.7643518518518518 0.027083333333333334 0.049074074074074076
0 0.5875 0.6185185185185185 0.026041666666666668 0.046296296296296294
0 0.3458333333333333 0.7620370370370371 0.025 0.046296296296296294
0 0.31640625 0.8388888888888889 0.0265625 0.04814814814814815
0 0.5619791666666667 0.7037037037037037 0.028125 0.05
0 0.6057291666666667 0.7268518518518519 0.028125 0.05
0 0.7145833333333333 0.5412037037037037 0.028125 0.04722222222222222
0 0.40651041666666665 0.3560185185185185 0.025520833333333333 0.04537037037037037
0 0.6236979166666666 0.08333333333333333 0.025520833333333333 0.044444444444444446
0 0.28046875 0.6662037037037037 0.025520833333333333 0.04722222222222222
0 0.5729166666666666 0.6560185185185186 0.026041666666666668 0.04722222222222222
0 0.5869791666666667 0.6935185185185185 0.026041666666666668 0.04814814814814815
0 0.21510416666666668 0.6481481481481481 0.027083333333333334 0.04814814814814815
0 0.28854166666666664 0.17546296296296296 0.025 0.04351851851851852
0 0.5309895833333333 0.5995370370370371 0.025520833333333333 0.04537037037037037
0 0.6221354166666667 0.16296296296296298 0.025520833333333333 0.044444444444444446
0 0.3802083333333333 0.812962962962963 0.027083333333333334 0.05
0 0.7692708333333333 0.5509259259259259 0.029166666666666667 0.05
0 0.40677083333333336 0.725 0.026041666666666668 0.04814814814814815
0 0.57578125 0.5791666666666667 0.0265625 0.04722222222222222
0 0.3372395833333333 0.6787037037037037 0.0265625 0.04814814814814815
0 0.35546875 0.8115740740740741 0.025520833333333333 0.049074074074074076
0 0.4046875 0.8208333333333333 0.027083333333333334 0.05092592592592592
0 0.7135416666666666 0.6703703703703704 0.029166666666666667 0.04814814814814815
0 0.4744791666666667 0.549537037037037 0.023958333333333335 0.04351851851851852
0 0.565625 0.20277777777777778 0.025 0.044444444444444446
0 0.34270833333333334 0.8546296296296296 0.026041666666666668 0.05
0 0.36822916666666666 0.8546296296296296 0.027083333333333334 0.05
0 0.6979166666666666 0.43703703703703706 0.027083333333333334 0.046296296296296294
0 0.48125 0.1962962962962963 0.025 0.044444444444444446
0 0.29713541666666665 0.8787037037037037 0.0265625 0.05185185185185185
0 0.30234375 0.5550925925925926 0.0265625 0.04722222222222222
0 0.7255208333333333 0.03564814814814815 0.026041666666666668 0.04351851851851852
0 0.7291666666666666 0.2777777777777778 0.027083333333333334 0.046296296296296294
0 0.53203125 0.1550925925925926 0.024479166666666666 0.04351851851851852
0 0.5768229166666666 0.8087962962962963 0.028645833333333332 0.05092592592592592
0 0.5533854166666666 0.7726851851851851 0.027604166666666666 0.049074074074074076
0 0.32057291666666665 0.8935185185185185 0.0265625 0.05
0 0.37057291666666664 0.7708333333333334 0.025520833333333333 0.04537037037037037
0 0.6911458333333333 0.7615740740740741 0.029166666666666667 0.05277777777777778
0 0.6888020833333334 0.5194444444444445 0.027604166666666666 0.04814814814814815
0 0.70234375 0.48148148148148145 0.027604166666666666 0.04814814814814815