0 0.2794270833333333 0.31203703703703706 0.0234375 0.040740740740740744
0 0.48333333333333334 0.23055555555555557 0.023958333333333335 0.044444444444444446
0 0.5705729166666667 0.12638888888888888 0.022395833333333334 0.041666666666666664
0 0.18776041666666668 0.24166666666666667 0.025520833333333333 0.044444444444444446
0 0.67890625 0.22037037037037038 0.025520833333333333 0.046296296296296294
0 0.21770833333333334 0.20925925925925926 0.026041666666666668 0.044444444444444446
0 0.21067708333333332 0.36666666666666664 0.025520833333333333 0.044444444444444446
0 0.6497395833333334 0.1787037037037037 0.025520833333333333 0.046296296296296294
0 0.5489583333333333 0.16157407407407406 0.023958333333333335 0.04537037037037037
0 0.3653645833333333 0.23935185185185184 0.025520833333333333 0.04537037037037037
0 0.6755208333333333 0.14351851851851852 0.025 0.046296296296296294
0 0.3033854166666667 0.17037037037037037 0.024479166666666666 0.04259259259259259
0 0.23463541666666668 0.41944444444444445 0.025520833333333333 0.044444444444444446
0 0.25494791666666666 0.3699074074074074 0.025520833333333333 0.04537037037037037
0 0.7096354166666666 0.2222222222222222 0.025520833333333333 0.046296296296296294
0 0.28411458333333334 0.35185185185185186 0.024479166666666666 0.044444444444444446
0 0.30885416666666665 0.33935185185185185 0.025 0.04351851851851852
0 0.32734375 0.2800925925925926 0.0234375 0.04351851851851852
0 0.5377604166666666 0.12407407407407407 0.022395833333333334 0.04259259259259259
0 0.7184895833333333 0.18101851851851852 0.0265625 0.04537037037037037
0 0.25859375 0.29074074074074074 0.024479166666666666 0.044444444444444446
0 0.646875 0.13240740740740742 0.025 0.044444444444444446
0 0.6723958333333333 0.3425925925925926 0.026041666666666668 0.046296296296296294
0 0.19322916666666667 0.33564814814814814 0.026041666666666668 0.04351851851851852
0 0.4348958333333333 0.16898148148148148 0.022916666666666665 0.04351851851851852
0 0.4669270833333333 0.20185185185185187 0.0234375 0.04259259259259259
0 0.6911458333333333 0.11157407407407408 0.025 0.04351851851851852
0 0.2994791666666667 0.2759259259259259 0.023958333333333335 0.04259259259259259
0 0.3502604166666667 0.2689814814814815 0.0234375 0.04351851851851852
0 0.6278645833333333 0.3384259259259259 0.025520833333333333 0.04537037037037037
0 0.5138020833333333 0.27175925925925926 0.0234375 0.04351851851851852
0 0.43072916666666666 0.4064814814814815 0.025 0.044444444444444446
0 0.49114583333333334 0.2847222222222222 0.023958333333333335 0.04537037037037037
0 0.65546875 0.4513888888888889 0.025520833333333333 0.04537037037037037
0 0.52265625 0.3125 0.024479166666666666 0.04351851851851852
0 0.7432291666666667 0.3486111111111111 0.027083333333333334 0.04722222222222222
0 0.4122395833333333 0.2013888888888889 0.0234375 0.04351851851851852
0 0.29375 0.45231481481481484 0.025 0.041666666666666664
0 0.6104166666666667 0.37962962962962965 0.025 0.044444444444444446
0 0.2703125 0.41759259259259257 0.026041666666666668 0.044444444444444446
0 0.71796875 0.3060185185185185 0.0265625 0.04722222222222222
0 0.19348958333333333 0.6166666666666667 0.0265625 0.046296296296296294
0 0.4861979166666667 0.3726851851851852 0.024479166666666666 0.04537037037037037
0 0.6627604166666666 0.10092592592592593 0.024479166666666666 0.044444444444444446
0 0.7135416666666666 0.14074074074074075 0.026041666666666668 0.044444444444444446
0 0.28932291666666665 0.49537037037037035 0.025520833333333333 0.044444444444444446
0 0.36015625 0.19814814814814816 0.024479166666666666 0.04259259259259259
0 0.7028645833333333 0.2726851851851852 0.025520833333333333 0.04722222222222222
0 0.43203125 0.28194444444444444 0.0234375 0.04351851851851852
0 0.7145833333333333 0.07592592592592592 0.026041666666666668 0.044444444444444446
0 0.6119791666666666 0.49907407407407406 0.025 0.046296296296296294
0 0.2596354166666667 0.48564814814814816 0.0265625 0.04537037037037037
0 0.7442708333333333 0.3037037037037037 0.026041666666666668 0.046296296296296294
0 0.4557291666666667 0.1398148148148148 0.023958333333333335 0.044444444444444446
0 0.3328125 0.4111111111111111 0.025 0.04259259259259259
0 0.16927083333333334 0.2722222222222222 0.025 0.044444444444444446
0 0.28125 0.15601851851851853 0.023958333333333335 0.04351851851851852
0 0.52890625 0.35324074074074074 0.0234375 0.041666666666666664
0 0.5411458333333333 0.41574074074074074 0.023958333333333335 0.04259259259259259
0 0.38307291666666665 0.4412037037037037 0.024479166666666666 0.04351851851851852
0 0.4078125 0.45231481481481484 0.025 0.04351851851851852
0 0.18385416666666668 0.2013888888888889 0.023958333333333335 0.041666666666666664
0 0.33046875 0.4615740740740741 0.024479166666666666 0.04351851851851852
0 0.2546875 0.6675925925925926 0.027083333333333334 0.046296296296296294
0 0.44557291666666665 0.8046296296296296 0.027604166666666666 0.05
0 0.6010416666666667 0.42453703703703705 0.025 0.04537037037037037
0 0.5145833333333333 0.13148148148148148 0.022916666666666665 0.04259259259259259
0 0.5921875 0.10555555555555556 0.023958333333333335 0.046296296296296294
0 0.2140625 0.6523148148148148 0.027083333333333334 0.04722222222222222
0 0.7697916666666667 0.33796296296296297 0.028125 0.04814814814814815
0 0.2877604166666667 0.5481481481481482 0.025520833333333333 0.046296296296296294
0 0.39557291666666666 0.5189814814814815 0.024479166666666666 0.04351851851851852
0 0.37421875 0.562037037037037 0.024479166666666666 0.044444444444444446
0 0.5122395833333333 0.43148148148148147 0.024479166666666666 0.044444444444444446
0 0.6833333333333333 0.07175925925925926 0.025 0.04351851851851852
0 0.621875 0.5509259259259259 0.026041666666666668 0.046296296296296294
0 0.35833333333333334 0.46296296296296297 0.025 0.04259259259259259
0 0.3151041666666667 0.5106481481481482 0.025 0.04537037037037037
0 0.7731770833333333 0.3921296296296296 0.028645833333333332 0.049074074074074076
0 0.61796875 0.2986111111111111 0.025520833333333333 0.04537037037037037
0 0.5388020833333333 0.6032407407407407 0.025520833333333333 0.04537037037037037
0 0.6721354166666667 0.4162037037037037 0.0265625 0.04722222222222222
0 0.565625 0.4060185185185185 0.025 0.04537037037037037
0 0.73515625 0.4300925925925926 0.028645833333333332 0.049074074074074076
0 0.5828125 0.6708333333333333 0.026041666666666668 0.04537037037037037
0 0.20338541666666668 0.17731481481481481 0.025520833333333333 0.04351851851851852
0 0.53828125 0.5560185185185185 0.025520833333333333 0.04537037037037037
0 0.6661458333333333 0.49212962962962964 0.026041666666666668 0.04722222222222222
0 0.5265625 0.46574074074074073 0.023958333333333335 0.04259259259259259
0 0.4473958333333333 0.6666666666666666 0.027083333333333334 0.04814814814814815
0 0.5666666666666667 0.6046296296296296 0.026041666666666668 0.046296296296296294
0 0.5111979166666667 0.5342592592592592 0.024479166666666666 0.044444444444444446
0 0.35182291666666665 0.7444444444444445 0.0265625 0.04814814814814815
0 0.5221354166666666 0.39305555555555555 0.024479166666666666 0.04351851851851852
0 0.41692708333333334 0.49583333333333335 0.024479166666666666 0.04351851851851852
0 0.62734375 0.4125 0.025520833333333333 0.04537037037037037
0 0.5520833333333334 0.4537037037037037 0.026041666666666668 0.044444444444444446
0 0.5328125 0.5115740740740741 0.025 0.04537037037037037
0 0.31171875 0.5532407407407407 0.025520833333333333 0.04537037037037037
0 0.7424479166666667 0.4726851851851852 0.027604166666666666 0.04722222222222222
0 0.5559895833333334 0.49675925925925923 0.025520833333333333 0.04537037037037037
0 0.58359375 0.7194444444444444 0.027604166666666666 0.04814814814814815
0 0.5026041666666666 0.4726851851851852 0.025 0.04537037037037037
0 0.4484375 0.7467592592592592 0.027083333333333334 0.049074074074074076
0 0.37265625 0.4986111111111111 0.024479166666666666 0.04351851851851852
0 0.37916666666666665 0.4009259259259259 0.025 0.04259259259259259
0 0.4309895833333333 0.7143518518518519 0.025520833333333333 0.04537037037037037
0 0.6776041666666667 0.6055555555555555 0.027083333333333334 0.04814814814814815
0 0.6421875 0.5175925925925926 0.026041666666666668 0.046296296296296294
0 0.3296875 0.6231481481481481 0.025 0.046296296296296294
0 0.34427083333333336 0.8037037037037037 0.027083333333333334 0.04814814814814815
0 0.6463541666666667 0.5703703703703704 0.027083333333333334 0.04814814814814815
0 0.5604166666666667 0.6476851851851851 0.026041666666666668 0.04537037037037037
0 0.6151041666666667 0.6152777777777778 0.026041666666666668 0.04722222222222222
0 0.7669270833333334 0.549074074074074 0.027604166666666666 0.04814814814814815
0 0.3802083333333333 0.7148148148148148 0.026041666666666668 0.046296296296296294
0 0.41510416666666666 0.6407407407407407 0.023958333333333335 0.044444444444444446
0 0.3651041666666667 0.6453703703703704 0.025 0.044444444444444446
0 0.5455729166666666 0.687037037037037 0.0265625 0.04814814814814815
0 0.40130208333333334 0.8495370370370371 0.027604166666666666 0.05092592592592592
0 0.2515625 0.15601851851851853 0.023958333333333335 0.04351851851851852
0 0.42473958333333334 0.7643518518518518 0.0265625 0.04722222222222222
0 0.41302083333333334 0.6865740740740741 0.025 0.04722222222222222
0 0.48932291666666666 0.5111111111111111 0.024479166666666666 0.044444444444444446
0 0.5986979166666667 0.2013888888888889 0.024479166666666666 0.04537037037037037
0 0.28463541666666664 0.6731481481481482 0.0265625 0.046296296296296294
0 0.73359375 0.6388888888888888 0.028645833333333332 0.04814814814814815
0 0.4083333333333333 0.7324074074074074 0.026041666666666668 0.04814814814814815
0 0.30859375 0.5967592592592592 0.025520833333333333 0.04537037037037037
0 0.36041666666666666 0.6893518518518519 0.023958333333333335 0.04537037037037037
0 0.38229166666666664 0.8125 0.026041666666666668 0.049074074074074076
0 0.3658854166666667 0.7805555555555556 0.0265625 0.04814814814814815
0 0.6169270833333333 0.6615740740740741 0.0265625 0.04722222222222222
0 0.56328125 0.5615740740740741 0.0265625 0.04722222222222222
0 0.7252604166666666 0.5050925925925925 0.0265625 0.04722222222222222
0 0.3375 0.5449074074074074 0.025 0.04537037037037037
0 0.37890625 0.6064814814814815 0.025520833333333333 0.046296296296296294
0 0.38776041666666666 0.7587962962962963 0.025520833333333333 0.04722222222222222
0 0.14557291666666666 0.5606481481481481 0.027604166666666666 0.04537037037037037
0 0.7385416666666667 0.5439814814814815 0.026041666666666668 0.04722222222222222
0 0.4354166666666667 0.850925925925926 0.028125 0.05185185185185185
0 0.6427083333333333 0.6143518518518518 0.026041666666666668 0.04537037037037037
0 0.6598958333333333 0.05925925925925926 0.025 0.044444444444444446
0 0.3182291666666667 0.6625 0.025 0.04537037037037037
0 0.675 0.5601851851851852 0.027083333333333334 0.04814814814814815
0 0.7057291666666666 0.6212962962962963 0.027083333333333334 0.04814814814814815
0 0.3541666666666667 0.6074074074074074 0.025 0.046296296296296294
0 0.31588541666666664 0.9342592592592592 0.025520833333333333 0.05
0 0.14322916666666666 0.5106481481481482 0.027083333333333334 0.04537037037037037
0 0.64375 0.6606481481481481 0.027083333333333334 0.04722222222222222
0 0.7106770833333333 0.5421296296296296 0.0265625 0.04722222222222222
0 0.40338541666666666 0.7898148148148149 0.024479166666666666 0.046296296296296294
0 0.7119791666666667 0.6652777777777777 0.028125 0.04722222222222222
0 0.39088541666666665 0.6425925925925926 0.024479166666666666 0.044444444444444446
0 0.29661458333333335 0.9083333333333333 0.0265625 0.05
0 0.42526041666666664 0.9083333333333333 0.028645833333333332 0.053703703703703705
0 0.3421875 0.6611111111111111 0.025 0.044444444444444446
0 0.7296875 0.26481481481481484 0.027083333333333334 0.046296296296296294
0 0.7208333333333333 0.5851851851851851 0.028125 0.04814814814814815
0 0.24583333333333332 0.7384259259259259 0.028125 0.049074074074074076
0 0.7229166666666667 0.034722222222222224 0.025 0.04351851851851852
0 0.3921875 0.9162037037037037 0.027083333333333334 0.05092592592592592
0 0.3390625 0.9513888888888888 0.028125 0.05092592592592592
0 0.6979166666666666 0.47962962962962963 0.028125 0.05
0 0.5760416666666667 0.8023148148148148 0.028125 0.05092592592592592
0 0.7018229166666666 0.43472222222222223 0.027604166666666666 0.049074074074074076
0 0.29765625 0.9680555555555556 0.027604166666666666 0.049074074074074076
0 0.6643229166666667 0.7828703703703703 0.028645833333333332 0.05092592592592592
0 0.29973958333333334 0.637962962962963 0.0265625 0.04814814814814815
0 0.68671875 0.5199074074074074 0.0265625 0.04722222222222222
0 0.34127083333333336 0.5023240740740741 0.026369791666666666 0.04576851851851852
0 0.2845989583333333 0.6027962962962963 0.0266875 0.04912037037037037