0 0.296875 0.31712962962962965 0.025 0.04351851851851852
0 0.2989583333333333 0.274537037037037 0.025 0.041666666666666664
0 0.6658854166666667 0.13055555555555556 0.024479166666666666 0.044444444444444446
0 0.47265625 0.1912037037037037 0.0234375 0.04351851851851852
0 0.46848958333333335 0.3060185185185185 0.024479166666666666 0.04537037037037037
0 0.25494791666666666 0.3699074074074074 0.025520833333333333 0.04351851851851852
0 0.41510416666666666 0.42083333333333334 0.025 0.04351851851851852
0 0.26979166666666665 0.41759259259259257 0.026041666666666668 0.044444444444444446
0 0.18802083333333333 0.2412037037037037 0.026041666666666668 0.04351851851851852
0 0.5075520833333333 0.20324074074074075 0.024479166666666666 0.04351851851851852
0 0.2713541666666667 0.300462962962963 0.025 0.04351851851851852
0 0.21067708333333332 0.36666666666666664 0.025520833333333333 0.044444444444444446
0 0.21770833333333334 0.2101851851851852 0.026041666666666668 0.044444444444444446
0 0.38776041666666666 0.43842592592592594 0.024479166666666666 0.04351851851851852
0 0.23515625 0.4199074074074074 0.025520833333333333 0.04351851851851852
0 0.7106770833333333 0.13657407407407407 0.0265625 0.04722222222222222
0 0.7205729166666667 0.18194444444444444 0.0265625 0.04537037037037037
0 0.5098958333333333 0.24722222222222223 0.023958333333333335 0.044444444444444446
0 0.690625 0.1125 0.025 0.04537037037037037
0 0.5908854166666667 0.14444444444444443 0.024479166666666666 0.044444444444444446
0 0.6302083333333334 0.1648148148148148 0.025 0.046296296296296294
0 0.41041666666666665 0.4740740740740741 0.026041666666666668 0.046296296296296294
0 0.3463541666666667 0.2550925925925926 0.025 0.04351851851851852
0 0.6815104166666667 0.35694444444444445 0.025520833333333333 0.04537037037037037
0 0.3614583333333333 0.48009259259259257 0.025 0.04351851851851852
0 0.3307291666666667 0.3449074074074074 0.025 0.04351851851851852
0 0.19348958333333333 0.33564814814814814 0.025520833333333333 0.04351851851851852
0 0.35572916666666665 0.5226851851851851 0.025 0.04537037037037037
0 0.7078125 0.22083333333333333 0.026041666666666668 0.04722222222222222
0 0.5997395833333333 0.19953703703703704 0.024479166666666666 0.04537037037037037
0 0.6421875 0.11296296296296296 0.025 0.046296296296296294
0 0.7083333333333334 0.33935185185185185 0.026041666666666668 0.04722222222222222
0 0.65546875 0.2972222222222222 0.025520833333333333 0.046296296296296294
0 0.6955729166666667 0.4361111111111111 0.0265625 0.04814814814814815
0 0.56015625 0.16064814814814815 0.024479166666666666 0.04537037037037037
0 0.5411458333333333 0.24814814814814815 0.023958333333333335 0.044444444444444446
0 0.6578125 0.33935185185185185 0.026041666666666668 0.04722222222222222
0 0.6026041666666667 0.42083333333333334 0.025 0.04537037037037037
0 0.37005208333333334 0.39351851851851855 0.025520833333333333 0.044444444444444446
0 0.303125 0.1699074074074074 0.025 0.04351851851851852
0 0.2598958333333333 0.4861111111111111 0.027083333333333334 0.044444444444444446
0 0.4348958333333333 0.7162037037037037 0.027083333333333334 0.049074074074074076
0 0.3614583333333333 0.6087962962962963 0.025 0.04537037037037037
0 0.42682291666666666 0.7652777777777777 0.0265625 0.04722222222222222
0 0.6419270833333334 0.5171296296296296 0.0265625 0.04722222222222222
0 0.63828125 0.6074074074074074 0.025520833333333333 0.04814814814814815
0 0.16953125 0.2722222222222222 0.025520833333333333 0.044444444444444446
0 0.6299479166666667 0.28194444444444444 0.025520833333333333 0.04722222222222222
0 0.5471354166666667 0.44583333333333336 0.024479166666666666 0.04537037037037037
0 0.5830729166666667 0.5 0.025520833333333333 0.046296296296296294
0 0.5208333333333334 0.5189814814814815 0.025 0.04537037037037037
0 0.6106770833333334 0.10092592592592593 0.0234375 0.044444444444444446
0 0.5171875 0.44722222222222224 0.025 0.046296296296296294
0 0.4265625 0.2675925925925926 0.023958333333333335 0.044444444444444446
0 0.37994791666666666 0.5236111111111111 0.025520833333333333 0.04537037037037037
0 0.49505208333333334 0.15138888888888888 0.024479166666666666 0.04351851851851852
0 0.36822916666666666 0.562962962962963 0.025 0.046296296296296294
0 0.7197916666666667 0.4185185185185185 0.027083333333333334 0.046296296296296294
0 0.5700520833333333 0.12222222222222222 0.0234375 0.04259259259259259
0 0.6338541666666667 0.4337962962962963 0.026041666666666668 0.04722222222222222
0 0.7341145833333333 0.45694444444444443 0.027604166666666666 0.04722222222222222
0 0.725 0.49907407407407406 0.027083333333333334 0.04814814814814815
0 0.621875 0.3939814814814815 0.025 0.04537037037037037
0 0.4515625 0.2773148148148148 0.023958333333333335 0.04351851851851852
0 0.38776041666666666 0.7564814814814815 0.025520833333333333 0.046296296296296294
0 0.33151041666666664 0.6240740740740741 0.025520833333333333 0.044444444444444446
0 0.19375 0.6162037037037037 0.027083333333333334 0.04537037037037037
0 0.18411458333333333 0.2013888888888889 0.024479166666666666 0.041666666666666664
0 0.5583333333333333 0.36666666666666664 0.025 0.046296296296296294
0 0.6190104166666667 0.5708333333333333 0.0265625 0.04722222222222222
0 0.2989583333333333 0.6314814814814815 0.026041666666666668 0.044444444444444446
0 0.675 0.5587962962962963 0.027083333333333334 0.049074074074074076
0 0.4041666666666667 0.787962962962963 0.026041666666666668 0.046296296296296294
0 0.5734375 0.4009259259259259 0.025 0.046296296296296294
0 0.67734375 0.6050925925925926 0.0265625 0.04722222222222222
0 0.5479166666666667 0.2912037037037037 0.025 0.04537037037037037
0 0.7388020833333333 0.5421296296296296 0.027604166666666666 0.04722222222222222
0 0.7205729166666667 0.5833333333333334 0.027604166666666666 0.04814814814814815
0 0.5260416666666666 0.31527777777777777 0.023958333333333335 0.04537037037037037
0 0.4153645833333333 0.6898148148148148 0.025520833333333333 0.046296296296296294
0 0.3046875 0.49537037037037035 0.025 0.044444444444444446
0 0.7145833333333333 0.0763888888888889 0.026041666666666668 0.04537037037037037
0 0.5755208333333334 0.2013888888888889 0.023958333333333335 0.04537037037037037
0 0.2864583333333333 0.5953703703703703 0.026041666666666668 0.046296296296296294
0 0.70078125 0.38472222222222224 0.027604166666666666 0.049074074074074076
0 0.40989583333333335 0.7347222222222223 0.026041666666666668 0.049074074074074076
0 0.32447916666666665 0.5268518518518519 0.026041666666666668 0.046296296296296294
0 0.428125 0.6055555555555555 0.025 0.046296296296296294
0 0.37916666666666665 0.7143518518518519 0.026041666666666668 0.04722222222222222
0 0.55390625 0.4981481481481482 0.024479166666666666 0.044444444444444446
0 0.6833333333333333 0.0712962962962963 0.025 0.044444444444444446
0 0.5744791666666667 0.2898148148148148 0.025 0.046296296296296294
0 0.33828125 0.5763888888888888 0.0265625 0.04722222222222222
0 0.35182291666666665 0.7444444444444445 0.0265625 0.046296296296296294
0 0.7380208333333333 0.3449074074074074 0.027083333333333334 0.049074074074074076
0 0.5450520833333333 0.40324074074074073 0.024479166666666666 0.04537037037037037
0 0.3377604166666667 0.46805555555555556 0.025520833333333333 0.04351851851851852
0 0.5661458333333333 0.6587962962962963 0.026041666666666668 0.04722222222222222
0 0.6036458333333333 0.36666666666666664 0.025 0.046296296296296294
0 0.4434895833333333 0.6393518518518518 0.025520833333333333 0.04537037037037037
0 0.5338541666666666 0.3560185185185185 0.025 0.04537037037037037
0 0.2546875 0.6671296296296296 0.027083333333333334 0.04722222222222222
0 0.5817708333333333 0.3486111111111111 0.025 0.04722222222222222
0 0.28541666666666665 0.6712962962962963 0.026041666666666668 0.046296296296296294
0 0.29661458333333335 0.4550925925925926 0.025520833333333333 0.04351851851851852
0 0.5197916666666667 0.4050925925925926 0.026041666666666668 0.04537037037037037
0 0.31953125 0.6648148148148149 0.025520833333333333 0.044444444444444446
0 0.5533854166666666 0.6194444444444445 0.025520833333333333 0.046296296296296294
0 0.6307291666666667 0.6615740740740741 0.028125 0.049074074074074076
0 0.71328125 0.5388888888888889 0.027604166666666666 0.04814814814814815
0 0.6580729166666667 0.4842592592592593 0.0265625 0.046296296296296294
0 0.40625 0.624537037037037 0.025 0.04537037037037037
0 0.4578125 0.1449074074074074 0.023958333333333335 0.04537037037037037
0 0.3463541666666667 0.6564814814814814 0.025 0.044444444444444446
0 0.37994791666666666 0.6361111111111111 0.025520833333333333 0.046296296296296294
0 0.5794270833333334 0.6194444444444445 0.025520833333333333 0.046296296296296294
0 0.4083333333333333 0.5458333333333333 0.025 0.04537037037037037
0 0.3658854166666667 0.7796296296296297 0.0265625 0.04814814814814815
0 0.6052083333333333 0.6513888888888889 0.026041666666666668 0.04722222222222222
0 0.7015625 0.4791666666666667 0.028125 0.04722222222222222
0 0.503125 0.4898148148148148 0.025 0.046296296296296294
0 0.52890625 0.5606481481481481 0.025520833333333333 0.04722222222222222
0 0.50546875 0.5708333333333333 0.024479166666666666 0.04537037037037037
0 0.36614583333333334 0.20324074074074075 0.023958333333333335 0.04351851851851852
0 0.20416666666666666 0.17685185185185184 0.026041666666666668 0.04259259259259259
0 0.7333333333333333 0.6388888888888888 0.028125 0.04814814814814815
0 0.4510416666666667 0.7949074074074074 0.027083333333333334 0.05092592592592592
0 0.38229166666666664 0.8115740740740741 0.027083333333333334 0.049074074074074076
0 0.45286458333333335 0.5986111111111111 0.024479166666666666 0.04537037037037037
0 0.4953125 0.5328703703703703 0.025 0.04537037037037037
0 0.5864583333333333 0.687037037037037 0.026041666666666668 0.04814814814814815
0 0.2140625 0.6518518518518519 0.028125 0.04814814814814815
0 0.47630208333333335 0.6152777777777778 0.025520833333333333 0.04722222222222222
0 0.4901041666666667 0.45231481481481484 0.025 0.04537037037037037
0 0.28151041666666665 0.15648148148148147 0.024479166666666666 0.044444444444444446
0 0.5528645833333333 0.5731481481481482 0.025520833333333333 0.046296296296296294
0 0.6486979166666667 0.2537037037037037 0.025520833333333333 0.044444444444444446
0 0.5299479166666666 0.6046296296296296 0.0234375 0.044444444444444446
0 0.65546875 0.0712962962962963 0.025520833333333333 0.046296296296296294
0 0.6057291666666667 0.7208333333333333 0.028125 0.049074074074074076
0 0.43776041666666665 0.5638888888888889 0.025520833333333333 0.044444444444444446
0 0.5739583333333333 0.7541666666666667 0.027083333333333334 0.05092592592592592
0 0.7052083333333333 0.6222222222222222 0.027083333333333334 0.04814814814814815
0 0.34427083333333336 0.8027777777777778 0.026041666666666668 0.04814814814814815
0 0.4010416666666667 0.8495370370370371 0.027083333333333334 0.05092592592592592
0 0.725 0.27685185185185185 0.027083333333333334 0.04814814814814815
0 0.5182291666666666 0.1550925925925926 0.023958333333333335 0.04351851851851852
0 0.5989583333333334 0.4648148148148148 0.026041666666666668 0.046296296296296294
0 0.5052083333333334 0.6157407407407407 0.026041666666666668 0.046296296296296294
0 0.5627604166666667 0.7046296296296296 0.027604166666666666 0.04814814814814815
0 0.43645833333333334 0.8532407407407407 0.028125 0.05092592592592592
0 0.5455729166666666 0.7449074074074075 0.0265625 0.049074074074074076
0 0.47760416666666666 0.5703703703703704 0.025 0.044444444444444446
0 0.6885416666666667 0.5175925925925926 0.027083333333333334 0.046296296296296294
0 0.14583333333333334 0.5606481481481481 0.028125 0.04722222222222222
0 0.25286458333333334 0.15601851851851853 0.024479166666666666 0.04351851851851852
0 0.53125 0.48055555555555557 0.026041666666666668 0.04814814814814815
0 0.36822916666666666 0.6768518518518518 0.026041666666666668 0.046296296296296294
0 0.7674479166666667 0.5486111111111112 0.028645833333333332 0.049074074074074076
0 0.31588541666666664 0.9337962962962963 0.0265625 0.049074074074074076
0 0.14348958333333334 0.5106481481481482 0.027604166666666666 0.04537037037037037
0 0.7122395833333334 0.6662037037037037 0.028645833333333332 0.049074074074074076
0 0.29661458333333335 0.9074074074074074 0.027604166666666666 0.05
0 0.5611979166666666 0.32546296296296295 0.025520833333333333 0.04537037037037037
0 0.42604166666666665 0.9092592592592592 0.028125 0.05185185185185185
0 0.2453125 0.7379629629629629 0.028125 0.04814814814814815
0 0.3919270833333333 0.9171296296296296 0.0265625 0.05092592592592592
0 0.7229166666666667 0.03425925925925926 0.026041666666666668 0.044444444444444446
0 0.5760416666666667 0.8032407407407407 0.028125 0.05092592592592592
0 0.3385416666666667 0.9518518518518518 0.028125 0.05
0 0.6671875 0.7861111111111111 0.029166666666666667 0.053703703703703705
0 0.29765625 0.9680555555555556 0.027604166666666666 0.049074074074074076