0 0.4231770833333333 0.5018518518518519 0.0234375 0.03888888888888889
0 0.6375 0.5546296296296296 0.025 0.04259259259259259
0 0.3997395833333333 0.35 0.021354166666666667 0.037037037037037035
0 0.24921875 0.5194444444444445 0.025520833333333333 0.04259259259259259
0 0.3171875 0.43333333333333335 0.022916666666666665 0.040740740740740744
0 0.3416666666666667 0.5532407407407407 0.023958333333333335 0.03796296296296296
0 0.3268229166666667 0.36712962962962964 0.022395833333333334 0.03796296296296296
0 0.5419270833333333 0.3814814814814815 0.021354166666666667 0.03888888888888889
0 0.5359375 0.2537037037037037 0.021875 0.037037037037037035
0 0.4075520833333333 0.38425925925925924 0.021354166666666667 0.03888888888888889
0 0.35260416666666666 0.3472222222222222 0.021875 0.03888888888888889
0 0.54765625 0.32222222222222224 0.021354166666666667 0.03888888888888889
0 0.5348958333333333 0.2953703703703704 0.020833333333333332 0.03888888888888889
0 0.42734375 0.4041666666666667 0.021354166666666667 0.03796296296296296
0 0.3223958333333333 0.4837962962962963 0.021875 0.03981481481481482
0 0.4596354166666667 0.30185185185185187 0.0203125 0.037037037037037035
0 0.43125 0.2986111111111111 0.020833333333333332 0.03796296296296296
0 0.34427083333333336 0.4912037037037037 0.021875 0.03796296296296296
0 0.49661458333333336 0.5333333333333333 0.022395833333333334 0.037037037037037035
0 0.4361979166666667 0.2625 0.021354166666666667 0.03796296296296296
0 0.6408854166666667 0.7444444444444445 0.025520833333333333 0.046296296296296294