0 0.30963541666666666 0.26805555555555555 0.025520833333333333 0.04537037037037037
0 0.6536458333333334 0.3148148148148148 0.026041666666666668 0.044444444444444446
0 0.45390625 0.1814814814814815 0.024479166666666666 0.044444444444444446
0 0.496875 0.18194444444444444 0.023958333333333335 0.04351851851851852
0 0.48515625 0.2263888888888889 0.0234375 0.04351851851851852
0 0.28854166666666664 0.7699074074074074 0.025 0.04722222222222222
0 0.6346354166666667 0.2875 0.025520833333333333 0.04537037037037037
0 0.3614583333333333 0.5 0.025 0.044444444444444446
0 0.4244791666666667 0.25972222222222224 0.025 0.04537037037037037
0 0.22265625 0.3013888888888889 0.024479166666666666 0.041666666666666664
0 0.47734375 0.3912037037037037 0.025520833333333333 0.04537037037037037
0 0.459375 0.5976851851851852 0.025 0.04537037037037037
0 0.33541666666666664 0.6388888888888888 0.026041666666666668 0.046296296296296294
0 0.7088541666666667 0.5199074074074074 0.026041666666666668 0.04722222222222222
0 0.6653645833333334 0.44351851851851853 0.0265625 0.046296296296296294
0 0.665625 0.39444444444444443 0.026041666666666668 0.046296296296296294
0 0.53046875 0.3226851851851852 0.0234375 0.04351851851851852
0 0.3541666666666667 0.5467592592592593 0.025 0.04537037037037037
0 0.45546875 0.27361111111111114 0.024479166666666666 0.04351851851851852
0 0.7471354166666667 0.4671296296296296 0.027604166666666666 0.04722222222222222
0 0.28880208333333335 0.6087962962962963 0.025520833333333333 0.04722222222222222
0 0.57578125 0.3763888888888889 0.025520833333333333 0.04722222222222222
0 0.6130208333333333 0.6782407407407407 0.026041666666666668 0.04722222222222222
0 0.5432291666666667 0.5601851851851852 0.022916666666666665 0.04259259259259259
0 0.6052083333333333 0.24259259259259258 0.025 0.046296296296296294
0 0.6604166666666667 0.5944444444444444 0.027083333333333334 0.04814814814814815
0 0.6338541666666667 0.24444444444444444 0.025 0.044444444444444446
0 0.73359375 0.5064814814814815 0.0265625 0.04814814814814815
0 0.39140625 0.36712962962962964 0.025520833333333333 0.04537037037037037
0 0.7080729166666667 0.1550925925925926 0.025520833333333333 0.04537037037037037
0 0.5153645833333333 0.4546296296296296 0.025520833333333333 0.044444444444444446
0 0.33177083333333335 0.5662037037037037 0.025 0.04537037037037037
0 0.16588541666666667 0.2763888888888889 0.024479166666666666 0.04351851851851852
0 0.6828125 0.6203703703703703 0.026041666666666668 0.04814814814814815
0 0.29322916666666665 0.5560185185185185 0.022916666666666665 0.041666666666666664
0 0.5208333333333334 0.14305555555555555 0.025 0.04537037037037037
0 0.18359375 0.25046296296296294 0.024479166666666666 0.04351851851851852
0 0.34010416666666665 0.22268518518518518 0.023958333333333335 0.04351851851851852
0 0.39765625 0.4212962962962963 0.025520833333333333 0.046296296296296294
0 0.5875 0.6680555555555555 0.026041666666666668 0.04722222222222222
0 0.6890625 0.37037037037037035 0.027083333333333334 0.046296296296296294
0 0.5684895833333333 0.6356481481481482 0.024479166666666666 0.04537037037037037
0 0.18984375 0.337037037037037 0.025520833333333333 0.044444444444444446
0 0.27265625 0.5796296296296296 0.0265625 0.04814814814814815
0 0.375 0.4078703703703704 0.025 0.04537037037037037
0 0.61640625 0.5722222222222222 0.0265625 0.04814814814814815
0 0.3484375 0.37962962962962965 0.023958333333333335 0.044444444444444446
0 0.29270833333333335 0.6935185185185185 0.025 0.04814814814814815
0 0.5997395833333333 0.4050925925925926 0.025520833333333333 0.04722222222222222
0 0.54609375 0.2875 0.024479166666666666 0.04537037037037037
0 0.44114583333333335 0.6333333333333333 0.026041666666666668 0.046296296296296294
0 0.33645833333333336 0.26944444444444443 0.023958333333333335 0.044444444444444446
0 0.659375 0.6398148148148148 0.026041666666666668 0.04814814814814815
0 0.4375 0.562037037037037 0.026041666666666668 0.046296296296296294
0 0.5247395833333334 0.40370370370370373 0.024479166666666666 0.044444444444444446
0 0.39088541666666665 0.6453703703703704 0.025520833333333333 0.046296296296296294
0 0.5559895833333334 0.475462962962963 0.024479166666666666 0.04351851851851852
0 0.5088541666666667 0.36944444444444446 0.023958333333333335 0.044444444444444446
0 0.56875 0.5486111111111112 0.025 0.04537037037037037
0 0.30833333333333335 0.8101851851851852 0.027083333333333334 0.04814814814814815
0 0.49244791666666665 0.3402777777777778 0.024479166666666666 0.04537037037037037
0 0.38567708333333334 0.2162037037037037 0.0234375 0.04351851851851852
0 0.3729166666666667 0.6138888888888889 0.025 0.046296296296296294
0 0.7197916666666667 0.45787037037037037 0.027083333333333334 0.049074074074074076
0 0.3268229166666667 0.36342592592592593 0.024479166666666666 0.04537037037037037
0 0.6828125 0.5282407407407408 0.027083333333333334 0.049074074074074076
0 0.3497395833333333 0.5981481481481481 0.025520833333333333 0.046296296296296294
0 0.3380208333333333 0.5152777777777777 0.025 0.04537037037037037
0 0.38229166666666664 0.6935185185185185 0.026041666666666668 0.046296296296296294
0 0.36015625 0.2638888888888889 0.0234375 0.04259259259259259
0 0.31302083333333336 0.7203703703703703 0.026041666666666668 0.046296296296296294
0 0.3104166666666667 0.586574074074074 0.026041666666666668 0.04722222222222222
0 0.21328125 0.26481481481481484 0.025520833333333333 0.04259259259259259
0 0.42578125 0.5995370370370371 0.025520833333333333 0.04537037037037037
0 0.3125 0.7652777777777777 0.026041666666666668 0.04722222222222222
0 0.55625 0.3453703703703704 0.023958333333333335 0.044444444444444446
0 0.6515625 0.5421296296296296 0.026041666666666668 0.04722222222222222
0 0.27447916666666666 0.5328703703703703 0.025 0.04537037037037037
0 0.73359375 0.2212962962962963 0.0265625 0.046296296296296294
0 0.49713541666666666 0.12777777777777777 0.024479166666666666 0.044444444444444446
0 0.409375 0.22962962962962963 0.023958333333333335 0.044444444444444446
0 0.5638020833333334 0.5921296296296297 0.025520833333333333 0.04537037037037037
0 0.47942708333333334 0.30277777777777776 0.024479166666666666 0.044444444444444446
0 0.415625 0.6407407407407407 0.025 0.046296296296296294
0 0.6908854166666667 0.43472222222222223 0.0265625 0.04722222222222222
0 0.22317708333333333 0.34675925925925927 0.024479166666666666 0.04351851851851852
0 0.17942708333333332 0.2101851851851852 0.024479166666666666 0.04259259259259259
0 0.525 0.5347222222222222 0.025 0.04537037037037037
0 0.35 0.6875 0.026041666666666668 0.04722222222222222
0 0.3625 0.19444444444444445 0.023958333333333335 0.04259259259259259
0 0.3377604166666667 0.47314814814814815 0.024479166666666666 0.044444444444444446
0 0.37786458333333334 0.5324074074074074 0.025520833333333333 0.046296296296296294
0 0.74375 0.549074074074074 0.028125 0.04814814814814815
0 0.7049479166666667 0.6481481481481481 0.027604166666666666 0.05
0 0.3848958333333333 0.5745370370370371 0.026041666666666668 0.04722222222222222
0 0.36041666666666666 0.4564814814814815 0.023958333333333335 0.04259259259259259
0 0.67109375 0.4875 0.027604166666666666 0.04722222222222222
0 0.6013020833333333 0.46435185185185185 0.025520833333333333 0.04722222222222222
0 0.3145833333333333 0.1935185185185185 0.023958333333333335 0.044444444444444446
0 0.38515625 0.32731481481481484 0.025520833333333333 0.04351851851851852
0 0.30078125 0.22962962962962963 0.024479166666666666 0.04259259259259259
0 0.53203125 0.48657407407407405 0.025520833333333333 0.04537037037037037
0 0.34817708333333336 0.42314814814814816 0.024479166666666666 0.044444444444444446
0 0.3111979166666667 0.33425925925925926 0.025520833333333333 0.044444444444444446
0 0.5130208333333334 0.5902777777777778 0.023958333333333335 0.04351851851851852
0 0.45703125 0.6638888888888889 0.025520833333333333 0.046296296296296294
0 0.30416666666666664 0.6518518518518519 0.026041666666666668 0.046296296296296294
0 0.5895833333333333 0.6018518518518519 0.026041666666666668 0.04814814814814815
0 0.5388020833333333 0.6041666666666666 0.025520833333333333 0.04537037037037037
0 0.203125 0.22870370370370371 0.023958333333333335 0.04259259259259259
0 0.46041666666666664 0.13240740740740742 0.023958333333333335 0.044444444444444446
0 0.21875 0.1986111111111111 0.026041666666666668 0.04351851851851852
0 0.5458333333333333 0.6486111111111111 0.026041666666666668 0.04722222222222222
0 0.6947916666666667 0.26296296296296295 0.026041666666666668 0.046296296296296294
0 0.35598958333333336 0.3416666666666667 0.024479166666666666 0.04259259259259259
0 0.5934895833333333 0.5527777777777778 0.0265625 0.04814814814814815
0 0.53984375 0.4361111111111111 0.024479166666666666 0.044444444444444446
0 0.6375 0.6652777777777777 0.026041666666666668 0.04722222222222222
0 0.43046875 0.675 0.025520833333333333 0.04814814814814815
0 0.36770833333333336 0.6560185185185186 0.026041666666666668 0.04722222222222222
0 0.6317708333333333 0.611574074074074 0.027083333333333334 0.049074074074074076
0 0.49375 0.6231481481481481 0.026041666666666668 0.046296296296296294
0 0.7690104166666667 0.43703703703703706 0.028645833333333332 0.04814814814814815
0 0.36380208333333336 0.3055555555555556 0.024479166666666666 0.04259259259259259
0 0.315625 0.5370370370370371 0.026041666666666668 0.046296296296296294
0 0.3255208333333333 0.6805555555555556 0.026041666666666668 0.04814814814814815
0 0.34348958333333335 0.1712962962962963 0.024479166666666666 0.044444444444444446
0 0.49583333333333335 0.6828703703703703 0.027083333333333334 0.049074074074074076
0 0.5494791666666666 0.5166666666666667 0.025 0.044444444444444446
0 0.71796875 0.562037037037037 0.027604166666666666 0.05
0 0.2643229166666667 0.7888888888888889 0.0265625 0.04814814814814815
0 0.58359375 0.7189814814814814 0.0265625 0.049074074074074076
0 0.2838541666666667 0.8194444444444444 0.027083333333333334 0.04814814814814815
0 0.41692708333333334 0.5375 0.025520833333333333 0.04537037037037037
0 0.31328125 0.8537037037037037 0.0265625 0.04814814814814815
0 0.48880208333333336 0.5782407407407407 0.025520833333333333 0.04537037037037037
0 0.5169270833333334 0.638425925925926 0.0265625 0.049074074074074076
0 0.27890625 0.32731481481481484 0.024479166666666666 0.04351851851851852
0 0.73125 0.06666666666666667 0.026041666666666668 0.044444444444444446
0 0.30052083333333335 0.5055555555555555 0.026041666666666668 0.046296296296296294
0 0.4044270833333333 0.7300925925925926 0.025520833333333333 0.04722222222222222
0 0.5734375 0.5064814814814815 0.026041666666666668 0.04814814814814815
0 0.3390625 0.7356481481481482 0.026041666666666668 0.04722222222222222
0 0.7307291666666667 0.1763888888888889 0.026041666666666668 0.04537037037037037
0 0.7588541666666667 0.3768518518518518 0.028125 0.04814814814814815
0 0.7177083333333333 0.10324074074074074 0.026041666666666668 0.04537037037037037
0 0.56328125 0.6805555555555556 0.0265625 0.05
0 0.6856770833333333 0.11666666666666667 0.025520833333333333 0.046296296296296294
0 0.19817708333333334 0.48194444444444445 0.0265625 0.04537037037037037
0 0.2877604166666667 0.8671296296296296 0.0265625 0.049074074074074076
0 0.73125 0.6597222222222222 0.028125 0.049074074074074076
0 0.696875 0.4777777777777778 0.026041666666666668 0.04814814814814815
0 0.19453125 0.18055555555555555 0.024479166666666666 0.04259259259259259
0 0.3455729166666667 0.8351851851851851 0.0265625 0.04814814814814815
0 0.33229166666666665 0.8814814814814815 0.027083333333333334 0.04814814814814815
0 0.365625 0.7291666666666666 0.027083333333333334 0.049074074074074076
0 0.4432291666666667 0.7361111111111112 0.026041666666666668 0.04814814814814815
0 0.7705729166666667 0.5467592592592593 0.0296875 0.049074074074074076
0 0.22994791666666667 0.513425925925926 0.027604166666666666 0.04537037037037037
0 0.71953125 0.03148148148148148 0.025520833333333333 0.044444444444444446
0 0.7127604166666667 0.6944444444444444 0.027604166666666666 0.04814814814814815
0 0.1640625 0.4425925925925926 0.026041666666666668 0.044444444444444446
0 0.6940104166666666 0.03333333333333333 0.025520833333333333 0.044444444444444446
0 0.13984375 0.5347222222222222 0.0265625 0.04537037037037037
0 0.16744791666666667 0.5462962962962963 0.025520833333333333 0.044444444444444446
0 0.7893229166666667 0.3425925925925926 0.028645833333333332 0.04814814814814815
0 0.5872395833333334 0.788425925925926 0.027604166666666666 0.05092592592592592
0 0.5752604166666667 0.1398148148148148 0.025520833333333333 0.044444444444444446
0 0.30104166666666665 0.9143518518518519 0.027083333333333334 0.05092592592592592
0 0.5515625 0.7717592592592593 0.028125 0.05092592592592592
0 0.34348958333333335 0.9231481481481482 0.027604166666666666 0.05185185185185185
0 0.7296875 0.6125 0.028125 0.049074074074074076