0 0.44869791666666664 0.16203703703703703 0.022395833333333334 0.040740740740740744
0 0.2921875 0.21944444444444444 0.023958333333333335 0.040740740740740744
0 0.60625 0.20972222222222223 0.023958333333333335 0.03981481481481482
0 0.4830729166666667 0.15833333333333333 0.0234375 0.040740740740740744
0 0.7229166666666667 0.42685185185185187 0.022916666666666665 0.04259259259259259
0 0.5203125 0.36018518518518516 0.025 0.04259259259259259
0 0.6911458333333333 0.36435185185185187 0.023958333333333335 0.041666666666666664
0 0.08671875 0.6865740740740741 0.027604166666666666 0.04722222222222222
0 0.6981770833333333 0.4222222222222222 0.024479166666666666 0.040740740740740744
0 0.66484375 0.40879629629629627 0.0234375 0.041666666666666664
0 0.10572916666666667 0.6509259259259259 0.028125 0.046296296296296294
0 0.5565104166666667 0.5486111111111112 0.0234375 0.041666666666666664
0 0.6291666666666667 0.39675925925925926 0.023958333333333335 0.041666666666666664
0 0.57890625 0.6875 0.0265625 0.04537037037037037
0 0.3625 0.5583333333333333 0.022916666666666665 0.040740740740740744
0 0.21770833333333334 0.7671296296296296 0.028125 0.04722222222222222
0 0.26015625 0.6175925925925926 0.025520833333333333 0.04259259259259259
0 0.42552083333333335 0.5615740740740741 0.022916666666666665 0.03981481481481482
0 0.4869791666666667 0.49583333333333335 0.023958333333333335 0.041666666666666664
0 0.565625 0.587037037037037 0.023958333333333335 0.04259259259259259
0 0.2578125 0.3527777777777778 0.023958333333333335 0.03888888888888889
0 0.7424479166666667 0.6486111111111111 0.027604166666666666 0.04722222222222222
0 0.6903645833333333 0.7435185185185185 0.0265625 0.04814814814814815
0 0.6513020833333333 0.0912037037037037 0.021354166666666667 0.03611111111111111
0 0.4140625 0.48657407407407405 0.022916666666666665 0.03981481481481482
0 0.26640625 0.5648148148148148 0.024479166666666666 0.04259259259259259
0 0.3921875 0.6013888888888889 0.022916666666666665 0.03981481481481482
0 0.6114583333333333 0.7578703703703704 0.027083333333333334 0.049074074074074076
0 0.60390625 0.3226851851851852 0.022395833333333334 0.03981481481481482
0 0.32786458333333335 0.45694444444444443 0.0234375 0.041666666666666664
0 0.31614583333333335 0.5351851851851852 0.023958333333333335 0.04259259259259259
0 0.6278645833333333 0.08472222222222223 0.0203125 0.03796296296296296
0 0.4427083333333333 0.47129629629629627 0.022916666666666665 0.03888888888888889
0 0.44140625 0.5194444444444445 0.0234375 0.03888888888888889
0 0.2947916666666667 0.5527777777777778 0.022916666666666665 0.040740740740740744
0 0.6018229166666667 0.08333333333333333 0.0203125 0.03888888888888889
0 0.46536458333333336 0.3486111111111111 0.022395833333333334 0.03981481481481482
0 0.5705729166666667 0.07037037037037037 0.0203125 0.037037037037037035
0 0.4947916666666667 0.24675925925925926 0.021875 0.03981481481481482
0 0.3302083333333333 0.36064814814814816 0.022916666666666665 0.03981481481481482
0 0.27057291666666666 0.31157407407407406 0.022395833333333334 0.03981481481481482
0 0.31927083333333334 0.25787037037037036 0.021875 0.03981481481481482
0 0.37057291666666664 0.5925925925925926 0.0234375 0.03888888888888889
0 0.3463541666666667 0.3175925925925926 0.021875 0.03888888888888889
0 0.4 0.5634259259259259 0.022916666666666665 0.03796296296296296
0 0.3184895833333333 0.31203703703703706 0.022395833333333334 0.03888888888888889
0 0.32916666666666666 0.4148148148148148 0.022916666666666665 0.040740740740740744
0 0.3067708333333333 0.5925925925925926 0.023958333333333335 0.03888888888888889
0 0.35442708333333334 0.2726851851851852 0.022395833333333334 0.03796296296296296
0 0.40677083333333336 0.44537037037037036 0.022916666666666665 0.03888888888888889
0 0.5875 0.05092592592592592 0.020833333333333332 0.037037037037037035
0 0.6421875 0.7574074074074074 0.025 0.046296296296296294
0 0.3606770833333333 0.43657407407407406 0.022395833333333334 0.03981481481481482
0 0.6700520833333333 0.7824074074074074 0.025520833333333333 0.046296296296296294
0 0.37161458333333336 0.29907407407407405 0.022395833333333334 0.03888888888888889
0 0.384375 0.41064814814814815 0.021875 0.03981481481481482
0 0.384375 0.3680555555555556 0.021875 0.03981481481481482
0 0.19401041666666666 0.8101851851851852 0.028645833333333332 0.04814814814814815
0 0.43984375 0.33101851851851855 0.021354166666666667 0.03981481481481482
0 0.4283854166666667 0.44351851851851853 0.021354166666666667 0.037037037037037035
0 0.46171875 0.31296296296296294 0.0203125 0.037037037037037035
0 0.40234375 0.34305555555555556 0.0203125 0.03796296296296296
0 0.47604166666666664 0.28425925925925927 0.020833333333333332 0.03888888888888889
0 0.41822916666666665 0.3162037037037037 0.020833333333333332 0.03796296296296296
0 0.434375 0.29074074074074074 0.021875 0.03888888888888889