0 0.22291666666666668 0.30185185185185187 0.025 0.044444444444444446
0 0.209375 0.36157407407407405 0.025 0.04351851851851852
0 0.6916666666666667 0.11990740740740741 0.026041666666666668 0.04537037037037037
0 0.56484375 0.1425925925925926 0.025520833333333333 0.046296296296296294
0 0.7619791666666667 0.29953703703703705 0.027083333333333334 0.04537037037037037
0 0.6067708333333334 0.17546296296296296 0.025 0.04537037037037037
0 0.6520833333333333 0.600925925925926 0.025 0.046296296296296294
0 0.5908854166666667 0.13842592592592592 0.024479166666666666 0.04537037037037037
0 0.23359375 0.35509259259259257 0.025520833333333333 0.04537037037037037
0 0.7166666666666667 0.14629629629629629 0.026041666666666668 0.04259259259259259
0 0.7388020833333333 0.3300925925925926 0.027604166666666666 0.04722222222222222
0 0.7640625 0.34305555555555556 0.027083333333333334 0.04722222222222222
0 0.73359375 0.2875 0.0265625 0.04537037037037037
0 0.64453125 0.09675925925925925 0.025520833333333333 0.04537037037037037
0 0.68984375 0.07546296296296297 0.025520833333333333 0.04537037037037037
0 0.190625 0.33425925925925926 0.025 0.044444444444444446
0 0.21354166666666666 0.26435185185185184 0.026041666666666668 0.04351851851851852
0 0.6143229166666667 0.12453703703703704 0.024479166666666666 0.04537037037037037
0 0.56015625 0.40185185185185185 0.025520833333333333 0.046296296296296294
0 0.5979166666666667 0.21851851851851853 0.023958333333333335 0.044444444444444446
0 0.5828125 0.42314814814814816 0.025 0.044444444444444446
0 0.20286458333333332 0.41805555555555557 0.0265625 0.04537037037037037
0 0.6674479166666667 0.5333333333333333 0.025520833333333333 0.046296296296296294
0 0.2171875 0.4583333333333333 0.026041666666666668 0.044444444444444446
0 0.7395833333333334 0.21574074074074073 0.027083333333333334 0.046296296296296294
0 0.7114583333333333 0.44722222222222224 0.027083333333333334 0.046296296296296294
0 0.4393229166666667 0.6439814814814815 0.024479166666666666 0.04537037037037037
0 0.16640625 0.27361111111111114 0.025520833333333333 0.04537037037037037
0 0.22057291666666667 0.500462962962963 0.027604166666666666 0.04537037037037037
0 0.18411458333333333 0.2462962962962963 0.025520833333333333 0.04259259259259259
0 0.6291666666666667 0.6143518518518518 0.026041666666666668 0.04722222222222222
0 0.5533854166666666 0.5902777777777778 0.024479166666666666 0.04351851851851852
0 0.19609375 0.48333333333333334 0.025520833333333333 0.044444444444444446
0 0.41770833333333335 0.38981481481481484 0.023958333333333335 0.044444444444444446
0 0.7390625 0.1726851851851852 0.026041666666666668 0.04537037037037037
0 0.35 0.4708333333333333 0.025 0.04537037037037037
0 0.7263020833333333 0.6046296296296296 0.028645833333333332 0.05
0 0.37005208333333334 0.39675925925925926 0.025520833333333333 0.04351851851851852
0 0.43203125 0.47453703703703703 0.024479166666666666 0.04537037037037037
0 0.3953125 0.6194444444444445 0.025 0.044444444444444446
0 0.6510416666666666 0.43657407407407406 0.025 0.04537037037037037
0 0.5864583333333333 0.48055555555555557 0.026041666666666668 0.046296296296296294
0 0.4671875 0.3921296296296296 0.025 0.04351851851851852
0 0.6471354166666666 0.16296296296296298 0.025520833333333333 0.046296296296296294
0 0.43072916666666666 0.3037037037037037 0.022916666666666665 0.04259259259259259
0 0.17265625 0.49212962962962964 0.024479166666666666 0.04537037037037037
0 0.6770833333333334 0.6217592592592592 0.027083333333333334 0.049074074074074076
0 0.20416666666666666 0.22546296296296298 0.025 0.04351851851851852
0 0.4666666666666667 0.350462962962963 0.025 0.04351851851851852
0 0.6018229166666667 0.26157407407407407 0.025520833333333333 0.04537037037037037
0 0.5627604166666667 0.3592592592592593 0.025520833333333333 0.046296296296296294
0 0.71796875 0.25 0.0265625 0.046296296296296294
0 0.4473958333333333 0.41574074074074074 0.025 0.044444444444444446
0 0.4901041666666667 0.26342592592592595 0.025 0.04537037037037037
0 0.3572916666666667 0.35185185185185186 0.023958333333333335 0.044444444444444446
0 0.38046875 0.35833333333333334 0.025520833333333333 0.044444444444444446
0 0.35885416666666664 0.5097222222222222 0.025 0.04537037037037037
0 0.3606770833333333 0.5796296296296296 0.025520833333333333 0.046296296296296294
0 0.46197916666666666 0.4486111111111111 0.025 0.04537037037037037
0 0.4786458333333333 0.30277777777777776 0.025 0.046296296296296294
0 0.37005208333333334 0.31342592592592594 0.024479166666666666 0.04351851851851852
0 0.45651041666666664 0.5 0.025520833333333333 0.046296296296296294
0 0.60234375 0.4462962962962963 0.025520833333333333 0.044444444444444446
0 0.60078125 0.38425925925925924 0.025520833333333333 0.046296296296296294
0 0.6997395833333333 0.5907407407407408 0.027604166666666666 0.04814814814814815
0 0.38828125 0.5763888888888888 0.025520833333333333 0.04537037037037037
0 0.37864583333333335 0.5328703703703703 0.026041666666666668 0.04537037037037037
0 0.77109375 0.38472222222222224 0.028645833333333332 0.049074074074074076
0 0.4546875 0.2861111111111111 0.023958333333333335 0.044444444444444446
0 0.75234375 0.4666666666666667 0.027604166666666666 0.04814814814814815
0 0.7028645833333333 0.17824074074074073 0.0265625 0.04537037037037037
0 0.3848958333333333 0.4310185185185185 0.026041666666666668 0.04537037037037037
0 0.21979166666666666 0.19490740740740742 0.025 0.04351851851851852
0 0.44036458333333334 0.6 0.025520833333333333 0.046296296296296294
0 0.32473958333333336 0.4587962962962963 0.025520833333333333 0.04537037037037037
0 0.6208333333333333 0.08425925925925926 0.025 0.044444444444444446
0 0.5442708333333334 0.5509259259259259 0.025 0.046296296296296294
0 0.7018229166666666 0.6402777777777777 0.027604166666666666 0.049074074074074076
0 0.25729166666666664 0.3194444444444444 0.026041666666666668 0.044444444444444446
0 0.40651041666666665 0.31527777777777777 0.024479166666666666 0.04351851851851852
0 0.3807291666666667 0.6625 0.026041666666666668 0.04722222222222222
0 0.5677083333333334 0.6291666666666667 0.025 0.04537037037037037
0 0.34609375 0.31574074074074077 0.0234375 0.04259259259259259
0 0.5911458333333334 0.524537037037037 0.026041666666666668 0.04722222222222222
0 0.640625 0.5222222222222223 0.026041666666666668 0.04814814814814815
0 0.6330729166666667 0.5657407407407408 0.025520833333333333 0.046296296296296294
0 0.7361979166666667 0.43148148148148147 0.0265625 0.04814814814814815
0 0.71953125 0.10555555555555556 0.0265625 0.046296296296296294
0 0.55390625 0.6666666666666666 0.025520833333333333 0.046296296296296294
0 0.18932291666666667 0.525 0.0265625 0.046296296296296294
0 0.53046875 0.587037037037037 0.025520833333333333 0.046296296296296294
0 0.44375 0.33564814814814814 0.022916666666666665 0.041666666666666664
0 0.16302083333333334 0.5398148148148149 0.026041666666666668 0.046296296296296294
0 0.7111979166666667 0.4912037037037037 0.027604166666666666 0.04722222222222222
0 0.3921875 0.2833333333333333 0.023958333333333335 0.044444444444444446
0 0.6270833333333333 0.3958333333333333 0.026041666666666668 0.04537037037037037
0 0.42526041666666664 0.5652777777777778 0.025520833333333333 0.04537037037037037
0 0.6278645833333333 0.43842592592592594 0.0265625 0.04722222222222222
0 0.4119791666666667 0.26064814814814813 0.023958333333333335 0.04351851851851852
0 0.76640625 0.25555555555555554 0.027604166666666666 0.046296296296296294
0 0.5177083333333333 0.549537037037037 0.025 0.04351851851851852
0 0.53828125 0.6291666666666667 0.0265625 0.04722222222222222
0 0.6125 0.48703703703703705 0.025 0.04814814814814815
0 0.6802083333333333 0.462037037037037 0.026041666666666668 0.046296296296296294
0 0.6052083333333333 0.5717592592592593 0.026041666666666668 0.04722222222222222
0 0.440625 0.3773148148148148 0.023958333333333335 0.04351851851851852
0 0.30416666666666664 0.4398148148148148 0.025 0.044444444444444446
0 0.5359375 0.3458333333333333 0.025 0.04537037037037037
0 0.4359375 0.2638888888888889 0.023958333333333335 0.04259259259259259
0 0.40651041666666665 0.6592592592592592 0.025520833333333333 0.046296296296296294
0 0.47421875 0.5370370370370371 0.025520833333333333 0.046296296296296294
0 0.6041666666666666 0.3337962962962963 0.026041666666666668 0.04722222222222222
0 0.7916666666666666 0.34120370370370373 0.029166666666666667 0.04722222222222222
0 0.3109375 0.8152777777777778 0.026041666666666668 0.049074074074074076
0 0.49635416666666665 0.5689814814814815 0.023958333333333335 0.04351851851851852
0 0.6044270833333333 0.6657407407407407 0.0265625 0.04814814814814815
0 0.43828125 0.22268518518518518 0.0234375 0.04351851851851852
0 0.18046875 0.20601851851851852 0.025520833333333333 0.04351851851851852
0 0.35572916666666665 0.2777777777777778 0.025 0.044444444444444446
0 0.7328125 0.06898148148148148 0.026041666666666668 0.04351851851851852
0 0.5588541666666667 0.10046296296296296 0.023958333333333335 0.04537037037037037
0 0.7713541666666667 0.4351851851851852 0.029166666666666667 0.05
0 0.5455729166666666 0.5 0.024479166666666666 0.046296296296296294
0 0.6510416666666666 0.6486111111111111 0.027083333333333334 0.049074074074074076
0 0.61640625 0.5305555555555556 0.0265625 0.04814814814814815
0 0.4630208333333333 0.6453703703703704 0.027083333333333334 0.04814814814814815
0 0.44296875 0.687962962962963 0.025520833333333333 0.046296296296296294
0 0.7028645833333333 0.5398148148148149 0.0265625 0.04814814814814815
0 0.59453125 0.711574074074074 0.0265625 0.05092592592592592
0 0.47578125 0.2300925925925926 0.024479166666666666 0.04351851851851852
0 0.3424479166666667 0.8069444444444445 0.0265625 0.049074074074074076
0 0.57890625 0.6754629629629629 0.0265625 0.049074074074074076
0 0.3033854166666667 0.862037037037037 0.025520833333333333 0.04814814814814815
0 0.6580729166666667 0.06111111111111111 0.025520833333333333 0.046296296296296294
0 0.39114583333333336 0.2439814814814815 0.023958333333333335 0.04351851851851852
0 0.66171875 0.49027777777777776 0.0265625 0.04722222222222222
0 0.6369791666666667 0.4791666666666667 0.026041666666666668 0.04537037037037037
0 0.32760416666666664 0.8467592592592592 0.026041666666666668 0.049074074074074076
0 0.45807291666666666 0.19768518518518519 0.0234375 0.04351851851851852
0 0.6747395833333333 0.5773148148148148 0.0265625 0.049074074074074076
0 0.7307291666666667 0.5564814814814815 0.028125 0.05
0 0.2872395833333333 0.8314814814814815 0.0265625 0.05
0 0.7575520833333333 0.5546296296296296 0.028645833333333332 0.05
0 0.72890625 0.6518518518518519 0.028645833333333332 0.05
0 0.15963541666666667 0.46805555555555556 0.0265625 0.03981481481481482
0 0.3658854166666667 0.7875 0.0265625 0.049074074074074076
0 0.375 0.8814814814814815 0.025 0.046296296296296294
0 0.5885416666666666 0.7671296296296296 0.027083333333333334 0.05092592592592592
0 0.3640625 0.8333333333333334 0.027083333333333334 0.05
0 0.30234375 0.7606481481481482 0.0265625 0.049074074074074076
0 0.23984375 0.5365740740740741 0.027604166666666666 0.04537037037037037
0 0.1375 0.537962962962963 0.027083333333333334 0.046296296296296294
0 0.1953125 0.1763888888888889 0.025 0.04351851851851852
0 0.6234375 0.7416666666666667 0.027083333333333334 0.05
0 0.39401041666666664 0.7583333333333333 0.0265625 0.04814814814814815
0 0.29010416666666666 0.9041666666666667 0.027083333333333334 0.049074074074074076
0 0.7111979166666667 0.6856481481481481 0.028645833333333332 0.05092592592592592
0 0.6950520833333333 0.03287037037037037 0.025520833333333333 0.04351851851851852
0 0.39427083333333335 0.8472222222222222 0.027083333333333334 0.05
0 0.35104166666666664 0.8773148148148148 0.026041666666666668 0.05092592592592592
0 0.4083333333333333 0.7972222222222223 0.027083333333333334 0.05
0 0.32734375 0.8935185185185185 0.0265625 0.05
0 0.71953125 0.03564814814814815 0.025520833333333333 0.04537037037037037
0 0.3255208333333333 0.7768518518518519 0.027083333333333334 0.05
0 0.325 0.6962962962962963 0.026041666666666668 0.046296296296296294
0 0.33541666666666664 0.9407407407407408 0.027083333333333334 0.05185185185185185
0 0.30963541666666666 0.9305555555555556 0.0265625 0.05
0 0.5817708333333333 0.8532407407407407 0.028125 0.05092592592592592
0 0.30364583333333334 0.24027777777777778 0.025 0.04351851851851852
0 0.5333333333333333 0.812037037037037 0.028125 0.05
0 0.2947916666666667 0.9694444444444444 0.027083333333333334 0.05
0 0.6874687500000001 0.5061944444444445 0.026828124999999998 0.04889814814814815