1 0.5025572916666666 0.575925925925926 0.05113541666666667 0.03888888888888889
1 0.49583333333333335 0.6069444444444444 0.05 0.04351851851851852
1 0.5744791666666667 0.5981481481481481 0.04375 0.07222222222222222
1 0.5690104166666666 0.5222222222222223 0.03697916666666667 0.08148148148148149
1 0.44479166666666664 0.6203703703703703 0.023958333333333335 0.09074074074074075
1 0.609375 0.5694444444444444 0.046875 0.07037037037037037
1 0.47818229166666665 0.4073888888888889 0.030322916666666665 0.08522222222222223
1 0.46588541666666666 0.43194444444444446 0.0265625 0.09166666666666666
1 0.6682291666666667 0.6819444444444445 0.04583333333333333 0.10092592592592593
1 0.44947916666666665 0.37962962962962965 0.040625 0.07592592592592592
1 0.3294270833333333 0.7 0.0359375 0.08518518518518518
1 0.5951770833333333 0.5445092592592593 0.04561458333333333 0.07569444444444444