1 0.5565104166666667 0.5819444444444445 0.05260416666666667 0.04722222222222222
1 0.55390625 0.549537037037037 0.050520833333333334 0.04722222222222222
1 0.5817708333333333 0.6018518518518519 0.05 0.05185185185185185
1 0.5013020833333334 0.5657407407407408 0.024479166666666666 0.09074074074074075
1 0.5401041666666667 0.5259259259259259 0.051041666666666666 0.05
1 0.42239583333333336 0.5541666666666667 0.04375 0.0712962962962963
1 0.40234375 0.5662037037037037 0.0421875 0.07314814814814814
1 0.48489583333333336 0.4837962962962963 0.028125 0.08611111111111111
1 0.5174479166666667 0.5944444444444444 0.0234375 0.09444444444444444
1 0.6692708333333334 0.6796296296296296 0.04583333333333333 0.09444444444444444
1 0.5246822916666667 0.49722222222222223 0.05040104166666667 0.046296296296296294
1 0.5201302083333333 0.4671296296296296 0.05067708333333333 0.049074074074074076