0 0.36015625 0.2652777777777778 0.0234375 0.04351851851851852
0 0.446875 0.22592592592592592 0.023958333333333335 0.044444444444444446
0 0.7067708333333333 0.15648148148148147 0.026041666666666668 0.046296296296296294
0 0.22317708333333333 0.30185185185185187 0.025520833333333333 0.04259259259259259
0 0.3734375 0.4097222222222222 0.025 0.04537037037037037
0 0.49661458333333336 0.18287037037037038 0.0234375 0.04351851851851852
0 0.34661458333333334 0.38935185185185184 0.0234375 0.041666666666666664
0 0.33645833333333336 0.26990740740740743 0.023958333333333335 0.04351851851851852
0 0.5958333333333333 0.2675925925925926 0.023958333333333335 0.044444444444444446
0 0.30963541666666666 0.26944444444444443 0.025520833333333333 0.044444444444444446
0 0.72890625 0.1763888888888889 0.0265625 0.04722222222222222
0 0.34036458333333336 0.22546296296296298 0.024479166666666666 0.04351851851851852
0 0.49557291666666664 0.23425925925925925 0.024479166666666666 0.044444444444444446
0 0.3268229166666667 0.3648148148148148 0.024479166666666666 0.04259259259259259
0 0.203125 0.22916666666666666 0.025 0.04351851851851852
0 0.38307291666666665 0.21574074074074073 0.024479166666666666 0.04259259259259259
0 0.5427083333333333 0.40555555555555556 0.023958333333333335 0.044444444444444446
0 0.5638020833333334 0.24351851851851852 0.024479166666666666 0.044444444444444446
0 0.5203125 0.1439814814814815 0.025 0.04537037037037037
0 0.40546875 0.23148148148148148 0.024479166666666666 0.044444444444444446
0 0.47239583333333335 0.43148148148148147 0.025 0.044444444444444446
0 0.18333333333333332 0.2513888888888889 0.025 0.041666666666666664
0 0.21328125 0.26481481481481484 0.025520833333333333 0.04259259259259259
0 0.3567708333333333 0.350462962962963 0.025 0.04351851851851852
0 0.6143229166666667 0.44675925925925924 0.025520833333333333 0.04537037037037037
0 0.30026041666666664 0.23055555555555557 0.025520833333333333 0.04259259259259259
0 0.36223958333333334 0.19675925925925927 0.0234375 0.041666666666666664
0 0.34713541666666664 0.4324074074074074 0.025520833333333333 0.044444444444444446
0 0.4546875 0.38055555555555554 0.025 0.044444444444444446
0 0.7450520833333333 0.4675925925925926 0.027604166666666666 0.04814814814814815
0 0.5091145833333334 0.27361111111111114 0.0234375 0.04351851851851852
0 0.7166666666666667 0.10416666666666667 0.026041666666666668 0.04722222222222222
0 0.5361979166666667 0.28379629629629627 0.025520833333333333 0.04537037037037037
0 0.5911458333333334 0.3925925925925926 0.025 0.044444444444444446
0 0.29244791666666664 0.5583333333333333 0.024479166666666666 0.04259259259259259
0 0.5671875 0.4064814814814815 0.023958333333333335 0.044444444444444446
0 0.6018229166666667 0.3541666666666667 0.025520833333333333 0.04537037037037037
0 0.3111979166666667 0.33611111111111114 0.025520833333333333 0.044444444444444446
0 0.16588541666666667 0.2773148148148148 0.025520833333333333 0.04351851851851852
0 0.559375 0.36574074074074076 0.025 0.044444444444444446
0 0.76640625 0.43703703703703706 0.027604166666666666 0.04814814814814815
0 0.7299479166666667 0.06759259259259259 0.0265625 0.046296296296296294
0 0.5455729166666666 0.32083333333333336 0.025520833333333333 0.04351851851851852
0 0.5325520833333334 0.3597222222222222 0.025520833333333333 0.04537037037037037
0 0.615625 0.31574074074074077 0.026041666666666668 0.046296296296296294
0 0.6260416666666667 0.3611111111111111 0.022916666666666665 0.04259259259259259
0 0.19010416666666666 0.337037037037037 0.026041666666666668 0.044444444444444446
0 0.47708333333333336 0.3912037037037037 0.025 0.04537037037037037
0 0.5684895833333333 0.4699074074074074 0.024479166666666666 0.04537037037037037
0 0.3143229166666667 0.19583333333333333 0.024479166666666666 0.04351851851851852
0 0.2234375 0.3476851851851852 0.026041666666666668 0.04351851851851852
0 0.4627604166666667 0.18333333333333332 0.024479166666666666 0.044444444444444446
0 0.7330729166666666 0.5074074074074074 0.027604166666666666 0.05
0 0.47421875 0.22037037037037038 0.0234375 0.044444444444444446
0 0.5888020833333333 0.4393518518518518 0.025520833333333333 0.04722222222222222
0 0.49635416666666665 0.13842592592592592 0.023958333333333335 0.04537037037037037
0 0.7072916666666667 0.5194444444444445 0.026041666666666668 0.04814814814814815
0 0.521875 0.32083333333333336 0.023958333333333335 0.04351851851851852
0 0.6169270833333333 0.4027777777777778 0.0265625 0.046296296296296294
0 0.49453125 0.45 0.024479166666666666 0.044444444444444446
0 0.6216145833333333 0.22546296296296298 0.025520833333333333 0.04537037037037037
0 0.6817708333333333 0.5291666666666667 0.027083333333333334 0.049074074074074076
0 0.6125 0.6773148148148148 0.026041666666666668 0.04722222222222222
0 0.44817708333333334 0.33935185185185185 0.025520833333333333 0.04351851851851852
0 0.6854166666666667 0.1175925925925926 0.026041666666666668 0.046296296296296294
0 0.5333333333333333 0.24305555555555555 0.025 0.04537037037037037
0 0.17942708333333332 0.2101851851851852 0.024479166666666666 0.04259259259259259
0 0.21848958333333332 0.19907407407407407 0.0265625 0.044444444444444446
0 0.31536458333333334 0.5402777777777777 0.024479166666666666 0.04351851851851852
0 0.3359375 0.5949074074074074 0.025 0.04537037037037037
0 0.71640625 0.562962962962963 0.028645833333333332 0.05
0 0.7307291666666667 0.22314814814814815 0.027083333333333334 0.046296296296296294
0 0.3651041666666667 0.5962962962962963 0.025 0.044444444444444446
0 0.3098958333333333 0.5879629629629629 0.026041666666666668 0.046296296296296294
0 0.5953125 0.5324074074074074 0.026041666666666668 0.046296296296296294
0 0.59140625 0.4888888888888889 0.025520833333333333 0.046296296296296294
0 0.19791666666666666 0.4828703703703704 0.026041666666666668 0.04537037037037037
0 0.2791666666666667 0.3300925925925926 0.025 0.04351851851851852
0 0.34322916666666664 0.17453703703703705 0.025 0.04351851851851852
0 0.35104166666666664 0.5601851851851852 0.026041666666666668 0.044444444444444446
0 0.3859375 0.5601851851851852 0.025 0.044444444444444446
0 0.6591145833333333 0.6407407407407407 0.0265625 0.04814814814814815
0 0.3671875 0.6671296296296296 0.025 0.04537037037037037
0 0.31666666666666665 0.6893518518518519 0.025 0.04537037037037037
0 0.2916666666666667 0.6939814814814815 0.025 0.04537037037037037
0 0.41640625 0.5375 0.024479166666666666 0.04351851851851852
0 0.40572916666666664 0.5837962962962963 0.025 0.04537037037037037
0 0.23020833333333332 0.5138888888888888 0.027083333333333334 0.046296296296296294
0 0.5559895833333334 0.600925925925926 0.0234375 0.044444444444444446
0 0.6158854166666666 0.49907407407407406 0.0265625 0.04814814814814815
0 0.5169270833333334 0.46620370370370373 0.025520833333333333 0.04722222222222222
0 0.30911458333333336 0.8171296296296297 0.0265625 0.049074074074074076
0 0.3924479166666667 0.6638888888888889 0.025520833333333333 0.046296296296296294
0 0.41953125 0.663425925925926 0.025520833333333333 0.04537037037037037
0 0.4947916666666667 0.4986111111111111 0.025 0.04537037037037037
0 0.4283854166666667 0.6023148148148149 0.025520833333333333 0.04537037037037037
0 0.3497395833333333 0.6976851851851852 0.025520833333333333 0.04537037037037037
0 0.3458333333333333 0.8351851851851851 0.027083333333333334 0.04814814814814815
0 0.45859375 0.6671296296296296 0.025520833333333333 0.04537037037037037
0 0.6375 0.6652777777777777 0.026041666666666668 0.04722222222222222
0 0.3046875 0.6518518518518519 0.026041666666666668 0.046296296296296294
0 0.28984375 0.7717592592592593 0.025520833333333333 0.04722222222222222
0 0.27421875 0.5333333333333333 0.025520833333333333 0.044444444444444446
0 0.565625 0.6458333333333334 0.025 0.04537037037037037
0 0.28854166666666664 0.6106481481481482 0.026041666666666668 0.04537037037037037
0 0.540625 0.5175925925925926 0.023958333333333335 0.04259259259259259
0 0.75703125 0.3800925925925926 0.027604166666666666 0.049074074074074076
0 0.40625 0.6263888888888889 0.025 0.04537037037037037
0 0.7049479166666667 0.6481481481481481 0.027604166666666666 0.05
0 0.5239583333333333 0.5587962962962963 0.025 0.04537037037037037
0 0.3 0.5050925925925925 0.026041666666666668 0.04722222222222222
0 0.3802083333333333 0.6277777777777778 0.026041666666666668 0.046296296296296294
0 0.51640625 0.5162037037037037 0.024479166666666666 0.04537037037037037
0 0.43802083333333336 0.6902777777777778 0.026041666666666668 0.04722222222222222
0 0.38307291666666665 0.7064814814814815 0.025520833333333333 0.046296296296296294
0 0.5729166666666666 0.5675925925925925 0.026041666666666668 0.046296296296296294
0 0.19479166666666667 0.18101851851851852 0.025 0.04351851851851852
0 0.45989583333333334 0.13333333333333333 0.023958333333333335 0.044444444444444446
0 0.44192708333333336 0.6370370370370371 0.025520833333333333 0.046296296296296294
0 0.4049479166666667 0.7300925925925926 0.0265625 0.04722222222222222
0 0.5489583333333333 0.5606481481481481 0.025 0.04722222222222222
0 0.2713541666666667 0.5810185185185185 0.026041666666666668 0.04537037037037037
0 0.3533854166666667 0.5180555555555556 0.0265625 0.04537037037037037
0 0.39348958333333334 0.5185185185185185 0.025520833333333333 0.044444444444444446
0 0.30416666666666664 0.7319444444444444 0.026041666666666668 0.04722222222222222
0 0.58359375 0.7208333333333333 0.0265625 0.049074074074074076
0 0.5809895833333333 0.6097222222222223 0.025520833333333333 0.04537037037037037
0 0.7424479166666667 0.5504629629629629 0.028645833333333332 0.049074074074074076
0 0.5408854166666667 0.6407407407407407 0.024479166666666666 0.044444444444444446
0 0.36328125 0.7342592592592593 0.0265625 0.04814814814814815
0 0.33098958333333334 0.6532407407407408 0.025520833333333333 0.04537037037037037
0 0.60625 0.6240740740740741 0.026041666666666668 0.04814814814814815
0 0.565625 0.5273148148148148 0.025 0.04722222222222222
0 0.43723958333333335 0.5615740740740741 0.025520833333333333 0.04537037037037037
0 0.31354166666666666 0.7717592592592593 0.027083333333333334 0.04722222222222222
0 0.5638020833333334 0.6912037037037037 0.0265625 0.049074074074074076
0 0.16432291666666668 0.44351851851851853 0.0265625 0.044444444444444446
0 0.5346354166666667 0.6847222222222222 0.027604166666666666 0.05092592592592592
0 0.7697916666666667 0.5481481481481482 0.029166666666666667 0.04814814814814815
0 0.5059895833333333 0.5986111111111111 0.025520833333333333 0.04537037037037037
0 0.5309895833333333 0.600462962962963 0.024479166666666666 0.04537037037037037
0 0.58671875 0.674074074074074 0.0265625 0.04814814814814815
0 0.7307291666666667 0.6606481481481481 0.028125 0.049074074074074076
0 0.35234375 0.6337962962962963 0.0265625 0.04722222222222222
0 0.48828125 0.6287037037037037 0.025520833333333333 0.04814814814814815
0 0.3380208333333333 0.7379629629629629 0.026041666666666668 0.046296296296296294
0 0.4986979166666667 0.5555555555555556 0.0234375 0.044444444444444446
0 0.26484375 0.7907407407407407 0.0265625 0.04814814814814815
0 0.51640625 0.6356481481481482 0.025520833333333333 0.04537037037037037
0 0.2833333333333333 0.8203703703703704 0.027083333333333334 0.05
0 0.44244791666666666 0.7361111111111112 0.027604166666666666 0.04814814814814815
0 0.3111979166666667 0.8611111111111112 0.027604166666666666 0.04814814814814815
0 0.7190104166666667 0.032407407407407406 0.025520833333333333 0.044444444444444446
0 0.45807291666666666 0.5962962962962963 0.0234375 0.044444444444444446
0 0.6927083333333334 0.26435185185185184 0.026041666666666668 0.04722222222222222
0 0.3333333333333333 0.8814814814814815 0.027083333333333334 0.04814814814814815
0 0.48203125 0.5884259259259259 0.024479166666666666 0.04537037037037037
0 0.47682291666666665 0.538425925925926 0.024479166666666666 0.04537037037037037
0 0.16796875 0.5467592592592593 0.0265625 0.04537037037037037
0 0.2869791666666667 0.8685185185185185 0.026041666666666668 0.04814814814814815
0 0.14010416666666667 0.5351851851851852 0.027083333333333334 0.046296296296296294
0 0.6940104166666666 0.03518518518518519 0.025520833333333333 0.046296296296296294
0 0.575 0.14074074074074075 0.025 0.044444444444444446
0 0.7856770833333333 0.34629629629629627 0.028645833333333332 0.04814814814814815
0 0.7122395833333334 0.6944444444444444 0.027604166666666666 0.04814814814814815
0 0.6828125 0.6212962962962963 0.027083333333333334 0.04814814814814815
0 0.4361979166666667 0.30462962962962964 0.025520833333333333 0.044444444444444446
0 0.7278645833333334 0.6134259259259259 0.028645833333333332 0.049074074074074076
0 0.5526041666666667 0.7708333333333334 0.027083333333333334 0.049074074074074076
0 0.5869791666666667 0.788425925925926 0.027083333333333334 0.05092592592592592
0 0.30130208333333336 0.9152777777777777 0.0265625 0.05092592592592592
0 0.34375 0.9231481481481482 0.028125 0.05