0 0.2682291666666667 0.5592592592592592 0.026041666666666668 0.044444444444444446
0 0.125 0.36574074074074076 0.027083333333333334 0.040740740740740744
0 0.31536458333333334 0.40694444444444444 0.0234375 0.041666666666666664
0 0.23697916666666666 0.46111111111111114 0.022916666666666665 0.03888888888888889
0 0.5182291666666666 0.1912037037037037 0.022916666666666665 0.03796296296296296
0 0.20677083333333332 0.5064814814814815 0.025 0.04259259259259259
0 0.5760416666666667 0.6805555555555556 0.027083333333333334 0.046296296296296294
0 0.0890625 0.6796296296296296 0.028125 0.046296296296296294
0 0.7125 0.42268518518518516 0.025 0.04351851851851852
0 0.1703125 0.5643518518518519 0.026041666666666668 0.04351851851851852
0 0.57109375 0.6263888888888889 0.025520833333333333 0.04351851851851852
0 0.21276041666666667 0.46064814814814814 0.024479166666666666 0.03981481481481482
0 0.20546875 0.5574074074074075 0.024479166666666666 0.04259259259259259
0 0.434375 0.2111111111111111 0.021875 0.03888888888888889
0 0.3296875 0.5902777777777778 0.025 0.041666666666666664
0 0.6067708333333334 0.749537037037037 0.028125 0.049074074074074076
0 0.26197916666666665 0.4111111111111111 0.022916666666666665 0.03888888888888889
0 0.14947916666666666 0.17222222222222222 0.021875 0.03888888888888889
0 0.5875 0.47824074074074074 0.022916666666666665 0.04351851851851852
0 0.10833333333333334 0.6435185185185185 0.027083333333333334 0.044444444444444446
0 0.534375 0.49907407407407406 0.021875 0.040740740740740744
0 0.4510416666666667 0.2740740740740741 0.021875 0.03888888888888889
0 0.67890625 0.7375 0.0265625 0.04722222222222222
0 0.48203125 0.18518518518518517 0.021354166666666667 0.03888888888888889
0 0.6825520833333333 0.36435185185185187 0.0234375 0.041666666666666664
0 0.26015625 0.14907407407407408 0.0203125 0.037037037037037035
0 0.5502604166666667 0.5398148148148149 0.0234375 0.040740740740740744
0 0.6880208333333333 0.4236111111111111 0.022916666666666665 0.041666666666666664
0 0.6020833333333333 0.12268518518518519 0.020833333333333332 0.03796296296296296
0 0.29348958333333336 0.1685185185185185 0.022395833333333334 0.040740740740740744
0 0.1484375 0.6240740740740741 0.025 0.044444444444444446
0 0.6703125 0.12824074074074074 0.021875 0.03796296296296296
0 0.22109375 0.3787037037037037 0.0234375 0.03888888888888889
0 0.48854166666666665 0.4671296296296296 0.021875 0.03981481481481482
0 0.2598958333333333 0.2865740740740741 0.021875 0.03796296296296296
0 0.20182291666666666 0.6046296296296296 0.024479166666666666 0.04259259259259259
0 0.4783854166666667 0.4263888888888889 0.022395833333333334 0.03981481481481482
0 0.64140625 0.22870370370370371 0.021354166666666667 0.03888888888888889
0 0.4390625 0.4263888888888889 0.022916666666666665 0.03981481481481482
0 0.24270833333333333 0.17083333333333334 0.021875 0.03796296296296296
0 0.27708333333333335 0.37407407407407406 0.022916666666666665 0.03888888888888889
0 0.7302083333333333 0.6481481481481481 0.027083333333333334 0.046296296296296294
0 0.4940104166666667 0.5203703703703704 0.0234375 0.040740740740740744
0 0.45729166666666665 0.4486111111111111 0.021875 0.03981481481481482
0 0.5807291666666666 0.4236111111111111 0.022916666666666665 0.03981481481481482
0 0.44583333333333336 0.17916666666666667 0.020833333333333332 0.03796296296296296
0 0.16822916666666668 0.14583333333333334 0.022916666666666665 0.03981481481481482
0 0.6653645833333334 0.41203703703703703 0.022395833333333334 0.040740740740740744
0 0.6421875 0.40555555555555556 0.022916666666666665 0.04259259259259259
0 0.51640625 0.37777777777777777 0.021354166666666667 0.03888888888888889
0 0.6174479166666667 0.2212962962962963 0.022395833333333334 0.03888888888888889
0 0.5544270833333333 0.47824074074074074 0.021354166666666667 0.03981481481481482
0 0.23359375 0.7949074074074074 0.0265625 0.04537037037037037
0 0.6466145833333333 0.29259259259259257 0.022395833333333334 0.040740740740740744
0 0.42994791666666665 0.15462962962962962 0.021354166666666667 0.03888888888888889
0 0.17552083333333332 0.6152777777777778 0.025 0.04351851851851852
0 0.27109375 0.18333333333333332 0.022395833333333334 0.03888888888888889
0 0.6455729166666667 0.11666666666666667 0.021354166666666667 0.037037037037037035
0 0.6369791666666667 0.7523148148148148 0.025 0.04722222222222222
0 0.5348958333333333 0.3490740740740741 0.021875 0.03888888888888889
0 0.5395833333333333 0.3907407407407407 0.020833333333333332 0.037037037037037035
0 0.5588541666666667 0.29259259259259257 0.021875 0.040740740740740744
0 0.5973958333333333 0.30416666666666664 0.021875 0.03981481481481482
0 0.22291666666666668 0.18564814814814815 0.021875 0.03796296296296296
0 0.5690104166666666 0.07962962962962963 0.021354166666666667 0.03888888888888889
0 0.2734375 0.25416666666666665 0.022916666666666665 0.03796296296296296
0 0.18776041666666668 0.2222222222222222 0.021354166666666667 0.037037037037037035
0 0.23385416666666667 0.32175925925925924 0.021875 0.03796296296296296
0 0.18645833333333334 0.2587962962962963 0.020833333333333332 0.03796296296296296
0 0.2421875 0.13518518518518519 0.021875 0.03888888888888889
0 0.25859375 0.32175925925925924 0.022395833333333334 0.03796296296296296
0 0.23802083333333332 0.2875 0.021875 0.03796296296296296
0 0.24635416666666668 0.38657407407407407 0.021875 0.03796296296296296
0 0.5690104166666666 0.19305555555555556 0.021354166666666667 0.03796296296296296
0 0.16666666666666666 0.6569444444444444 0.023958333333333335 0.04351851851851852
0 0.2752604166666667 0.7523148148148148 0.024479166666666666 0.04351851851851852
0 0.21484375 0.34074074074074073 0.021354166666666667 0.037037037037037035
0 0.21536458333333333 0.6504629629629629 0.024479166666666666 0.04351851851851852
0 0.21536458333333333 0.30648148148148147 0.022395833333333334 0.037037037037037035
0 0.25442708333333336 0.687962962962963 0.025520833333333333 0.04259259259259259
0 0.6231770833333333 0.2902777777777778 0.021354166666666667 0.03981481481481482
0 0.60234375 0.3824074074074074 0.022395833333333334 0.040740740740740744
0 0.6638020833333333 0.7787037037037037 0.0265625 0.046296296296296294
0 0.18177083333333333 0.6865740740740741 0.025 0.04351851851851852
0 0.20833333333333334 0.21898148148148147 0.020833333333333332 0.03611111111111111
0 0.19895833333333332 0.28703703703703703 0.021875 0.037037037037037035
0 0.23255208333333333 0.674537037037037 0.024479166666666666 0.04351851851851852
0 0.5598958333333334 0.3712962962962963 0.020833333333333332 0.03888888888888889
0 0.63203125 0.07592592592592592 0.021354166666666667 0.037037037037037035
0 0.23802083333333332 0.35324074074074074 0.021875 0.03611111111111111
0 0.22942708333333334 0.22453703703703703 0.022395833333333334 0.03796296296296296
0 0.6236979166666666 0.3648148148148148 0.022395833333333334 0.040740740740740744
0 0.19453125 0.32314814814814813 0.022395833333333334 0.03888888888888889
0 0.16119791666666666 0.7138888888888889 0.0265625 0.044444444444444446
0 0.2559895833333333 0.2324074074074074 0.022395833333333334 0.03888888888888889
0 0.17265625 0.7800925925925926 0.0265625 0.04537037037037037
0 0.2598958333333333 0.3560185185185185 0.021875 0.03796296296296296
0 0.28072916666666664 0.2851851851851852 0.022916666666666665 0.037037037037037035
0 0.21953125 0.2740740740740741 0.021354166666666667 0.03333333333333333
0 0.20416666666666666 0.7907407407407407 0.026041666666666668 0.044444444444444446
0 0.19244791666666666 0.6472222222222223 0.024479166666666666 0.04259259259259259
0 0.24375 0.7310185185185185 0.025 0.04351851851851852
0 0.18177083333333333 0.8199074074074074 0.028125 0.04722222222222222
0 0.22213541666666667 0.7583333333333333 0.025520833333333333 0.04259259259259259
0 0.16875 0.24166666666666667 0.021875 0.03888888888888889
0 0.20286458333333332 0.7398148148148148 0.0265625 0.044444444444444446
0 0.20651041666666667 0.6898148148148148 0.024479166666666666 0.04259259259259259
0 0.20572916666666666 0.2513888888888889 0.019791666666666666 0.03611111111111111
0 0.60078125 0.0875 0.021354166666666667 0.03611111111111111
0 0.58046875 0.36435185185185187 0.021354166666666667 0.03981481481481482
0 0.6520833333333333 0.08333333333333333 0.020833333333333332 0.03518518518518519
0 0.22447916666666667 0.7129629629629629 0.025 0.04259259259259259
0 0.2453125 0.20324074074074075 0.021875 0.03611111111111111
0 0.6223958333333334 0.10648148148148148 0.020833333333333332 0.037037037037037035
0 0.17734375 0.7384259259259259 0.025520833333333333 0.04351851851851852
0 0.2359375 0.25555555555555554 0.020833333333333332 0.03518518518518519
0 0.5872395833333334 0.06342592592592593 0.021354166666666667 0.03796296296296296
0 0.2677083333333333 0.7162037037037037 0.023958333333333335 0.041666666666666664
0 0.28125 0.3212962962962963 0.022916666666666665 0.03888888888888889
0 0.25390625 0.7675925925925926 0.024479166666666666 0.04259259259259259