1 0.5049479166666667 0.6157407407407407 0.0515625 0.05
1 0.42161458333333335 0.3921296296296296 0.033854166666666664 0.0824074074074074
1 0.4427083333333333 0.3587962962962963 0.03229166666666667 0.08425925925925926
1 0.4515625 0.5689814814814815 0.027083333333333334 0.08981481481481482
1 0.37213541666666666 0.6606481481481481 0.0484375 0.06018518518518518
1 0.49114583333333334 0.5731481481481482 0.05 0.05
1 0.40286458333333336 0.40185185185185185 0.03697916666666667 0.07962962962962963
1 0.5359375 0.5643518518518519 0.046875 0.0712962962962963
1 0.43255208333333334 0.6287037037037037 0.0515625 0.044444444444444446
1 0.48828125 0.538425925925926 0.049479166666666664 0.05277777777777778
1 0.3489583333333333 0.587037037037037 0.026041666666666668 0.09074074074074075
1 0.6693177083333333 0.6837407407407408 0.04990625 0.09177777777777778