1 0.5947916666666667 0.325 0.051041666666666666 0.07037037037037037
1 0.37734375 0.7217592592592592 0.044270833333333336 0.08055555555555556
1 0.49505208333333334 0.6203703703703703 0.0203125 0.09444444444444444
1 0.46458333333333335 0.5537037037037037 0.04791666666666667 0.07037037037037037
1 0.30572916666666666 0.7180555555555556 0.03333333333333333 0.08981481481481482
1 0.5002604166666667 0.5300925925925926 0.022395833333333334 0.09351851851851851
1 0.33697916666666666 0.7648148148148148 0.025 0.0962962962962963
1 0.31666666666666665 0.7569444444444444 0.03229166666666667 0.09537037037037037
1 0.45807291666666666 0.6412037037037037 0.05260416666666667 0.04537037037037037
1 0.35625 0.7643518518518518 0.023958333333333335 0.09722222222222222
1 0.51796875 0.5273148148148148 0.021354166666666667 0.09351851851851851
1 0.46682291666666664 0.5890740740740741 0.047864583333333335 0.07105555555555555