1 0.630328125 0.4695648148148148 0.050104166666666665 0.06271296296296297
1 0.61578125 0.553675925925926 0.049203125 0.0663611111111111
1 0.4703125 0.5800925925925926 0.020833333333333332 0.09166666666666666
1 0.6340625000000001 0.4369444444444444 0.04958333333333333 0.059444444444444446
1 0.59140625 0.3138888888888889 0.021354166666666667 0.08888888888888889
1 0.5125 0.5907407407407408 0.05 0.05185185185185185
1 0.3143229166666667 0.8018518518518518 0.0515625 0.05185185185185185
1 0.6055885416666666 0.2610185185185185 0.02569270833333333 0.08771296296296296
1 0.5033854166666667 0.5615740740740741 0.0484375 0.05648148148148148
1 0.57265625 0.300462962962963 0.0203125 0.08981481481481482
1 0.6396197916666666 0.6068518518518519 0.04930729166666667 0.06962962962962964
1 0.6208333333333333 0.20793518518518517 0.019791666666666666 0.0878425925925926
1 0.5906770833333332 0.20907407407407408 0.041562499999999995 0.07444444444444445
1 0.5931093749999999 0.5110462962962963 0.05128645833333333 0.05617592592592593
1 0.6526041666666667 0.41759259259259257 0.05 0.05925925925925926
1 0.6348958333333333 0.2587962962962963 0.026041666666666668 0.08981481481481482
1 0.5757656250000001 0.5367314814814814 0.053682291666666666 0.052472222222222226
1 0.7125 0.3189814814814815 0.027083333333333334 0.08981481481481482
1 0.4513020833333333 0.587037037037037 0.022395833333333334 0.09259259259259259
1 0.5645833333333333 0.5875 0.042708333333333334 0.08425925925925926
1 0.5861979166666667 0.5935185185185186 0.04010416666666667 0.08148148148148149
1 0.5877604166666667 0.45046296296296295 0.0453125 0.06759259259259259
1 0.64609375 0.1925925925925926 0.034895833333333334 0.08148148148148149
1 0.3140625 0.836574074074074 0.052083333333333336 0.05462962962962963
1 0.5138020833333333 0.6231481481481481 0.050520833333333334 0.05185185185185185
1 0.31796875 0.8699074074074075 0.05260416666666667 0.05462962962962963
1 0.6612343749999999 0.6209537037037037 0.047463541666666664 0.06734259259259259
1 0.6157291666666667 0.49212962962962964 0.05083333333333333 0.06388888888888888
1 0.5811770833333333 0.18524074074074073 0.04528125 0.0728425925925926
1 0.6260572916666667 0.5840000000000001 0.050421875 0.06926851851851852