1 0.41396354166666666 0.5252222222222223 0.046875 0.06666666666666667
1 0.42228125 0.5928981481481482 0.04828645833333333 0.06596296296296296
1 0.512625 0.6014537037037038 0.04663020833333333 0.07283333333333333
1 0.3893229166666667 0.6074074074074074 0.0203125 0.09444444444444444
1 0.37604166666666666 0.7212962962962963 0.03333333333333333 0.08888888888888889
1 0.43776041666666665 0.6865740740740741 0.0515625 0.05648148148148148
1 0.4407760416666667 0.6491203703703703 0.049505208333333335 0.06296296296296296
1 0.4674479166666667 0.2388888888888889 0.022395833333333334 0.08888888888888889
1 0.4778645833333333 0.6300925925925925 0.04114583333333333 0.0824074074074074
1 0.46979166666666666 0.45 0.05 0.05
1 0.6168802083333333 0.5746481481481481 0.05250520833333334 0.05255555555555556
1 0.48072916666666665 0.6865740740740741 0.040625 0.08425925925925926
1 0.4557291666666667 0.51675 0.025 0.09241666666666667
1 0.54765625 0.5787037037037037 0.027604166666666666 0.08888888888888889
1 0.4901041666666667 0.47453703703703703 0.041666666666666664 0.06388888888888888
1 0.37213541666666666 0.6222222222222222 0.019270833333333334 0.09259259259259259
1 0.4785833333333333 0.5791666666666667 0.05360416666666667 0.045907407407407404
1 0.525 0.4439814814814815 0.04583333333333333 0.062037037037037036
1 0.5260416666666666 0.49074074074074076 0.04895833333333333 0.037037037037037035
1 0.3455729166666667 0.7092592592592593 0.0515625 0.05
1 0.5044479166666667 0.5196851851851851 0.05275520833333334 0.03611111111111111
1 0.44885937499999995 0.7159351851851852 0.051890624999999996 0.05516666666666666
1 0.5073333333333333 0.5504629629629629 0.05424479166666667 0.03611111111111111
1 0.51484375 0.6930555555555555 0.04739583333333333 0.062037037037037036
1 0.40598958333333335 0.7486111111111111 0.050520833333333334 0.041666666666666664
1 0.3385416666666667 0.7601851851851852 0.04375 0.07407407407407407
1 0.4224114583333333 0.5519166666666667 0.04481770833333333 0.06883333333333333
1 0.519953125 0.6293333333333333 0.04629166666666666 0.07194444444444445
1 0.3979479166666666 0.5064537037037037 0.045031249999999995 0.07030555555555557
1 0.433203125 0.6168888888888889 0.048067708333333334 0.0685