1 0.5988072916666667 0.4435555555555556 0.04552604166666666 0.07413888888888888
1 0.5036458333333333 0.4137314814814815 0.023958333333333335 0.08857407407407407
1 0.5221354166666666 0.4125 0.0234375 0.08611111111111111
1 0.6341145833333334 0.5796296296296296 0.050520833333333334 0.06296296296296296
1 0.5091145833333334 0.5981481481481481 0.022395833333333334 0.09074074074074075
1 0.4765625 0.6018518518518519 0.04375 0.07407407407407407
1 0.5276041666666667 0.6013888888888889 0.020833333333333332 0.08981481481481482
1 0.5911458333333334 0.5064814814814815 0.05 0.053703703703703705
1 0.5979166666666667 0.5388888888888889 0.04895833333333333 0.05185185185185185
1 0.5765729166666667 0.4847222222222222 0.051015625 0.058333333333333334
1 0.6061302083333333 0.6335833333333333 0.03309375 0.08938888888888889
1 0.41640625 0.5736111111111111 0.044270833333333336 0.075
1 0.48802083333333335 0.5069444444444444 0.042708333333333334 0.06388888888888888
1 0.44846874999999997 0.5653611111111111 0.04485416666666667 0.06950925925925926
1 0.4828125 0.4615740740740741 0.04895833333333333 0.04537037037037037
1 0.48046875 0.6393518518518518 0.0453125 0.06759259259259259
1 0.41692708333333334 0.49953703703703706 0.0515625 0.05277777777777778
1 0.54609375 0.5916666666666667 0.019270833333333334 0.09074074074074075
1 0.5411458333333333 0.4162037037037037 0.023958333333333335 0.08796296296296297
1 0.4473958333333333 0.5189814814814815 0.04895833333333333 0.03981481481481482
1 0.44526041666666666 0.6098148148148148 0.04451041666666666 0.07396296296296295
1 0.50475 0.35555555555555557 0.051166666666666666 0.03518518518518519
1 0.47265625 0.425 0.049479166666666664 0.046296296296296294
1 0.5982395833333333 0.574212962962963 0.05064583333333333 0.05343518518518518
1 0.6182864583333333 0.42818518518518517 0.046760416666666665 0.07325925925925926
1 0.63984375 0.6111111111111112 0.049479166666666664 0.06296296296296296
1 0.42604166666666665 0.4638888888888889 0.04895833333333333 0.046296296296296294
1 0.5908854166666667 0.6486111111111111 0.03177083333333333 0.08796296296296297
1 0.48098958333333336 0.6754629629629629 0.0484375 0.062037037037037036
1 0.40233854166666666 0.5544444444444444 0.044286458333333334 0.07739814814814815