1 0.5015625 0.43148148148148147 0.03125 0.08333333333333333
1 0.5447916666666667 0.3912037037037037 0.020833333333333332 0.08796296296296297
1 0.4670833333333333 0.45394444444444443 0.035390625 0.08099074074074074
1 0.40598958333333335 0.524074074074074 0.034895833333333334 0.08518518518518518
1 0.522328125 0.43242592592592594 0.031119791666666667 0.08587962962962963
1 0.5393229166666667 0.524537037037037 0.04635416666666667 0.06574074074074074
1 0.4979166666666667 0.49074074074074076 0.03125 0.08703703703703704
1 0.43528125 0.4814537037037037 0.03409895833333333 0.08328703703703703
1 0.5796875 0.5138888888888888 0.0375 0.08333333333333333
1 0.47421875 0.41944444444444445 0.04010416666666667 0.08148148148148149
1 0.4075520833333333 0.4699074074074074 0.0390625 0.0824074074074074
1 0.5682291666666667 0.4185185185185185 0.022916666666666665 0.09074074074074075
1 0.37135416666666665 0.4847222222222222 0.04479166666666667 0.05648148148148148
1 0.5901041666666667 0.3476851851851852 0.03333333333333333 0.0824074074074074
1 0.4699010416666667 0.3414814814814815 0.03771875 0.07813888888888888
1 0.39036458333333335 0.537962962962963 0.03177083333333333 0.08518518518518518
1 0.37005208333333334 0.44537037037037036 0.0421875 0.07407407407407407
1 0.3734375 0.549537037037037 0.03125 0.08796296296296297
1 0.3546875 0.5564814814814815 0.028125 0.08518518518518518
1 0.3346354166666667 0.55 0.025520833333333333 0.08888888888888889
1 0.428125 0.42268518518518516 0.04895833333333333 0.05277777777777778
1 0.35234375 0.6754629629629629 0.0296875 0.08796296296296297
1 0.54453125 0.5578703703703703 0.04739583333333333 0.062037037037037036
1 0.41328125 0.6356481481481482 0.0328125 0.08796296296296297
1 0.5953125 0.5685185185185185 0.052083333333333336 0.05185185185185185
1 0.46536458333333336 0.3023148148148148 0.03802083333333333 0.0787037037037037
1 0.5051041666666667 0.3449074074074074 0.051244791666666664 0.03611111111111111
1 0.5118020833333333 0.37451851851851853 0.0515 0.03548148148148148
1 0.45097916666666665 0.469712962962963 0.035546875 0.0827962962962963
1 0.577984375 0.32599074074074075 0.034567708333333336 0.08890740740740741