1 0.5263020833333333 0.3958333333333333 0.033854166666666664 0.08611111111111111
1 0.5325520833333334 0.5273148148148148 0.04739583333333333 0.06018518518518518
1 0.5317708333333333 0.35185185185185186 0.03229166666666667 0.08148148148148149
1 0.5028645833333333 0.2949074074074074 0.034895833333333334 0.08055555555555556
1 0.57734375 0.36203703703703705 0.044270833333333336 0.07222222222222222
1 0.49557291666666664 0.38055555555555554 0.0359375 0.07777777777777778
1 0.5309895833333333 0.2740740740740741 0.024479166666666666 0.08888888888888889
1 0.484375 0.5893518518518519 0.04479166666666667 0.075
1 0.4979166666666667 0.4236111111111111 0.034375 0.08425925925925926
1 0.46848958333333335 0.5675925925925925 0.0453125 0.06851851851851852
1 0.48072916666666665 0.24537037037037038 0.0375 0.07592592592592592
1 0.44453125 0.5425925925925926 0.050520833333333334 0.03888888888888889
1 0.47630208333333335 0.33611111111111114 0.019270833333333334 0.08888888888888889
1 0.3302083333333333 0.5087962962962963 0.042708333333333334 0.07314814814814814
1 0.45598958333333334 0.31574074074074077 0.018229166666666668 0.09074074074074075
1 0.434375 0.24675925925925926 0.04479166666666667 0.06574074074074074
1 0.47682291666666665 0.49166666666666664 0.033854166666666664 0.07777777777777778
1 0.44635416666666666 0.5092592592592593 0.05 0.03888888888888889
1 0.6002604166666666 0.5768518518518518 0.028645833333333332 0.09074074074074075
1 0.6015625 0.3148148148148148 0.046875 0.06111111111111111
1 0.5776041666666667 0.5657407407407408 0.027083333333333334 0.08703703703703704
1 0.5104166666666666 0.4888888888888889 0.046875 0.05185185185185185
1 0.4388020833333333 0.6055555555555555 0.025520833333333333 0.08703703703703704
1 0.5684895833333333 0.30648148148148147 0.019270833333333334 0.08888888888888889
1 0.41953125 0.6046296296296296 0.0234375 0.08888888888888889
1 0.5783854166666667 0.399537037037037 0.043229166666666666 0.06944444444444445
1 0.23489583333333333 0.9731481481481481 0.05625 0.04814814814814815
1 0.4949791666666667 0.6076481481481482 0.045546875 0.08173148148148147
1 0.5403072916666667 0.5557037037037037 0.04941145833333334 0.0664537037037037
1 0.49519270833333334 0.2604722222222222 0.040817708333333334 0.07791666666666668