1 0.3875 0.5393518518518519 0.04375 0.07314814814814814
1 0.42161458333333335 0.5046296296296297 0.044270833333333336 0.07222222222222222
1 0.5265625 0.5444444444444444 0.051041666666666666 0.05555555555555555
1 0.47421875 0.5199074074074074 0.049479166666666664 0.058333333333333334
1 0.4088541666666667 0.5296296296296297 0.03958333333333333 0.07407407407407407
1 0.428125 0.6050925925925926 0.042708333333333334 0.075
1 0.5307604166666666 0.5743148148148148 0.051104166666666666 0.05321296296296296
1 0.5247395833333334 0.6148148148148148 0.0484375 0.053703703703703705
1 0.6434895833333333 0.5625 0.05572916666666667 0.04537037037037037
1 0.4756770833333333 0.6462962962962963 0.05239583333333333 0.03888888888888889
1 0.25390625 0.4638888888888889 0.030729166666666665 0.08333333333333333
1 0.2609375 0.38425925925925924 0.051041666666666666 0.046296296296296294
1 0.47497395833333333 0.6138888888888889 0.05203125 0.03888888888888889
1 0.23359375 0.4685185185185185 0.028645833333333332 0.08333333333333333
1 0.25338541666666664 0.6560185185185186 0.034895833333333334 0.08611111111111111
1 0.44817708333333334 0.4875 0.0484375 0.04351851851851852
1 0.2747395833333333 0.40879629629629627 0.0484375 0.04537037037037037
1 0.46114062499999997 0.5833333333333334 0.05144270833333333 0.037037037037037035
1 0.40965104166666666 0.6613888888888888 0.03486979166666667 0.08759259259259258
1 0.5247395833333334 0.4981481481481482 0.0515625 0.04259259259259259
1 0.44453125 0.7018518518518518 0.04010416666666667 0.07777777777777778
1 0.36276041666666664 0.6027777777777777 0.024479166666666666 0.09074074074074075
1 0.21484375 0.4675925925925926 0.0296875 0.08518518518518518
1 0.34427083333333336 0.6736111111111112 0.036458333333333336 0.0824074074074074
1 0.38177083333333334 0.6027777777777777 0.022916666666666665 0.09074074074074075
1 0.31875 0.6666666666666666 0.035416666666666666 0.08333333333333333
1 0.42459895833333333 0.6804074074074075 0.040390625 0.08858333333333333
1 0.3893229166666667 0.7129629629629629 0.04114583333333333 0.07592592592592592
1 0.3971041666666667 0.6358703703703704 0.032875 0.08839814814814814
1 0.490625 0.5375 0.04791666666666667 0.06018518518518518