1 0.5861249999999999 0.5621944444444444 0.05246354166666667 0.04290740740740741
1 0.46901041666666665 0.4351851851851852 0.04739583333333333 0.06666666666666667
1 0.5036458333333333 0.3425925925925926 0.05 0.03888888888888889
1 0.5541666666666667 0.44027777777777777 0.05 0.06944444444444445
1 0.521875 0.46064814814814814 0.051041666666666666 0.058333333333333334
1 0.4708333333333333 0.5078703703703704 0.046875 0.06574074074074074
1 0.5855260416666667 0.4148148148148148 0.04010416666666667 0.08333333333333333
1 0.61953125 0.287962962962963 0.030729166666666665 0.07222222222222222
1 0.6437135416666667 0.22167592592592592 0.03326041666666667 0.08408333333333333
1 0.6140625 0.3472222222222222 0.020833333333333332 0.08518518518518518
1 0.64765625 0.29074074074074074 0.03802083333333333 0.07962962962962963
1 0.5308177083333333 0.25357407407407406 0.03559375 0.08360185185185186
1 0.4752604166666667 0.5967592592592592 0.034895833333333334 0.08611111111111111
1 0.596875 0.3402777777777778 0.021875 0.08611111111111111
1 0.49505208333333334 0.3962962962962963 0.034895833333333334 0.08888888888888889
1 0.4361979166666667 0.6083333333333333 0.03802083333333333 0.07407407407407407
1 0.5251145833333334 0.5911759259259259 0.0491875 0.06208333333333333
1 0.5471354166666667 0.29259259259259257 0.027604166666666666 0.08888888888888889
1 0.7138020833333333 0.2712962962962963 0.0421875 0.08148148148148149
1 0.57890625 0.33287037037037037 0.0265625 0.08796296296296297
1 0.5819947916666667 0.6231759259259259 0.054614583333333334 0.04819444444444444
1 0.6013020833333333 0.1935185185185185 0.028645833333333332 0.08888888888888889
1 0.5135416666666667 0.4888888888888889 0.04791666666666667 0.06111111111111111
1 0.6759947916666668 0.20550925925925925 0.03740104166666667 0.08157407407407406
1 0.51484375 0.3990740740740741 0.034895833333333334 0.08333333333333333
1 0.5470624999999999 0.5207314814814815 0.028604166666666667 0.09328703703703704
1 0.5742135416666667 0.5867685185185185 0.053848958333333335 0.04356481481481481
1 0.5065104166666666 0.2310185185185185 0.021354166666666667 0.08425925925925926
1 0.4817708333333333 0.2388888888888889 0.03333333333333333 0.08333333333333333
1 0.4786458333333333 0.6597222222222222 0.04895833333333333 0.049074074074074076
1 0.56484375 0.30833333333333335 0.025520833333333333 0.09074074074074075
1 0.6147708333333333 0.21355555555555555 0.029838541666666666 0.0882314814814815
1 0.6630208333333333 0.17592592592592593 0.03333333333333333 0.08333333333333333
1 0.55390625 0.21435185185185185 0.04114583333333333 0.0712962962962963
1 0.47470312499999995 0.2708333333333333 0.03586458333333333 0.08055555555555556
1 0.5824427083333333 0.5258148148148148 0.054468749999999996 0.04237037037037037
1 0.522703125 0.6315092592592593 0.047296875 0.06856481481481481
1 0.6911458333333333 0.09166666666666666 0.03333333333333333 0.08333333333333333
1 0.39947916666666666 0.6439814814814815 0.04583333333333333 0.06388888888888888
1 0.704953125 0.303287037037037 0.046364583333333334 0.07138888888888888
1 0.5778645833333333 0.49347222222222226 0.0546875 0.044444444444444446
1 0.3893229166666667 0.6699074074074074 0.0484375 0.06018518518518518
1 0.50209375 0.5426388888888889 0.04581770833333333 0.06675925925925925
1 0.6986927083333333 0.12998148148148148 0.04219791666666666 0.07575
1 0.453125 0.2953703703703704 0.021875 0.08888888888888889
1 0.4119791666666667 0.7162037037037037 0.05 0.04537037037037037
1 0.6161458333333333 0.5083333333333333 0.029166666666666667 0.0962962962962963
1 0.7283854166666667 0.09444444444444444 0.0453125 0.06851851851851852
1 0.7341145833333333 0.21388888888888888 0.033854166666666664 0.07037037037037037
1 0.43828125 0.24953703703703703 0.028645833333333332 0.08425925925925926
1 0.7149791666666666 0.14860185185185187 0.04544270833333333 0.07862962962962963
1 0.6755208333333333 0.3675925925925926 0.051041666666666666 0.037037037037037035
1 0.6964218750000001 0.2168425925925926 0.04388020833333333 0.07558333333333334
1 0.46927083333333336 0.337037037037037 0.019791666666666666 0.09074074074074075
1 0.7213541666666666 0.4064814814814815 0.021875 0.08888888888888889
1 0.40572916666666664 0.7490740740740741 0.051041666666666666 0.040740740740740744
1 0.6182291666666667 0.6295648148148147 0.020833333333333332 0.09431481481481481
1 0.70234375 0.41574074074074074 0.022395833333333334 0.09074074074074075
1 0.7393229166666667 0.40324074074074073 0.022395833333333334 0.09351851851851851
1 0.3625 0.6953703703703704 0.035416666666666666 0.08333333333333333
1 0.6815104166666667 0.4279074074074074 0.021901041666666666 0.09338888888888888
1 0.6961666666666667 0.33072222222222225 0.04828645833333333 0.07003703703703704
1 0.6372395833333333 0.6458333333333334 0.0203125 0.09351851851851851
1 0.7272291666666667 0.25080555555555556 0.041375 0.07800925925925926
1 0.55521875 0.4092037037037037 0.04793229166666667 0.0647037037037037
1 0.4207708333333333 0.5870555555555556 0.04488020833333333 0.08120370370370371
1 0.5171510416666666 0.5603703703703704 0.04982291666666667 0.06738888888888889
1 0.44708333333333333 0.6353055555555556 0.042859375000000005 0.08511111111111111
1 0.47452083333333334 0.4643425925925926 0.048067708333333334 0.0685
1 0.48444791666666664 0.5254351851851852 0.045682291666666666 0.07203703703703704