1 0.44635416666666666 0.5907407407407408 0.04791666666666667 0.05740740740740741
1 0.61953125 0.5037037037037037 0.034895833333333334 0.08518518518518518
1 0.5947916666666667 0.6287037037037037 0.051041666666666666 0.03518518518518519
1 0.4518229166666667 0.6675925925925926 0.050520833333333334 0.03888888888888889
1 0.48020833333333335 0.6050925925925926 0.030208333333333334 0.08796296296296297
1 0.5544010416666667 0.5150092592592593 0.05260416666666667 0.062037037037037036
1 0.5807916666666666 0.5060462962962963 0.040005208333333334 0.08157407407407406
1 0.45286458333333335 0.5625 0.04739583333333333 0.06018518518518518
1 0.5588072916666668 0.5532407407407407 0.049901041666666666 0.04722222222222222
1 0.4401927083333333 0.6208333333333333 0.048093750000000005 0.05648148148148148
1 0.5765989583333333 0.5958333333333333 0.05201041666666666 0.05648148148148148
1 0.49947916666666664 0.5550925925925926 0.042708333333333334 0.075
1 0.5794270833333334 0.4527777777777778 0.04635416666666667 0.06666666666666667
1 0.4921875 0.6410277777777778 0.029166666666666667 0.09317592592592593
1 0.6309895833333333 0.5893518518518519 0.019270833333333334 0.09351851851851851
1 0.32825 0.7136481481481481 0.04375 0.08337962962962962
1 0.5348958333333333 0.5939814814814814 0.04895833333333333 0.05462962962962963
1 0.66875 0.5879629629629629 0.021875 0.09259259259259259
1 0.40651041666666665 0.6143518518518518 0.019270833333333334 0.08981481481481482
1 0.4583333333333333 0.34814814814814815 0.026041666666666668 0.08703703703703704
1 0.3893229166666667 0.5953703703703703 0.019270833333333334 0.09074074074074075
1 0.4645364583333333 0.2810185185185185 0.048859375000000003 0.049074074074074076
1 0.6505937500000001 0.6103888888888889 0.019942708333333333 0.09855555555555555
1 0.32317708333333334 0.6578703703703703 0.05260416666666667 0.03611111111111111
1 0.30234375 0.7171296296296297 0.03802083333333333 0.08425925925925926
1 0.7403645833333333 0.6092592592592593 0.05572916666666667 0.044444444444444446
1 0.5401041666666667 0.3814814814814815 0.023958333333333335 0.08703703703703704
1 0.48151041666666666 0.38796296296296295 0.019270833333333334 0.08703703703703704
1 0.33521354166666667 0.7462314814814814 0.04242708333333333 0.08312962962962964
1 0.6097812499999999 0.5639259259259259 0.021453125 0.09816666666666667