0 0.6991354166666667 0.6875462962962963 0.027703125 0.05025925925925926
0 0.7268229166666667 0.3773148148148148 0.025520833333333333 0.04351851851851852
0 0.21666666666666667 0.7717592592592593 0.028125 0.04722222222222222
0 0.6286458333333333 0.7486111111111111 0.027083333333333334 0.04722222222222222
0 0.6666666666666666 0.7819444444444444 0.026041666666666668 0.04722222222222222
0 0.10546875 0.7324074074074074 0.028645833333333332 0.046296296296296294
0 0.6247395833333333 0.8023148148148148 0.0265625 0.04722222222222222
0 0.56875 0.675 0.026041666666666668 0.044444444444444446
0 0.6018229166666667 0.2986111111111111 0.022395833333333334 0.03981481481481482
0 0.56328125 0.600925925925926 0.024479166666666666 0.040740740740740744
0 0.17213541666666668 0.7620370370370371 0.027604166666666666 0.046296296296296294
0 0.7049479166666667 0.08657407407407407 0.022395833333333334 0.03611111111111111
0 0.18098958333333334 0.8 0.027604166666666666 0.046296296296296294
0 0.24375 0.637962962962963 0.026041666666666668 0.04259259259259259
0 0.14010416666666667 0.3296296296296296 0.023958333333333335 0.03888888888888889
0 0.08828125 0.6731481481481482 0.025520833333333333 0.044444444444444446
0 0.21145833333333333 0.5046296296296297 0.025 0.040740740740740744
0 0.55390625 0.5467592592592593 0.0234375 0.041666666666666664
0 0.4044270833333333 0.27361111111111114 0.021354166666666667 0.03796296296296296
0 0.5934895833333333 0.37407407407407406 0.0234375 0.03888888888888889
0 0.16744791666666667 0.45787037037037037 0.024479166666666666 0.03981481481481482
0 0.13046875 0.549537037037037 0.025520833333333333 0.041666666666666664
0 0.34739583333333335 0.5856481481481481 0.022916666666666665 0.03981481481481482
0 0.10703125 0.6402777777777777 0.025520833333333333 0.041666666666666664
0 0.16067708333333333 0.6185185185185185 0.024479166666666666 0.040740740740740744
0 0.30859375 0.625462962962963 0.021354166666666667 0.03981481481481482
0 0.5432291666666667 0.42453703703703705 0.020833333333333332 0.03611111111111111
0 0.2670260416666667 0.44922222222222224 0.022598958333333332 0.04044444444444444
0 0.3770833333333333 0.4273148148148148 0.021875 0.03796296296296296
0 0.37421875 0.5458333333333333 0.022395833333333334 0.03796296296296296
0 0.18333333333333332 0.32592592592592595 0.022916666666666665 0.037037037037037035
0 0.65703125 0.12777777777777777 0.021354166666666667 0.037037037037037035
0 0.18177083333333333 0.37037037037037035 0.022916666666666665 0.037037037037037035
0 0.5019635416666667 0.5156666666666666 0.023723958333333333 0.042444444444444444
0 0.2877604166666667 0.611574074074074 0.021354166666666667 0.03796296296296296
0 0.20026041666666666 0.3458333333333333 0.022395833333333334 0.03796296296296296
0 0.16197916666666667 0.24305555555555555 0.021875 0.03796296296296296
0 0.49270833333333336 0.24768518518518517 0.020833333333333332 0.03796296296296296
0 0.11953125 0.3638888888888889 0.024479166666666666 0.040740740740740744
0 0.6256614583333333 0.07465740740740741 0.021119791666666665 0.038203703703703705
0 0.5919270833333333 0.663425925925926 0.024479166666666666 0.04351851851851852
0 0.2903645833333333 0.45231481481481484 0.0234375 0.03981481481481482
0 0.5956666666666667 0.4573611111111111 0.025442708333333335 0.04423148148148148
0 0.653125 0.3138888888888889 0.021875 0.03888888888888889
0 0.5796875 0.4166666666666667 0.022916666666666665 0.03888888888888889
0 0.4153645833333333 0.32546296296296295 0.022395833333333334 0.03796296296296296
0 0.24791666666666667 0.575462962962963 0.025 0.041666666666666664
0 0.67734375 0.28055555555555556 0.022395833333333334 0.03888888888888889
0 0.17890625 0.538425925925926 0.025520833333333333 0.041666666666666664
0 0.45677083333333335 0.37083333333333335 0.021875 0.03796296296296296
0 0.3151041666666667 0.5212962962962963 0.023958333333333335 0.040740740740740744
0 0.45598958333333334 0.31666666666666665 0.022395833333333334 0.03888888888888889
0 0.17005208333333333 0.4148148148148148 0.024479166666666666 0.03888888888888889
0 0.46014583333333337 0.538675925925926 0.023421874999999998 0.040324074074074075
0 0.425 0.562037037037037 0.022916666666666665 0.03888888888888889
0 0.57421875 0.1476851851851852 0.0203125 0.03796296296296296
0 0.5588541666666667 0.22962962962962963 0.020833333333333332 0.03888888888888889
0 0.50234375 0.3990740740740741 0.021354166666666667 0.037037037037037035
0 0.3458333333333333 0.2671296296296296 0.021875 0.03796296296296296
0 0.5125 0.3560185185185185 0.021875 0.03796296296296296
0 0.3260416666666667 0.21296296296296297 0.021875 0.03888888888888889
0 0.39921875 0.5685185185185185 0.0234375 0.03888888888888889
0 0.5328125 0.24027777777777778 0.021875 0.03796296296296296
0 0.11171875 0.5768518518518518 0.025520833333333333 0.04259259259259259
0 0.5455729166666666 0.11712962962962963 0.0203125 0.03796296296296296
0 0.14973958333333334 0.5833333333333334 0.024479166666666666 0.040740740740740744
0 0.47239583333333335 0.5050925925925925 0.021875 0.03796296296296296
0 0.24479166666666666 0.43842592592592594 0.022916666666666665 0.03981481481481482
0 0.29921875 0.20324074074074075 0.021354166666666667 0.03796296296296296
0 0.6458333333333334 0.262037037037037 0.021875 0.03888888888888889
0 0.3421875 0.549537037037037 0.022916666666666665 0.03796296296296296
0 0.13203125 0.6208333333333333 0.024479166666666666 0.041666666666666664
0 0.19322916666666667 0.2875 0.022916666666666665 0.03796296296296296
0 0.43125 0.4615740740740741 0.020833333333333332 0.03796296296296296
0 0.41953125 0.399537037037037 0.021354166666666667 0.03796296296296296
0 0.3265625 0.25416666666666665 0.021875 0.03796296296296296
0 0.14296875 0.17685185185185184 0.022395833333333334 0.037037037037037035
0 0.56484375 0.08888888888888889 0.021354166666666667 0.037037037037037035
0 0.6890625 0.17962962962962964 0.021875 0.037037037037037035
0 0.7044270833333334 0.20787037037037037 0.021354166666666667 0.03796296296296296
0 0.21927083333333333 0.2708333333333333 0.021875 0.03796296296296296
0 0.42604166666666665 0.525 0.021875 0.037037037037037035
0 0.41067708333333336 0.4393518518518518 0.022395833333333334 0.03981481481481482
0 0.528578125 0.39417592592592593 0.020833333333333332 0.037037037037037035
0 0.26927083333333335 0.19074074074074074 0.021875 0.03888888888888889
0 0.42578125 0.23935185185185184 0.0203125 0.03611111111111111
0 0.40260416666666665 0.5291666666666667 0.022916666666666665 0.03796296296296296
0 0.4010416666666667 0.4925925925925926 0.021875 0.037037037037037035
0 0.6067708333333334 0.18611111111111112 0.020833333333333332 0.037037037037037035
0 0.16223958333333333 0.15185185185185185 0.0234375 0.03888888888888889
0 0.18072916666666666 0.25833333333333336 0.021875 0.037037037037037035
0 0.17864583333333334 0.21898148148148147 0.021875 0.03796296296296296
0 0.6877604166666667 0.23333333333333334 0.021354166666666667 0.037037037037037035
0 0.2203125 0.18333333333333332 0.021875 0.037037037037037035
0 0.27005208333333336 0.15324074074074073 0.021354166666666667 0.03611111111111111
0 0.22630208333333332 0.21898148148148147 0.021354166666666667 0.03796296296296296
0 0.6013020833333333 0.046296296296296294 0.0203125 0.037037037037037035
0 0.39036458333333335 0.4601851851851852 0.021354166666666667 0.037037037037037035
0 0.24479166666666666 0.2 0.021875 0.037037037037037035
0 0.6302083333333334 0.23703703703703705 0.021875 0.037037037037037035
0 0.6666666666666666 0.24814814814814815 0.021875 0.037037037037037035
0 0.64921875 0.18287037037037038 0.021354166666666667 0.03796296296296296
0 0.6611979166666667 0.21342592592592594 0.021354166666666667 0.03611111111111111
0 0.24635416666666668 0.1638888888888889 0.021875 0.037037037037037035
0 0.24192708333333332 0.13055555555555556 0.022395833333333334 0.037037037037037035
0 0.4401041666666667 0.21296296296296297 0.020833333333333332 0.03518518518518519
0 0.6356770833333333 0.11435185185185186 0.0203125 0.03611111111111111
0 0.5348958333333333 0.20555555555555555 0.019791666666666666 0.03333333333333333
0 0.44947916666666665 0.2490740740740741 0.019791666666666666 0.037037037037037035
0 0.6447916666666667 0.0837962962962963 0.020833333333333332 0.03425925925925926
0 0.45989583333333334 0.16064814814814815 0.020833333333333332 0.03611111111111111
0 0.2015625 0.2537037037037037 0.020833333333333332 0.037037037037037035
0 0.47160416666666666 0.24647222222222223 0.022380208333333332 0.041101851851851855
0 0.56796875 0.05416666666666667 0.0203125 0.03425925925925926
0 0.4589947916666667 0.19687962962962963 0.02216145833333333 0.04005555555555555
0 0.5135416666666667 0.1986111111111111 0.019791666666666666 0.03611111111111111
0 0.615625 0.1037037037037037 0.019791666666666666 0.037037037037037035
0 0.6276041666666666 0.19583333333333333 0.020833333333333332 0.03611111111111111
0 0.4771927083333333 0.1834537037037037 0.021052083333333336 0.04098148148148148
0 0.49865624999999997 0.17941666666666667 0.02022916666666667 0.03847222222222222