1 0.5299479166666666 0.5259259259259259 0.04114583333333333 0.07592592592592592
1 0.3653645833333333 0.6787037037037037 0.0390625 0.08333333333333333
1 0.6036458333333333 0.38657407407407407 0.025 0.08611111111111111
1 0.6136874999999999 0.4311388888888889 0.034895833333333334 0.08981481481481482
1 0.32083333333333336 0.7333333333333333 0.0375 0.08148148148148149
1 0.62253125 0.30622222222222223 0.04972916666666667 0.04866666666666667
1 0.5510416666666667 0.5643518518518519 0.052083333333333336 0.03425925925925926
1 0.34609375 0.7361111111111112 0.03697916666666667 0.08148148148148149
1 0.5856770833333333 0.37916666666666665 0.024479166666666666 0.09166666666666666
1 0.6378645833333334 0.2791666666666667 0.051359375 0.04537037037037037
1 0.5161458333333333 0.49907407407407406 0.04583333333333333 0.07037037037037037
1 0.36614583333333334 0.7291666666666666 0.03854166666666667 0.0824074074074074
1 0.5875 0.2949074074074074 0.03229166666666667 0.0824074074074074
1 0.6505416666666667 0.3439814814814815 0.03328645833333333 0.08611111111111111
1 0.3333333333333333 0.6615740740740741 0.036458333333333336 0.08611111111111111
1 0.5677083333333334 0.5347222222222222 0.04895833333333333 0.03425925925925926
1 0.3197552083333333 0.7865740740740741 0.044723958333333334 0.07314814814814814
1 0.653125 0.4546296296296296 0.03958333333333333 0.08333333333333333
1 0.54375 0.5958333333333333 0.052083333333333336 0.03611111111111111
1 0.5677083333333334 0.37642592592592594 0.022916666666666665 0.08973148148148148
1 0.6040104166666667 0.2449074074074074 0.050317708333333336 0.03611111111111111
1 0.390625 0.6601851851851852 0.020833333333333332 0.08888888888888889
1 0.2559895833333333 0.6866111111111111 0.0296875 0.09343518518518518
1 0.41354166666666664 0.6940185185185185 0.026041666666666668 0.09158333333333334
1 0.6152864583333333 0.3341203703703704 0.05017708333333334 0.05092592592592592
1 0.4859375 0.5921296296296297 0.03229166666666667 0.08796296296296297
1 0.6159635416666667 0.21314814814814814 0.05235416666666667 0.03796296296296296
1 0.3619791666666667 0.8657407407407407 0.042708333333333334 0.07962962962962963
1 0.30268229166666666 0.8083148148148148 0.045671875 0.07596296296296297
1 0.6289635416666666 0.45175 0.03276041666666667 0.09051851851851853