1 0.4655625 0.4097222222222222 0.05201041666666666 0.03796296296296296
1 0.6018229166666667 0.31666666666666665 0.05260416666666667 0.046296296296296294
1 0.5704010416666667 0.21088888888888888 0.03351041666666667 0.07919444444444444
1 0.61875 0.27824074074074073 0.05 0.041666666666666664
1 0.6135416666666667 0.39814814814814814 0.03958333333333333 0.08333333333333333
1 0.5799947916666667 0.4191759259259259 0.048640625 0.06666666666666667
1 0.5556458333333333 0.5863518518518518 0.035250000000000004 0.08567592592592593
1 0.47682291666666665 0.37453703703703706 0.0484375 0.058333333333333334
1 0.59296875 0.5064814814814815 0.033854166666666664 0.08333333333333333
1 0.60234375 0.5708333333333333 0.04739583333333333 0.06018518518518518
1 0.56796875 0.500462962962963 0.025520833333333333 0.09166666666666666
1 0.5325520833333334 0.21917592592592594 0.028645833333333332 0.08518518518518518
1 0.3567708333333333 0.6486111111111111 0.03333333333333333 0.09166666666666666
1 0.5911458333333334 0.35 0.04895833333333333 0.04814814814814815
1 0.5325520833333334 0.42453703703703705 0.0328125 0.08611111111111111
1 0.5403645833333334 0.3416666666666667 0.04635416666666667 0.06481481481481481
1 0.5403645833333334 0.5078703703703704 0.0296875 0.08981481481481482
1 0.6408854166666667 0.3490740740740741 0.033854166666666664 0.08888888888888889
1 0.559375 0.2828703703703704 0.041666666666666664 0.0787037037037037
1 0.33645833333333336 0.6203981481481481 0.04791666666666667 0.06662037037037037
1 0.6955729166666667 0.3976851851851852 0.0484375 0.07314814814814814
1 0.6356770833333333 0.5185185185185185 0.05260416666666667 0.03888888888888889
1 0.334203125 0.6907407407407408 0.03819791666666667 0.08333333333333333
1 0.5444322916666666 0.39249999999999996 0.042088541666666666 0.08050925925925927
1 0.53359375 0.6157407407407407 0.0265625 0.08888888888888889
1 0.514046875 0.29958333333333337 0.031276041666666664 0.0862037037037037
1 0.5059739583333334 0.4131388888888889 0.025 0.09259259259259259
1 0.37552083333333336 0.5875 0.03333333333333333 0.0824074074074074
1 0.616578125 0.4540925925925926 0.042145833333333334 0.0825462962962963
1 0.4083333333333333 0.42824074074074076 0.025 0.08796296296296297
1 0.5059895833333333 0.25 0.0296875 0.08333333333333333
1 0.39604687499999996 0.6388888888888888 0.03896354166666667 0.08333333333333333
1 0.503125 0.6370370370370371 0.04895833333333333 0.05925925925925926
1 0.32526041666666666 0.7298981481481481 0.033854166666666664 0.09074074074074075
1 0.6067708333333334 0.2324074074074074 0.04583333333333333 0.06481481481481481
1 0.6860468750000001 0.35694444444444445 0.053947916666666665 0.04722222222222222
1 0.5856770833333333 0.6407407407407407 0.0515625 0.037037037037037035
1 0.4859375 0.4699074074074074 0.034375 0.08796296296296297
1 0.6390625 0.5796296296296296 0.030208333333333334 0.09259259259259259
1 0.43203125 0.3990740740740741 0.0265625 0.08518518518518518
1 0.5440729166666666 0.24649074074074073 0.030109375 0.0824074074074074
1 0.3645833333333333 0.7069444444444445 0.030208333333333334 0.08981481481481482
1 0.41448437499999996 0.5126759259259259 0.039390625 0.08276851851851852
1 0.38255208333333335 0.5106481481481482 0.022395833333333334 0.08796296296296297
1 0.421765625 0.6847222222222222 0.05290625 0.03611111111111111
1 0.7229166666666667 0.4046296296296296 0.03854166666666667 0.08518518518518518
1 0.6575520833333334 0.5782407407407407 0.028645833333333332 0.09351851851851851
1 0.30539583333333337 0.8042407407407408 0.03216666666666666 0.09683333333333333
1 0.6578125 0.4217592592592593 0.027083333333333334 0.09166666666666666
1 0.29661458333333335 0.7545833333333334 0.03177083333333333 0.09453703703703703
1 0.44296875 0.4685185185185185 0.018229166666666668 0.09074074074074075
1 0.684375 0.45787037037037037 0.04583333333333333 0.075
1 0.7057291666666666 0.31805555555555554 0.052083333333333336 0.058333333333333334
1 0.33359375 0.8708333333333333 0.0484375 0.0712962962962963
1 0.34104687499999997 0.7874259259259259 0.050546875 0.06851851851851852
1 0.46015625 0.475462962962963 0.019270833333333334 0.08981481481481482
1 0.62421875 0.6439814814814815 0.019270833333333334 0.09537037037037037
1 0.40804687500000003 0.5544444444444444 0.039713541666666664 0.0845925925925926
1 0.4747395833333333 0.27870370370370373 0.019270833333333334 0.08703703703703704
1 0.7184895833333333 0.586574074074074 0.0515625 0.06018518518518518
1 0.32473958333333336 0.2777777777777778 0.0265625 0.08148148148148149
1 0.64296875 0.6763888888888889 0.019270833333333334 0.09537037037037037
1 0.29765625 0.8916666666666667 0.0296875 0.09259259259259259
1 0.7407343750000001 0.4134259259259259 0.03623958333333333 0.08425925925925926
1 0.600875 0.4666018518518519 0.04558854166666667 0.07985185185185184
1 0.34307291666666667 0.8227962962962962 0.05308854166666667 0.06237962962962963
1 0.3348125 0.5878425925925926 0.048859375000000003 0.06501851851851852
1 0.5885312500000001 0.5921759259259259 0.05283333333333333 0.06002777777777778
1 0.6310364583333333 0.3841851851851852 0.03694270833333334 0.08192592592592593
1 0.575421875 0.2973240740740741 0.04647916666666666 0.07768518518518519