1 0.4666666666666667 0.4101851851851852 0.046875 0.03888888888888889
1 0.6545729166666666 0.6061203703703704 0.05394270833333333 0.04701851851851852
1 0.47369791666666666 0.3824074074074074 0.04739583333333333 0.040740740740740744
1 0.7748541666666667 0.6007962962962963 0.05572916666666667 0.06296296296296296
1 0.7502604166666667 0.6152777777777778 0.05677083333333333 0.06388888888888888
1 0.3609375 0.6541666666666667 0.03958333333333333 0.0824074074074074
1 0.325 0.7287037037037037 0.03333333333333333 0.09074074074074075
1 0.6529375000000001 0.6787037037037037 0.054984374999999995 0.040740740740740744
1 0.33485937499999996 0.6931203703703704 0.0375 0.08425925925925926
1 0.3372395833333333 0.5962962962962963 0.0515625 0.05
1 0.6354166666666666 0.5805555555555556 0.053125 0.046296296296296294
1 0.5888020833333333 0.6273148148148148 0.044270833333333336 0.08055555555555556
1 0.6455729166666667 0.6444444444444445 0.05364583333333333 0.04259259259259259
1 0.6572916666666667 0.5398148148148149 0.04375 0.08148148148148149
1 0.59609375 0.31157407407407406 0.04635416666666667 0.04537037037037037
1 0.5231770833333333 0.33796296296296297 0.049479166666666664 0.04259259259259259
1 0.39505208333333336 0.6398148148148148 0.0421875 0.07962962962962963
1 0.7818802083333334 0.5273148148148148 0.05751041666666667 0.041666666666666664
1 0.7451614583333334 0.650824074074074 0.054906250000000004 0.06090740740740741
1 0.3770833333333333 0.5847222222222223 0.03333333333333333 0.07685185185185185
1 0.6197916666666666 0.5537037037037037 0.052083333333333336 0.04814814814814815
1 0.30625 0.799537037037037 0.03125 0.09351851851851851
1 0.5166666666666667 0.49583333333333335 0.042708333333333334 0.07685185185185185
1 0.528125 0.3726851851851852 0.04583333333333333 0.04351851851851852
1 0.7877604166666666 0.6868333333333333 0.024479166666666666 0.09960185185185184
1 0.5052083333333334 0.42268518518518516 0.03333333333333333 0.08425925925925926
1 0.6863072916666667 0.5446388888888889 0.03719791666666667 0.08927777777777778
1 0.36432291666666666 0.7078703703703704 0.03177083333333333 0.08796296296296297
1 0.82109375 0.6805555555555556 0.03802083333333333 0.09814814814814815
1 0.49375 0.2462962962962963 0.020833333333333332 0.08518518518518518
1 0.4078125 0.5526388888888889 0.0375 0.08611111111111111
1 0.7009270833333333 0.5202407407407408 0.03519270833333333 0.09232407407407407
1 0.33690625 0.6263888888888889 0.05222916666666667 0.049074074074074076
1 0.40963541666666664 0.42962962962962964 0.024479166666666666 0.08703703703703704
1 0.7546875 0.7134259259259259 0.04895833333333333 0.075
1 0.52265625 0.4300925925925926 0.0359375 0.08425925925925926
1 0.5002604166666667 0.6421296296296296 0.04739583333333333 0.058333333333333334
1 0.5739583333333333 0.29074074074074074 0.04791666666666667 0.046296296296296294
1 0.5278645833333333 0.6199074074074075 0.025520833333333333 0.09351851851851851
1 0.4817708333333333 0.47129629629629627 0.023958333333333335 0.08888888888888889
1 0.42135416666666664 0.6819444444444445 0.052083333333333336 0.03611111111111111
1 0.3828125 0.5101851851851852 0.022916666666666665 0.08703703703703704
1 0.5328125 0.22175925925925927 0.0375 0.07685185185185185
1 0.7302083333333333 0.44907407407407407 0.05 0.06666666666666667
1 0.29661458333333335 0.7543981481481481 0.03177083333333333 0.09490740740740741
1 0.475 0.2810185185185185 0.019791666666666666 0.08425925925925926
1 0.7770833333333333 0.49027777777777776 0.05520833333333333 0.04351851851851852
1 0.3424479166666667 0.8189814814814815 0.049479166666666664 0.06759259259259259
1 0.4317708333333333 0.4009259259259259 0.025 0.08703703703703704
1 0.8182291666666667 0.7425925925925926 0.04583333333333333 0.0962962962962963
1 0.44427083333333334 0.46805555555555556 0.01875 0.08981481481481482
1 0.58671875 0.3773148148148148 0.019270833333333334 0.08981481481481482
1 0.54765625 0.5925925925925926 0.019270833333333334 0.09074074074074075
1 0.64296875 0.18564814814814815 0.019270833333333334 0.08796296296296297
1 0.7256145833333334 0.6714629629629629 0.05434895833333333 0.06513888888888889
1 0.6614583333333334 0.17175925925925925 0.020833333333333332 0.08796296296296297
1 0.5979166666666667 0.1824074074074074 0.01875 0.08703703703703704
1 0.5682291666666667 0.3768518518518518 0.019791666666666666 0.08888888888888889
1 0.4622395833333333 0.4759259259259259 0.019270833333333334 0.09074074074074075
1 0.6252604166666667 0.19305555555555556 0.019270833333333334 0.08611111111111111
1 0.33359375 0.8708333333333333 0.0484375 0.0712962962962963
1 0.7296875 0.7643518518518518 0.05416666666666667 0.06574074074074074
1 0.32447916666666665 0.2777777777777778 0.027083333333333334 0.08333333333333333
1 0.8502604166666666 0.7087962962962963 0.0234375 0.09722222222222222
1 0.5970052083333334 0.5926203703703703 0.04296875 0.08153703703703703
1 0.29765625 0.8916666666666667 0.0296875 0.09259259259259259
1 0.34296875 0.7837962962962963 0.0453125 0.058333333333333334
1 0.7875677083333333 0.5752592592592592 0.058479166666666665 0.06960185185185186
1 0.8124583333333334 0.7788981481481482 0.049296875000000004 0.09709259259259259
1 0.41541145833333337 0.5108148148148147 0.04108333333333333 0.0799074074074074