1 0.4979166666666667 0.5115740740740741 0.04479166666666667 0.075
1 0.40572916666666664 0.43472222222222223 0.05 0.03425925925925926
1 0.47626562499999997 0.5215648148148148 0.045536458333333335 0.06548148148148147
1 0.5236979166666667 0.5564814814814815 0.034895833333333334 0.08703703703703704
1 0.6208333333333333 0.49537037037037035 0.03854166666666667 0.08333333333333333
1 0.43854166666666666 0.42824074074074076 0.03125 0.08611111111111111
1 0.49661458333333336 0.587037037037037 0.033854166666666664 0.08888888888888889
1 0.47708333333333336 0.337037037037037 0.05 0.04814814814814815
1 0.5119791666666667 0.4356481481481482 0.03958333333333333 0.08055555555555556
1 0.43411458333333336 0.5587962962962963 0.024479166666666666 0.08981481481481482
1 0.5627604166666667 0.30833333333333335 0.0296875 0.08518518518518518
1 0.5455729166666666 0.5453703703703704 0.030729166666666665 0.08518518518518518
1 0.38046875 0.5023148148148148 0.044270833333333336 0.06759259259259259
1 0.3859375 0.5509259259259259 0.041666666666666664 0.07592592592592592
1 0.5864583333333333 0.38287037037037036 0.052083333333333336 0.03425925925925926
1 0.375 0.5847222222222223 0.03854166666666667 0.0824074074074074
1 0.6330729166666667 0.3375 0.024479166666666666 0.08611111111111111
1 0.46640625 0.47314814814814815 0.049479166666666664 0.05
1 0.60078125 0.33564814814814814 0.0453125 0.06944444444444445
1 0.5843020833333333 0.29983333333333334 0.031098958333333333 0.08921296296296295
1 0.45260416666666664 0.6055555555555555 0.026041666666666668 0.09444444444444444
1 0.6296875 0.23425925925925925 0.034375 0.08333333333333333
1 0.4635416666666667 0.37592592592592594 0.052083333333333336 0.046296296296296294
1 0.6463541666666667 0.2793981481481482 0.022916666666666665 0.09212962962962963
1 0.58984375 0.4929907407407407 0.0484375 0.06931481481481482
1 0.4200520833333333 0.3773148148148148 0.043229166666666666 0.0787037037037037
1 0.6627604166666666 0.33194444444444443 0.034895833333333334 0.0824074074074074
1 0.3502604166666667 0.5467592592592593 0.034895833333333334 0.08611111111111111
1 0.42083333333333334 0.6078703703703704 0.03125 0.08981481481481482
1 0.6463541666666667 0.4310185185185185 0.025 0.08981481481481482
1 0.47578125 0.43333333333333335 0.0484375 0.05185185185185185
1 0.6208333333333333 0.3731481481481482 0.028125 0.08703703703703704
1 0.6065104166666667 0.26666666666666666 0.03177083333333333 0.08333333333333333
1 0.6432291666666666 0.5675925925925925 0.046875 0.07222222222222222
1 0.5837395833333333 0.5653425925925927 0.052083333333333336 0.06018518518518518
1 0.4109375 0.46620370370370373 0.051041666666666666 0.03611111111111111
1 0.5657031250000001 0.4444444444444444 0.0578125 0.03888888888888889
1 0.46848958333333335 0.6273148148148148 0.028645833333333332 0.08981481481481482
1 0.590625 0.4115740740740741 0.051041666666666666 0.03425925925925926
1 0.5359375 0.49398148148148147 0.05 0.05092592592592592
1 0.66171875 0.24814814814814815 0.027604166666666666 0.09074074074074075
1 0.52265625 0.6148148148148148 0.049479166666666664 0.05925925925925926
1 0.7190104166666667 0.40925925925925927 0.0265625 0.09074074074074075
1 0.5848958333333333 0.6439814814814815 0.04479166666666667 0.0787037037037037
1 0.4083333333333333 0.6282407407407408 0.03229166666666667 0.08055555555555556
1 0.47291666666666665 0.40370370370370373 0.04895833333333333 0.05185185185185185
1 0.4921875 0.6680555555555555 0.05 0.062037037037037036
1 0.5348958333333333 0.3763888888888889 0.036458333333333336 0.0787037037037037
1 0.7125 0.3282407407407407 0.05416666666666667 0.05092592592592592
1 0.6927083333333334 0.35555555555555557 0.053125 0.03888888888888889
1 0.615625 0.1962962962962963 0.04583333333333333 0.06481481481481481
1 0.4200520833333333 0.4986111111111111 0.049479166666666664 0.03981481481481482
1 0.33932291666666664 0.513425925925926 0.0359375 0.08611111111111111
1 0.6950520833333333 0.4166666666666667 0.021354166666666667 0.08888888888888889
1 0.6331145833333333 0.4757592592592593 0.040026041666666665 0.08550925925925926
1 0.3104166666666667 0.5444444444444444 0.025 0.08888888888888889
1 0.63671875 0.6458333333333334 0.0203125 0.09351851851851851
1 0.22239583333333332 0.8800925925925925 0.020833333333333332 0.09907407407407408
1 0.5072916666666667 0.30092592592592593 0.01875 0.08518518518518518
1 0.20364583333333333 0.899537037037037 0.019791666666666666 0.09907407407407408
1 0.5046875 0.2462962962962963 0.04895833333333333 0.037037037037037035
1 0.5080729166666667 0.21574074074074073 0.050520833333333334 0.03333333333333333
1 0.23489583333333333 0.9291666666666667 0.03229166666666667 0.09351851851851851
1 0.37916666666666665 0.7111111111111111 0.03125 0.09444444444444444
1 0.5862499999999999 0.5243055555555556 0.048755208333333334 0.07219444444444445
1 0.5374531250000001 0.6349722222222222 0.051234375000000006 0.06701851851851852
1 0.6150260416666666 0.6285277777777777 0.024651041666666665 0.10052777777777777
1 0.5761145833333334 0.5928703703703704 0.05509895833333334 0.06186111111111111
1 0.4632604166666667 0.5456111111111112 0.044947916666666664 0.07045370370370371
1 0.525125 0.4489537037037037 0.04108333333333333 0.0799074074074074