1 0.31913541666666667 0.9191574074074075 0.028270833333333335 0.1063148148148148
1 0.3067708333333333 0.8277777777777777 0.03125 0.09444444444444444
1 0.3567708333333333 0.8569444444444444 0.0375 0.09166666666666666
1 0.6748958333333334 0.7216666666666667 0.054593749999999996 0.06594444444444444
1 0.42421875 0.7592592592592593 0.050520833333333334 0.05925925925925926
1 0.32921354166666666 0.8138981481481481 0.034276041666666666 0.0926111111111111
1 0.6874479166666667 0.6137962962962963 0.023854166666666666 0.09649074074074074
1 0.6231770833333333 0.7152777777777778 0.05364583333333333 0.04537037037037037
1 0.35911458333333335 0.5564814814814815 0.028645833333333332 0.08888888888888889
1 0.35370833333333335 0.7583333333333333 0.05238541666666666 0.05185185185185185
1 0.6697916666666667 0.6546296296296297 0.034375 0.09259259259259259
1 0.4432291666666667 0.4152777777777778 0.019791666666666666 0.08425925925925926
1 0.5046927083333334 0.7319351851851852 0.05105208333333333 0.06946296296296296
1 0.5734375 0.649537037037037 0.028125 0.08796296296296297
1 0.4596354166666667 0.42083333333333334 0.0203125 0.08981481481481482
1 0.44635416666666666 0.6944444444444444 0.036458333333333336 0.08333333333333333
1 0.4239583333333333 0.7263888888888889 0.04895833333333333 0.05648148148148148
1 0.5294270833333333 0.6514814814814816 0.025520833333333333 0.09259259259259259
1 0.37609375 0.5449166666666666 0.029276041666666665 0.08982407407407408
1 0.5104166666666666 0.4074074074074074 0.026041666666666668 0.08888888888888889
1 0.4239583333333333 0.35185185185185186 0.021875 0.08703703703703704
1 0.41796875 0.21435185185185185 0.018229166666666668 0.08796296296296297
1 0.6453125 0.6439814814814815 0.03125 0.08796296296296297
1 0.5078125 0.26435185185185184 0.03229166666666667 0.0824074074074074
1 0.525 0.20277777777777778 0.026041666666666668 0.08518518518518518
1 0.47369791666666666 0.3592592592592593 0.024479166666666666 0.08703703703703704
1 0.40745312499999997 0.6520370370370371 0.04511458333333333 0.07075
1 0.7059895833333333 0.4787037037037037 0.0484375 0.08148148148148149
1 0.4672916666666667 0.5685185185185185 0.03251041666666667 0.08703703703703704
1 0.6179114583333334 0.3931481481481482 0.056265625 0.04333333333333333
1 0.5768229166666666 0.30343518518518514 0.0328125 0.0827962962962963
1 0.55678125 0.5869444444444444 0.052098958333333334 0.03685185185185185
1 0.6643229166666667 0.5722222222222222 0.0484375 0.07037037037037037
1 0.6288489583333334 0.2949074074074074 0.05167708333333333 0.04722222222222222
1 0.6044270833333333 0.24722222222222223 0.0484375 0.05740740740740741
1 0.6172447916666666 0.6808425925925925 0.056364583333333336 0.04501851851851851
1 0.45208333333333334 0.33194444444444443 0.026041666666666668 0.08425925925925926
1 0.4200520833333333 0.5889722222222222 0.043229166666666666 0.08056481481481483
1 0.45015104166666664 0.5621388888888889 0.03094791666666667 0.0890925925925926
1 0.6372395833333333 0.3476851851851852 0.04114583333333333 0.0824074074074074
1 0.6268229166666667 0.5583333333333333 0.033854166666666664 0.08703703703703704
1 0.5940104166666667 0.2935185185185185 0.0328125 0.08333333333333333
1 0.500359375 0.69825 0.04824479166666666 0.06687037037037037
1 0.49895833333333334 0.21805555555555556 0.03229166666666667 0.08611111111111111
1 0.4938541666666667 0.6060185185185185 0.05125520833333333 0.03611111111111111
1 0.39036458333333335 0.4671296296296296 0.04635416666666667 0.07685185185185185
1 0.6080729166666666 0.6453703703703704 0.05364583333333333 0.037037037037037035
1 0.42620833333333336 0.5339814814814815 0.04510416666666666 0.07425
1 0.5542135416666666 0.5231481481481481 0.0390625 0.08333333333333333
1 0.50078125 0.33611111111111114 0.0453125 0.05740740740740741
1 0.47291666666666665 0.6541666666666667 0.04583333333333333 0.06574074074074074
1 0.6033854166666667 0.6138888888888889 0.05260416666666667 0.040740740740740744
1 0.44745833333333335 0.6338796296296296 0.053244791666666666 0.05075
1 0.5725 0.46111111111111114 0.052510416666666664 0.05
1 0.6143229166666667 0.48703703703703705 0.0484375 0.05555555555555555
1 0.44895833333333335 0.24814814814814815 0.051041666666666666 0.05185185185185185
1 0.45807291666666666 0.27361111111111114 0.0484375 0.04722222222222222
1 0.5972916666666667 0.3554629629629629 0.047718750000000004 0.06426851851851852
1 0.5914583333333333 0.5380462962962963 0.036046875 0.08686111111111111
1 0.54609375 0.37916666666666665 0.049479166666666664 0.05277777777777778
1 0.566296875 0.4325 0.052828125000000004 0.053898148148148146
1 0.5583854166666666 0.40490740740740744 0.04906770833333333 0.051305555555555556
1 0.6888229166666666 0.4942870370370371 0.04847916666666666 0.07931481481481481
1 0.3440364583333333 0.8358888888888889 0.04080729166666666 0.09337037037037037
1 0.6647812500000001 0.5364907407407407 0.0516875 0.06741666666666667
1 0.40760416666666666 0.5212129629629629 0.045421874999999994 0.07425
1 0.49697395833333335 0.6636481481481482 0.04888020833333333 0.07353703703703704
1 0.4017135416666667 0.48725 0.044703124999999996 0.07427777777777778
1 0.6087343749999999 0.5500092592592593 0.035932291666666664 0.08987037037037038
1 0.5721770833333333 0.5303240740740741 0.03969270833333333 0.08318518518518518