1 0.6249583333333334 0.8275833333333333 0.061161458333333335 0.051111111111111114
1 0.646578125 0.8013888888888889 0.054614583333333334 0.049074074074074076
1 0.5246927083333334 0.7421296296296296 0.053546875 0.041666666666666664
1 0.5919010416666667 0.7731481481481481 0.053697916666666665 0.06481481481481481
1 0.38125 0.7587962962962963 0.052083333333333336 0.03796296296296296
1 0.7966145833333333 0.6324074074074074 0.0546875 0.053703703703703705
1 0.7276041666666667 0.7064814814814815 0.057291666666666664 0.05555555555555555
1 0.7450520833333333 0.7620370370370371 0.027604166666666666 0.0962962962962963
1 0.7232864583333334 0.7685185185185185 0.038843749999999996 0.09444444444444444
1 0.35 0.5453703703703704 0.0375 0.08333333333333333
1 0.5135416666666667 0.7087962962962963 0.053125 0.03611111111111111
1 0.41848958333333336 0.7620370370370371 0.0234375 0.09444444444444444
1 0.3997395833333333 0.7106481481481481 0.0515625 0.05462962962962963
1 0.74375 0.6615740740740741 0.058333333333333334 0.06018518518518518
1 0.7721354166666666 0.586574074074074 0.05364583333333333 0.0712962962962963
1 0.8088541666666667 0.5689814814814815 0.0375 0.08981481481481482
1 0.665625 0.7532407407407408 0.040625 0.09537037037037037
1 0.4080729166666667 0.6675925925925926 0.049479166666666664 0.044444444444444446
1 0.7057291666666666 0.24953703703703703 0.05 0.03796296296296296
1 0.6876354166666666 0.7543240740740741 0.039859375 0.09938888888888889
1 0.70390625 0.21712962962962962 0.0515625 0.03796296296296296
1 0.7825572916666667 0.5358240740740742 0.056479166666666664 0.056046296296296295
1 0.3651041666666667 0.44583333333333336 0.028125 0.08981481481481482
1 0.6041666666666666 0.5888888888888889 0.04791666666666667 0.06111111111111111
1 0.4515625 0.29212962962962963 0.04791666666666667 0.03611111111111111
1 0.4088541666666667 0.6347222222222222 0.052083333333333336 0.04722222222222222
1 0.6534739583333333 0.6796296296296296 0.047572916666666666 0.07592592592592592
1 0.6526041666666667 0.17916666666666667 0.04583333333333333 0.08055555555555556
1 0.6072916666666667 0.6402777777777777 0.052083333333333336 0.041666666666666664
1 0.6169270833333333 0.725 0.022395833333333334 0.0962962962962963
1 0.47981250000000003 0.6814444444444445 0.023713541666666667 0.09807407407407408
1 0.46184375 0.6801203703703703 0.022151041666666666 0.09356481481481481
1 0.4080729166666667 0.5444444444444444 0.050520833333333334 0.03888888888888889
1 0.7855052083333334 0.45046296296296295 0.04601041666666667 0.08055555555555556
1 0.38177083333333334 0.4583333333333333 0.027083333333333334 0.09814814814814815
1 0.5686145833333334 0.1409351851851852 0.04010416666666667 0.08055555555555556
1 0.47942708333333334 0.1736111111111111 0.03177083333333333 0.08425925925925926
1 0.5823645833333334 0.6961574074074074 0.024109375 0.09843518518518518
1 0.4046875 0.3194444444444444 0.04375 0.06481481481481481
1 0.557796875 0.6076944444444444 0.052119791666666665 0.0605462962962963
1 0.7536458333333333 0.3907407407407407 0.05416666666666667 0.040740740740740744
1 0.74140625 0.43425925925925923 0.0578125 0.053703703703703705
1 0.63828125 0.5212962962962963 0.0359375 0.09074074074074075
1 0.6359375 0.7291666666666666 0.020833333333333332 0.09351851851851851
1 0.45390625 0.25925925925925924 0.0484375 0.03518518518518519
1 0.4317708333333333 0.20694444444444443 0.046875 0.04537037037037037
1 0.5653645833333333 0.6787037037037037 0.021354166666666667 0.09259259259259259
1 0.534671875 0.17610185185185184 0.04548958333333333 0.07037037037037037
1 0.47630208333333335 0.6203703703703703 0.05260416666666667 0.03888888888888889
1 0.394765625 0.3772314814814815 0.04161458333333334 0.07702777777777778
1 0.46197916666666666 0.3486111111111111 0.03125 0.08611111111111111
1 0.44316666666666665 0.6777592592592593 0.02175 0.09812037037037037
1 0.4171875 0.26990740740740743 0.021875 0.08425925925925926
1 0.41796875 0.4552962962962963 0.0203125 0.09392592592592593
1 0.6395833333333333 0.612037037037037 0.05625 0.046296296296296294
1 0.2950520833333333 0.8055555555555556 0.050520833333333334 0.037037037037037035
1 0.6701875 0.5449537037037037 0.04246354166666667 0.08435185185185184
1 0.5450520833333333 0.6620370370370371 0.021354166666666667 0.09444444444444444
1 0.44765625 0.23055555555555557 0.049479166666666664 0.040740740740740744
1 0.5950520833333334 0.4685185185185185 0.027604166666666666 0.08518518518518518
1 0.6442708333333333 0.3486111111111111 0.04791666666666667 0.05648148148148148
1 0.7048489583333333 0.6236851851851852 0.050765625 0.06939814814814815
1 0.4432291666666667 0.3490740740740741 0.035416666666666666 0.08888888888888889
1 0.5035208333333333 0.290712962962963 0.022916666666666665 0.09166666666666666
1 0.6833333333333333 0.4976851851851852 0.05 0.05092592592592592
1 0.7067604166666667 0.42029629629629633 0.04581770833333333 0.07050925925925926
1 0.6090416666666666 0.5356481481481481 0.052453124999999996 0.05092592592592592
1 0.60065625 0.7013425925925927 0.0234375 0.09907407407407408
1 0.73046875 0.3074074074074074 0.0359375 0.08888888888888889
1 0.7322708333333333 0.5395092592592592 0.05069791666666667 0.0743425925925926
1 0.6786666666666666 0.6729074074074074 0.04965625 0.07773148148148148
1 0.5971927083333333 0.1751574074074074 0.03790625 0.08188888888888889
1 0.6817083333333334 0.3860462962962963 0.02383333333333333 0.09246296296296297
1 0.44114583333333335 0.5331481481481481 0.037744791666666666 0.08248148148148148
1 0.7034322916666667 0.5483240740740741 0.051661458333333334 0.06657407407407408
1 0.5072760416666667 0.2109351851851852 0.03598958333333333 0.08209259259259259
1 0.48411458333333335 0.549537037037037 0.0484375 0.05092592592592592
1 0.6552083333333333 0.4009259259259259 0.040625 0.07777777777777778
1 0.7323072916666666 0.4984166666666666 0.046901041666666664 0.07646296296296295
1 0.48806770833333335 0.20879629629629629 0.034276041666666666 0.08055555555555556
1 0.5729166666666666 0.5509259259259259 0.051041666666666666 0.05925925925925926
1 0.6153541666666666 0.35379629629629633 0.043244791666666664 0.07426851851851851
1 0.5140989583333334 0.640074074074074 0.0224375 0.09392592592592593
1 0.55625 0.5717592592592593 0.05 0.058333333333333334
1 0.679625 0.275 0.04635416666666667 0.07407407407407407
1 0.4817708333333333 0.40370370370370373 0.03333333333333333 0.09259259259259259
1 0.5516458333333334 0.35721296296296295 0.033609375000000004 0.08275
1 0.4239583333333333 0.6069444444444444 0.05520833333333333 0.049074074074074076
1 0.6223958333333334 0.21481481481481482 0.040625 0.07222222222222222
1 0.5698802083333334 0.40407407407407403 0.031177083333333334 0.08866666666666667
1 0.5380208333333333 0.4337962962962963 0.030208333333333334 0.08611111111111111
1 0.50071875 0.6501203703703704 0.022270833333333333 0.09421296296296296
1 0.5169427083333333 0.424 0.029963541666666666 0.08839814814814814
1 0.5783854166666667 0.33719444444444446 0.027604166666666666 0.09444444444444444
1 0.525 0.2375 0.022916666666666665 0.09166666666666666
1 0.4895833333333333 0.4752685185185185 0.029166666666666667 0.08888888888888889
1 0.5119791666666667 0.3648148148148148 0.04479166666666667 0.07037037037037037
1 0.4557291666666667 0.42314814814814816 0.023958333333333335 0.09074074074074075
1 0.4348958333333333 0.412962962962963 0.019791666666666666 0.09074074074074075
1 0.6028645833333334 0.2518518518518518 0.021354166666666667 0.09444444444444444
1 0.5872395833333334 0.2875 0.0234375 0.09166666666666666
1 0.653265625 0.5851203703703703 0.05444791666666667 0.051722222222222225
1 0.5691979166666666 0.22605555555555554 0.049859375000000004 0.042861111111111114
1 0.6788229166666666 0.4618148148148148 0.052437500000000005 0.05326851851851852
1 0.5181302083333333 0.553675925925926 0.035619791666666664 0.0889537037037037
1 0.621875 0.28379629629629627 0.022916666666666665 0.08796296296296297
1 0.6548385416666667 0.3228611111111111 0.04822395833333334 0.04501851851851851
1 0.39578125 0.47914814814814816 0.029270833333333336 0.08978703703703704
1 0.47286979166666665 0.48653703703703705 0.02778125 0.08886111111111111
1 0.5280104166666667 0.5123333333333334 0.04572916666666667 0.06851851851851852
1 0.5578125 0.4393518518518518 0.030208333333333334 0.0824074074074074
1 0.6421250000000001 0.44285185185185183 0.025125 0.09207407407407407
1 0.4875 0.2851851851851852 0.023958333333333335 0.09074074074074075
1 0.6414166666666666 0.2978981481481482 0.035953125 0.08192592592592593
1 0.5282864583333333 0.30136111111111114 0.039760416666666666 0.07671296296296296
1 0.6991197916666666 0.3566574074074074 0.029484375 0.0929537037037037
1 0.6106874999999999 0.4348703703703704 0.04421875 0.0772037037037037
1 0.554703125 0.2648425925925926 0.044703124999999996 0.06666666666666667
1 0.48723958333333334 0.5837962962962963 0.0484375 0.04351851851851852
1 0.5826145833333333 0.15612962962962965 0.04025 0.08363888888888889
1 0.6461302083333333 0.2118888888888889 0.04286458333333333 0.0762037037037037
1 0.7140885416666667 0.342 0.03241145833333333 0.08921296296296295
1 0.743359375 0.2969259259259259 0.035546875 0.09386111111111112
1 0.529140625 0.641962962962963 0.01827604166666667 0.0960462962962963
1 0.438171875 0.5819351851851852 0.053234374999999994 0.04802777777777777
1 0.44770312500000004 0.49294444444444446 0.041312499999999995 0.07768518518518519
1 0.5595312499999999 0.5049537037037037 0.04886458333333333 0.0565
1 0.6852604166666667 0.6437222222222222 0.05084895833333333 0.07274074074074074
1 0.7186302083333334 0.5974722222222222 0.051640625 0.06921296296296296
1 0.7531927083333334 0.488 0.046875 0.07768518518518519
1 0.7742447916666666 0.47670370370370374 0.046875 0.08475
1 0.416125 0.3813611111111111 0.039328125000000005 0.08050925925925927
1 0.5414583333333333 0.3199166666666667 0.03734375 0.08050925925925927
1 0.5017291666666667 0.44210185185185186 0.029395833333333333 0.08898148148148148
1 0.6087135416666667 0.38916666666666666 0.04222395833333333 0.07416666666666666
1 0.6529739583333334 0.27873148148148147 0.0466875 0.06537037037037037