1 0.4925625 0.6934814814814815 0.05654166666666667 0.04349074074074074
1 0.5224635416666666 0.6509537037037036 0.026093750000000002 0.09955555555555555
1 0.4513020833333333 0.6598888888888889 0.021354166666666667 0.09386111111111112
1 0.58671875 0.6222222222222222 0.0296875 0.09074074074074075
1 0.6755208333333333 0.5169907407407408 0.025 0.09166666666666666
1 0.3890625 0.5430555555555555 0.023958333333333335 0.08796296296296297
1 0.48723958333333334 0.6597222222222222 0.0515625 0.03425925925925926
1 0.615625 0.6240740740740741 0.036458333333333336 0.08703703703703704
1 0.4315104166666667 0.6208333333333333 0.0421875 0.0824074074074074
1 0.38697916666666665 0.7819444444444444 0.03854166666666667 0.08055555555555556
1 0.346875 0.8379629629629629 0.036458333333333336 0.08888888888888889
1 0.37161458333333336 0.5560185185185185 0.0265625 0.08981481481481482
1 0.6734375 0.5875 0.046875 0.06759259259259259
1 0.59296875 0.475462962962963 0.0234375 0.08981481481481482
1 0.3067708333333333 0.8277777777777777 0.028125 0.0962962962962963
1 0.4140625 0.5027777777777778 0.03125 0.08703703703703704
1 0.39921875 0.8462962962962963 0.0484375 0.06296296296296296
1 0.44036458333333334 0.4699074074074074 0.024479166666666666 0.08611111111111111
1 0.3275416666666667 0.814861111111111 0.03241666666666667 0.09824074074074074
1 0.6888020833333334 0.3972222222222222 0.033854166666666664 0.09259259259259259
1 0.49505208333333334 0.20416666666666666 0.025520833333333333 0.09537037037037037
1 0.5485156250000001 0.5908148148148149 0.05313020833333334 0.04087962962962963
1 0.6536458333333334 0.5418796296296297 0.025 0.09301851851851851
1 0.5208645833333333 0.5611574074074074 0.04616145833333333 0.07442592592592592
1 0.35146875000000005 0.768 0.04538020833333333 0.07349074074074075
1 0.6510416666666666 0.4398148148148148 0.020833333333333332 0.0962962962962963
1 0.6717760416666666 0.4060185185185185 0.03521354166666667 0.08611111111111111
1 0.6234322916666667 0.5541203703703704 0.04330729166666667 0.07803703703703704
1 0.728125 0.4703703703703704 0.052083333333333336 0.06481481481481481
1 0.47760416666666666 0.5967592592592592 0.051041666666666666 0.03611111111111111
1 0.70703125 0.38055555555555554 0.0359375 0.08703703703703704
1 0.44222395833333333 0.5667777777777778 0.04992708333333333 0.06133333333333333
1 0.484375 0.6291666666666667 0.04791666666666667 0.03425925925925926
1 0.45677083333333335 0.47776851851851854 0.025 0.09441666666666666
1 0.5068697916666667 0.23344444444444445 0.02792708333333333 0.08725925925925926
1 0.45703125 0.22546296296296298 0.0203125 0.08796296296296297
1 0.7263020833333333 0.6037037037037037 0.0515625 0.05925925925925926
1 0.565625 0.5166666666666667 0.046875 0.06851851851851852
1 0.4791666666666667 0.19398148148148148 0.023958333333333335 0.08611111111111111
1 0.5911458333333334 0.2973425925925926 0.03854166666666667 0.08333333333333333
1 0.4607395833333333 0.41568518518518516 0.05064583333333333 0.04432407407407407
1 0.643640625 0.32407407407407407 0.053953125000000005 0.040740740740740744
1 0.630390625 0.29635185185185187 0.05260416666666667 0.03796296296296296
1 0.3624322916666667 0.7230925925925926 0.05194270833333334 0.04432407407407407
1 0.5934895833333333 0.20046296296296295 0.0359375 0.0824074074074074
1 0.6330729166666667 0.3925925925925926 0.044270833333333336 0.07592592592592592
1 0.5773489583333333 0.4239351851851852 0.04428125 0.07806481481481482
1 0.4953125 0.44074074074074077 0.04791666666666667 0.05555555555555555
1 0.5958333333333333 0.3541666666666667 0.04791666666666667 0.05092592592592592
1 0.4867239583333333 0.4813796296296296 0.051041666666666666 0.06111111111111111
1 0.560546875 0.24699074074074073 0.0453125 0.0787037037037037
1 0.31692708333333336 0.9125 0.025520833333333333 0.09351851851851851
1 0.5377604166666666 0.20925925925925926 0.04114583333333333 0.08333333333333333
1 0.6250572916666666 0.4839351851851852 0.04803645833333334 0.07158333333333333
1 0.6021458333333333 0.25803703703703706 0.04908333333333333 0.060527777777777785
1 0.467609375 0.3902777777777778 0.053307291666666666 0.04537037037037037
1 0.5333333333333333 0.33611111111111114 0.04375 0.07592592592592592
1 0.5481770833333334 0.38472222222222224 0.0421875 0.06759259259259259
1 0.7177291666666666 0.4373703703703704 0.05516666666666667 0.05807407407407407
1 0.42698958333333337 0.5453148148148149 0.048109375 0.0628425925925926
1 0.356828125 0.8618055555555556 0.03797916666666667 0.0987962962962963
1 0.49868229166666667 0.5041203703703704 0.050484375000000005 0.06549074074074074
1 0.5136927083333334 0.5259444444444444 0.04957291666666667 0.0703425925925926
1 0.5734999999999999 0.5461574074074075 0.04911979166666667 0.06549074074074074
1 0.6066979166666666 0.5384814814814814 0.04456770833333333 0.08247222222222221
1 0.6194322916666667 0.37717592592592597 0.04820833333333333 0.07196296296296296
1 0.5589427083333334 0.41153703703703703 0.04547916666666666 0.0743888888888889
1 0.5425729166666666 0.35453703703703704 0.047296875 0.07357407407407407
1 0.5707708333333333 0.3056203703703704 0.04002083333333333 0.08893518518518519
1 0.53825 0.24660185185185185 0.043203125 0.0743888888888889