0 0.6608177083333333 0.7796111111111111 0.029255208333333334 0.05313888888888889
0 0.21770833333333334 0.7615740740740741 0.027083333333333334 0.04722222222222222
0 0.26979166666666665 0.6342592592592593 0.026041666666666668 0.044444444444444446
0 0.6231770833333333 0.7805555555555556 0.025520833333333333 0.04814814814814815
0 0.63515625 0.44675925925925924 0.025520833333333333 0.041666666666666664
0 0.6 0.7930555555555555 0.026041666666666668 0.04722222222222222
0 0.18489583333333334 0.7972222222222223 0.027083333333333334 0.046296296296296294
0 0.17630208333333333 0.7569444444444444 0.0265625 0.04537037037037037
0 0.2716145833333333 0.5648148148148148 0.025520833333333333 0.04259259259259259
0 0.09609375 0.7111111111111111 0.027604166666666666 0.046296296296296294
0 0.35260416666666666 0.6430555555555556 0.025 0.04351851851851852
0 0.3265625 0.4324074074074074 0.025 0.04259259259259259
0 0.5783854166666667 0.7037037037037037 0.0265625 0.046296296296296294
0 0.7302083333333333 0.1527777777777778 0.023958333333333335 0.03888888888888889
0 0.21276041666666667 0.5037037037037037 0.025520833333333333 0.04259259259259259
0 0.2669270833333333 0.45185185185185184 0.0234375 0.04259259259259259
0 0.12135416666666667 0.3638888888888889 0.025 0.040740740740740744
0 0.70390625 0.08935185185185185 0.022395833333333334 0.03796296296296296
0 0.26067708333333334 0.36712962962962964 0.024479166666666666 0.03981481481481482
0 0.18046875 0.537962962962963 0.025520833333333333 0.04259259259259259
0 0.3653645833333333 0.5208333333333334 0.024479166666666666 0.041666666666666664
0 0.65 0.33611111111111114 0.023958333333333335 0.040740740740740744
0 0.4973958333333333 0.09305555555555556 0.021875 0.03981481481481482
0 0.09114583333333333 0.6712962962962963 0.025 0.04259259259259259
0 0.27265625 0.09444444444444444 0.0234375 0.040740740740740744
0 0.67265625 0.1537037037037037 0.022395833333333334 0.03888888888888889
0 0.27578125 0.16203703703703703 0.0234375 0.040740740740740744
0 0.478125 0.16527777777777777 0.021875 0.03981481481481482
0 0.5973958333333333 0.17175925925925925 0.021875 0.03796296296296296
0 0.11354166666666667 0.5768518518518518 0.026041666666666668 0.044444444444444446
0 0.14427083333333332 0.1787037037037037 0.022916666666666665 0.03888888888888889
0 0.140625 0.32916666666666666 0.023958333333333335 0.03981481481481482
0 0.5328125 0.09305555555555556 0.021875 0.03981481481481482
0 0.3731770833333333 0.6092592592592593 0.0234375 0.040740740740740744
0 0.10833333333333334 0.6388888888888888 0.026041666666666668 0.044444444444444446
0 0.34765625 0.28194444444444444 0.022395833333333334 0.03981481481481482
0 0.37552083333333336 0.18611111111111112 0.021875 0.03888888888888889
0 0.16197916666666667 0.6180555555555556 0.025 0.041666666666666664
0 0.16848958333333333 0.4597222222222222 0.024479166666666666 0.041666666666666664
0 0.16432291666666668 0.15416666666666667 0.0234375 0.03981481481481482
0 0.6263020833333334 0.31666666666666665 0.022395833333333334 0.03888888888888889
0 0.6442708333333333 0.09027777777777778 0.021875 0.03796296296296296
0 0.5833333333333334 0.22916666666666666 0.021875 0.03796296296296296
0 0.6484375 0.04583333333333333 0.021875 0.03796296296296296
0 0.24583333333333332 0.4375 0.023958333333333335 0.03981481481481482
0 0.54765625 0.36064814814814816 0.022395833333333334 0.03981481481481482
0 0.13359375 0.6203703703703703 0.025520833333333333 0.04259259259259259
0 0.15182291666666667 0.5828703703703704 0.025520833333333333 0.041666666666666664
0 0.46484375 0.5578703703703703 0.0234375 0.03981481481481482
0 0.13229166666666667 0.55 0.025 0.04259259259259259
0 0.56953125 0.4013888888888889 0.022395833333333334 0.03796296296296296
0 0.5739583333333333 0.6611111111111111 0.025 0.040740740740740744
0 0.17838541666666666 0.2972222222222222 0.024479166666666666 0.03888888888888889
0 0.5877604166666667 0.3787037037037037 0.022395833333333334 0.03888888888888889
0 0.5947916666666667 0.6402777777777777 0.025 0.04351851851851852
0 0.5481770833333334 0.5166666666666667 0.0234375 0.040740740740740744
0 0.4783854166666667 0.3726851851851852 0.0234375 0.03981481481481482
0 0.5450520833333333 0.2814814814814815 0.021354166666666667 0.03888888888888889
0 0.41640625 0.44074074074074077 0.0234375 0.040740740740740744
0 0.61796875 0.07175925925925926 0.021354166666666667 0.03796296296296296
0 0.60625 0.2657407407407407 0.022916666666666665 0.03888888888888889
0 0.49609375 0.5069444444444444 0.0234375 0.041666666666666664
0 0.24895833333333334 0.13564814814814816 0.022916666666666665 0.03796296296296296
0 0.6502604166666667 0.28703703703703703 0.022395833333333334 0.03888888888888889
0 0.3255208333333333 0.25462962962962965 0.021875 0.03888888888888889
0 0.7044270833333334 0.22824074074074074 0.0234375 0.03796296296296296
0 0.5638020833333334 0.5421296296296296 0.0234375 0.03981481481481482
0 0.5817708333333333 0.08611111111111111 0.020833333333333332 0.037037037037037035
0 0.39817708333333335 0.5361111111111111 0.0234375 0.040740740740740744
0 0.5192708333333333 0.37916666666666665 0.022916666666666665 0.03796296296296296
0 0.44114583333333335 0.5523148148148148 0.022916666666666665 0.03981481481481482
0 0.5908854166666667 0.055092592592592596 0.021354166666666667 0.03796296296296296
0 0.5640625 0.5851851851851851 0.023958333333333335 0.040740740740740744
0 0.20520833333333333 0.37037037037037035 0.023958333333333335 0.03888888888888889
0 0.56328125 0.6268518518518519 0.0234375 0.03888888888888889
0 0.22682291666666668 0.22870370370370371 0.022395833333333334 0.03888888888888889
0 0.24453125 0.2074074074074074 0.0234375 0.03888888888888889
0 0.5635416666666667 0.06898148148148148 0.020833333333333332 0.03796296296296296
0 0.39036458333333335 0.5722222222222222 0.022395833333333334 0.040740740740740744
0 0.6927083333333334 0.19907407407407407 0.022916666666666665 0.037037037037037035
0 0.47630208333333335 0.28425925925925927 0.021354166666666667 0.03888888888888889
0 0.6760416666666667 0.26296296296296295 0.022916666666666665 0.03888888888888889
0 0.18020833333333333 0.2199074074074074 0.022916666666666665 0.03796296296296296
0 0.41770833333333335 0.19398148148148148 0.020833333333333332 0.03796296296296296
0 0.2015625 0.2523148148148148 0.021875 0.03796296296296296
0 0.22213541666666667 0.1884259259259259 0.022395833333333334 0.03796296296296296
0 0.17057291666666666 0.4212962962962963 0.0234375 0.037037037037037035
0 0.6403645833333333 0.22268518518518518 0.022395833333333334 0.03611111111111111
0 0.5109375 0.475462962962963 0.021875 0.03796296296296296
0 0.3736979166666667 0.25 0.021354166666666667 0.03888888888888889
0 0.18229166666666666 0.3527777777777778 0.023958333333333335 0.037037037037037035
0 0.18072916666666666 0.25925925925925924 0.022916666666666665 0.037037037037037035
0 0.5828125 0.6064814814814815 0.022916666666666665 0.040740740740740744
0 0.6315104166666666 0.25787037037037036 0.022395833333333334 0.03796296296296296
0 0.3921875 0.2689814814814815 0.021875 0.03796296296296296
0 0.50625 0.24814814814814815 0.021875 0.037037037037037035
0 0.52421875 0.2773148148148148 0.021354166666666667 0.03796296296296296
0 0.5098958333333333 0.42407407407407405 0.022916666666666665 0.03888888888888889
0 0.49895833333333334 0.2828703703703704 0.020833333333333332 0.03796296296296296
0 0.1828125 0.3888888888888889 0.023958333333333335 0.037037037037037035
0 0.34869791666666666 0.23796296296296296 0.021354166666666667 0.03888888888888889
0 0.1625 0.2449074074074074 0.021875 0.03796296296296296
0 0.23932291666666666 0.16805555555555557 0.022395833333333334 0.03796296296296296
0 0.4315104166666667 0.4981481481481482 0.022395833333333334 0.040740740740740744
0 0.4205729166666667 0.5388888888888889 0.021354166666666667 0.03888888888888889
0 0.48932291666666666 0.4583333333333333 0.022395833333333334 0.040740740740740744
0 0.47161458333333334 0.5009259259259259 0.021354166666666667 0.03888888888888889
0 0.4703125 0.4412037037037037 0.021875 0.03796296296296296
0 0.45078125 0.5148148148148148 0.022395833333333334 0.03888888888888889
0 0.659375 0.2412037037037037 0.021875 0.03796296296296296
0 0.4356770833333333 0.2125 0.021354166666666667 0.03796296296296296
0 0.48723958333333334 0.412962962962963 0.021354166666666667 0.03888888888888889
0 0.434375 0.4583333333333333 0.022916666666666665 0.03888888888888889
0 0.45338541666666665 0.47638888888888886 0.022395833333333334 0.03981481481481482
0 0.4041666666666667 0.2263888888888889 0.020833333333333332 0.03611111111111111
0 0.4192708333333333 0.25462962962962965 0.020833333333333332 0.037037037037037035
0 0.4583333333333333 0.22870370370370371 0.020833333333333332 0.03518518518518519
0 0.45859375 0.26805555555555555 0.0203125 0.03796296296296296
0 0.68046875 0.22546296296296298 0.021354166666666667 0.03611111111111111
0 0.43984375 0.2518518518518518 0.0203125 0.037037037037037035