1 0.6730520833333333 0.7244259259259259 0.054890625 0.07341666666666667
1 0.50703125 0.7412037037037037 0.04635416666666667 0.062037037037037036
1 0.675 0.6106481481481482 0.046875 0.075
1 0.2015625 0.29305555555555557 0.041666666666666664 0.08055555555555556
1 0.6231770833333333 0.7185185185185186 0.05364583333333333 0.04259259259259259
1 0.6682291666666667 0.6592592592592592 0.036458333333333336 0.09444444444444444
1 0.44244791666666666 0.8087962962962963 0.050520833333333334 0.04722222222222222
1 0.4390625 0.7703703703703704 0.052083333333333336 0.04814814814814815
1 0.18489583333333334 0.24444444444444444 0.036458333333333336 0.07777777777777778
1 0.5052083333333334 0.7064814814814815 0.04791666666666667 0.06111111111111111
1 0.25546875 0.29768518518518516 0.0296875 0.0824074074074074
1 0.57265625 0.649074074074074 0.024479166666666666 0.09074074074074075
1 0.6106770833333334 0.3894907407407407 0.03697916666666667 0.08268518518518518
1 0.4453697916666667 0.707111111111111 0.05300520833333333 0.05060185185185185
1 0.5143229166666666 0.5027777777777778 0.0296875 0.08703703703703704
1 0.6153645833333333 0.6819444444444445 0.05260416666666667 0.041666666666666664
1 0.43255208333333334 0.5888888888888889 0.04635416666666667 0.08148148148148149
1 0.2569375 0.24487962962962964 0.0421875 0.07222222222222222
1 0.4466145833333333 0.7388888888888889 0.050520833333333334 0.04814814814814815
1 0.532 0.6631018518518518 0.035453124999999995 0.08828703703703702
1 0.23307291666666666 0.29212962962962963 0.0296875 0.08611111111111111
1 0.6447916666666667 0.6449074074074074 0.03125 0.09166666666666666
1 0.3859375 0.5412037037037037 0.027083333333333334 0.08981481481481482
1 0.49661458333333336 0.675 0.049479166666666664 0.06296296296296296
1 0.41119791666666666 0.5574074074074075 0.0296875 0.09074074074074075
1 0.6138020833333333 0.3425925925925926 0.044270833333333336 0.07592592592592592
1 0.5875 0.3861111111111111 0.035416666666666666 0.08518518518518518
1 0.18489583333333334 0.19768518518518519 0.04895833333333333 0.04722222222222222
1 0.5388020833333333 0.5981481481481481 0.050520833333333334 0.03888888888888889
1 0.2825520833333333 0.16666666666666666 0.0421875 0.06666666666666667
1 0.5421875 0.34074074074074073 0.04895833333333333 0.04814814814814815
1 0.21067708333333332 0.23287037037037037 0.021354166666666667 0.08425925925925926
1 0.5427083333333333 0.425 0.03229166666666667 0.08518518518518518
1 0.19505208333333332 0.15787037037037038 0.0484375 0.04537037037037037
1 0.35911458333333335 0.4324074074074074 0.0203125 0.08888888888888889
1 0.4315104166666667 0.5155 0.031223958333333336 0.08775
1 0.4704375 0.6291666666666667 0.05024479166666666 0.058333333333333334
1 0.6091145833333333 0.649537037037037 0.05260416666666667 0.03981481481481482
1 0.6229166666666667 0.5726851851851852 0.05416666666666667 0.03981481481481482
1 0.6036458333333333 0.6106481481481482 0.053125 0.03981481481481482
1 0.5010416666666667 0.6018518518518519 0.026041666666666668 0.09074074074074075
1 0.46838541666666667 0.663425925925926 0.050312499999999996 0.058333333333333334
1 0.42239583333333336 0.3861111111111111 0.046875 0.05555555555555555
1 0.48359375 0.4962962962962963 0.028645833333333332 0.09074074074074075
1 0.465625 0.49675925925925923 0.029166666666666667 0.08981481481481482
1 0.35703125 0.7657407407407407 0.049479166666666664 0.06851851851851852
1 0.4475520833333333 0.49722222222222223 0.03260416666666667 0.08703703703703704
1 0.5432604166666667 0.24537037037037038 0.03339583333333333 0.08148148148148149
1 0.37604166666666666 0.4486111111111111 0.020833333333333332 0.08425925925925926
1 0.4114583333333333 0.45694444444444443 0.022916666666666665 0.08981481481481482
1 0.46484375 0.30648148148148147 0.027604166666666666 0.08703703703703704
1 0.5015625 0.3837962962962963 0.03958333333333333 0.0787037037037037
1 0.41380208333333335 0.2300925925925926 0.0203125 0.08611111111111111
1 0.6151041666666667 0.5402777777777777 0.053125 0.03981481481481482
1 0.23089583333333333 0.19427777777777777 0.021354166666666667 0.08759259259259258
1 0.5002604166666667 0.4537037037037037 0.022395833333333334 0.07777777777777778
1 0.49166666666666664 0.2726851851851852 0.0375 0.08425925925925926
1 0.51484375 0.32175925925925924 0.03802083333333333 0.08055555555555556
1 0.3927083333333333 0.4532407407407407 0.021875 0.08796296296296297
1 0.4454791666666667 0.4096666666666667 0.05033854166666667 0.04548148148148148
1 0.3815104166666667 0.24259259259259258 0.04635416666666667 0.05740740740740741
1 0.448671875 0.4404166666666666 0.052656249999999995 0.041944444444444444
1 0.5354166666666667 0.20185185185185187 0.029166666666666667 0.08518518518518518
1 0.48709895833333333 0.32676851851851857 0.044557291666666665 0.07205555555555555
1 0.48023958333333333 0.40981481481481485 0.025062499999999998 0.08814814814814816
1 0.56796875 0.3875 0.0359375 0.08796296296296297
1 0.25807291666666665 0.16666666666666666 0.04114583333333333 0.06851851851851852
1 0.26038020833333336 0.21044444444444443 0.04296875 0.06950925925925926
1 0.5335156249999999 0.3999537037037037 0.034375 0.08703703703703704
1 0.4532447916666667 0.6014074074074074 0.045234375 0.0724074074074074