0 0.6616927083333334 0.7795185185185185 0.02921875 0.052703703703703704
0 0.21640625 0.7625 0.027604166666666666 0.04722222222222222
0 0.6002604166666666 0.7925925925925926 0.0265625 0.04814814814814815
0 0.09479166666666666 0.711574074074074 0.028125 0.04537037037037037
0 0.6359375 0.44722222222222224 0.025 0.040740740740740744
0 0.18359375 0.7976851851851852 0.027604166666666666 0.04537037037037037
0 0.7309895833333333 0.15185185185185185 0.0234375 0.03888888888888889
0 0.26953125 0.6342592592592593 0.0265625 0.044444444444444446
0 0.62421875 0.7819444444444444 0.0234375 0.04537037037037037
0 0.21197916666666666 0.5041666666666667 0.025 0.041666666666666664
0 0.2716145833333333 0.09398148148148149 0.0234375 0.03981481481481482
0 0.3658854166666667 0.5212962962962963 0.0234375 0.040740740740740744
0 0.14036458333333332 0.32916666666666666 0.0234375 0.03796296296296296
0 0.16041666666666668 0.6185185185185185 0.025 0.040740740740740744
0 0.09010416666666667 0.6708333333333333 0.025 0.041666666666666664
0 0.13098958333333333 0.549074074074074 0.024479166666666666 0.040740740740740744
0 0.13229166666666667 0.6199074074074075 0.025 0.041666666666666664
0 0.6729166666666667 0.1527777777777778 0.021875 0.037037037037037035
0 0.16796875 0.4587962962962963 0.0234375 0.03981481481481482
0 0.265625 0.4513888888888889 0.021875 0.03981481481481482
0 0.5788125 0.7041944444444445 0.025333333333333333 0.045314814814814815
0 0.35234375 0.6435185185185185 0.0234375 0.040740740740740744
0 0.3734375 0.6086851851851852 0.025666666666666667 0.04187962962962963
0 0.6927083333333334 0.19907407407407407 0.021875 0.03518518518518519
0 0.4315104166666667 0.49675925925925923 0.022395833333333334 0.03796296296296296
0 0.548984375 0.5179166666666667 0.024625 0.04237037037037037
0 0.6408854166666667 0.22268518518518518 0.021354166666666667 0.03611111111111111
0 0.1625 0.24305555555555555 0.021875 0.03796296296296296
0 0.5840989583333334 0.6079259259259259 0.025489583333333333 0.043083333333333335
0 0.5643697916666667 0.06927777777777777 0.021260416666666667 0.040407407407407406
0 0.5738645833333333 0.663425925925926 0.0248125 0.03981481481481482
0 0.3731770833333333 0.24861111111111112 0.0203125 0.03611111111111111
0 0.10755208333333334 0.6393518518518518 0.025520833333333333 0.04351851851851852
0 0.46458333333333335 0.5574074074074075 0.022916666666666665 0.03888888888888889
0 0.38958333333333334 0.5726851851851852 0.021875 0.03981481481481482
0 0.39817708333333335 0.5365740740740741 0.022395833333333334 0.03981481481481482
0 0.440625 0.5523148148148148 0.021875 0.03981481481481482
0 0.49635416666666665 0.5069444444444444 0.022916666666666665 0.03981481481481482
0 0.5950520833333334 0.6407407407407407 0.024479166666666666 0.04259259259259259
0 0.15052083333333333 0.5828703703703704 0.025 0.03981481481481482
0 0.5700520833333333 0.4009259259259259 0.021354166666666667 0.037037037037037035
0 0.34713541666666664 0.2810185185185185 0.021354166666666667 0.03796296296296296
0 0.6505208333333333 0.33564814814814814 0.022916666666666665 0.03981481481481482
0 0.1125 0.5768518518518518 0.025 0.04259259259259259
0 0.6268229166666667 0.3162037037037037 0.021354166666666667 0.03796296296296296
0 0.5637552083333334 0.6275092592592593 0.024385416666666666 0.04019444444444444
0 0.5638020833333334 0.5421296296296296 0.022395833333333334 0.03981481481481482
0 0.6518854166666667 0.28727777777777774 0.023557291666666664 0.04123148148148148
0 0.5650572916666667 0.5864351851851852 0.02490625 0.04139814814814815
0 0.6059895833333333 0.2657407407407407 0.021354166666666667 0.03888888888888889
0 0.2453125 0.43703703703703706 0.022916666666666665 0.03888888888888889
0 0.5109375 0.475462962962963 0.021875 0.03796296296296296
0 0.17708333333333334 0.2967592592592593 0.023958333333333335 0.03796296296296296
0 0.17942708333333332 0.5375 0.024479166666666666 0.041666666666666664
0 0.5880208333333333 0.37777777777777777 0.021875 0.03888888888888889
0 0.27109375 0.5643518518518519 0.024479166666666666 0.041666666666666664
0 0.5192708333333333 0.37916666666666665 0.021875 0.03796296296296296
0 0.39258333333333334 0.2704814814814815 0.022671875 0.0409537037037037
0 0.4166666666666667 0.44074074074074077 0.021875 0.03888888888888889
0 0.175 0.7574074074074074 0.026041666666666668 0.044444444444444446
0 0.5458333333333333 0.2810185185185185 0.020833333333333332 0.03796296296296296
0 0.5102916666666667 0.4215185185185185 0.023713541666666667 0.04030555555555556
0 0.4200520833333333 0.5388888888888889 0.021354166666666667 0.03888888888888889
0 0.4771458333333333 0.28352777777777777 0.023036458333333332 0.039268518518518515
0 0.5473958333333333 0.36064814814814816 0.021875 0.03796296296296296
0 0.5833333333333334 0.22777777777777777 0.020833333333333332 0.037037037037037035
0 0.32526041666666666 0.25324074074074077 0.021354166666666667 0.03796296296296296
0 0.20390625 0.3685185185185185 0.0234375 0.03888888888888889
0 0.4895833333333333 0.4583333333333333 0.021875 0.03888888888888889
0 0.22578125 0.2273148148148148 0.021354166666666667 0.03611111111111111
0 0.1796875 0.25833333333333336 0.021875 0.037037037037037035
0 0.49921875 0.28273148148148153 0.022515624999999997 0.04030555555555556
0 0.16979166666666667 0.42083333333333334 0.022916666666666665 0.03611111111111111
0 0.34817708333333336 0.2375 0.0203125 0.03796296296296296
0 0.12005208333333334 0.3638888888888889 0.024479166666666666 0.040740740740740744
0 0.18125 0.38842592592592595 0.021875 0.03611111111111111
0 0.6765625 0.2625 0.021875 0.03796296296296296
0 0.20078125 0.2513888888888889 0.021354166666666667 0.03611111111111111
0 0.45026041666666666 0.5143518518518518 0.021354166666666667 0.03796296296296296
0 0.52421875 0.2754074074074074 0.02178125 0.03937962962962963
0 0.4700520833333333 0.4412037037037037 0.021354166666666667 0.03796296296296296
0 0.50625 0.24722222222222223 0.020833333333333332 0.03518518518518519
0 0.22109375 0.18796296296296297 0.021354166666666667 0.037037037037037035
0 0.4786458333333333 0.37222222222222223 0.021875 0.03888888888888889
0 0.24375 0.20601851851851852 0.021875 0.03796296296296296
0 0.5817708333333333 0.08472222222222223 0.02272916666666667 0.04133333333333333
0 0.6447916666666667 0.09005555555555556 0.023036458333333332 0.040685185185185185
0 0.17916666666666667 0.21944444444444444 0.021875 0.037037037037037035
0 0.7044270833333334 0.22777777777777777 0.022395833333333334 0.037037037037037035
0 0.6315104166666666 0.2569444444444444 0.021354166666666667 0.03796296296296296
0 0.5328125 0.0912037037037037 0.020833333333333332 0.03796296296296296
0 0.4713541666666667 0.500462962962963 0.020833333333333332 0.03796296296296296
0 0.18125 0.3527777777777778 0.022916666666666665 0.037037037037037035
0 0.6179375 0.07069444444444443 0.022151041666666666 0.042916666666666665
0 0.275 0.16111111111111112 0.021875 0.03888888888888889
0 0.4171875 0.1935185185185185 0.020833333333333332 0.037037037037037035
0 0.4875 0.4125 0.020833333333333332 0.03796296296296296
0 0.5973958333333333 0.17083333333333334 0.020833333333333332 0.03611111111111111
0 0.43411458333333336 0.4583333333333333 0.022395833333333334 0.03888888888888889
0 0.45364583333333336 0.47685185185185186 0.021875 0.03888888888888889
0 0.3260416666666667 0.43194444444444446 0.023958333333333335 0.041666666666666664
0 0.375 0.18518518518518517 0.020833333333333332 0.037037037037037035
0 0.2596354166666667 0.36666666666666664 0.0234375 0.03888888888888889
0 0.6598958333333333 0.23981481481481481 0.021875 0.037037037037037035
0 0.24791666666666667 0.13425925925925927 0.021875 0.037037037037037035
0 0.4359375 0.21203703703703702 0.020833333333333332 0.037037037037037035
0 0.14322916666666666 0.17731481481481481 0.021875 0.03796296296296296
0 0.4778645833333333 0.16435185185185186 0.021354166666666667 0.03796296296296296
0 0.4973958333333333 0.09212962962962963 0.020833333333333332 0.03796296296296296
0 0.41948437499999996 0.25566666666666665 0.021260416666666667 0.0409537037037037
0 0.23880208333333333 0.16712962962962963 0.021354166666666667 0.03796296296296296
0 0.16302083333333334 0.1527777777777778 0.022916666666666665 0.03888888888888889
0 0.4588541666666667 0.26666666666666666 0.019791666666666666 0.037037037037037035
0 0.7046875 0.08796296296296297 0.021875 0.037037037037037035
0 0.5916666666666667 0.053703703703703705 0.020833333333333332 0.037037037037037035
0 0.6814166666666667 0.22696296296296298 0.02325 0.039101851851851846
0 0.4395833333333333 0.2513888888888889 0.019791666666666666 0.03611111111111111
0 0.4578125 0.22824074074074074 0.019791666666666666 0.03425925925925926
0 0.40338541666666666 0.22546296296296298 0.0203125 0.03611111111111111
0 0.64921875 0.044444444444444446 0.021354166666666667 0.03888888888888889