1 0.2078125 0.31203703703703706 0.029166666666666667 0.08703703703703704
1 0.21041666666666667 0.2152777777777778 0.036458333333333336 0.07685185185185185
1 0.23072916666666668 0.3189814814814815 0.03125 0.0824074074074074
1 0.23359375 0.21898148148148147 0.03697916666666667 0.07685185185185185
1 0.15703125 0.586574074074074 0.049479166666666664 0.062037037037037036
1 0.3138020833333333 0.8356481481481481 0.04739583333333333 0.07314814814814814
1 0.4953125 0.4124537037037037 0.039276041666666664 0.07925
1 0.46510416666666665 0.6217592592592592 0.046875 0.06574074074074074
1 0.3028645833333333 0.2439814814814815 0.021354166666666667 0.08611111111111111
1 0.28984375 0.5666666666666667 0.03177083333333333 0.08518518518518518
1 0.6807135416666666 0.19817592592592592 0.03605729166666667 0.08524074074074074
1 0.6785520833333333 0.09221296296296297 0.04460416666666667 0.07668518518518518
1 0.40390625 0.287962962962963 0.0265625 0.08703703703703704
1 0.24010416666666667 0.4722222222222222 0.05416666666666667 0.05
1 0.6419270833333334 0.19675925925925927 0.030729166666666665 0.08981481481481482
1 0.62421875 0.18101851851851852 0.0265625 0.08796296296296297
1 0.3109375 0.5652777777777778 0.023958333333333335 0.08611111111111111
1 0.7209427083333334 0.20635185185185187 0.03802083333333333 0.08611111111111111
1 0.2872395833333333 0.24861111111111112 0.022395833333333334 0.08425925925925926
1 0.42710937499999996 0.5619259259259259 0.050359375 0.0494537037037037
1 0.4629114583333333 0.725462962962963 0.05168229166666667 0.04537037037037037
1 0.32057291666666665 0.22777777777777777 0.021354166666666667 0.08518518518518518
1 0.72103125 0.29528703703703707 0.04959895833333334 0.0702037037037037
1 0.5036458333333333 0.2759259259259259 0.040625 0.07777777777777778
1 0.64140625 0.6652777777777777 0.05260416666666667 0.06574074074074074
1 0.639859375 0.6259259259259259 0.05158854166666667 0.05925925925925926
1 0.27239583333333334 0.4027777777777778 0.030208333333333334 0.08333333333333333
1 0.7278645833333334 0.2523148148148148 0.049479166666666664 0.06759259259259259
1 0.31145833333333334 0.3976851851851852 0.029166666666666667 0.0824074074074074
1 0.5510260416666667 0.2657407407407407 0.050520833333333334 0.04814814814814815
1 0.44394791666666666 0.29182407407407407 0.03384895833333333 0.08452777777777779
1 0.2911458333333333 0.4027777777777778 0.030208333333333334 0.08333333333333333
1 0.4189322916666667 0.27037962962962964 0.029963541666666666 0.08671296296296296
1 0.37942708333333336 0.5305555555555556 0.0296875 0.08888888888888889
1 0.5143072916666667 0.719388888888889 0.04944791666666667 0.06677777777777778
1 0.2263177083333333 0.5013888888888889 0.05263020833333333 0.04722222222222222
1 0.26634375 0.2843425925925926 0.04310416666666667 0.07238888888888889
1 0.190625 0.9546296296296296 0.046875 0.06481481481481481
1 0.21015625 0.6310185185185185 0.034895833333333334 0.08611111111111111
1 0.277265625 0.5125 0.053000000000000005 0.041666666666666664
1 0.18098958333333334 0.524074074074074 0.050520833333333334 0.05925925925925926
1 0.42604166666666665 0.39861111111111114 0.0375 0.08425925925925926
1 0.234375 0.5787037037037037 0.03958333333333333 0.07962962962962963
1 0.15833333333333333 0.625 0.04791666666666667 0.06111111111111111
1 0.18807291666666667 0.5521481481481482 0.051984375 0.05985185185185185
1 0.6091145833333333 0.597574074074074 0.024479166666666666 0.09514814814814815
1 0.5247395833333334 0.5837962962962963 0.04010416666666667 0.08425925925925926
1 0.517015625 0.4639722222222222 0.040713541666666665 0.0824074074074074
1 0.5611979166666666 0.2375 0.049479166666666664 0.04722222222222222
1 0.328796875 0.5474722222222222 0.022916666666666665 0.09537037037037037
1 0.44529687500000004 0.6013055555555555 0.04377604166666667 0.07483333333333332
1 0.44659895833333335 0.6995370370370371 0.053614583333333334 0.04722222222222222
1 0.47291666666666665 0.2712962962962963 0.01875 0.09259259259259259
1 0.7199270833333333 0.15 0.054989583333333335 0.04259259259259259
1 0.20381770833333332 0.5740185185185186 0.05082291666666667 0.05555555555555555
1 0.6469947916666666 0.09702777777777778 0.046875 0.06759259259259259
1 0.3692083333333333 0.24499074074074073 0.034921875 0.07908333333333332
1 0.48411458333333335 0.22083333333333333 0.03802083333333333 0.07685185185185185
1 0.2591145833333333 0.2324074074074074 0.03802083333333333 0.08148148148148149
1 0.43815624999999997 0.4378888888888889 0.032380208333333334 0.09068518518518519
1 0.28909375 0.19212962962962962 0.0500625 0.03981481481481482
1 0.5681979166666667 0.5800462962962963 0.0374375 0.08687037037037036
1 0.25703125 0.44814814814814813 0.0484375 0.053703703703703705
1 0.247765625 0.8272037037037037 0.025734374999999997 0.09885185185185186
1 0.466265625 0.441037037037037 0.03357291666666666 0.08762962962962963
1 0.30572916666666666 0.9347222222222222 0.026041666666666668 0.10092592592592593
1 0.475609375 0.37546296296296294 0.053307291666666666 0.04537037037037037
1 0.1935625 0.6412592592592592 0.034749999999999996 0.0878425925925926
1 0.6980677083333333 0.12600925925925927 0.054286458333333336 0.04612962962962963
1 0.5737864583333334 0.6552870370370371 0.05247916666666667 0.05762037037037037
1 0.7763020833333333 0.8180555555555555 0.0390625 0.09537037037037037
1 0.7359375 0.3578703703703704 0.04583333333333333 0.0787037037037037
1 0.4373020833333333 0.21363888888888888 0.0295625 0.08653703703703704
1 0.6153645833333333 0.10138888888888889 0.024479166666666666 0.08981481481481482
1 0.334375 0.7824074074074074 0.028125 0.09074074074074075
1 0.4474427083333333 0.4851574074074074 0.0265625 0.09166666666666666
1 0.7473958333333334 0.3925925925925926 0.040625 0.08518518518518518
1 0.42003645833333336 0.4983055555555555 0.030697916666666665 0.08736111111111111
1 0.33353645833333334 0.6839351851851851 0.04206770833333333 0.08824074074074074
1 0.5582708333333334 0.6787037037037037 0.052083333333333336 0.05740740740740741
1 0.410234375 0.6079814814814815 0.04944791666666667 0.05963888888888889
1 0.26328125 0.7842592592592592 0.022395833333333334 0.09444444444444444
1 0.7201770833333333 0.08472222222222223 0.042984375 0.075
1 0.49674999999999997 0.6637314814814815 0.048713541666666665 0.06699074074074074
1 0.45651041666666664 0.23616666666666666 0.0203125 0.0910648148148148
1 0.325 0.37777777777777777 0.029166666666666667 0.08888888888888889
1 0.23046875 0.16342592592592592 0.04635416666666667 0.049074074074074076
1 0.6583333333333333 0.1479074074074074 0.04772916666666667 0.0634537037037037
1 0.43359375 0.6725462962962964 0.053765625000000004 0.046953703703703706
1 0.47161458333333334 0.34675925925925927 0.050520833333333334 0.04351851851851852
1 0.6751822916666667 0.6259537037037036 0.021203125 0.1000462962962963
1 0.2567864583333333 0.17714814814814814 0.04892708333333333 0.054296296296296294
1 0.6309895833333333 0.5657407407407408 0.024479166666666666 0.09444444444444444
1 0.46510416666666665 0.7597222222222222 0.052083333333333336 0.041666666666666664
1 0.7825520833333334 0.7523148148148148 0.027604166666666666 0.10092592592592593
1 0.3588385416666667 0.7264444444444444 0.04892708333333333 0.0602962962962963
1 0.5401041666666667 0.34953703703703703 0.019791666666666666 0.09112037037037037
1 0.568625 0.2101851851851852 0.048713541666666665 0.05
1 0.39817708333333335 0.5314814814814814 0.027604166666666666 0.08703703703703704
1 0.4786458333333333 0.5403611111111112 0.022916666666666665 0.09444444444444444
1 0.38515625 0.18524074074074073 0.0234375 0.0884537037037037
1 0.34739583333333335 0.562962962962963 0.020833333333333332 0.08888888888888889
1 0.5572447916666667 0.2978796296296296 0.05076041666666666 0.05
1 0.41953125 0.18946296296296297 0.0203125 0.0895925925925926
1 0.165625 0.9032407407407408 0.035416666666666666 0.08981481481481482
1 0.7307291666666667 0.6717592592592593 0.05625 0.04351851851851852
1 0.3533854166666667 0.7847222222222222 0.030729166666666665 0.08981481481481482
1 0.7434895833333334 0.7462962962962963 0.0578125 0.05185185185185185
1 0.19088541666666667 0.8439814814814814 0.0421875 0.0824074074074074
1 0.5581510416666667 0.358712962962963 0.021630208333333335 0.0909537037037037
1 0.40208333333333335 0.1938148148148148 0.020833333333333332 0.08948148148148148
1 0.2875 0.9252685185185184 0.022916666666666665 0.10130555555555555
1 0.46197916666666666 0.5208333333333334 0.023958333333333335 0.09537037037037037
1 0.4526354166666666 0.16230555555555554 0.049140625 0.048907407407407406
1 0.16717187500000003 0.6925925925925925 0.04996875 0.06111111111111111
1 0.7403645833333333 0.7097222222222223 0.0546875 0.04722222222222222
1 0.4974270833333333 0.5661481481481482 0.020895833333333332 0.09339814814814815
1 0.26911979166666666 0.9024814814814814 0.020833333333333332 0.10092592592592593
1 0.18328645833333335 0.8893518518518518 0.03636458333333333 0.08611111111111111
1 0.40286458333333336 0.7532407407407408 0.04114583333333333 0.08055555555555556
1 0.7856770833333333 0.6810185185185185 0.05677083333333333 0.049074074074074076
1 0.29961979166666663 0.7875 0.053411458333333335 0.03981481481481482
1 0.80390625 0.7625 0.024479166666666666 0.10092592592592593
1 0.7330729166666666 0.7888888888888889 0.05677083333333333 0.07777777777777778
1 0.24869791666666666 0.9319444444444445 0.021354166666666667 0.09722222222222222
1 0.4843125 0.6402777777777777 0.05011979166666667 0.062037037037037036
1 0.825 0.7652777777777777 0.022916666666666665 0.10092592592592593
1 0.29260416666666667 0.8532314814814815 0.04984375 0.06875
1 0.3134427083333333 0.6794537037037036 0.04253645833333333 0.08631481481481482
1 0.24534375 0.30296296296296293 0.031588541666666664 0.08357407407407408
1 0.72428125 0.33659259259259255 0.044807291666666665 0.07900925925925925
1 0.6982031249999999 0.21025 0.035994791666666665 0.0887962962962963
1 0.49932291666666667 0.4537962962962963 0.04003125 0.08487962962962962
1 0.5422916666666667 0.5899351851851852 0.038562500000000006 0.08423148148148148
1 0.5841614583333333 0.5951574074074074 0.04003125 0.0868425925925926
1 0.51015625 0.6865740740740741 0.04847916666666666 0.06986111111111111