1 0.4726875 0.7458148148148148 0.04833333333333333 0.07733333333333332
1 0.6583333333333333 0.8143518518518519 0.04791666666666667 0.07314814814814814
1 0.7341145833333333 0.8333333333333334 0.044270833333333336 0.09259259259259259
1 0.19088541666666667 0.9550925925925926 0.04635416666666667 0.06388888888888888
1 0.31366666666666665 0.837037037037037 0.048703125 0.07222222222222222
1 0.77421875 0.40879629629629627 0.0359375 0.08981481481481482
1 0.7692708333333333 0.8064814814814815 0.05 0.07407407407407407
1 0.43802083333333336 0.6805555555555556 0.04583333333333333 0.06666666666666667
1 0.359375 0.7236111111111111 0.04895833333333333 0.04537037037037037
1 0.6221354166666667 0.7810185185185186 0.05260416666666667 0.0712962962962963
1 0.16909375000000001 0.6724444444444444 0.052625000000000005 0.06160185185185185
1 0.4863072916666667 0.6939814814814815 0.05282291666666667 0.04537037037037037
1 0.19114583333333332 0.8444444444444444 0.042708333333333334 0.08148148148148149
1 0.30494791666666665 0.9347222222222222 0.0265625 0.10092592592592593
1 0.15807291666666667 0.6236111111111111 0.049479166666666664 0.062037037037037036
1 0.23385416666666667 0.5805555555555556 0.04479166666666667 0.06666666666666667
1 0.28958333333333336 0.5680555555555555 0.030208333333333334 0.08796296296296297
1 0.42526041666666664 0.6083333333333333 0.03802083333333333 0.08333333333333333
1 0.29821875000000003 0.7870370370370371 0.055328125 0.037037037037037035
1 0.8981770833333333 0.7921296296296296 0.030729166666666665 0.10092592592592593
1 0.503125 0.26944444444444443 0.03333333333333333 0.07962962962962963
1 0.3541666666666667 0.7861111111111111 0.029166666666666667 0.09074074074074075
1 0.3340625 0.6842592592592592 0.03896354166666667 0.08703703703703704
1 0.8771875 0.704537037037037 0.051041666666666666 0.08425925925925926
1 0.24765625 0.8275 0.025520833333333333 0.09760185185185184
1 0.8276041666666667 0.7333333333333333 0.046875 0.08333333333333333
1 0.44244791666666666 0.2851851851851852 0.024479166666666666 0.08518518518518518
1 0.7911458333333333 0.6175925925925926 0.051041666666666666 0.07962962962962963
1 0.7510416666666667 0.736574074074074 0.05416666666666667 0.058333333333333334
1 0.165625 0.9032407407407408 0.035416666666666666 0.08981481481481482
1 0.8747395833333333 0.7935185185185185 0.028645833333333332 0.1037037037037037
1 0.36125 0.5635277777777777 0.02041666666666667 0.09556481481481481
1 0.2078125 0.31203703703703706 0.030208333333333334 0.08703703703703704
1 0.74140625 0.27546296296296297 0.0515625 0.058333333333333334
1 0.2661979166666667 0.2865740740740741 0.04281770833333333 0.075
1 0.23072916666666668 0.3189814814814815 0.03125 0.0824074074074074
1 0.659375 0.25324074074074077 0.03854166666666667 0.08055555555555556
1 0.7927083333333333 0.7 0.05416666666666667 0.04814814814814815
1 0.3333333333333333 0.7828703703703703 0.027083333333333334 0.08981481481481482
1 0.40520833333333334 0.2875 0.017708333333333333 0.08611111111111111
1 0.84203125 0.8135185185185185 0.04427604166666667 0.10000925925925927
1 0.6765625 0.2814814814814815 0.029166666666666667 0.08703703703703704
1 0.47734375 0.23703703703703705 0.03802083333333333 0.07407407407407407
1 0.2875 0.924074074074074 0.022916666666666665 0.1
1 0.3111979166666667 0.5662037037037037 0.0234375 0.08796296296296297
1 0.18359375 0.8898148148148148 0.03697916666666667 0.08703703703703704
1 0.534375 0.6552777777777778 0.054802083333333335 0.04760185185185185
1 0.40338541666666666 0.5319444444444444 0.03177083333333333 0.09166666666666666
1 0.596875 0.6518518518518519 0.05416666666666667 0.05185185185185185
1 0.3145833333333333 0.6787037037037037 0.034375 0.08703703703703704
1 0.26328125 0.7851851851851852 0.0234375 0.0962962962962963
1 0.325 0.3773148148148148 0.029166666666666667 0.08796296296296297
1 0.27734375 0.5120370370370371 0.049479166666666664 0.04259259259259259
1 0.21197916666666666 0.632962962962963 0.03333333333333333 0.08963888888888889
1 0.3572916666666667 0.2513888888888889 0.022916666666666665 0.08425925925925926
1 0.8580729166666666 0.7555555555555555 0.028645833333333332 0.09814814814814815
1 0.31145833333333334 0.3976851851851852 0.029166666666666667 0.0824074074074074
1 0.6940572916666666 0.7920185185185186 0.046260416666666665 0.09558333333333334
1 0.6856770833333333 0.6439814814814815 0.05364583333333333 0.03611111111111111
1 0.26848958333333334 0.9037037037037037 0.021354166666666667 0.1
1 0.4588541666666667 0.5745370370370371 0.03854166666666667 0.08425925925925926
1 0.64140625 0.2074074074074074 0.024479166666666666 0.08888888888888889
1 0.8042812500000001 0.8291666666666667 0.059598958333333334 0.041666666666666664
1 0.7385416666666667 0.7736111111111111 0.05520833333333333 0.04351851851851852
1 0.6908854166666667 0.725925925925926 0.0421875 0.08703703703703704
1 0.7057291666666666 0.33240740740740743 0.040625 0.08333333333333333
1 0.4986979166666667 0.45416666666666666 0.0421875 0.075
1 0.32916666666666666 0.5472222222222223 0.020833333333333332 0.09074074074074075
1 0.24817708333333333 0.9324074074074075 0.021354166666666667 0.09814814814814815
1 0.46510416666666665 0.1574074074074074 0.040625 0.07407407407407407
1 0.27291666666666664 0.4027777777777778 0.030208333333333334 0.08333333333333333
1 0.7088541666666667 0.13564814814814816 0.0375 0.0824074074074074
1 0.48046875 0.5046296296296297 0.044270833333333336 0.06481481481481481
1 0.29140625 0.40185185185185185 0.030729166666666665 0.08333333333333333
1 0.7135416666666666 0.225 0.04791666666666667 0.05925925925925926
1 0.23958333333333334 0.47129629629629627 0.052083333333333336 0.05
1 0.7854166666666667 0.6611111111111111 0.05416666666666667 0.05555555555555555
1 0.3776041666666667 0.5291666666666667 0.019791666666666666 0.08796296296296297
1 0.18177083333333333 0.5212962962962963 0.051041666666666666 0.05925925925925926
1 0.5421875 0.5841666666666666 0.05 0.05203703703703704
1 0.28958333333333336 0.19212962962962962 0.04895833333333333 0.03981481481481482
1 0.4791666666666667 0.3912037037037037 0.04791666666666667 0.04537037037037037
1 0.47926041666666663 0.6645185185185185 0.052265624999999996 0.045037037037037035
1 0.20546875 0.5708333333333333 0.049479166666666664 0.058333333333333334
1 0.42932291666666667 0.5562962962962963 0.04719270833333333 0.061481481481481484
1 0.25796875 0.44722222222222224 0.050317708333333336 0.05555555555555555
1 0.6486979166666667 0.674537037037037 0.05364583333333333 0.03981481481481482
1 0.4703125 0.3560185185185185 0.051041666666666666 0.041666666666666664
1 0.50625 0.6277777777777778 0.053125 0.03888888888888889
1 0.7289583333333333 0.33647222222222223 0.040625 0.08888888888888889
1 0.7554166666666667 0.575925925925926 0.056671875000000003 0.053703703703703705
1 0.39895833333333336 0.18611111111111112 0.025 0.08703703703703704
1 0.42291666666666666 0.2662037037037037 0.020833333333333332 0.08981481481481482
1 0.6267499999999999 0.7083703703703703 0.05282291666666667 0.06898148148148148
1 0.6453125 0.12361111111111112 0.04583333333333333 0.06574074074074074
1 0.46041666666666664 0.44351851851851853 0.03854166666666667 0.07777777777777778
1 0.22729166666666664 0.500462962962963 0.05271354166666666 0.04722222222222222
1 0.45026041666666666 0.20462962962962963 0.024479166666666666 0.08333333333333333
1 0.6888020833333334 0.19583333333333333 0.050520833333333334 0.04351851851851852
1 0.6265625 0.5662037037037037 0.053125 0.049074074074074076
1 0.7559895833333333 0.537962962962963 0.05364583333333333 0.05555555555555555
1 0.79640625 0.764 0.03969270833333333 0.09465740740740741
1 0.1940625 0.6411944444444444 0.03583854166666667 0.08427777777777777
1 0.7623958333333333 0.3685185185185185 0.037296875 0.08703703703703704
1 0.5576614583333334 0.6108796296296296 0.05178125 0.050462962962962966
1 0.3033854166666667 0.24259259259259258 0.021354166666666667 0.08518518518518518
1 0.28786458333333337 0.25092592592592594 0.02364583333333333 0.08703703703703704
1 0.4864583333333333 0.5981481481481481 0.052083333333333336 0.044444444444444446
1 0.7096354166666666 0.26666666666666666 0.044270833333333336 0.06296296296296296
1 0.32005208333333335 0.2273148148148148 0.0203125 0.08425925925925926
1 0.259375 0.17407407407407408 0.042708333333333334 0.05
1 0.4354166666666667 0.18472222222222223 0.025 0.08796296296296297
1 0.2591145833333333 0.23287037037037037 0.03802083333333333 0.0824074074074074
1 0.46536458333333336 0.48194444444444445 0.0421875 0.0712962962962963
1 0.42526041666666664 0.4936111111111111 0.036984375 0.07611111111111112
1 0.5975052083333333 0.5844444444444444 0.052296875 0.05592592592592593
1 0.20963541666666666 0.21481481481481482 0.0359375 0.07592592592592592
1 0.19114583333333332 0.5486111111111112 0.04479166666666667 0.05462962962962963
1 0.7463541666666667 0.6398148148148148 0.036458333333333336 0.08518518518518518
1 0.6770833333333334 0.1675925925925926 0.05 0.05185185185185185
1 0.23125 0.16342592592592592 0.046875 0.05092592592592592
1 0.5103125 0.5606481481481481 0.05333854166666666 0.03796296296296296
1 0.6661458333333333 0.1412037037037037 0.046875 0.058333333333333334
1 0.4171875 0.18564814814814815 0.023958333333333335 0.08425925925925926
1 0.66171875 0.7399166666666667 0.0234375 0.10204629629629629
1 0.6222447916666667 0.6317592592592592 0.053656249999999996 0.05649074074074074
1 0.4432291666666667 0.40879629629629627 0.022916666666666665 0.08425925925925926
1 0.23489583333333333 0.21944444444444444 0.0375 0.07777777777777778
1 0.4565989583333333 0.6357777777777778 0.05381770833333333 0.039546296296296295
1 0.6556875000000001 0.6108333333333333 0.05825 0.04575
1 0.29120833333333335 0.8531574074074074 0.05325 0.06926851851851852
1 0.15625 0.5856481481481481 0.04791666666666667 0.062037037037037036
1 0.62734375 0.7472222222222222 0.049479166666666664 0.06666666666666667
1 0.24427083333333333 0.30462962962962964 0.03125 0.08148148148148149
1 0.7039114583333334 0.7015185185185185 0.045468749999999995 0.08899074074074075
1 0.7449947916666667 0.3537314814814815 0.03920833333333333 0.08899074074074075