1 0.30963541666666666 0.4097222222222222 0.0515625 0.04722222222222222
1 0.44583333333333336 0.3633425925925926 0.042708333333333334 0.07592592592592592
1 0.28567708333333336 0.5444444444444444 0.049479166666666664 0.07407407407407407
1 0.37186458333333333 0.5532407407407407 0.04602604166666667 0.07386111111111111
1 0.33729166666666666 0.3761203703703703 0.036046875 0.08373148148148149
1 0.49479687499999997 0.7171296296296297 0.050005208333333336 0.062037037037037036
1 0.3106770833333333 0.1699074074074074 0.04739583333333333 0.05462962962962963
1 0.4199427083333333 0.6203703703703703 0.04241145833333334 0.08518518518518518
1 0.6591510416666666 0.28074074074074074 0.051057291666666664 0.06336111111111112
1 0.42916666666666664 0.7337962962962963 0.04375 0.08611111111111111
1 0.3691510416666667 0.7179537037037037 0.04039583333333333 0.08737962962962964
1 0.47584375 0.7650833333333333 0.05480729166666667 0.04947222222222222
1 0.545671875 0.6765740740740741 0.03261458333333333 0.095
1 0.4862916666666666 0.636462962962963 0.05239583333333333 0.06406481481481481
1 0.4096822916666667 0.573037037037037 0.035416666666666666 0.08981481481481482
1 0.36122916666666666 0.6220462962962963 0.041421875000000004 0.08148148148148149
1 0.6486979166666667 0.11203703703703703 0.030729166666666665 0.08518518518518518
1 0.2828125 0.2865740740740741 0.04895833333333333 0.075
1 0.4822916666666667 0.5520277777777778 0.046875 0.07037037037037037
1 0.40504166666666663 0.7438148148148148 0.04115104166666667 0.09169444444444444
1 0.5299479166666666 0.5435185185185185 0.05260416666666667 0.053703703703703705
1 0.30438541666666663 0.8455648148148148 0.05460416666666667 0.052231481481481476
1 0.29375 0.6525092592592593 0.04479166666666667 0.0824074074074074
1 0.6390625 0.6486111111111111 0.05416666666666667 0.05462962962962963
1 0.3375 0.43703703703703706 0.05416666666666667 0.037037037037037035
1 0.247390625 0.3520185185185185 0.04332291666666667 0.07923148148148147
1 0.22974479166666667 0.4787037037037037 0.03657291666666666 0.08518518518518518
1 0.28489583333333335 0.8736111111111111 0.05520833333333333 0.04722222222222222
1 0.29372395833333337 0.7588796296296296 0.05248958333333333 0.0670462962962963
1 0.446875 0.1527777777777778 0.05 0.044444444444444446
1 0.41458333333333336 0.3824074074074074 0.036458333333333336 0.08518518518518518
1 0.45323958333333336 0.245462962962963 0.051270833333333335 0.05352777777777778
1 0.7596354166666667 0.5689814814814815 0.0515625 0.07685185185185185
1 0.59453125 0.5851851851851851 0.030729166666666665 0.08703703703703704
1 0.3894739583333333 0.33359259259259255 0.03980729166666667 0.0782962962962963
1 0.584375 0.2828703703703704 0.053125 0.05092592592592592
1 0.7252604166666666 0.32037037037037036 0.05677083333333333 0.05925925925925926
1 0.44765625 0.6069444444444444 0.025520833333333333 0.09351851851851851
1 0.19947916666666668 0.5541666666666667 0.025 0.09166666666666666
1 0.4673072916666667 0.500824074074074 0.053369791666666666 0.052055555555555556
1 0.7078125 0.5537037037037037 0.03854166666666667 0.08518518518518518
1 0.32265625 0.14166666666666666 0.04739583333333333 0.053703703703703705
1 0.5677083333333334 0.6310185185185185 0.051041666666666666 0.06388888888888888
1 0.6575520833333334 0.562037037037037 0.04635416666666667 0.07592592592592592
1 0.7239583333333334 0.3648148148148148 0.05416666666666667 0.053703703703703705
1 0.4515677083333333 0.18287037037037038 0.052098958333333334 0.04351851851851852
1 0.5138020833333333 0.2564814814814815 0.0421875 0.07777777777777778
1 0.4205729166666667 0.7935185185185185 0.05260416666666667 0.04814814814814815
1 0.2911458333333333 0.35185185185185186 0.026041666666666668 0.08703703703703704
1 0.34609375 0.29907407407407405 0.0453125 0.08703703703703704
1 0.6145729166666667 0.29785185185185187 0.03958854166666667 0.08203703703703703
1 0.33567708333333335 0.6175925925925926 0.0484375 0.08333333333333333
1 0.6164531249999999 0.21666666666666667 0.03313541666666667 0.08779629629629629
1 0.6848958333333334 0.5560185185185185 0.036458333333333336 0.08611111111111111
1 0.26750520833333336 0.15350925925925926 0.048552083333333336 0.06075925925925926
1 0.33984375 0.4986111111111111 0.0515625 0.04351851851851852
1 0.5124114583333333 0.5938703703703704 0.04708333333333334 0.07001851851851852
1 0.7854791666666666 0.740287037037037 0.051171875 0.0898425925925926
1 0.8356770833333333 0.7518518518518519 0.050520833333333334 0.07407407407407407
1 0.478546875 0.13408333333333333 0.026885416666666665 0.09224074074074075
1 0.55390625 0.25972222222222224 0.0546875 0.03981481481481482
1 0.65546875 0.6212962962962963 0.0546875 0.04814814814814815
1 0.35063020833333336 0.8236111111111111 0.05438020833333333 0.041666666666666664
1 0.5638020833333334 0.19212962962962962 0.033854166666666664 0.0824074074074074
1 0.3786875 0.14220370370370372 0.04679166666666667 0.07300000000000001
1 0.20286458333333332 0.41574074074074074 0.028645833333333332 0.09259259259259259
1 0.7291666666666666 0.7337962962962963 0.053125 0.06944444444444445
1 0.5978072916666667 0.21010185185185185 0.032505208333333334 0.08687037037037036
1 0.6825520833333333 0.4111111111111111 0.05364583333333333 0.046296296296296294
1 0.18270312500000002 0.5378888888888889 0.023130208333333332 0.0942962962962963
1 0.5091145833333334 0.20833333333333334 0.04010416666666667 0.08333333333333333
1 0.302859375 0.48928703703703696 0.04115104166666667 0.08226851851851852
1 0.5408854166666667 0.1935185185185185 0.043229166666666666 0.08518518518518518
1 0.24365104166666668 0.4597222222222222 0.03521875 0.08611111111111111
1 0.403125 0.12037037037037036 0.051041666666666666 0.05
1 0.529640625 0.6991666666666667 0.03115625 0.09687037037037037
1 0.6197916666666666 0.36064814814814816 0.01875 0.09722222222222222
1 0.45078125 0.4791666666666667 0.05260416666666667 0.04537037037037037
1 0.7346354166666667 0.43657407407407406 0.0515625 0.06574074074074074
1 0.2989583333333333 0.8048240740740741 0.053125 0.059657407407407416
1 0.7731770833333333 0.4703703703703704 0.050520833333333334 0.08148148148148149
1 0.22395833333333334 0.32037037037037036 0.051041666666666666 0.053703703703703705
1 0.5114583333333333 0.14444444444444443 0.046875 0.05185185185185185
1 0.38322395833333334 0.29544444444444445 0.038953125000000005 0.07828703703703703
1 0.27103125 0.49545370370370373 0.052734375 0.06979629629629629
1 0.7385416666666667 0.5476851851851852 0.042708333333333334 0.0787037037037037
1 0.6515625 0.44722222222222224 0.05520833333333333 0.05185185185185185
1 0.36453125 0.24080555555555555 0.03966666666666666 0.07427777777777778
1 0.45234375 0.5393518518518519 0.05364583333333333 0.049074074074074076
1 0.6783854166666666 0.1837962962962963 0.0203125 0.09537037037037037
1 0.3807291666666667 0.4625 0.035416666666666666 0.08611111111111111
1 0.21822916666666667 0.3902777777777778 0.03125 0.09351851851851851
1 0.2755677083333333 0.20627777777777778 0.034895833333333334 0.08333333333333333
1 0.31302083333333336 0.3449074074074074 0.025 0.0824074074074074
1 0.44744791666666667 0.2825740740740741 0.049479166666666664 0.05555555555555555
1 0.7420364583333333 0.20879629629629629 0.036161458333333334 0.08981481481481482
1 0.34765625 0.674537037037037 0.0515625 0.03981481481481482
1 0.39947916666666666 0.2101851851851852 0.029166666666666667 0.08518518518518518
1 0.7953125 0.6699074074074074 0.053125 0.08055555555555556
1 0.5453125 0.3384259259259259 0.04583333333333333 0.075
1 0.5559895833333334 0.1287037037037037 0.0515625 0.040740740740740744
1 0.4875 0.43148148148148147 0.021875 0.09444444444444444
1 0.6578125 0.4791574074074074 0.05416666666666667 0.052787037037037035
1 0.7703125 0.6486111111111111 0.03958333333333333 0.08425925925925926
1 0.7230260416666667 0.46343518518518517 0.05230729166666667 0.06576851851851852
1 0.46043229166666666 0.7194166666666667 0.04378125 0.08154629629629628
1 0.715625 0.1300925925925926 0.04895833333333333 0.06018518518518518
1 0.5421875 0.4097222222222222 0.020833333333333332 0.10092592592592593
1 0.5848020833333333 0.18644444444444447 0.03209895833333334 0.09193518518518519
1 0.3338541666666667 0.7064814814814815 0.051041666666666666 0.040740740740740744
1 0.77265625 0.3976851851851852 0.05260416666666667 0.06574074074074074
1 0.6364583333333333 0.21944444444444444 0.030208333333333334 0.08703703703703704
1 0.7155520833333333 0.49110185185185184 0.05555208333333333 0.0692962962962963
1 0.18129166666666666 0.6761944444444444 0.04054166666666667 0.08981481481481482
1 0.4042760416666667 0.6759259259259259 0.051265625 0.06111111111111111
1 0.3338541666666667 0.5666666666666667 0.04791666666666667 0.046296296296296294
1 0.7151041666666667 0.19305555555555556 0.020833333333333332 0.09351851851851851
1 0.3268229166666667 0.5324074074074074 0.0515625 0.040740740740740744
1 0.41484375 0.45046296296296295 0.03177083333333333 0.08611111111111111
1 0.6375 0.3287037037037037 0.019791666666666666 0.10185185185185185
1 0.5953125 0.5046296296296297 0.022916666666666665 0.1037037037037037
1 0.4940104166666667 0.3314814814814815 0.028645833333333332 0.0962962962962963
1 0.6626093750000001 0.15458333333333332 0.024182291666666668 0.09268518518518518
1 0.30869270833333334 0.23370370370370372 0.038036458333333335 0.08446296296296296
1 0.453125 0.41064814814814815 0.052083333333333336 0.04537037037037037
1 0.35985416666666664 0.7880555555555556 0.054921875 0.046120370370370374
1 0.27255729166666665 0.11416666666666667 0.049281250000000006 0.06093518518518519
1 0.5979166666666667 0.4050925925925926 0.01875 0.10462962962962963
1 0.21770833333333334 0.28379629629629627 0.05 0.06574074074074074
1 0.280578125 0.4482407407407408 0.05658333333333333 0.041666666666666664
1 0.3149375 0.7430462962962963 0.051375 0.06389814814814815
1 0.5559895833333334 0.48333333333333334 0.050520833333333334 0.03888888888888889
1 0.6719375 0.5074074074074074 0.055328125 0.05
1 0.21302083333333333 0.5935185185185186 0.026041666666666668 0.09444444444444444
1 0.50546875 0.43287037037037035 0.0203125 0.09351851851851851
1 0.26588541666666665 0.4041666666666667 0.0421875 0.0787037037037037
1 0.38828125 0.4217592592592593 0.03177083333333333 0.10277777777777777
1 0.23046875 0.5925925925925926 0.024479166666666666 0.09444444444444444
1 0.5267239583333333 0.38342592592592595 0.022395833333333334 0.09308333333333334
1 0.65859375 0.3402777777777778 0.021354166666666667 0.09351851851851851
1 0.5221354166666666 0.46435185185185185 0.022395833333333334 0.10092592592592593
1 0.6186510416666666 0.1300925925925926 0.03521875 0.08055555555555556
1 0.1859375 0.35694444444444445 0.028125 0.08981481481481482
1 0.44140625 0.6703703703703704 0.04635416666666667 0.06481481481481481
1 0.478125 0.3162037037037037 0.028125 0.09537037037037037
1 0.5527708333333333 0.5162037037037037 0.05449479166666667 0.041666666666666664
1 0.5600468749999999 0.4215925925925926 0.0203125 0.09722222222222222
1 0.7200520833333334 0.6185185185185185 0.05572916666666667 0.03888888888888889
1 0.8122395833333333 0.6125 0.0546875 0.06018518518518518
1 0.58046875 0.4217592592592593 0.019270833333333334 0.09907407407407408
1 0.7230364583333333 0.2587962962962963 0.054411458333333336 0.03981481481481482
1 0.69609375 0.18194444444444444 0.0203125 0.09351851851851851
1 0.18671875 0.4410925925925926 0.024479166666666666 0.09373148148148149
1 0.21979166666666666 0.7379629629629629 0.040625 0.08518518518518518
1 0.413484375 0.18114814814814814 0.03303645833333333 0.08617592592592592
1 0.749234375 0.41335185185185186 0.05159895833333333 0.06744444444444445
1 0.6799479166666667 0.10231481481481482 0.0234375 0.08611111111111111
1 0.23411458333333332 0.21388888888888888 0.030729166666666665 0.08888888888888889
1 0.454375 0.21600925925925926 0.049380208333333335 0.0531574074074074
1 0.7247395833333333 0.6504629629629629 0.0546875 0.041666666666666664
1 0.4177708333333333 0.26289814814814816 0.030921874999999998 0.08881481481481482
1 0.2872708333333333 0.6178611111111111 0.04520833333333333 0.08372222222222223
1 0.31003125 0.6697685185185185 0.04301041666666667 0.08930555555555555
1 0.38694791666666667 0.7317222222222222 0.03986979166666667 0.09041666666666667
1 0.5305833333333333 0.6103240740740741 0.04583854166666667 0.07981481481481481
1 0.57375 0.5779537037037038 0.03421875 0.09432407407407407
1 0.49259375 0.5793518518518519 0.04834895833333333 0.07144444444444444
1 0.3794166666666667 0.6086574074074075 0.044895833333333336 0.07869444444444444
1 0.19983333333333334 0.6879074074074074 0.041755208333333335 0.08874074074074075
1 0.20940625 0.7147037037037037 0.04206770833333333 0.08874074074074075
1 0.2156875 0.4981388888888889 0.03453645833333333 0.08762962962962963
1 0.19935937499999998 0.2698611111111111 0.04897916666666667 0.07312037037037036
1 0.26152604166666665 0.36530555555555555 0.04583854166666667 0.07869444444444444
1 0.3634010416666667 0.3736759259259259 0.02040625 0.09321296296296297
1 0.34629166666666666 0.4747037037037037 0.052744791666666666 0.04632407407407407
1 0.253046875 0.22213888888888889 0.03390625 0.08372222222222223
1 0.2635677083333333 0.2952592592592593 0.04615104166666666 0.06474074074074074
1 0.33467708333333335 0.3200925925925926 0.04206770833333333 0.07758333333333334
1 0.3225885416666667 0.25227777777777777 0.038614583333333334 0.08818518518518519
1 0.292921875 0.2210277777777778 0.03641666666666667 0.08372222222222223
1 0.333578125 0.11804629629629629 0.04991666666666667 0.06864814814814815
1 0.3758020833333333 0.26512037037037034 0.043328125 0.07813888888888888
1 0.40547395833333333 0.34827777777777774 0.037359375 0.08372222222222223
1 0.44613020833333333 0.31730555555555556 0.049604166666666664 0.057490740740740745
1 0.49243750000000003 0.20064814814814813 0.037989583333333334 0.08986111111111111
1 0.5115885416666667 0.3390740740740741 0.028567708333333334 0.08986111111111111
1 0.55303125 0.30949074074074073 0.04552604166666666 0.06864814814814815
1 0.6688802083333333 0.2542314814814815 0.04991666666666667 0.07087962962962963
1 0.45225000000000004 0.4451203703703704 0.052432291666666665 0.04967592592592592
1 0.38506770833333337 0.5319074074074075 0.044895833333333336 0.07478703703703703
1 0.4161458333333333 0.5146111111111111 0.0536875 0.04241666666666667
1 0.47736979166666665 0.6667037037037037 0.0536875 0.0619537037037037
1 0.7334010416666668 0.7015833333333333 0.05588541666666667 0.06362962962962963
1 0.8249166666666666 0.7188888888888889 0.05180208333333333 0.07813888888888888
1 0.8118854166666666 0.6901388888888889 0.050234375000000005 0.07758333333333334
1 0.7713854166666666 0.5888425925925926 0.05211458333333333 0.07925925925925925
1 0.785203125 0.4906111111111111 0.04583854166666667 0.0859537037037037
1 0.7443854166666667 0.30641666666666667 0.054000000000000006 0.059166666666666666
1 0.3634010416666667 0.2017685185185185 0.04615104166666666 0.07535185185185185
1 0.3494322916666667 0.18027777777777776 0.043953125 0.07813888888888888