0 0.6622395833333333 0.6444444444444445 0.028645833333333332 0.04814814814814815
0 0.2755208333333333 0.6333333333333333 0.026041666666666668 0.044444444444444446
0 0.22734375 0.7620370370370371 0.027604166666666666 0.046296296296296294
0 0.3776041666666667 0.18888888888888888 0.022916666666666665 0.03888888888888889
0 0.60546875 0.7282407407407407 0.0265625 0.04537037037037037
0 0.609375 0.8111111111111111 0.026041666666666668 0.046296296296296294
0 0.54921875 0.2587962962962963 0.0234375 0.03796296296296296
0 0.19453125 0.7962962962962963 0.0265625 0.044444444444444446
0 0.2752604166666667 0.5662037037037037 0.025520833333333333 0.041666666666666664
0 0.103125 0.7083333333333334 0.028125 0.04259259259259259
0 0.35104166666666664 0.31203703703703706 0.022916666666666665 0.03888888888888889
0 0.3341145833333333 0.4351851851851852 0.024479166666666666 0.040740740740740744
0 0.18385416666666668 0.7564814814814815 0.027083333333333334 0.046296296296296294
0 0.2630208333333333 0.3648148148148148 0.023958333333333335 0.03888888888888889
0 0.6533854166666667 0.7891944444444445 0.027682291666666668 0.05214814814814815
0 0.634375 0.8166666666666667 0.025 0.046296296296296294
0 0.5877604166666667 0.6509259259259259 0.0234375 0.04259259259259259
0 0.09635416666666667 0.6680555555555555 0.026041666666666668 0.041666666666666664
0 0.16510416666666666 0.6185185185185185 0.025 0.040740740740740744
0 0.2703125 0.45416666666666666 0.022916666666666665 0.03981481481481482
0 0.11171875 0.6328703703703704 0.025520833333333333 0.04351851851851852
0 0.6861979166666666 0.45185185185185184 0.0234375 0.04259259259259259
0 0.5638020833333334 0.6444444444444445 0.0234375 0.040740740740740744
0 0.11640625 0.575462962962963 0.024479166666666666 0.041666666666666664
0 0.21822916666666667 0.5027777777777778 0.025 0.040740740740740744
0 0.171875 0.45694444444444443 0.023958333333333335 0.03981481481481482
0 0.3768229166666667 0.611574074074074 0.0234375 0.041666666666666664
0 0.13723958333333333 0.549074074074074 0.024479166666666666 0.040740740740740744
0 0.18567708333333333 0.5365740740740741 0.025520833333333333 0.041666666666666664
0 0.1578125 0.5810185185185185 0.025 0.03981481481481482
0 0.13802083333333334 0.6203703703703703 0.025 0.040740740740740744
0 0.6856770833333333 0.21435185185185185 0.022395833333333334 0.03981481481481482
0 0.3609375 0.5032407407407408 0.022916666666666665 0.03981481481481482
0 0.12526041666666668 0.3638888888888889 0.024479166666666666 0.040740740740740744
0 0.25 0.43657407407407406 0.022916666666666665 0.03981481481481482
0 0.6825520833333333 0.41388888888888886 0.022395833333333334 0.037037037037037035
0 0.35546875 0.5787037037037037 0.0234375 0.04259259259259259
0 0.7174479166666666 0.1486111111111111 0.022395833333333334 0.03796296296296296
0 0.5510416666666667 0.6095833333333334 0.025078125 0.04337037037037037
0 0.6611979166666667 0.2824074074074074 0.022395833333333334 0.03888888888888889
0 0.66328125 0.4393518518518518 0.022395833333333334 0.03981481481481482
0 0.4713541666666667 0.575462962962963 0.022916666666666665 0.03796296296296296
0 0.4796875 0.3685185185185185 0.022916666666666665 0.03888888888888889
0 0.48463541666666665 0.30462962962962964 0.021354166666666667 0.03888888888888889
0 0.3138020833333333 0.31203703703703706 0.022395833333333334 0.03888888888888889
0 0.30755208333333334 0.2601851851851852 0.021354166666666667 0.037037037037037035
0 0.6484375 0.34444444444444444 0.022916666666666665 0.03888888888888889
0 0.5723958333333333 0.5998611111111112 0.024036458333333333 0.04685185185185185
0 0.41640625 0.4638888888888889 0.022395833333333334 0.040740740740740744
0 0.14609375 0.3296296296296296 0.0234375 0.03888888888888889
0 0.6198125 0.17887962962962964 0.022953125 0.03738888888888889
0 0.6158854166666666 0.44212962962962965 0.022395833333333334 0.03981481481481482
0 0.639703125 0.25637037037037036 0.02315625 0.040518518518518516
0 0.4594947916666667 0.3177685185185185 0.02315625 0.03738888888888889
0 0.4236979166666667 0.5731481481481482 0.022395833333333334 0.03888888888888889
0 0.2942708333333333 0.2023148148148148 0.021875 0.03796296296296296
0 0.20885416666666667 0.3675925925925926 0.022916666666666665 0.03888888888888889
0 0.5520833333333334 0.4111111111111111 0.021875 0.03888888888888889
0 0.14635416666666667 0.1824074074074074 0.021875 0.037037037037037035
0 0.5013020833333334 0.4527777777777778 0.021354166666666667 0.03888888888888889
0 0.16692708333333334 0.15925925925925927 0.021354166666666667 0.03888888888888889
0 0.70390625 0.08796296296296297 0.022395833333333334 0.037037037037037035
0 0.17239583333333333 0.4199074074074074 0.022916666666666665 0.03796296296296296
0 0.18255208333333334 0.2967592592592593 0.022395833333333334 0.03796296296296296
0 0.28463541666666664 0.2601851851851852 0.022395833333333334 0.037037037037037035
0 0.353125 0.5416666666666666 0.022916666666666665 0.040740740740740744
0 0.4153645833333333 0.538425925925926 0.022395833333333334 0.03796296296296296
0 0.38385416666666666 0.5361111111111111 0.022916666666666665 0.03888888888888889
0 0.556546875 0.5606481481481481 0.023515625 0.041805555555555554
0 0.5596354166666667 0.11388888888888889 0.021354166666666667 0.03888888888888889
0 0.5776822916666667 0.5465092592592593 0.023473958333333333 0.04301851851851852
0 0.4010416666666667 0.5763888888888888 0.021875 0.03796296296296296
0 0.5796875 0.40324074074074073 0.021875 0.03796296296296296
0 0.2950520833333333 0.14444444444444443 0.022395833333333334 0.03888888888888889
0 0.673359375 0.17104629629629628 0.02315625 0.040240740740740744
0 0.6473333333333334 0.1696574074074074 0.022791666666666665 0.04116666666666667
0 0.5596354166666667 0.47129629629629627 0.022395833333333334 0.03888888888888889
0 0.44114583333333335 0.5486111111111112 0.021875 0.03796296296296296
0 0.61640625 0.3101851851851852 0.022395833333333334 0.037037037037037035
0 0.5104375 0.5459722222222222 0.024395833333333335 0.041518518518518524
0 0.584375 0.5050925925925925 0.021875 0.03981481481481482
0 0.539 0.37453703703703706 0.023515625 0.043083333333333335
0 0.18776041666666668 0.38796296296296295 0.022395833333333334 0.037037037037037035
0 0.18697916666666667 0.35138888888888886 0.022916666666666665 0.03611111111111111
0 0.23030729166666666 0.23062037037037036 0.023114583333333334 0.04087962962962963
0 0.6226770833333333 0.4050925925925926 0.023875 0.0399537037037037
0 0.5622395833333333 0.07916666666666666 0.021354166666666667 0.03611111111111111
0 0.6502604166666667 0.05555555555555555 0.021354166666666667 0.037037037037037035
0 0.49897916666666664 0.510537037037037 0.024395833333333335 0.04400925925925926
0 0.18359375 0.22175925925925927 0.022395833333333334 0.03796296296296296
0 0.593453125 0.06873148148148149 0.022473958333333332 0.04116666666666667
0 0.46171875 0.5166666666666667 0.021354166666666667 0.03888888888888889
0 0.5826718750000001 0.09558333333333334 0.021593750000000002 0.039314814814814816
0 0.16536458333333334 0.24444444444444444 0.022395833333333334 0.037037037037037035
0 0.6854166666666667 0.13148148148148148 0.021875 0.037037037037037035
0 0.24925520833333334 0.2096111111111111 0.023515625 0.03959259259259259
0 0.37864583333333335 0.5736111111111111 0.021875 0.03796296296296296
0 0.6315104166666666 0.13472222222222222 0.021354166666666667 0.03611111111111111
0 0.2046875 0.2518518518518518 0.021875 0.037037037037037035
0 0.696734375 0.16302777777777777 0.02263541666666667 0.04087962962962963
0 0.25234375 0.14351851851851852 0.022395833333333334 0.03888888888888889
0 0.58359375 0.36574074074074076 0.021354166666666667 0.03518518518518519
0 0.222953125 0.1983611111111111 0.022994791666666667 0.039314814814814816
0 0.6604166666666667 0.13564814814814816 0.021875 0.03611111111111111
0 0.6383177083333333 0.08725000000000001 0.022473958333333332 0.039314814814814816
0 0.27852604166666667 0.17104629629629628 0.02315625 0.040240740740740744
0 0.537796875 0.5400555555555555 0.023515625 0.043083333333333335
0 0.47760416666666666 0.5388888888888889 0.021875 0.037037037037037035
0 0.5556666666666668 0.3520277777777778 0.023911458333333333 0.04123148148148148
0 0.64140625 0.45 0.022395833333333334 0.03888888888888889
0 0.24290625 0.17488888888888887 0.0233125 0.040518518518518516
0 0.6057291666666667 0.38055555555555554 0.022916666666666665 0.037037037037037035
0 0.65703125 0.10324074074074074 0.0203125 0.03425925925925926
0 0.6173072916666666 0.07926851851851852 0.022114583333333333 0.04187037037037037
0 0.18307291666666667 0.25972222222222224 0.021354166666666667 0.03611111111111111
0 0.5285208333333333 0.47208333333333335 0.023713541666666667 0.042444444444444444
0 0.6127187500000001 0.34682407407407406 0.02335416666666667 0.0399537037037037
0 0.5622395833333333 0.5162037037037037 0.022395833333333334 0.03981481481481482
0 0.5214739583333333 0.5115740740740741 0.02315625 0.043083333333333335
0 0.542890625 0.5011018518518519 0.023432291666666667 0.042509259259259254