1 0.7971354166666667 0.5708333333333333 0.05677083333333333 0.03611111111111111
1 0.20625 0.7199074074074074 0.030208333333333334 0.09351851851851851
1 0.6604166666666667 0.6092592592592593 0.0375 0.08703703703703704
1 0.684375 0.31342592592592594 0.052083333333333336 0.04351851851851852
1 0.6963541666666667 0.2064814814814815 0.051041666666666666 0.03888888888888889
1 0.6598958333333333 0.23472222222222222 0.05 0.03611111111111111
1 0.6759479166666666 0.6803611111111111 0.036270833333333335 0.09481481481481482
1 0.7044270833333334 0.12685185185185185 0.0234375 0.09074074074074075
1 0.6966145833333334 0.3402777777777778 0.05677083333333333 0.041666666666666664
1 0.4315104166666667 0.2037037037037037 0.049479166666666664 0.06666666666666667
1 0.19010416666666666 0.7060185185185185 0.028125 0.09722222222222222
1 0.37057291666666664 0.10092592592592593 0.04635416666666667 0.06296296296296296
1 0.19505208333333332 0.43425925925925923 0.028645833333333332 0.09259259259259259
1 0.17265625 0.45185185185185184 0.0296875 0.08888888888888889
1 0.46458333333333335 0.3189814814814815 0.046875 0.05277777777777778
1 0.23567708333333334 0.7388888888888889 0.0296875 0.09444444444444444
1 0.5119791666666667 0.39444444444444443 0.04791666666666667 0.06111111111111111
1 0.44479166666666664 0.36342592592592593 0.04895833333333333 0.058333333333333334
1 0.4244791666666667 0.7162037037037037 0.03333333333333333 0.10277777777777777
1 0.6638020833333333 0.44722222222222224 0.022395833333333334 0.09259259259259259
1 0.6184166666666666 0.5291666666666667 0.05520833333333333 0.041666666666666664
1 0.34270833333333334 0.38796296296296295 0.051041666666666666 0.046296296296296294
1 0.31747916666666665 0.11435185185185186 0.050703124999999995 0.04537037037037037
1 0.3828125 0.39675925925925926 0.04375 0.0787037037037037
1 0.6959062500000001 0.5328703703703703 0.052656249999999995 0.06922222222222223
1 0.5826770833333333 0.4370925925925926 0.05364583333333333 0.05925925925925926
1 0.64765625 0.20324074074074075 0.05364583333333333 0.03425925925925926
1 0.45 0.5856481481481481 0.020833333333333332 0.10277777777777777
1 0.6263020833333334 0.31203703703703706 0.033854166666666664 0.08333333333333333
1 0.5015625 0.3523148148148148 0.051041666666666666 0.058333333333333334
1 0.5822604166666667 0.47665740740740736 0.05275 0.06998148148148148
1 0.6932291666666667 0.25925925925925924 0.04583333333333333 0.07777777777777778
1 0.5731770833333333 0.3087962962962963 0.0453125 0.07314814814814814
1 0.549484375 0.5631574074074075 0.057291666666666664 0.04537037037037037
1 0.6549479166666666 0.2935185185185185 0.04114583333333333 0.08888888888888889
1 0.33125 0.25324074074074077 0.025 0.09166666666666666
1 0.6387239583333333 0.7108888888888889 0.044119791666666665 0.08998148148148148
1 0.7513802083333334 0.2818888888888889 0.04172916666666667 0.07891666666666668
1 0.5895833333333333 0.7101851851851851 0.036458333333333336 0.09814814814814815
1 0.6838541666666667 0.37407407407407406 0.05520833333333333 0.037037037037037035
1 0.6059895833333333 0.36944444444444446 0.0515625 0.040740740740740744
1 0.4875 0.6148148148148148 0.022916666666666665 0.09259259259259259
1 0.2638020833333333 0.23333333333333334 0.04010416666666667 0.07777777777777778
1 0.4835260416666667 0.5552870370370371 0.05350520833333334 0.043898148148148144
1 0.7184895833333333 0.2611111111111111 0.04114583333333333 0.08148148148148149
1 0.6466145833333333 0.1712962962962963 0.049479166666666664 0.03518518518518519
1 0.42630208333333336 0.5 0.0453125 0.07592592592592592
1 0.43411458333333336 0.6106481481481482 0.022395833333333334 0.10277777777777777
1 0.3059895833333333 0.31574074074074077 0.0515625 0.03518518518518519
1 0.6143229166666667 0.7138888888888889 0.03697916666666667 0.09259259259259259
1 0.6033854166666667 0.5550925925925926 0.0546875 0.04351851851851852
1 0.46875 0.711574074074074 0.04375 0.0824074074074074
1 0.18984375 0.3453703703703704 0.05364583333333333 0.040740740740740744
1 0.6919427083333333 0.7430555555555556 0.056796875 0.04351851851851852
1 0.766921875 0.2120277777777778 0.045307291666666666 0.08147222222222222
1 0.45141145833333335 0.6740462962962963 0.022916666666666665 0.10277777777777777
1 0.5986979166666667 0.40370370370370373 0.05260416666666667 0.037037037037037035
1 0.42890625 0.41898148148148145 0.04739583333333333 0.06944444444444445
1 0.3966145833333333 0.7680555555555556 0.0453125 0.062037037037037036
1 0.36223958333333334 0.35555555555555557 0.050520833333333334 0.037037037037037035
1 0.5195260416666667 0.6715648148148148 0.05468229166666667 0.04204629629629629
1 0.5466145833333333 0.5009259259259259 0.0515625 0.05
1 0.49375 0.48842592592592593 0.019791666666666666 0.09722222222222222
1 0.36271875 0.4919074074074074 0.032901041666666665 0.08936111111111111
1 0.17239583333333333 0.5689814814814815 0.03854166666666667 0.08981481481481482
1 0.30807291666666664 0.34675925925925927 0.050520833333333334 0.03981481481481482
1 0.5226979166666667 0.7381296296296296 0.05477604166666667 0.053370370370370374
1 0.5036458333333333 0.1986111111111111 0.03229166666666667 0.08981481481481482
1 0.6838541666666667 0.1425925925925926 0.025 0.08333333333333333
1 0.6046875 0.3013888888888889 0.027083333333333334 0.09166666666666666
1 0.47760416666666666 0.21481481481481482 0.022916666666666665 0.08888888888888889
1 0.8106770833333333 0.7018518518518518 0.0484375 0.06851851851851852
1 0.7289687499999999 0.08703703703703704 0.04622916666666667 0.07222222222222222
1 0.5140625 0.7087962962962963 0.052083333333333336 0.04722222222222222
1 0.7333593749999999 0.1457962962962963 0.038593749999999996 0.0915925925925926
1 0.39463020833333334 0.4550092592592593 0.0453125 0.06851851851851852
1 0.6989583333333333 0.49444444444444446 0.051041666666666666 0.06666666666666667
1 0.7664687499999999 0.26004629629629633 0.04230729166666667 0.0830462962962963
1 0.325 0.6620370370370371 0.023958333333333335 0.0962962962962963
1 0.34739583333333335 0.14166666666666666 0.04479166666666667 0.053703703703703705
1 0.3072916666666667 0.6800925925925926 0.027083333333333334 0.09166666666666666
1 0.39453125 0.8324074074074074 0.04635416666666667 0.08333333333333333
1 0.34869791666666666 0.46944444444444444 0.03177083333333333 0.08518518518518518
1 0.20390625 0.37175925925925923 0.050520833333333334 0.041666666666666664
1 0.7822916666666667 0.6731481481481482 0.05625 0.03888888888888889
1 0.5247395833333334 0.6347222222222222 0.049479166666666664 0.03796296296296296
1 0.56953125 0.712037037037037 0.0390625 0.09444444444444444
1 0.21119791666666668 0.5541666666666667 0.03177083333333333 0.09166666666666666
1 0.76875 0.7263888888888889 0.05 0.07685185185185185
1 0.41640625 0.6291666666666667 0.022395833333333334 0.09722222222222222
1 0.6653645833333334 0.1175925925925926 0.03697916666666667 0.07407407407407407
1 0.7856614583333333 0.08333333333333333 0.047364583333333335 0.06851851851851852
1 0.33255208333333336 0.19675925925925927 0.0421875 0.075
1 0.72421875 0.6157407407407407 0.027604166666666666 0.10185185185185185
1 0.57409375 0.5905833333333333 0.05547395833333334 0.046620370370370375
1 0.6148854166666666 0.643462962962963 0.05269270833333333 0.06307407407407407
1 0.2950520833333333 0.2490740740740741 0.024479166666666666 0.08888888888888889
1 0.62421875 0.24953703703703703 0.04635416666666667 0.049074074074074076
1 0.2786458333333333 0.14722222222222223 0.040625 0.07777777777777778
1 0.6286458333333333 0.4638888888888889 0.05416666666666667 0.044444444444444446
1 0.40078125 0.6648148148148149 0.0234375 0.09259259259259259
1 0.25175000000000003 0.8731481481481481 0.055875 0.04259259259259259
1 0.7197916666666667 0.7060185185185185 0.03958333333333333 0.08981481481481482
1 0.259375 0.9282407407407407 0.04791666666666667 0.0712962962962963
1 0.6359375 0.4125 0.046875 0.075
1 0.5114583333333333 0.449537037037037 0.040625 0.09351851851851851
1 0.56171875 0.37083333333333335 0.025520833333333333 0.09166666666666666
1 0.62421875 0.5962962962962963 0.0515625 0.040740740740740744
1 0.37316145833333336 0.5310462962962963 0.03210416666666667 0.09259259259259259
1 0.40260416666666665 0.13507407407407407 0.019791666666666666 0.08866666666666667
1 0.6446041666666668 0.5025833333333333 0.053125 0.04351851851851852
1 0.315625 0.9375 0.04791666666666667 0.06944444444444445
1 0.44609375 0.26157407407407407 0.03802083333333333 0.0787037037037037
1 0.3489583333333333 0.8185185185185185 0.04791666666666667 0.07222222222222222
1 0.6575520833333334 0.774074074074074 0.05572916666666667 0.05
1 0.7307291666666667 0.4546296296296296 0.05 0.07037037037037037
1 0.37994791666666666 0.17962962962962964 0.043229166666666666 0.07407407407407407
1 0.3111979166666667 0.4 0.04114583333333333 0.07777777777777778
1 0.28046875 0.837037037037037 0.0546875 0.040740740740740744
1 0.490625 0.2564814814814815 0.021875 0.09259259259259259
1 0.7297291666666667 0.1934537037037037 0.044145833333333336 0.0799537037037037
1 0.5231770833333333 0.6037037037037037 0.050520833333333334 0.037037037037037035
1 0.6981770833333333 0.40879629629629627 0.05260416666666667 0.03796296296296296
1 0.7932291666666667 0.15787037037037038 0.025 0.09166666666666666
1 0.59140625 0.25972222222222224 0.024479166666666666 0.09166666666666666
1 0.46588541666666666 0.12731481481481483 0.04739583333333333 0.05648148148148148
1 0.22994791666666667 0.649537037037037 0.0234375 0.09166666666666666
1 0.5145364583333333 0.5259537037037036 0.026989583333333334 0.09688888888888889
1 0.68984375 0.5930555555555556 0.033854166666666664 0.08796296296296297
1 0.7385416666666667 0.649537037037037 0.028125 0.09166666666666666
1 0.5661458333333333 0.5259259259259259 0.05416666666666667 0.04814814814814815
1 0.47578125 0.4837962962962963 0.019270833333333334 0.09351851851851851
1 0.21588541666666666 0.43333333333333335 0.0296875 0.09074074074074075
1 0.52421875 0.25046296296296294 0.028645833333333332 0.08796296296296297
1 0.7833333333333333 0.6064814814814815 0.06041666666666667 0.037037037037037035
1 0.5769322916666667 0.625 0.054713541666666664 0.03888888888888889
1 0.30665624999999996 0.9066759259259259 0.05 0.0824074074074074
1 0.18854166666666666 0.6101851851851852 0.023958333333333335 0.09259259259259259
1 0.6037083333333333 0.7773148148148148 0.054286458333333336 0.049074074074074076
1 0.58671875 0.8453703703703703 0.05572916666666667 0.05
1 0.53515625 0.324537037037037 0.0484375 0.04722222222222222
1 0.7916666666666666 0.3074074074074074 0.042708333333333334 0.08333333333333333
1 0.8050416666666667 0.637962962962963 0.058666666666666666 0.03888888888888889
1 0.35625 0.7388888888888889 0.051041666666666666 0.06666666666666667
1 0.36276041666666664 0.6578703703703703 0.027604166666666666 0.09351851851851851
1 0.34667708333333336 0.6695185185185185 0.027723958333333333 0.1001574074074074
1 0.42630208333333336 0.28564814814814815 0.024479166666666666 0.08796296296296297
1 0.27395833333333336 0.27824074074074073 0.026041666666666668 0.09351851851851851
1 0.4893958333333333 0.1455925925925926 0.051708333333333335 0.05512037037037037
1 0.40598958333333335 0.27824074074074073 0.0203125 0.09537037037037037
1 0.38828125 0.29212962962962963 0.019270833333333334 0.08425925925925926
1 0.73359375 0.3125 0.027604166666666666 0.09166666666666666
1 0.16979166666666667 0.687962962962963 0.021875 0.0962962962962963
1 0.41875 0.1111111111111111 0.022916666666666665 0.08888888888888889
1 0.45909895833333336 0.8003796296296296 0.053671875 0.05740740740740741
1 0.24713541666666666 0.30277777777777776 0.033854166666666664 0.08518518518518518
1 0.24609375 0.17592592592592593 0.0421875 0.07222222222222222
1 0.7546354166666667 0.39909259259259255 0.042609375 0.09077777777777778
1 0.5961822916666667 0.8101851851851852 0.056953125 0.04814814814814815
1 0.8140625 0.15185185185185185 0.023958333333333335 0.09444444444444444
1 0.6985260416666667 0.6364814814814814 0.03247395833333334 0.0992685185185185
1 0.7641249999999999 0.3609814814814815 0.037619791666666666 0.09057407407407407
1 0.42135416666666664 0.5518518518518518 0.035416666666666666 0.06666666666666667
1 0.7678489583333333 0.11087962962962963 0.03930208333333333 0.08446296296296296
1 0.3671875 0.7898148148148149 0.053125 0.05185185185185185
1 0.46927083333333336 0.7587962962962963 0.05 0.05648148148148148
1 0.31276041666666665 0.2409074074074074 0.027604166666666666 0.09074074074074075
1 0.37083333333333335 0.28564814814814815 0.019791666666666666 0.09351851851851851
1 0.3359375 0.8625 0.03333333333333333 0.08611111111111111
1 0.39557291666666666 0.5261018518518519 0.024479166666666666 0.0962962962962963
1 0.36276041666666664 0.9078703703703703 0.0265625 0.09722222222222222
1 0.3774375 0.6168703703703704 0.024479166666666666 0.09907407407407408
1 0.21458333333333332 0.6162037037037037 0.0375 0.08611111111111111
1 0.5481770833333334 0.21712962962962962 0.0203125 0.08981481481481482
1 0.6563177083333334 0.5566944444444445 0.05611979166666667 0.05412962962962963
1 0.4778645833333333 0.38842592592592595 0.022395833333333334 0.0787037037037037
1 0.43385416666666665 0.7597222222222222 0.030208333333333334 0.10092592592592593
1 0.35234375 0.2898148148148148 0.018229166666666668 0.08888888888888889
1 0.19921875 0.49722222222222223 0.049479166666666664 0.04814814814814815
1 0.8473958333333333 0.7069444444444445 0.05416666666666667 0.06388888888888888
1 0.26145833333333335 0.42824074074074076 0.04479166666666667 0.0712962962962963
1 0.21875 0.7398148148148148 0.030208333333333334 0.09074074074074075
1 0.29869270833333333 0.8781388888888889 0.05219791666666666 0.08763888888888889
1 0.40647395833333333 0.8480648148148148 0.04640104166666667 0.0842037037037037
1 0.4699375 0.6258518518518518 0.023140625 0.09598148148148147
1 0.33477604166666663 0.450537037037037 0.037828125 0.09141666666666667
1 0.40547916666666667 0.43160185185185185 0.050687499999999996 0.06921296296296296
1 0.436515625 0.3894814814814815 0.050317708333333336 0.06463888888888888
1 0.4563489583333334 0.49101851851851847 0.023140625 0.09533333333333333
1 0.6500885416666667 0.684287037037037 0.04627604166666666 0.0887962962962963
1 0.69765625 0.45771296296296293 0.04958333333333333 0.07051851851851852
1 0.44643229166666665 0.18380555555555556 0.04664583333333334 0.06986111111111111
1 0.729609375 0.39275 0.03709375 0.0894537037037037
1 0.762296875 0.15539814814814815 0.041505208333333335 0.08487962962962962
1 0.29235937500000003 0.13744444444444445 0.040401041666666665 0.07900925925925925
1 0.23909895833333333 0.1459351851851852 0.04407291666666667 0.07509259259259259
1 0.25554166666666667 0.20308333333333334 0.04545833333333334 0.07347222222222222
1 0.36067187500000003 0.1896851851851852 0.04333854166666666 0.07639814814814816
1 0.232125 0.43094444444444446 0.03085416666666667 0.0966388888888889
1 0.15903124999999999 0.5475 0.04113541666666667 0.09337037037037037