1 0.20416666666666666 0.6995370370370371 0.03125 0.09351851851851851
1 0.2643229166666667 0.1675925925925926 0.04739583333333333 0.04259259259259259
1 0.2994791666666667 0.24675925925925926 0.034375 0.0824074074074074
1 0.18828125 0.6893518518518519 0.030729166666666665 0.09537037037037037
1 0.30963541666666666 0.1875 0.0453125 0.05462962962962963
1 0.191296875 0.37306481481481485 0.031989583333333335 0.09056481481481482
1 0.22248958333333332 0.30344444444444446 0.04739583333333333 0.0712962962962963
1 0.207234375 0.5733796296296296 0.028645833333333332 0.09259259259259259
1 0.23069270833333333 0.3402777777777778 0.05111458333333333 0.06018518518518518
1 0.6045208333333334 0.6609074074074074 0.046875 0.08518518518518518
1 0.24817708333333333 0.22453703703703703 0.028645833333333332 0.08425925925925926
1 0.2669270833333333 0.22546296296296298 0.030729166666666665 0.08796296296296297
1 0.2713541666666667 0.1300925925925926 0.04895833333333333 0.049074074074074076
1 0.4910364583333333 0.13194444444444445 0.04917708333333334 0.05648148148148148
1 0.2671875 0.3125 0.042708333333333334 0.06944444444444445
1 0.30963541666666666 0.15231481481481482 0.043229166666666666 0.049074074074074076
1 0.19973958333333333 0.29814814814814816 0.04010416666666667 0.07592592592592592
1 0.8351927083333333 0.6263888888888889 0.0578125 0.058333333333333334
1 0.7458333333333333 0.681287037037037 0.052083333333333336 0.06759259259259259
1 0.33210416666666664 0.1395648148148148 0.04753645833333333 0.05875925925925926
1 0.4127604166666667 0.43287037037037035 0.04635416666666667 0.06574074074074074
1 0.22421875 0.7023148148148148 0.033854166666666664 0.09166666666666666
1 0.6408854166666667 0.6430555555555556 0.0421875 0.08796296296296297
1 0.84453125 0.7231481481481481 0.0484375 0.08703703703703704
1 0.4228125 0.12312962962962962 0.04916145833333333 0.05187962962962963
1 0.55625 0.19768518518518519 0.03854166666666667 0.075
1 0.49192708333333335 0.3912037037037037 0.027604166666666666 0.08981481481481482
1 0.505 0.6445740740740741 0.05196875 0.06382407407407407
1 0.5859375 0.14629629629629629 0.04375 0.06481481481481481
1 0.7875104166666667 0.6695 0.043765625 0.08692592592592592
1 0.2515625 0.37592592592592594 0.040625 0.08518518518518518
1 0.7901041666666667 0.611574074074074 0.042708333333333334 0.07685185185185185
1 0.28981770833333337 0.41980555555555554 0.04328125 0.08405555555555555
1 0.5682291666666667 0.6921296296296297 0.042708333333333334 0.08611111111111111
1 0.3296875 0.4111111111111111 0.051041666666666666 0.046296296296296294
1 0.34375 0.3 0.04895833333333333 0.08333333333333333
1 0.3203125 0.6375 0.05416666666666667 0.03981481481481482
1 0.5059895833333333 0.40694444444444444 0.0265625 0.08055555555555556
1 0.73125 0.6537037037037037 0.046875 0.07407407407407407
1 0.2265625 0.23055555555555557 0.029166666666666667 0.08888888888888889
1 0.5916666666666667 0.11342592592592593 0.04583333333333333 0.06574074074074074
1 0.34427083333333336 0.725 0.040625 0.08333333333333333
1 0.5563854166666666 0.7198055555555556 0.042984375 0.08901851851851852
1 0.46937500000000004 0.3276851851851852 0.0484375 0.05462962962962963
1 0.5957604166666666 0.5166944444444445 0.04672395833333333 0.07599074074074073
1 0.5205729166666667 0.5976851851851852 0.024479166666666666 0.09907407407407408
1 0.36171875 0.6990740740740741 0.034895833333333334 0.09259259259259259
1 0.4875 0.5962962962962963 0.05 0.05925925925925926
1 0.8265625 0.6972222222222222 0.04895833333333333 0.08888888888888889
1 0.46670833333333334 0.1986111111111111 0.053046875 0.04351851851851852
1 0.4578125 0.37962962962962965 0.046875 0.07222222222222222
1 0.20703125 0.43425925925925923 0.025520833333333333 0.08888888888888889
1 0.46328125 0.4412037037037037 0.024479166666666666 0.09537037037037037
1 0.47653125 0.7324166666666666 0.049937499999999996 0.08147222222222222
1 0.70390625 0.6089629629629629 0.028645833333333332 0.0962962962962963
1 0.5669270833333333 0.4625 0.050520833333333334 0.041666666666666664
1 0.4393229166666667 0.1787037037037037 0.049479166666666664 0.040740740740740744
1 0.41432291666666665 0.5842592592592593 0.04010416666666667 0.07222222222222222
1 0.6065104166666667 0.22685185185185186 0.027604166666666666 0.08333333333333333
1 0.31015625 0.8189814814814815 0.0484375 0.06759259259259259
1 0.6405416666666667 0.20591666666666666 0.02795833333333333 0.09146296296296297
1 0.44557291666666665 0.5402777777777777 0.044270833333333336 0.06944444444444445
1 0.5359375 0.5115740740740741 0.04791666666666667 0.07685185185185185
1 0.5715468749999999 0.648212962962963 0.044140625 0.08531481481481482
1 0.46796875 0.2601851851851852 0.0265625 0.09074074074074075
1 0.6565104166666667 0.1884259259259259 0.024479166666666666 0.08981481481481482
1 0.3671875 0.587037037037037 0.05416666666666667 0.05925925925925926
1 0.51640625 0.25787037037037036 0.034895833333333334 0.08611111111111111
1 0.3802083333333333 0.4074074074074074 0.03958333333333333 0.08333333333333333
1 0.4390625 0.4962962962962963 0.05 0.046296296296296294
1 0.36405208333333333 0.16164814814814815 0.027807291666666668 0.0902037037037037
1 0.8020833333333334 0.7439814814814815 0.053125 0.075
1 0.3299479166666667 0.3611111111111111 0.04739583333333333 0.07407407407407407
1 0.5691979166666666 0.16596296296296298 0.046947916666666666 0.06914814814814815
1 0.39088541666666665 0.4666666666666667 0.05260416666666667 0.040740740740740744
1 0.49044791666666665 0.24830555555555556 0.037484375 0.08132407407407408
1 0.4908854166666667 0.4671296296296296 0.0390625 0.08055555555555556
1 0.31692708333333336 0.4444444444444444 0.05572916666666667 0.05
1 0.19088541666666667 0.5560185185185185 0.027604166666666666 0.08981481481481482
1 0.534375 0.725925925925926 0.036458333333333336 0.09259259259259259
1 0.40130208333333334 0.36064814814814816 0.04739583333333333 0.08425925925925926
1 0.1918541666666667 0.46071296296296294 0.026411458333333335 0.09364814814814815
1 0.4125 0.21481481481481482 0.04895833333333333 0.03888888888888889
1 0.47770833333333335 0.15650925925925926 0.04811979166666667 0.05376851851851852
1 0.5403645833333334 0.6328703703703704 0.024479166666666666 0.09537037037037037
1 0.34765625 0.49675925925925923 0.0296875 0.09166666666666666
1 0.38645833333333335 0.49722222222222223 0.053125 0.046296296296296294
1 0.554796875 0.2470925925925926 0.038760416666666665 0.08491666666666665
1 0.5286458333333334 0.44675925925925924 0.042708333333333334 0.06759259259259259
1 0.3182291666666667 0.2537037037037037 0.03333333333333333 0.07777777777777778
1 0.4765625 0.5305555555555556 0.027083333333333334 0.09259259259259259
1 0.5210572916666666 0.7497685185185186 0.039135416666666666 0.08749074074074073
1 0.4309895833333333 0.7217592592592592 0.04739583333333333 0.0712962962962963
1 0.402828125 0.17207407407407407 0.039135416666666666 0.07562962962962963
1 0.5739583333333333 0.5685185185185185 0.042708333333333334 0.07222222222222222
1 0.5872395833333334 0.40046296296296297 0.05572916666666667 0.04537037037037037
1 0.22213541666666667 0.4083333333333333 0.0265625 0.09074074074074075
1 0.5052083333333334 0.7703703703703704 0.03333333333333333 0.09074074074074075
1 0.42161458333333335 0.2657407407407407 0.04010416666666667 0.07777777777777778
1 0.21614583333333334 0.6087962962962963 0.030208333333333334 0.09166666666666666
1 0.34791666666666665 0.8115740740740741 0.027083333333333334 0.09722222222222222
1 0.5677083333333334 0.5115740740740741 0.051041666666666666 0.07685185185185185
1 0.46145833333333336 0.674537037037037 0.042708333333333334 0.06574074074074074
1 0.30963541666666666 0.8680555555555556 0.04739583333333333 0.06944444444444445
1 0.6174479166666667 0.7226851851851852 0.05260416666666667 0.049074074074074076
1 0.71796875 0.5824074074074074 0.028645833333333332 0.0962962962962963
1 0.3268229166666667 0.4976851851851852 0.0296875 0.08981481481481482
1 0.28229166666666666 0.2351851851851852 0.03229166666666667 0.08518518518518518
1 0.6603489583333333 0.4935185185185185 0.055078125 0.037037037037037035
1 0.31666666666666665 0.6773148148148148 0.051041666666666666 0.04537037037037037
1 0.3419270833333333 0.20833333333333334 0.0234375 0.09444444444444444
1 0.63046875 0.538425925925926 0.0265625 0.09722222222222222
1 0.6057291666666667 0.7527777777777778 0.05520833333333333 0.04814814814814815
1 0.7452864583333334 0.7236111111111111 0.05630208333333333 0.04537037037037037
1 0.45683854166666665 0.6101574074074074 0.03424479166666667 0.08524999999999999
1 0.7816666666666666 0.19801851851851854 0.056453125 0.038620370370370374
1 0.8080208333333334 0.5231481481481481 0.059895833333333336 0.04814814814814815
1 0.7544270833333333 0.5576388888888889 0.04114583333333333 0.08888888888888889
1 0.6052968750000001 0.5683425925925926 0.045869791666666666 0.07816666666666666
1 0.8188958333333333 0.4854814814814815 0.060708333333333336 0.04385185185185185
1 0.6828125 0.4597222222222222 0.05416666666666667 0.04351851851851852
1 0.23932291666666666 0.5018518518518519 0.043229166666666666 0.08148148148148149
1 0.8072447916666667 0.4209629629629629 0.058234375 0.04510185185185185
1 0.6619791666666667 0.7180555555555556 0.052083333333333336 0.06944444444444445
1 0.6662760416666667 0.5260555555555555 0.05650520833333333 0.042324074074074076
1 0.7700520833333333 0.5976111111111111 0.0453125 0.08888888888888889
1 0.6885416666666667 0.6467592592592593 0.034375 0.08796296296296297
1 0.46228645833333337 0.7847222222222222 0.053734375 0.041666666666666664
1 0.7128645833333334 0.2212962962962963 0.051765625 0.05740740740740741
1 0.29765625 0.7305555555555555 0.0421875 0.08518518518518518
1 0.5904583333333334 0.23951851851851852 0.028833333333333332 0.08841666666666666
1 0.5997395833333333 0.7861111111111111 0.05677083333333333 0.05185185185185185
1 0.5291666666666667 0.37777777777777777 0.025 0.08888888888888889
1 0.39010416666666664 0.7509259259259259 0.0375 0.08518518518518518
1 0.39895833333333336 0.687962962962963 0.04791666666666667 0.07037037037037037
1 0.3684375 0.2460185185185185 0.03802083333333333 0.08416666666666667
1 0.71771875 0.1137037037037037 0.03550520833333334 0.09116666666666666
1 0.46380208333333334 0.8203703703703704 0.0515625 0.044444444444444446
1 0.5384947916666667 0.8039074074074074 0.048859375000000003 0.07922222222222222
1 0.6135416666666667 0.3773148148148148 0.053125 0.049074074074074076
1 0.7378645833333334 0.13274074074074074 0.022932291666666667 0.09457407407407407
1 0.5833333333333334 0.43148148148148147 0.052083333333333336 0.044444444444444446
1 0.621328125 0.20767592592592593 0.03096875 0.09152777777777778
1 0.6691302083333334 0.5593611111111111 0.05701041666666666 0.0497962962962963
1 0.44635416666666666 0.25787037037037036 0.023958333333333335 0.08425925925925926
1 0.5294270833333333 0.16620370370370371 0.028645833333333332 0.08425925925925926
1 0.6716145833333333 0.6643518518518519 0.0359375 0.0824074074074074
1 0.8541666666666666 0.762962962962963 0.04895833333333333 0.07777777777777778
1 0.8059895833333334 0.45740740740740743 0.0578125 0.04259259259259259
1 0.7419270833333333 0.762962962962963 0.05572916666666667 0.04259259259259259
1 0.8083697916666667 0.3534537037037037 0.05840104166666667 0.03611111111111111
1 0.53359375 0.8643518518518518 0.05572916666666667 0.041666666666666664
1 0.38005208333333335 0.17365740740740743 0.030598958333333332 0.08865740740740741
1 0.4342239583333333 0.6346666666666667 0.031656250000000004 0.09736111111111112
1 0.7841406249999999 0.22916666666666666 0.05682291666666666 0.03796296296296296
1 0.6625 0.5925925925925926 0.053125 0.046296296296296294
1 0.36041666666666666 0.8523148148148149 0.029166666666666667 0.09722222222222222
1 0.3763020833333333 0.5421296296296296 0.05364583333333333 0.04351851851851852
1 0.8015625 0.39166666666666666 0.05625 0.04259259259259259
1 0.75703125 0.13425925925925927 0.0203125 0.09259259259259259
1 0.7329322916666666 0.057574074074074076 0.04919791666666666 0.06514814814814815
1 0.403125 0.6393518518518518 0.04583333333333333 0.041666666666666664
1 0.23333333333333334 0.6060185185185185 0.030208333333333334 0.08981481481481482
1 0.8158177083333332 0.5541666666666667 0.05872395833333333 0.04537037037037037
1 0.7333333333333333 0.31296296296296294 0.04791666666666667 0.07222222222222222
1 0.7697916666666667 0.08101851851851852 0.036458333333333336 0.08425925925925926
1 0.7065625 0.25206481481481485 0.05271354166666666 0.05598148148148148
1 0.7859375 0.28703703703703703 0.03854166666666667 0.08518518518518518
1 0.6783854166666666 0.33194444444444443 0.030729166666666665 0.09166666666666666
1 0.6197239583333333 0.2867037037037037 0.051953125 0.05250925925925926
1 0.7 0.09259259259259259 0.040625 0.08333333333333333
1 0.7244791666666667 0.4625 0.020833333333333332 0.09722222222222222
1 0.6861510416666667 0.27187962962962964 0.055817708333333334 0.0525462962962963
1 0.6414322916666666 0.06899999999999999 0.02765625 0.0898425925925926
1 0.31960416666666663 0.894037037037037 0.0515625 0.08036111111111112
1 0.23714583333333333 0.7191851851851853 0.037786458333333335 0.10108333333333333
1 0.32455208333333335 0.7348796296296296 0.042380208333333336 0.0835
1 0.3796458333333333 0.6083703703703703 0.050854166666666666 0.06278703703703704
1 0.25656770833333337 0.48750925925925925 0.040614583333333336 0.08099074074074074
1 0.22384895833333335 0.5203703703703704 0.04396875 0.07592592592592592
1 0.30627604166666667 0.6055555555555555 0.055260416666666666 0.037037037037037035
1 0.26380729166666667 0.38925925925925925 0.04096875 0.08663888888888888
1 0.3040677083333333 0.36162962962962963 0.043791666666666666 0.07157407407407407
1 0.28782291666666665 0.30544444444444446 0.048734374999999996 0.06717592592592592
1 0.33126041666666667 0.32145370370370374 0.045203125000000004 0.07408333333333333
1 0.36128125 0.28503703703703703 0.041671875000000004 0.0791111111111111
1 0.3930625 0.25396296296296295 0.035317708333333336 0.0835
1 0.422375 0.3528425925925926 0.043083333333333335 0.07157407407407407
1 0.4322916666666667 0.425462962962963 0.04375 0.0787037037037037
1 0.42838020833333335 0.3233333333333333 0.041671875000000004 0.07408333333333333
1 0.4972447916666667 0.310462962962963 0.04096875 0.07973148148148149
1 0.5360937499999999 0.25144444444444447 0.03672916666666667 0.08726851851851852
1 0.8103177083333333 0.6802592592592592 0.044848958333333334 0.08600925925925926
1 0.6155520833333333 0.63725 0.041671875000000004 0.08914814814814814
1 0.5653645833333333 0.5925925925925926 0.0453125 0.07407407407407407
1 0.4965364583333333 0.5437037037037038 0.02825 0.0966851851851852
1 0.5244375 0.5367962962962963 0.045203125000000004 0.0753425925925926
1 0.42308333333333337 0.5496666666666666 0.0445 0.08475925925925927
1 0.49300520833333333 0.6746111111111112 0.04803125 0.06843518518518518
1 0.44550520833333335 0.701287037037037 0.050499999999999996 0.07659259259259259