1 0.26666666666666666 0.1512962962962963 0.053119791666666666 0.04554629629629629
1 0.2830729166666667 0.32083333333333336 0.0453125 0.06388888888888888
1 0.31302083333333336 0.7976851851851852 0.053125 0.05092592592592592
1 0.2643229166666667 0.24444444444444444 0.03177083333333333 0.08888888888888889
1 0.2932239583333333 0.5734259259259259 0.05415625 0.04870370370370371
1 0.3494791666666667 0.7106481481481481 0.042708333333333334 0.07314814814814814
1 0.29630729166666664 0.26296296296296295 0.03759375 0.08149074074074074
1 0.25609895833333335 0.18601851851851853 0.05280208333333333 0.04240740740740741
1 0.19088541666666667 0.7111111111111111 0.030729166666666665 0.0962962962962963
1 0.2635416666666667 0.4074074074074074 0.036458333333333336 0.08148148148148149
1 0.207140625 0.7203703703703703 0.03468229166666667 0.09628703703703703
1 0.7909166666666666 0.6568425925925926 0.043291666666666666 0.08735185185185186
1 0.7458802083333332 0.4925925925925926 0.05217708333333334 0.06666666666666667
1 0.261984375 0.3323240740740741 0.046859375 0.0686851851851852
1 0.7729635416666666 0.44842592592592595 0.050093750000000006 0.07462962962962963
1 0.18671875 0.5763888888888888 0.022395833333333334 0.09351851851851851
1 0.7575520833333333 0.38472222222222224 0.0578125 0.08796296296296297
1 0.2265625 0.7231481481481481 0.03333333333333333 0.09259259259259259
1 0.76640625 0.5532407407407407 0.049479166666666664 0.07685185185185185
1 0.18734895833333332 0.3931481481481482 0.030515625 0.09184259259259259
1 0.620734375 0.43150925925925926 0.03625520833333333 0.09075925925925926
1 0.61171875 0.6013888888888889 0.04114583333333333 0.08981481481481482
1 0.37942708333333336 0.7916666666666666 0.0265625 0.09814814814814815
1 0.34427083333333336 0.5967592592592592 0.052083333333333336 0.03981481481481482
1 0.6330729166666667 0.2101851851851852 0.050520833333333334 0.04814814814814815
1 0.5765625 0.49444444444444446 0.020833333333333332 0.1
1 0.775 0.22268518518518518 0.052083333333333336 0.04537037037037037
1 0.7287083333333333 0.5167685185185186 0.05364583333333333 0.07016666666666667
1 0.5455729166666666 0.5462962962962963 0.044270833333333336 0.07592592592592592
1 0.30635937500000004 0.20362037037037037 0.050192708333333336 0.05942592592592593
1 0.57109375 0.5689814814814815 0.049479166666666664 0.06018518518518518
1 0.7708333333333334 0.2777777777777778 0.04583333333333333 0.07592592592592592
1 0.67890625 0.6462962962962963 0.04635416666666667 0.07962962962962963
1 0.34088541666666666 0.6273148148148148 0.050520833333333334 0.04351851851851852
1 0.44479166666666664 0.5319444444444444 0.053125 0.04537037037037037
1 0.22542708333333333 0.3560185185185185 0.05331770833333334 0.058333333333333334
1 0.6236979166666666 0.2351851851851852 0.050520833333333334 0.046296296296296294
1 0.36171875 0.7976851851851852 0.0265625 0.09537037037037037
1 0.6419270833333334 0.6236111111111111 0.0390625 0.08611111111111111
1 0.7263020833333333 0.12731481481481483 0.025520833333333333 0.09351851851851851
1 0.6933281250000001 0.29259259259259257 0.053328125 0.03518518518518519
1 0.6765625 0.32546296296296295 0.05520833333333333 0.03796296296296296
1 0.8255208333333334 0.46805555555555556 0.057291666666666664 0.04722222222222222
1 0.5549479166666667 0.44313888888888886 0.0203125 0.09932407407407406
1 0.3374479166666667 0.31500925925925927 0.04634895833333333 0.07371296296296297
1 0.7283854166666667 0.5879629629629629 0.028645833333333332 0.09814814814814815
1 0.79609375 0.26944444444444443 0.0453125 0.07407407407407407
1 0.3729166666666667 0.47638888888888886 0.051041666666666666 0.058333333333333334
1 0.60625 0.5 0.04479166666666667 0.07407407407407407
1 0.8028645833333333 0.3685185185185185 0.059895833333333336 0.05555555555555555
1 0.553125 0.2833333333333333 0.05 0.05
1 0.47458333333333336 0.5712962962962963 0.053328125 0.03888888888888889
1 0.39655729166666664 0.5415740740740741 0.052281249999999994 0.047212962962962964
1 0.7325520833333333 0.32685185185185184 0.05364583333333333 0.04259259259259259
1 0.18932291666666667 0.4787037037037037 0.025520833333333333 0.09259259259259259
1 0.21827604166666664 0.3244444444444444 0.04801041666666667 0.07147222222222221
1 0.34375 0.5282407407407408 0.04895833333333333 0.049074074074074076
1 0.3177083333333333 0.387037037037037 0.03125 0.08888888888888889
1 0.20442708333333334 0.5944537037037037 0.0234375 0.10185185185185185
1 0.6057291666666667 0.29305555555555557 0.025 0.09351851851851851
1 0.2984375 0.38935185185185184 0.03229166666666667 0.08425925925925926
1 0.74921875 0.7148148148148148 0.05677083333333333 0.05185185185185185
1 0.31145833333333334 0.45092592592592595 0.053125 0.040740740740740744
1 0.74984375 0.13721296296296295 0.030302083333333334 0.09442592592592593
1 0.3851510416666667 0.5703703703703704 0.05155208333333334 0.04259259259259259
1 0.7731770833333333 0.18981481481481483 0.05260416666666667 0.04259259259259259
1 0.23541666666666666 0.6240740740740741 0.022916666666666665 0.09444444444444444
1 0.4075520833333333 0.45925925925925926 0.0484375 0.04259259259259259
1 0.6846354166666667 0.17777777777777778 0.044270833333333336 0.07777777777777778
1 0.5817708333333333 0.3611111111111111 0.0375 0.07777777777777778
1 0.6940104166666666 0.10092592592592593 0.043229166666666666 0.06851851851851852
1 0.8221354166666667 0.5398148148148149 0.0609375 0.05
1 0.54609375 0.3435185185185185 0.04635416666666667 0.08333333333333333
1 0.7759895833333333 0.580388888888889 0.0484375 0.08148148148148149
1 0.6471354166666666 0.29212962962962963 0.0359375 0.08425925925925926
1 0.33409895833333336 0.5581388888888889 0.053609375 0.04775925925925926
1 0.63984375 0.5319444444444444 0.0203125 0.09351851851851851
1 0.6578125 0.40370370370370373 0.035416666666666666 0.08518518518518518
1 0.67265625 0.5958333333333333 0.0546875 0.04351851851851852
1 0.32359374999999996 0.15185185185185185 0.04801041666666667 0.06517592592592593
1 0.34322916666666664 0.4152777777777778 0.03125 0.08425925925925926
1 0.6871822916666667 0.3556574074074074 0.055614583333333335 0.04610185185185185
1 0.70859375 0.6138888888888889 0.028645833333333332 0.09259259259259259
1 0.7201510416666667 0.4459351851851852 0.04968229166666667 0.06925
1 0.409015625 0.7477685185185186 0.046760416666666665 0.08185185185185186
1 0.7658854166666667 0.06018518518518518 0.04739583333333333 0.06111111111111111
1 0.7367239583333334 0.6457407407407407 0.0515625 0.07222222222222222
1 0.5375 0.18101851851851852 0.052083333333333336 0.04351851851851852
1 0.5013020833333334 0.6069444444444444 0.0390625 0.08425925925925926
1 0.20442708333333334 0.45231481481481484 0.027604166666666666 0.09166666666666666
1 0.5783854166666667 0.6300925925925925 0.033854166666666664 0.08796296296296297
1 0.3846354166666667 0.6418888888888888 0.03697916666666667 0.08981481481481482
1 0.62665625 0.3566759259259259 0.05435416666666667 0.05332407407407408
1 0.6739583333333333 0.46111111111111114 0.05520833333333333 0.04814814814814815
1 0.78203125 0.33287037037037037 0.05260416666666667 0.06018518518518518
1 0.2953125 0.6541666666666667 0.057291666666666664 0.058333333333333334
1 0.8356770833333333 0.32037037037037036 0.05677083333333333 0.04814814814814815
1 0.6799479166666667 0.24814814814814815 0.049479166666666664 0.06296296296296296
1 0.6901041666666666 0.5569444444444445 0.05625 0.04351851851851852
1 0.5114583333333333 0.425462962962963 0.03958333333333333 0.08611111111111111
1 0.6231770833333333 0.29305555555555557 0.0265625 0.08425925925925926
1 0.384375 0.425 0.04791666666666667 0.06111111111111111
1 0.8140416666666667 0.4287685185185185 0.057609375 0.053703703703703705
1 0.28802083333333334 0.4787037037037037 0.052083333333333336 0.03888888888888889
1 0.24046874999999998 0.2501759259259259 0.025723958333333335 0.09110185185185185
1 0.5346354166666667 0.2152777777777778 0.049479166666666664 0.04351851851851852
1 0.4505208333333333 0.45555555555555555 0.04791666666666667 0.06481481481481481
1 0.8111979166666666 0.5097222222222222 0.06197916666666667 0.05092592592592592
1 0.614578125 0.6947222222222221 0.056864583333333336 0.057212962962962965
1 0.5510416666666667 0.25092592592592594 0.05 0.044444444444444446
1 0.5544270833333333 0.7435185185185185 0.04010416666666667 0.07407407407407407
1 0.5356770833333333 0.6787037037037037 0.03802083333333333 0.08518518518518518
1 0.509375 0.6861111111111111 0.046875 0.07407407407407407
1 0.4361979166666667 0.5898148148148148 0.0296875 0.09814814814814815
1 0.5651041666666666 0.6736111111111112 0.04479166666666667 0.0787037037037037
1 0.8130885416666668 0.6635277777777778 0.04583333333333333 0.09074074074074075
1 0.8053385416666666 0.7313703703703703 0.053911458333333336 0.07429629629629629
1 0.7247395833333333 0.19835185185185186 0.0453125 0.08518518518518518
1 0.5877604166666667 0.28703703703703703 0.024479166666666666 0.09259259259259259
1 0.5333333333333333 0.5087962962962963 0.03229166666666667 0.08981481481481482
1 0.68203125 0.5236111111111111 0.05677083333333333 0.05092592592592592
1 0.48776041666666664 0.5305555555555556 0.04739583333333333 0.06111111111111111
1 0.43828125 0.49722222222222223 0.0515625 0.040740740740740744
1 0.5158854166666667 0.7449074074074075 0.050520833333333334 0.05648148148148148
1 0.31614583333333335 0.6699074074074074 0.053125 0.05462962962962963
1 0.728125 0.06342592592592593 0.05 0.062037037037037036
1 0.2171875 0.6282407407407408 0.023958333333333335 0.09722222222222222
1 0.24661458333333333 0.49583333333333335 0.033854166666666664 0.0824074074074074
1 0.52421875 0.33564814814814814 0.0421875 0.06944444444444445
1 0.44322395833333333 0.6610092592592592 0.046864583333333334 0.07387962962962964
1 0.21979166666666666 0.42685185185185187 0.028125 0.09444444444444444
1 0.5999895833333333 0.4262314814814815 0.041651041666666666 0.09383333333333334
1 0.22291666666666668 0.24825000000000003 0.023958333333333335 0.09239814814814816
1 0.8473958333333333 0.7055555555555556 0.04375 0.08703703703703704
1 0.7684427083333334 0.11796296296296296 0.04019791666666667 0.08443518518518518
1 0.30427604166666666 0.73075 0.050828125 0.0755462962962963
1 0.31240625000000005 0.2722037037037037 0.03665104166666667 0.087
1 0.331453125 0.8344537037037038 0.048328125000000006 0.08109259259259259
1 0.23229166666666667 0.5175925925925926 0.035416666666666666 0.08518518518518518
1 0.4861979166666667 0.7092592592592593 0.050520833333333334 0.05740740740740741
1 0.2794270833333333 0.5231481481481481 0.050520833333333334 0.07592592592592592
1 0.3611979166666667 0.18101851851851852 0.0234375 0.08796296296296297
1 0.622390625 0.1726851851851852 0.04998958333333334 0.04906481481481482
1 0.5822916666666667 0.1875 0.04375 0.075
1 0.836921875 0.6077777777777778 0.062390625000000005 0.05259259259259259
1 0.4401041666666667 0.7203703703703703 0.028125 0.09074074074074075
1 0.4609375 0.8050925925925926 0.04583333333333333 0.0787037037037037
1 0.5294270833333333 0.6175925925925926 0.0453125 0.07777777777777778
1 0.5276041666666667 0.799074074074074 0.05 0.05740740740740741
1 0.218390625 0.536675925925926 0.03613541666666666 0.08775
1 0.6468906249999999 0.12044444444444445 0.047515625 0.07057407407407407
1 0.28203125 0.2513888888888889 0.0328125 0.08611111111111111
1 0.5831197916666666 0.40482407407407406 0.04019791666666667 0.08295370370370371
1 0.29010416666666666 0.6171296296296296 0.053125 0.041666666666666664
1 0.6717135416666667 0.6956481481481481 0.05593229166666667 0.057962962962962966
1 0.7453125 0.7555555555555555 0.05625 0.04814814814814815
1 0.4453125 0.37824074074074077 0.052083333333333336 0.03796296296296296
1 0.4355364583333333 0.40852777777777777 0.056015625 0.042212962962962966
1 0.35344270833333336 0.4988055555555556 0.05353125 0.05795370370370371
1 0.34546875 0.22351851851851853 0.019270833333333334 0.09184259259259259
1 0.3673958333333333 0.31796296296296295 0.04124479166666666 0.08148148148148149
1 0.5953125 0.7583333333333333 0.046875 0.07592592592592592
1 0.8622395833333333 0.7462962962962963 0.0453125 0.07777777777777778
1 0.47369791666666666 0.6314814814814815 0.021354166666666667 0.0962962962962963
1 0.41822916666666665 0.8583333333333333 0.020833333333333332 0.0962962962962963
1 0.3119270833333333 0.1774074074074074 0.05051041666666667 0.060731481481481484
1 0.47890625 0.23333333333333334 0.018229166666666668 0.08888888888888889
1 0.6039218749999999 0.6359444444444445 0.04368229166666667 0.0851574074074074
1 0.6079479166666667 0.5415925925925925 0.046364583333333334 0.0762962962962963
1 0.40274479166666666 0.6301481481481481 0.03755208333333333 0.08720370370370371
1 0.41361458333333334 0.7868055555555555 0.047364583333333335 0.08067592592592591
1 0.40296875000000004 0.7122407407407407 0.046364583333333334 0.08106481481481481
1 0.36557291666666664 0.6894166666666667 0.04675 0.0762962962962963
1 0.3093541666666667 0.5166944444444445 0.040749999999999995 0.08574999999999999
1 0.23991666666666667 0.7377222222222223 0.03576041666666666 0.09609259259259259
1 0.32916666666666666 0.725 0.05 0.07407407407407407
1 0.33572395833333335 0.874361111111111 0.047489583333333335 0.08462037037037037
1 0.19480208333333332 0.31563888888888886 0.04615104166666666 0.07835185185185185
1 0.32910416666666664 0.3440925925925926 0.046984374999999995 0.06874074074074074
1 0.246359375 0.3917777777777778 0.04199479166666666 0.08574999999999999
1 0.26848958333333334 0.4393518518518518 0.0421875 0.0824074074074074
1 0.49937499999999996 0.4084074074074074 0.043244791666666664 0.08796296296296297
1 0.7509322916666666 0.673037037037037 0.051557291666666664 0.07022222222222223
1 0.7925104166666667 0.6031851851851853 0.04573958333333333 0.0887037037037037
1 0.7607031249999999 0.47271296296296295 0.050312499999999996 0.0761388888888889
1 0.6775416666666667 0.4941481481481481 0.056130208333333334 0.05248148148148148
1 0.6343020833333333 0.45201851851851854 0.03534375 0.08944444444444444
1 0.7523854166666666 0.2897685185185185 0.054468749999999996 0.07244444444444444
1 0.7288958333333333 0.23580555555555555 0.04407291666666667 0.08426851851851852
1 0.6686041666666667 0.1914537037037037 0.04490625 0.07687962962962963
1 0.6982760416666667 0.15712037037037035 0.04425520833333333 0.0809074074074074
1 0.6970833333333334 0.06689814814814815 0.047817708333333334 0.0776111111111111
1 0.6596614583333333 0.09905555555555556 0.045322916666666664 0.06800925925925926
1 0.6272864583333334 0.14110185185185184 0.05040625 0.054435185185185184
1 0.734296875 0.38363888888888886 0.04407291666666667 0.08131481481481481
1 0.6922864583333334 0.3876851851851852 0.05520833333333333 0.04351851851851852
1 0.7000937500000001 0.41712962962962963 0.056442708333333334 0.04722222222222222
1 0.5595833333333334 0.3586111111111111 0.042942708333333336 0.08257407407407408
1 0.83125 0.6805555555555556 0.04583333333333333 0.09074074074074075
1 0.8083125 0.3974074074074074 0.05547395833333334 0.056351851851851854