1 0.5403489583333333 0.7286296296296296 0.027067708333333333 0.10138888888888889
1 0.2365364583333333 0.6815 0.036458333333333336 0.09351851851851851
1 0.3549739583333333 0.7574814814814815 0.027546875000000002 0.09994444444444445
1 0.18781770833333333 0.6494166666666666 0.033854166666666664 0.09259259259259259
1 0.2375 0.5685185185185185 0.028125 0.0962962962962963
1 0.3229166666666667 0.7912037037037037 0.04791666666666667 0.075
1 0.36328125 0.18009259259259258 0.0203125 0.09537037037037037
1 0.21953125 0.5726851851851852 0.027604166666666666 0.09351851851851851
1 0.20774479166666668 0.5297037037037038 0.02721875 0.09273148148148148
1 0.191859375 0.5153703703703704 0.024614583333333332 0.09555555555555556
1 0.4283854166666667 0.8 0.050520833333333334 0.06481481481481481
1 0.5042239583333333 0.7834537037037037 0.051973958333333334 0.06690740740740742
1 0.21588541666666666 0.39305555555555555 0.027604166666666666 0.09537037037037037
1 0.6393229166666666 0.6694444444444444 0.049479166666666664 0.07407407407407407
1 0.3246614583333333 0.8333518518518518 0.04859895833333334 0.07967592592592593
1 0.559375 0.48009259259259257 0.023958333333333335 0.09907407407407408
1 0.47578125 0.36712962962962964 0.0234375 0.09351851851851851
1 0.30464583333333334 0.7525555555555555 0.05424479166666667 0.04585185185185185
1 0.5113489583333333 0.7279722222222222 0.04501041666666667 0.08372222222222223
1 0.5972604166666666 0.5813611111111111 0.035416666666666666 0.09166666666666666
1 0.5798385416666666 0.11356481481481483 0.031546875 0.0919537037037037
1 0.54140625 0.42674074074074075 0.0234375 0.09587962962962962
1 0.43203125 0.5476851851851852 0.021354166666666667 0.09537037037037037
1 0.802125 0.6630648148148148 0.05572916666666667 0.07066666666666666
1 0.5868854166666666 0.6176851851851852 0.036265624999999996 0.09277777777777778
1 0.7806458333333333 0.3597222222222222 0.032125 0.09537037037037037
1 0.19947916666666668 0.41944444444444445 0.023958333333333335 0.09074074074074075
1 0.83125 0.7175925925925926 0.053125 0.07592592592592592
1 0.8424479166666666 0.749537037037037 0.0484375 0.0712962962962963
1 0.3645833333333333 0.6444444444444445 0.03854166666666667 0.08333333333333333
1 0.23151041666666666 0.3726851851851852 0.0296875 0.09537037037037037
1 0.24036458333333333 0.46111111111111114 0.033854166666666664 0.08703703703703704
1 0.25390625 0.4393518518518518 0.0328125 0.08611111111111111
1 0.41014062500000004 0.7482407407407408 0.04917708333333334 0.07699074074074075
1 0.19960416666666667 0.3317037037037037 0.029302083333333333 0.09214814814814815
1 0.24609375 0.19675925925925927 0.0265625 0.08796296296296297
1 0.4359375 0.6838148148148148 0.030208333333333334 0.09717592592592593
1 0.6199427083333333 0.5864722222222222 0.03177083333333333 0.09537037037037037
1 0.29921875 0.6782407407407407 0.05260416666666667 0.06574074074074074
1 0.7347135416666667 0.6575092592592593 0.05260416666666667 0.06598148148148149
1 0.39908333333333335 0.5971759259259259 0.03254166666666666 0.09347222222222222
1 0.32708333333333334 0.3337962962962963 0.025 0.08981481481481482
1 0.4 0.6800925925925926 0.046875 0.07685185185185185
1 0.6872395833333333 0.5976851851851852 0.033854166666666664 0.08981481481481482
1 0.7973958333333333 0.27824074074074073 0.04895833333333333 0.075
1 0.3796875 0.1337962962962963 0.028125 0.08796296296296297
1 0.4640625 0.6084722222222222 0.023958333333333335 0.10213888888888889
1 0.6048802083333332 0.419962962962963 0.030979166666666665 0.09206481481481482
1 0.6823593750000001 0.15518518518518518 0.03034375 0.08814814814814816
1 0.6296875 0.5180555555555556 0.026041666666666668 0.09722222222222222
1 0.33046875 0.6782407407407407 0.0421875 0.075
1 0.7398281250000001 0.7041666666666667 0.05778125 0.041666666666666664
1 0.4401041666666667 0.09893518518518518 0.03125 0.08888888888888889
1 0.6415885416666666 0.21403703703703703 0.033880208333333335 0.08782407407407407
1 0.6531354166666666 0.6396388888888889 0.04635416666666667 0.09166666666666666
1 0.7122395833333334 0.5805555555555556 0.04010416666666667 0.09814814814814815
1 0.3809895833333333 0.6037037037037037 0.0328125 0.0962962962962963
1 0.350875 0.36664814814814817 0.03667708333333333 0.08873148148148148
1 0.7625 0.5763888888888888 0.04895833333333333 0.08055555555555556
1 0.28633333333333333 0.1915740740740741 0.032427083333333336 0.08899074074074075
1 0.4625 0.6842592592592592 0.04375 0.07592592592592592
1 0.31171875 0.47129629629629627 0.04739583333333333 0.08148148148148149
1 0.6736979166666667 0.2708333333333333 0.0359375 0.08796296296296297
1 0.2947916666666667 0.6041666666666666 0.057291666666666664 0.05462962962962963
1 0.82109375 0.5504629629629629 0.0609375 0.04351851851851852
1 0.3181510416666667 0.21749074074074073 0.035416666666666666 0.08518518518518518
1 0.8284635416666667 0.48518518518518516 0.060057291666666665 0.040740740740740744
1 0.7330729166666666 0.7412037037037037 0.05677083333333333 0.041666666666666664
1 0.61015625 0.32731481481481484 0.0390625 0.08611111111111111
1 0.5715208333333333 0.38999074074074075 0.03497395833333334 0.08973148148148148
1 0.49413541666666666 0.07365740740740741 0.04911979166666667 0.06378703703703703
1 0.35625 0.27685185185185185 0.042708333333333334 0.08148148148148149
1 0.233140625 0.26837962962962963 0.04895833333333333 0.06111111111111111
1 0.49192708333333335 0.4 0.0359375 0.09259259259259259
1 0.21040625000000002 0.2549722222222222 0.04766666666666666 0.06968518518518518
1 0.5885416666666666 0.33101851851851855 0.03958333333333333 0.09351851851851851
1 0.26166666666666666 0.3394351851851852 0.04405208333333333 0.07593518518518519
1 0.6455729166666667 0.3990740740740741 0.04739583333333333 0.07777777777777778
1 0.6549479166666666 0.5782407407407407 0.05364583333333333 0.04537037037037037
1 0.5607447916666667 0.3537592592592593 0.033880208333333335 0.09142592592592592
1 0.4485885416666667 0.4619166666666667 0.04953645833333333 0.06602777777777778
1 0.49254166666666666 0.670712962962963 0.04928645833333333 0.06111111111111111
1 0.2959114583333333 0.5250740740740741 0.052244791666666665 0.053842592592592595
1 0.28880208333333335 0.5652777777777778 0.0546875 0.03981481481481482
1 0.4986041666666667 0.4530740740740741 0.04078645833333334 0.08226851851851852
1 0.71171875 0.14027777777777778 0.0515625 0.05648148148148148
1 0.28177083333333336 0.39166666666666666 0.04583333333333333 0.07407407407407407
1 0.3138020833333333 0.6231481481481481 0.050520833333333334 0.05555555555555555
1 0.28125 0.4777777777777778 0.04895833333333333 0.07592592592592592
1 0.5203854166666667 0.5897685185185185 0.04273958333333334 0.0790462962962963
1 0.7712135416666667 0.291787037037037 0.052843749999999995 0.06875925925925927
1 0.81328125 0.4111111111111111 0.05572916666666667 0.05555555555555555
1 0.28728125000000004 0.1037037037037037 0.051640625 0.040740740740740744
1 0.38759895833333335 0.3383333333333333 0.050359375 0.05609259259259259
1 0.24018229166666666 0.3070648148148148 0.052244791666666665 0.04259259259259259
1 0.7963489583333333 0.520712962962963 0.05728645833333333 0.043759259259259255
1 0.34140625 0.5842592592592593 0.0515625 0.044444444444444446
1 0.30234375 0.2050925925925926 0.033854166666666664 0.08796296296296297
1 0.7140625 0.300462962962963 0.05 0.06944444444444445
1 0.4822135416666667 0.14805555555555555 0.040625 0.07759259259259259
1 0.7411041666666667 0.2182777777777778 0.05528645833333334 0.04814814814814815
1 0.7761354166666667 0.46225 0.0501875 0.0819074074074074
1 0.5551302083333333 0.5426944444444445 0.053125 0.04814814814814815
1 0.7638229166666667 0.4008055555555556 0.058817708333333336 0.07801851851851853
1 0.5941927083333333 0.4787777777777778 0.04895833333333333 0.06944444444444445
1 0.7419270833333333 0.3 0.044270833333333336 0.06851851851851852
1 0.7235729166666667 0.18433333333333335 0.0544375 0.04273148148148148
1 0.403125 0.38333333333333336 0.05 0.05555555555555555
1 0.4752604166666667 0.5444444444444444 0.05364583333333333 0.03888888888888889
1 0.3458333333333333 0.5518518518518518 0.052083333333333336 0.040740740740740744
1 0.7067708333333333 0.44166666666666665 0.05520833333333333 0.05555555555555555
1 0.6651041666666667 0.5120370370370371 0.05625 0.044444444444444446
1 0.3858020833333333 0.5305555555555556 0.05235416666666667 0.05185185185185185
1 0.29296875 0.4305555555555556 0.0515625 0.040740740740740744
1 0.5238854166666667 0.3794444444444445 0.043828125 0.0766111111111111
1 0.690625 0.399537037037037 0.05416666666666667 0.04722222222222222
1 0.5125 0.337037037037037 0.04895833333333333 0.04259259259259259
1 0.4895833333333333 0.21435185185185185 0.04583333333333333 0.075
1 0.2993125 0.27017592592592593 0.048625 0.06442592592592593
1 0.6684895833333333 0.3611111111111111 0.05364583333333333 0.03888888888888889
1 0.38828125 0.4398148148148148 0.05260416666666667 0.05555555555555555
1 0.5552552083333333 0.3010648148148148 0.040718750000000005 0.08489814814814814
1 0.5171875 0.28194444444444444 0.041666666666666664 0.08055555555555556
1 0.65546875 0.44907407407407407 0.05364583333333333 0.044444444444444446
1 0.4547708333333333 0.17926851851851852 0.045046875 0.07539814814814816
1 0.5922135416666666 0.5203240740740741 0.053171875 0.05175
1 0.6442708333333333 0.30092592592592593 0.05416666666666667 0.04259259259259259
1 0.48181250000000003 0.26396296296296295 0.043229166666666666 0.08124074074074074
1 0.345390625 0.1064537037037037 0.047036458333333336 0.06475925925925925
1 0.754796875 0.24474074074074073 0.05394270833333333 0.05291666666666667
1 0.8165781249999999 0.4457407407407407 0.05816145833333333 0.054814814814814816
1 0.3190104166666667 0.4013888888888889 0.0484375 0.03981481481481482
1 0.5041666666666667 0.6453703703703704 0.04375 0.053703703703703705
1 0.7324270833333333 0.35138888888888886 0.05547395833333334 0.03796296296296296
1 0.6609375 0.4791666666666667 0.05416666666666667 0.04351851851851852
1 0.39936979166666664 0.5046759259259259 0.05081770833333333 0.055453703703703706
1 0.6659114583333333 0.32731481481481484 0.054734375 0.03981481481481482
1 0.32439062500000004 0.15950925925925927 0.05017708333333334 0.062462962962962956
1 0.6106093749999999 0.23852777777777778 0.05263020833333333 0.03611111111111111
1 0.6888593749999999 0.2135277777777778 0.05550520833333333 0.03796296296296296
1 0.35969270833333333 0.45495370370370375 0.0515625 0.05277777777777778
1 0.676578125 0.5439814814814815 0.05621875 0.04351851851851852
1 0.39453125 0.4111111111111111 0.050520833333333334 0.05740740740740741
1 0.6439427083333332 0.12929629629629627 0.051203125 0.058194444444444444
1 0.33283854166666665 0.12924074074074074 0.0490625 0.06100925925925926
1 0.33653645833333334 0.5124722222222222 0.05016145833333333 0.05087037037037037
1 0.7033124999999999 0.24975925925925926 0.054875 0.048629629629629634
1 0.5260781250000001 0.22777777777777777 0.053197916666666664 0.040740740740740744
1 0.3491770833333333 0.4843055555555555 0.052187500000000005 0.04989814814814815
1 0.5695937499999999 0.628962962962963 0.03625 0.09451851851851852
1 0.7478385416666666 0.5558703703703703 0.04911979166666667 0.08025925925925927
1 0.22604166666666667 0.46944444444444444 0.034375 0.08888888888888889
1 0.44617708333333334 0.49550925925925926 0.04953645833333333 0.06462037037037037
1 0.27752604166666667 0.28355555555555556 0.048078125 0.06992592592592592
1 0.5170364583333333 0.17353703703703702 0.03719791666666667 0.0859537037037037
1 0.7778645833333333 0.5962962962962963 0.0484375 0.07962962962962963
1 0.7344010416666666 0.40340740740740744 0.048817708333333334 0.07819444444444444
1 0.45287499999999997 0.12431481481481481 0.03333333333333333 0.08703703703703704
1 0.6176197916666666 0.1800185185185185 0.026661458333333332 0.09062962962962963
1 0.5448906250000001 0.2764722222222222 0.039286458333333336 0.08564814814814815
1 0.4646770833333333 0.20454629629629628 0.044432291666666665 0.0781574074074074
1 0.27806770833333333 0.13959259259259257 0.052515624999999996 0.04351851851851852
1 0.26458333333333334 0.20294444444444446 0.03009895833333333 0.08893518518518519
1 0.33386979166666664 0.22783333333333333 0.040088541666666665 0.0852962962962963
1 0.3447135416666667 0.3002777777777778 0.0420625 0.07594444444444444
1 0.27603125 0.3531481481481481 0.044036458333333334 0.07887037037037038
1 0.31008854166666666 0.3413703703703704 0.030208333333333334 0.09259259259259259
1 0.3496666666666667 0.6646666666666667 0.045171875 0.07933333333333334
1 0.20521874999999998 0.6610185185185184 0.03581770833333333 0.09522222222222222
1 0.22509895833333332 0.6648148148148149 0.03877604166666667 0.09347222222222222
1 0.372640625 0.7491666666666666 0.029385416666666667 0.10087037037037037
1 0.4035364583333333 0.7158148148148149 0.04769270833333333 0.0764537037037037
1 0.483359375 0.7325092592592592 0.046921875 0.07943518518518519
1 0.4494375 0.7438148148148148 0.04136458333333334 0.0879074074074074
1 0.445765625 0.6026296296296296 0.026453125 0.09999074074074074
1 0.416078125 0.5955 0.033359375 0.09185185185185185
1 0.5262604166666667 0.5120555555555555 0.047635416666666666 0.07226851851851851
1 0.538265625 0.6002592592592593 0.0420625 0.08237037037037036
1 0.49735416666666665 0.5821574074074074 0.046989583333333335 0.07302777777777779
1 0.5149322916666667 0.47174074074074074 0.03877604166666667 0.08937962962962963
1 0.49406770833333336 0.2836296296296296 0.041734375 0.08120370370370371
1 0.578359375 0.25319444444444444 0.040364583333333336 0.08084259259259259
1 0.491390625 0.10903703703703704 0.04971875 0.059500000000000004
1 0.5317291666666667 0.1557777777777778 0.03544270833333333 0.08611111111111111
1 0.5489010416666668 0.14507407407407408 0.03453645833333333 0.08878703703703704
1 0.5621614583333333 0.12014814814814814 0.030729166666666665 0.09029629629629629
1 0.5999322916666666 0.17000925925925928 0.0265625 0.09166666666666666
1 0.6694739583333333 0.09675925925925925 0.053536458333333335 0.041666666666666664
1 0.6540729166666667 0.17069444444444443 0.0501875 0.06232407407407407
1 0.6244635416666667 0.27175925925925926 0.05375 0.03796296296296296
1 0.5870625 0.40630555555555553 0.034505208333333336 0.0905462962962963
1 0.6205833333333334 0.4352314814814815 0.03121875 0.09463888888888888
1 0.7208072916666667 0.6309351851851852 0.05290625 0.07244444444444444
1 0.7921458333333333 0.7381296296296296 0.04991145833333333 0.08737037037037038
1 0.8159531250000001 0.6874814814814815 0.053125 0.07407407407407407
1 0.8223541666666667 0.616037037037037 0.05824479166666666 0.057990740740740745
1 0.7761770833333334 0.6477592592592593 0.049229166666666664 0.07669444444444444
1 0.7324270833333333 0.4882592592592593 0.05443229166666667 0.06910185185185184
1 0.7528906249999999 0.47231481481481485 0.049526041666666666 0.07796296296296297
1 0.7170364583333334 0.5100925925925925 0.053421874999999994 0.06870370370370371