1 0.8061770833333333 0.5919814814814816 0.058187499999999996 0.04878703703703703
1 0.69309375 0.7118333333333333 0.052848958333333335 0.06996296296296296
1 0.6921875 0.7587962962962963 0.05416666666666667 0.04722222222222222
1 0.8283854166666667 0.7263888888888889 0.05260416666666667 0.075
1 0.8097604166666666 0.6652777777777777 0.060140624999999996 0.04351851851851852
1 0.21015625 0.9231481481481482 0.034895833333333334 0.09074074074074075
1 0.64 0.7329722222222222 0.05291666666666666 0.06780555555555556
1 0.7562604166666667 0.5639351851851852 0.04653125 0.08466666666666667
1 0.6682291666666667 0.6606481481481481 0.052083333333333336 0.041666666666666664
1 0.7994791666666666 0.7092592592592593 0.05416666666666667 0.05925925925925926
1 0.5841145833333333 0.8361111111111111 0.0546875 0.07037037037037037
1 0.715203125 0.5935833333333334 0.052281249999999994 0.07419444444444444
1 0.7462656249999999 0.6713888888888889 0.024479166666666666 0.10185185185185185
1 0.1984375 0.7393518518518518 0.041666666666666664 0.08425925925925926
1 0.6622760416666666 0.7837962962962963 0.05893229166666667 0.04351851851851852
1 0.6692708333333334 0.6273148148148148 0.053125 0.03981481481481482
1 0.2036666666666667 0.8789537037037037 0.04579166666666667 0.09362962962962963
1 0.60484375 0.6582685185185184 0.054125 0.04989814814814815
1 0.5168177083333333 0.6303425925925926 0.053421874999999994 0.05042592592592593
1 0.5114583333333333 0.5310185185185186 0.05 0.05092592592592592
1 0.4401041666666667 0.812962962962963 0.05 0.05925925925925926
1 0.508484375 0.6990740740740741 0.05416666666666667 0.04259259259259259
1 0.4513020833333333 0.6134259259259259 0.04114583333333333 0.08055555555555556
1 0.7901041666666667 0.5550925925925926 0.05625 0.04722222222222222
1 0.59403125 0.19512037037037036 0.051281249999999994 0.05690740740740741
1 0.5125 0.7324074074074074 0.05416666666666667 0.04259259259259259
1 0.554015625 0.46216666666666667 0.042765625 0.08483333333333334
1 0.49557291666666664 0.5726851851851852 0.050520833333333334 0.05092592592592592
1 0.46927083333333336 0.4949074074074074 0.03333333333333333 0.09537037037037037
1 0.34791666666666665 0.7953703703703704 0.04375 0.07407407407407407
1 0.6515625 0.5296296296296297 0.053125 0.040740740740740744
1 0.660625 0.5595648148148149 0.05596875 0.03888888888888889
1 0.30963541666666666 0.8268518518518518 0.049479166666666664 0.06851851851851852
1 0.3736979166666667 0.7208333333333333 0.03802083333333333 0.09351851851851851
1 0.478015625 0.2986111111111111 0.05081770833333333 0.03796296296296296
1 0.55390625 0.6828703703703703 0.044270833333333336 0.07685185185185185
1 0.47731250000000003 0.6568425925925926 0.050458333333333334 0.05812962962962963
1 0.34817708333333336 0.6837962962962963 0.0328125 0.09722222222222222
1 0.30755208333333334 0.13796296296296295 0.04635416666666667 0.07222222222222222
1 0.4546875 0.5254629629629629 0.029166666666666667 0.08796296296296297
1 0.30034374999999996 0.2089537037037037 0.042708333333333334 0.07777777777777778
1 0.42526041666666664 0.6995370370370371 0.0234375 0.09351851851851851
1 0.46458333333333335 0.3592592592592593 0.029166666666666667 0.08518518518518518
1 0.5143645833333333 0.8115740740740741 0.05580729166666667 0.05277777777777778
1 0.5268854166666667 0.6597222222222222 0.05481770833333333 0.04351851851851852
1 0.2674479166666667 0.22777777777777777 0.0484375 0.05555555555555555
1 0.5608229166666666 0.522175925925926 0.04456770833333333 0.08324074074074074
1 0.569265625 0.2750370370370371 0.03646875 0.08711111111111111
1 0.5266822916666667 0.4575 0.030453125 0.09462962962962963
1 0.25578645833333336 0.2024166666666667 0.05093229166666667 0.04722222222222222
1 0.5346354166666667 0.562962962962963 0.03697916666666667 0.08333333333333333
1 0.40546875 0.8328703703703704 0.05364583333333333 0.05092592592592592
1 0.24791666666666667 0.5486111111111112 0.046875 0.062037037037037036
1 0.4902708333333334 0.6074166666666666 0.05279166666666667 0.05372222222222223
1 0.6036458333333333 0.41574074074074074 0.035416666666666666 0.09259259259259259
1 0.41466666666666663 0.07181481481481482 0.050520833333333334 0.05185185185185185
1 0.7971354166666667 0.625 0.0578125 0.044444444444444446
1 0.3441822916666667 0.19408333333333336 0.04010416666666667 0.08055555555555556
1 0.46210416666666665 0.7180555555555556 0.053369791666666666 0.05092592592592592
1 0.19739583333333333 0.4699074074074074 0.026041666666666668 0.09351851851851851
1 0.3380208333333333 0.10046296296296296 0.04375 0.0712962962962963
1 0.37765625 0.7958333333333333 0.051145833333333335 0.07314814814814814
1 0.45847916666666666 0.6808055555555556 0.05319270833333333 0.055657407407407405
1 0.6079635416666667 0.49449999999999994 0.04972395833333333 0.06883333333333333
1 0.7083333333333334 0.6550925925925926 0.025 0.09722222222222222
1 0.4921875 0.7671296296296296 0.052083333333333336 0.05462962962962963
1 0.6052083333333333 0.5773148148148148 0.027083333333333334 0.09907407407407408
1 0.55703125 0.5995370370370371 0.022395833333333334 0.08981481481481482
1 0.5432291666666667 0.15 0.04895833333333333 0.05555555555555555
1 0.25052083333333336 0.2949074074074074 0.026041666666666668 0.08611111111111111
1 0.6442708333333333 0.07453703703703704 0.03333333333333333 0.08425925925925926
1 0.34817708333333336 0.6185185185185185 0.04739583333333333 0.07962962962962963
1 0.36328125 0.8625 0.044270833333333336 0.08055555555555556
1 0.42473958333333334 0.6217592592592592 0.04010416666666667 0.0787037037037037
1 0.44140625 0.7606481481481482 0.05364583333333333 0.04722222222222222
1 0.18619791666666666 0.7722222222222223 0.034895833333333334 0.08888888888888889
1 0.7755208333333333 0.7555555555555555 0.057291666666666664 0.05555555555555555
1 0.5416666666666666 0.7574074074074074 0.05416666666666667 0.05925925925925926
1 0.39088541666666665 0.6536018518518518 0.028645833333333332 0.09424074074074074
1 0.21666666666666667 0.45416666666666666 0.026041666666666668 0.09351851851851851
1 0.31953125 0.5481481481481482 0.0484375 0.053703703703703705
1 0.494953125 0.24227777777777781 0.04791666666666667 0.07592592592592592
1 0.2719010416666666 0.34487962962962965 0.054218749999999996 0.05839814814814815
1 0.46770833333333334 0.2671296296296296 0.052083333333333336 0.03611111111111111
1 0.3190104166666667 0.8875 0.043229166666666666 0.08055555555555556
1 0.497125 0.3764537037037037 0.032828125 0.08808333333333333
1 0.6045677083333333 0.7787037037037037 0.054406249999999996 0.06481481481481481
1 0.7875052083333334 0.4847222222222222 0.05834375 0.03981481481481482
1 0.5049479166666667 0.462037037037037 0.0265625 0.08888888888888889
1 0.5096354166666667 0.09074074074074075 0.025520833333333333 0.08333333333333333
1 0.6192708333333333 0.3509259259259259 0.034375 0.08518518518518518
1 0.652734375 0.7027407407407408 0.048796874999999997 0.07882407407407407
1 0.6901041666666666 0.16944444444444445 0.026041666666666668 0.09259259259259259
1 0.43854166666666666 0.5481481481481482 0.026041666666666668 0.08703703703703704
1 0.540625 0.1162037037037037 0.05 0.06018518518518518
1 0.5755208333333334 0.3490740740740741 0.021875 0.1
1 0.33125 0.2537037037037037 0.05 0.04259259259259259
1 0.49296875 0.18055555555555555 0.050520833333333334 0.046296296296296294
1 0.35104166666666664 0.3055555555555556 0.028125 0.08518518518518518
1 0.39340625 0.09362037037037037 0.04942708333333334 0.05
1 0.20703125 0.6546296296296297 0.03802083333333333 0.09074074074074075
1 0.6072916666666667 0.0824074074074074 0.04895833333333333 0.04814814814814815
1 0.37994791666666666 0.14814814814814814 0.0453125 0.053703703703703705
1 0.3302083333333333 0.5208333333333334 0.05 0.04722222222222222
1 0.3765625 0.6407407407407407 0.030208333333333334 0.08888888888888889
1 0.7653645833333333 0.6828703703703703 0.0265625 0.09722222222222222
1 0.43359375 0.4041666666666667 0.044270833333333336 0.08425925925925926
1 0.27406250000000004 0.16264814814814815 0.051244791666666664 0.045064814814814814
1 0.48515625 0.35509259259259257 0.028645833333333332 0.08796296296296297
1 0.2955729166666667 0.2708333333333333 0.021354166666666667 0.09166666666666666
1 0.4078125 0.13194444444444445 0.04895833333333333 0.04722222222222222
1 0.6556770833333334 0.49398148148148147 0.05510416666666666 0.03611111111111111
1 0.44505208333333335 0.44212962962962965 0.0484375 0.062037037037037036
1 0.7252604166666666 0.6746574074074074 0.0234375 0.10277777777777777
1 0.22838541666666667 0.5208333333333334 0.050520833333333334 0.03981481481481482
1 0.4075520833333333 0.7097222222222223 0.024479166666666666 0.09722222222222222
1 0.5153645833333333 0.37592592592592594 0.028645833333333332 0.08333333333333333
1 0.7130208333333333 0.09907407407407408 0.03958333333333333 0.08703703703703704
1 0.55546875 0.3763888888888889 0.022395833333333334 0.08981481481481482
1 0.37161458333333336 0.5685185185185185 0.04739583333333333 0.06111111111111111
1 0.3564583333333333 0.0885925925925926 0.041041666666666664 0.07533333333333334
1 0.24765625 0.4115740740740741 0.044270833333333336 0.075
1 0.3327291666666667 0.3134537037037037 0.029776041666666666 0.08922222222222222
1 0.471875 0.08703703703703704 0.020833333333333332 0.08888888888888889
1 0.4197916666666667 0.3347222222222222 0.04479166666666667 0.0712962962962963
1 0.596875 0.26064814814814813 0.025 0.08611111111111111
1 0.49661458333333336 0.14907407407407408 0.043229166666666666 0.044444444444444446
1 0.6067708333333334 0.13564814814814816 0.04791666666666667 0.062037037037037036
1 0.49192708333333335 0.08333333333333333 0.025520833333333333 0.08888888888888889
1 0.21979166666666666 0.5796296296296296 0.036458333333333336 0.08148148148148149
1 0.33645833333333336 0.49027777777777776 0.051041666666666666 0.041666666666666664
1 0.21041666666666667 0.8125 0.040625 0.0787037037037037
1 0.43645833333333334 0.18703703703703703 0.020833333333333332 0.08888888888888889
1 0.41640625 0.19166666666666668 0.025520833333333333 0.08518518518518518
1 0.7395833333333334 0.1486111111111111 0.03229166666666667 0.08425925925925926
1 0.7848958333333333 0.15046296296296297 0.0375 0.08425925925925926
1 0.77265625 0.45 0.05572916666666667 0.04259259259259259
1 0.3919270833333333 0.20416666666666666 0.0359375 0.075
1 0.7872395833333333 0.5189814814814815 0.05572916666666667 0.04537037037037037
1 0.7567708333333333 0.42083333333333334 0.05416666666666667 0.049074074074074076
1 0.7755208333333333 0.2152777777777778 0.05 0.06759259259259259
1 0.6671875 0.15555555555555556 0.021875 0.08888888888888889
1 0.27447916666666666 0.28194444444444444 0.023958333333333335 0.08611111111111111
1 0.7070364583333333 0.24768518518518517 0.03386458333333333 0.08611111111111111
1 0.646875 0.12916666666666668 0.03229166666666667 0.0824074074074074
1 0.23515625 0.45740740740740743 0.028645833333333332 0.08518518518518518
1 0.6269739583333334 0.5945185185185186 0.027901041666666668 0.0982962962962963
1 0.7239583333333334 0.06527777777777778 0.0375 0.0824074074074074
1 0.67265625 0.2574074074074074 0.0203125 0.09259259259259259
1 0.41796875 0.5532407407407407 0.0203125 0.09166666666666666
1 0.6533854166666667 0.22721296296296295 0.019270833333333334 0.09147222222222223
1 0.3221354166666667 0.7226851851851852 0.022395833333333334 0.09722222222222222
1 0.58828125 0.5984166666666666 0.025520833333333333 0.09684259259259259
1 0.7138020833333333 0.518712962962963 0.024479166666666666 0.09589814814814814
1 0.23622395833333334 0.32252777777777775 0.026614583333333334 0.0932037037037037
1 0.47317708333333336 0.8143518518518519 0.03697916666666667 0.09351851851851851
1 0.7580729166666667 0.16018518518518518 0.0296875 0.08518518518518518
1 0.8447916666666667 0.6174999999999999 0.022916666666666665 0.10351851851851851
1 0.6184947916666667 0.26240740740740737 0.022406250000000003 0.09518518518518518
1 0.6549479166666666 0.4597222222222222 0.05364583333333333 0.03611111111111111
1 0.740890625 0.23031481481481483 0.029697916666666668 0.09210185185185185
1 0.7363645833333333 0.48250000000000004 0.041854166666666665 0.08685185185185185
1 0.5427083333333333 0.20416666666666666 0.04895833333333333 0.05092592592592592
1 0.41380208333333335 0.49212962962962964 0.05260416666666667 0.03796296296296296
1 0.53984375 0.375 0.022395833333333334 0.08888888888888889
1 0.7385416666666667 0.39490740740740743 0.05416666666666667 0.05648148148148148
1 0.8260416666666667 0.5361111111111111 0.023958333333333335 0.09814814814814815
1 0.574078125 0.4367037037037037 0.028364583333333335 0.09377777777777778
1 0.84453125 0.4925925925925926 0.030729166666666665 0.0962962962962963
1 0.259375 0.46111111111111114 0.040625 0.07777777777777778
1 0.31535416666666666 0.3174444444444444 0.023083333333333334 0.08865740740740741
1 0.7330729166666666 0.7666666666666667 0.0296875 0.0962962962962963
1 0.8546875 0.7375 0.051041666666666666 0.06944444444444445
1 0.19322916666666667 0.5625 0.026041666666666668 0.08611111111111111
1 0.21692708333333333 0.36342592592592593 0.0234375 0.0787037037037037
1 0.7645833333333333 0.09027777777777778 0.046875 0.075
1 0.32395833333333335 0.44305555555555554 0.04791666666666667 0.06759259259259259
1 0.715625 0.20277777777777778 0.03333333333333333 0.09814814814814815
1 0.6359375 0.23011111111111113 0.019791666666666666 0.09171296296296295
1 0.6510416666666666 0.32222222222222224 0.053125 0.03518518518518519
1 0.21829166666666666 0.6769166666666667 0.04091666666666667 0.08969444444444445
1 0.33428645833333337 0.5988796296296296 0.04886458333333333 0.0748611111111111
1 0.34004687499999997 0.7676666666666667 0.04926041666666667 0.0748611111111111
1 0.27564062500000003 0.3710462962962963 0.053328125 0.05148148148148148
1 0.3176979166666667 0.1922222222222222 0.04092708333333333 0.07275925925925926
1 0.35790104166666664 0.17519444444444446 0.03657291666666666 0.07998148148148147
1 0.31900520833333335 0.11455555555555555 0.043541666666666666 0.06914814814814815
1 0.513921875 0.23505555555555557 0.043828125 0.07791666666666668
1 0.5576041666666666 0.24330555555555552 0.04063541666666667 0.07998148148148147
1 0.6060833333333334 0.17080555555555554 0.04992708333333333 0.060888888888888895
1 0.5941822916666666 0.3418703703703704 0.01915625 0.09339814814814815
1 0.48228125 0.47475 0.03280208333333333 0.08565740740740742
1 0.43685416666666665 0.3498703703703704 0.045864583333333334 0.06812037037037036
1 0.602453125 0.6940648148148149 0.05544270833333333 0.05057407407407407
1 0.6097083333333334 0.7469629629629629 0.054281249999999996 0.06656481481481481
1 0.5950520833333334 0.8104351851851852 0.054572916666666665 0.07069444444444443
1 0.7430885416666667 0.5856944444444444 0.045864583333333334 0.08565740740740742
1 0.6651510416666666 0.594212962962963 0.05544270833333333 0.034574074074074077
1 0.7020156249999999 0.1199814814814815 0.03860416666666667 0.0820462962962963
1 0.7757447916666667 0.07224074074074073 0.04789583333333333 0.07637037037037038