1 0.8263020833333333 0.7263888888888889 0.050520833333333334 0.075
1 0.8122135416666667 0.6638888888888889 0.06088020833333333 0.044444444444444446
1 0.58359375 0.8388888888888889 0.0546875 0.07407407407407407
1 0.79921875 0.7083333333333334 0.05364583333333333 0.06111111111111111
1 0.7481770833333333 0.674074074074074 0.025520833333333333 0.1
1 0.39609375 0.6888888888888889 0.03802083333333333 0.09444444444444444
1 0.6691979166666666 0.6587962962962963 0.05609895833333333 0.04537037037037037
1 0.6938854166666667 0.75875 0.058192708333333336 0.04814814814814815
1 0.6671875 0.5939814814814814 0.05520833333333333 0.041666666666666664
1 0.6619270833333334 0.7850185185185186 0.05718229166666667 0.04781481481481482
1 0.59921875 0.538425925925926 0.049479166666666664 0.03796296296296296
1 0.6721927083333333 0.6258981481481481 0.05572916666666667 0.044444444444444446
1 0.6098645833333334 0.7470648148148149 0.053125 0.06759259259259259
1 0.4153645833333333 0.6935185185185185 0.033854166666666664 0.08518518518518518
1 0.8082499999999999 0.5913611111111111 0.05816145833333333 0.05494444444444445
1 0.35911458333333335 0.649074074074074 0.043229166666666666 0.08148148148148149
1 0.48489583333333336 0.6430555555555556 0.053125 0.04537037037037037
1 0.6939322916666666 0.7111388888888889 0.05348958333333333 0.07227777777777777
1 0.4479166666666667 0.6731481481481482 0.05 0.040740740740740744
1 0.5447916666666667 0.47129629629629627 0.034375 0.08333333333333333
1 0.6010416666666667 0.6962962962962963 0.052083333333333336 0.04814814814814815
1 0.5388020833333333 0.6370370370370371 0.027604166666666666 0.0962962962962963
1 0.42239583333333336 0.7643518518518518 0.04791666666666667 0.0712962962962963
1 0.5075520833333333 0.5231481481481481 0.0484375 0.05925925925925926
1 0.6627604166666666 0.5560185185185185 0.05572916666666667 0.041666666666666664
1 0.3450520833333333 0.8435185185185186 0.05260416666666667 0.06666666666666667
1 0.75859375 0.4152777777777778 0.05572916666666667 0.04351851851851852
1 0.240625 0.4111111111111111 0.04583333333333333 0.06481481481481481
1 0.6921875 0.4666666666666667 0.029166666666666667 0.09814814814814815
1 0.7458333333333333 0.4777777777777778 0.04479166666666667 0.08888888888888889
1 0.49895833333333334 0.44027777777777777 0.036458333333333336 0.08981481481481482
1 0.4202291666666667 0.5275000000000001 0.037307291666666666 0.08478703703703704
1 0.24193229166666666 0.5560833333333334 0.04797395833333333 0.07360185185185185
1 0.6666666666666666 0.44814814814814813 0.046875 0.07592592592592592
1 0.6005208333333333 0.6675925925925926 0.053125 0.04814814814814815
1 0.4471354166666667 0.8203703703703704 0.044270833333333336 0.08148148148148149
1 0.7106770833333333 0.4986111111111111 0.03697916666666667 0.09722222222222222
1 0.509375 0.7523148148148148 0.05416666666666667 0.03796296296296296
1 0.6404895833333334 0.7366851851851852 0.05390104166666666 0.06596296296296296
1 0.3885416666666667 0.5194444444444445 0.028125 0.09444444444444444
1 0.7565104166666666 0.5675925925925925 0.0453125 0.08888888888888889
1 0.375 0.35694444444444445 0.03125 0.08611111111111111
1 0.6114583333333333 0.5976851851851852 0.034375 0.09166666666666666
1 0.7770833333333333 0.7560185185185185 0.057291666666666664 0.05648148148148148
1 0.5098958333333333 0.5939814814814814 0.046875 0.06759259259259259
1 0.3191979166666667 0.20046296296296295 0.035265624999999995 0.08796296296296297
1 0.6666822916666667 0.3282407407407407 0.05309375 0.041666666666666664
1 0.5515625 0.3347222222222222 0.05 0.05648148148148148
1 0.7174479166666666 0.5944444444444444 0.0484375 0.07222222222222222
1 0.64559375 0.3526944444444445 0.05520833333333333 0.03888888888888889
1 0.48854166666666665 0.32685185185185184 0.05416666666666667 0.053703703703703705
1 0.61484375 0.2898148148148148 0.030729166666666665 0.08888888888888889
1 0.5526041666666667 0.1884259259259259 0.04791666666666667 0.041666666666666664
1 0.6385833333333333 0.11027777777777777 0.026130208333333335 0.09092592592592592
1 0.5931979166666667 0.21019444444444443 0.05005729166666666 0.05187962962962963
1 0.578921875 0.15299074074074073 0.05055208333333334 0.04587037037037037
1 0.56484375 0.6578703703703703 0.033854166666666664 0.09166666666666666
1 0.3333333333333333 0.41064814814814815 0.05 0.03981481481481482
1 0.49322916666666666 0.6875 0.051041666666666666 0.058333333333333334
1 0.6606770833333333 0.524537037037037 0.0546875 0.041666666666666664
1 0.2752604166666667 0.33055555555555555 0.049479166666666664 0.06111111111111111
1 0.3974270833333333 0.16111111111111112 0.049015625 0.040740740740740744
1 0.7943281249999999 0.4837962962962963 0.058453125 0.04351851851851852
1 0.7972187500000001 0.624537037037037 0.06145833333333333 0.04537037037037037
1 0.4546875 0.7527777777777778 0.04895833333333333 0.06666666666666667
1 0.3859375 0.21435185185185185 0.036458333333333336 0.0824074074074074
1 0.43020833333333336 0.20833333333333334 0.030208333333333334 0.08518518518518518
1 0.32421875 0.6398148148148148 0.03177083333333333 0.09074074074074075
1 0.32526041666666666 0.5768518518518518 0.0484375 0.06666666666666667
1 0.41744791666666664 0.13240740740740742 0.04635416666666667 0.053703703703703705
1 0.5109375 0.7194444444444444 0.053125 0.040740740740740744
1 0.6933802083333334 0.09793518518518518 0.025296875 0.09031481481481482
1 0.7911458333333333 0.5152777777777777 0.05625 0.04722222222222222
1 0.5785677083333333 0.4623888888888889 0.04791666666666667 0.075
1 0.20208333333333334 0.7379629629629629 0.041666666666666664 0.08333333333333333
1 0.453125 0.09398148148148149 0.04583333333333333 0.058333333333333334
1 0.6553645833333334 0.09225925925925926 0.02322916666666667 0.09377777777777778
1 0.72578125 0.6722222222222223 0.024479166666666666 0.09814814814814815
1 0.4552083333333333 0.586574074074074 0.026041666666666668 0.08796296296296297
1 0.18671875 0.7731481481481481 0.03177083333333333 0.08888888888888889
1 0.319359375 0.7668888888888888 0.041484375000000004 0.08102777777777778
1 0.6697916666666667 0.29444444444444445 0.052083333333333336 0.03888888888888889
1 0.415625 0.6050925925925926 0.020833333333333332 0.08981481481481482
1 0.30520833333333336 0.1398148148148148 0.0375 0.08333333333333333
1 0.6229166666666667 0.23055555555555557 0.05 0.044444444444444446
1 0.4979166666666667 0.18194444444444444 0.025 0.08796296296296297
1 0.3606770833333333 0.20462962962962963 0.03697916666666667 0.08703703703703704
1 0.63203125 0.287962962962963 0.030729166666666665 0.08888888888888889
1 0.5479166666666667 0.25046296296296294 0.025 0.09351851851851851
1 0.32317708333333334 0.4513888888888889 0.050520833333333334 0.05092592592592592
1 0.671203125 0.2526481481481482 0.05178125 0.05713888888888889
1 0.65334375 0.7015462962962963 0.048484375 0.08215740740740742
1 0.7239583333333334 0.1175925925925926 0.03854166666666667 0.08518518518518518
1 0.314328125 0.26396296296296295 0.026041666666666668 0.08888888888888889
1 0.57484375 0.37925 0.0465625 0.07516666666666667
1 0.5255208333333333 0.16018518518518518 0.034375 0.08518518518518518
1 0.5143229166666666 0.29444444444444445 0.049479166666666664 0.07222222222222222
1 0.2869791666666667 0.2671296296296296 0.034375 0.09166666666666666
1 0.79375 0.5541666666666667 0.05625 0.05092592592592592
1 0.39505729166666664 0.8125277777777777 0.049609375 0.0657962962962963
1 0.33697916666666666 0.1300925925925926 0.03333333333333333 0.09166666666666666
1 0.6659791666666667 0.3911851851851852 0.054593749999999996 0.039842592592592596
1 0.71015625 0.6537037037037037 0.0265625 0.09259259259259259
1 0.434375 0.36527777777777776 0.019791666666666666 0.09351851851851851
1 0.3455729166666667 0.7208333333333333 0.0515625 0.06759259259259259
1 0.5036458333333333 0.11666666666666667 0.04895833333333333 0.05185185185185185
1 0.38828125 0.10185185185185185 0.030729166666666665 0.08148148148148149
1 0.409375 0.3074074074074074 0.04791666666666667 0.03888888888888889
1 0.20477604166666669 0.8780925925925926 0.04252604166666667 0.09137037037037038
1 0.6222604166666666 0.18271296296296297 0.04972916666666667 0.06541666666666668
1 0.41484375 0.274537037037037 0.0515625 0.03425925925925926
1 0.32546875 0.5032407407407408 0.051145833333333335 0.06388888888888888
1 0.33151041666666664 0.6944444444444444 0.05364583333333333 0.06481481481481481
1 0.21354166666666666 0.6783333333333333 0.022916666666666665 0.09740740740740741
1 0.39817708333333335 0.36527777777777776 0.019270833333333334 0.09166666666666666
1 0.3619791666666667 0.4759259259259259 0.029166666666666667 0.08888888888888889
1 0.5559895833333334 0.09537037037037037 0.04739583333333333 0.05925925925925926
1 0.26588541666666665 0.2814814814814815 0.033854166666666664 0.08703703703703704
1 0.4359375 0.6064814814814815 0.020833333333333332 0.08148148148148149
1 0.34739583333333335 0.25601851851851853 0.026041666666666668 0.08796296296296297
1 0.465625 0.2074074074074074 0.026041666666666668 0.08518518518518518
1 0.4591145833333333 0.1486111111111111 0.044270833333333336 0.058333333333333334
1 0.7653645833333333 0.6828703703703703 0.028645833333333332 0.09907407407407408
1 0.7807864583333333 0.14460185185185184 0.04907291666666667 0.07375000000000001
1 0.7231770833333333 0.06898148148148148 0.04114583333333333 0.0824074074074074
1 0.373578125 0.28173148148148147 0.04030729166666667 0.08097222222222222
1 0.5785729166666667 0.29398148148148145 0.05297395833333333 0.03796296296296296
1 0.5651041666666666 0.12462962962962962 0.05 0.06592592592592593
1 0.19713541666666667 0.65 0.021354166666666667 0.09444444444444444
1 0.4466041666666667 0.44072222222222224 0.05258854166666667 0.04812037037037037
1 0.24427083333333333 0.3254722222222222 0.026041666666666668 0.08983333333333333
1 0.846875 0.6148148148148148 0.022916666666666665 0.1
1 0.40963541666666664 0.21481481481481482 0.03697916666666667 0.08333333333333333
1 0.6857447916666667 0.15132407407407408 0.047526041666666664 0.07487037037037036
1 0.4734375 0.5768518518518518 0.030208333333333334 0.08703703703703704
1 0.6723958333333333 0.06759259259259259 0.021875 0.1
1 0.35963541666666665 0.12268518518518519 0.0265625 0.07685185185185185
1 0.39739583333333334 0.5962962962962963 0.021875 0.09074074074074075
1 0.7276041666666667 0.1837962962962963 0.021875 0.08981481481481482
1 0.20885416666666667 0.449537037037037 0.04479166666666667 0.075
1 0.8294270833333334 0.5333796296296296 0.025520833333333333 0.0980462962962963
1 0.7341145833333333 0.7666666666666667 0.030729166666666665 0.0962962962962963
1 0.773671875 0.44537037037037036 0.05983854166666667 0.040740740740740744
1 0.6078125 0.12083333333333333 0.03958333333333333 0.07685185185185185
1 0.244046875 0.6380833333333333 0.04288541666666667 0.08303703703703705
1 0.21770833333333334 0.5171296296296296 0.04479166666666667 0.075
1 0.8552083333333333 0.736574074074074 0.052083333333333336 0.06944444444444445
1 0.6567708333333333 0.1917222222222222 0.042703124999999995 0.07951851851851852
1 0.7497395833333333 0.12916666666666668 0.022395833333333334 0.09537037037037037
1 0.7192708333333333 0.32175925925925924 0.04895833333333333 0.08055555555555556
1 0.7776041666666667 0.06111111111111111 0.04375 0.07037037037037037
1 0.3809895833333333 0.42268518518518516 0.050520833333333334 0.04722222222222222
1 0.373953125 0.7655277777777778 0.05069791666666667 0.06994444444444445
1 0.4515625 0.37037037037037035 0.020833333333333332 0.08888888888888889
1 0.37048437500000003 0.5198981481481482 0.0315625 0.0927962962962963
1 0.178125 0.46111111111111114 0.03229166666666667 0.09074074074074075
1 0.4127708333333333 0.4625 0.051546875 0.041666666666666664
1 0.8518229166666667 0.49027777777777776 0.034895833333333334 0.09722222222222222
1 0.44744791666666667 0.48913888888888885 0.051145833333333335 0.0550462962962963
1 0.26901041666666664 0.19444444444444445 0.049479166666666664 0.05925925925925926
1 0.460703125 0.5150555555555556 0.05161458333333333 0.055074074074074074
1 0.21633333333333335 0.37050925925925926 0.037125 0.08547222222222223
1 0.21245833333333333 0.9181296296296296 0.03758854166666667 0.09552777777777778
1 0.6239583333333333 0.5013888888888889 0.04895833333333333 0.041666666666666664
1 0.486015625 0.3616388888888889 0.05016145833333333 0.052472222222222226
1 0.21201562499999999 0.8081388888888889 0.04263020833333333 0.08850925925925926
1 0.4158854166666667 0.3648148148148148 0.018229166666666668 0.08888888888888889
1 0.48409375000000004 0.20340740740740743 0.026692708333333332 0.08949074074074075
1 0.5940364583333333 0.8148888888888889 0.05447916666666666 0.07156481481481482
1 0.6018177083333334 0.7826851851851852 0.05555208333333333 0.0634537037037037
1 0.592828125 0.5997129629629631 0.033276041666666666 0.09446296296296296
1 0.6313385416666667 0.5942314814814814 0.03086458333333333 0.09875925925925925
1 0.5082916666666667 0.5565370370370369 0.05259895833333333 0.06536111111111112
1 0.5231875 0.6538703703703703 0.030328124999999997 0.09494444444444446
1 0.5553906249999999 0.5820648148148148 0.04857291666666667 0.06584259259259259
1 0.5543177083333333 0.5441388888888888 0.04696354166666667 0.06536111111111112
1 0.7459322916666667 0.5892222222222222 0.045890625 0.08206481481481481
1 0.7223177083333333 0.5257685185185186 0.03891145833333333 0.09160185185185186
1 0.6440885416666667 0.4389351851851852 0.04777083333333333 0.07442592592592592
1 0.5877291666666667 0.4926111111111111 0.049380208333333335 0.07300000000000001
1 0.513390625 0.45801851851851855 0.034890624999999995 0.08969444444444445
1 0.5497552083333334 0.42342592592592593 0.04535416666666667 0.07681481481481481
1 0.5641145833333333 0.40553703703703703 0.044546875 0.07824074074074074
1 0.4888333333333333 0.3926574074074074 0.049651041666666666 0.060111111111111115
1 0.3611979166666667 0.7356481481481482 0.050520833333333334 0.07314814814814814
1 0.7844479166666667 0.18134259259259258 0.05086979166666667 0.07805555555555556
1 0.6768177083333333 0.17872222222222223 0.043369791666666664 0.07567592592592592
1 0.42957291666666664 0.10947222222222222 0.047390625 0.060925925925925925
1 0.331046875 0.16873148148148148 0.03239583333333333 0.08614814814814815
1 0.27861979166666667 0.21894444444444444 0.049953125 0.060259259259259255
1 0.27643229166666666 0.3614907407407408 0.04953125 0.06139814814814815
1 0.22382291666666668 0.46549074074074076 0.04765625 0.07329629629629629
1 0.23521875 0.5263148148148148 0.048317708333333334 0.06938888888888889
1 0.24631250000000002 0.5892407407407407 0.04711979166666667 0.0752037037037037
1 0.36183333333333334 0.8238888888888889 0.05006770833333333 0.06282407407407407
1 0.4132395833333333 0.792 0.04845833333333334 0.06663888888888889
1 0.4595572916666667 0.7217962962962963 0.04899479166666666 0.06520370370370371
1 0.36022916666666666 0.6085185185185186 0.04578125 0.07758333333333334
1 0.315921875 0.5511666666666667 0.050333333333333334 0.06853703703703704
1 0.7677604166666666 0.08694444444444445 0.04802083333333333 0.07388888888888889