1 0.8283854166666667 0.7276944444444444 0.05260416666666667 0.07946296296296296
1 0.6622395833333333 0.7856481481481481 0.05572916666666667 0.04351851851851852
1 0.8099114583333333 0.6617500000000001 0.06022916666666667 0.04351851851851852
1 0.6939635416666667 0.7597222222222222 0.05667708333333333 0.049074074074074076
1 0.584375 0.8300925925925926 0.05416666666666667 0.07314814814814814
1 0.6686927083333334 0.6606481481481481 0.05626041666666667 0.03981481481481482
1 0.6939739583333334 0.7129629629629629 0.05356770833333333 0.07037037037037037
1 0.8058333333333334 0.5921388888888889 0.05784895833333333 0.04725
1 0.746875 0.6727777777777778 0.023958333333333335 0.09889814814814815
1 0.6699947916666668 0.6277222222222223 0.05561979166666667 0.03796296296296296
1 0.6044427083333334 0.6538703703703703 0.05513020833333333 0.04630555555555555
1 0.7139791666666666 0.5934537037037036 0.051921875 0.07578703703703703
1 0.75553125 0.5645185185185184 0.04876041666666667 0.08386111111111111
1 0.3189114583333333 0.8322129629629629 0.04969270833333333 0.06666666666666667
1 0.4244791666666667 0.7027777777777777 0.030208333333333334 0.09444444444444444
1 0.3151041666666667 0.787962962962963 0.04895833333333333 0.07222222222222222
1 0.5255208333333333 0.1625 0.036458333333333336 0.08055555555555556
1 0.35546875 0.2967592592592593 0.03697916666666667 0.08611111111111111
1 0.3776041666666667 0.7930555555555555 0.053125 0.06018518518518518
1 0.5549479166666667 0.1814814814814815 0.04114583333333333 0.08333333333333333
1 0.6581927083333333 0.5606481481481481 0.05596875 0.03796296296296296
1 0.6548645833333333 0.4935185185185185 0.056026041666666665 0.04259259259259259
1 0.24869791666666666 0.22777777777777777 0.05260416666666667 0.040740740740740744
1 0.4005208333333333 0.27870370370370373 0.03229166666666667 0.08888888888888889
1 0.36015625 0.7712962962962963 0.0515625 0.06111111111111111
1 0.19427083333333334 0.9032407407407408 0.041666666666666664 0.08981481481481482
1 0.78984375 0.5541666666666667 0.05572916666666667 0.04351851851851852
1 0.40572916666666664 0.8324074074074074 0.053125 0.05555555555555555
1 0.42083333333333334 0.2810185185185185 0.029166666666666667 0.09722222222222222
1 0.503125 0.4824074074074074 0.05 0.053703703703703705
1 0.7252604166666666 0.6770092592592593 0.024479166666666666 0.09933333333333333
1 0.6973958333333333 0.4486111111111111 0.05 0.06574074074074074
1 0.651828125 0.4330833333333334 0.054697916666666666 0.05135185185185185
1 0.5015104166666666 0.6908055555555556 0.05260416666666667 0.06388888888888888
1 0.472546875 0.6541666666666667 0.053432291666666666 0.05648148148148148
1 0.56796875 0.5148148148148148 0.03697916666666667 0.08703703703703704
1 0.31536458333333334 0.2518518518518518 0.0484375 0.04814814814814815
1 0.48393749999999996 0.5948055555555556 0.03697916666666667 0.08737037037037038
1 0.6247395833333333 0.5936203703703704 0.03802083333333333 0.0909537037037037
1 0.45026041666666666 0.30972222222222223 0.0265625 0.10092592592592593
1 0.7046875 0.5259259259259259 0.04583333333333333 0.09444444444444444
1 0.22025 0.7969166666666666 0.04839583333333333 0.06737037037037037
1 0.7075520833333333 0.6527777777777778 0.025520833333333333 0.09259259259259259
1 0.6294791666666666 0.46024074074074073 0.05677083333333333 0.041666666666666664
1 0.6114166666666667 0.7419444444444444 0.05408333333333334 0.06722222222222221
1 0.1953125 0.777425925925926 0.03442708333333333 0.09568518518518519
1 0.6497395833333334 0.3912037037037037 0.05572916666666667 0.04351851851851852
1 0.45380208333333333 0.6769999999999999 0.05260416666666667 0.06574074074074074
1 0.5442708333333334 0.549537037037037 0.030208333333333334 0.09722222222222222
1 0.737609375 0.39425000000000004 0.05625 0.05555555555555555
1 0.31744791666666666 0.22083333333333333 0.050520833333333334 0.04351851851851852
1 0.3834270833333333 0.4225 0.03666666666666667 0.08087037037037037
1 0.3770833333333333 0.7175925925925926 0.04479166666666667 0.07777777777777778
1 0.5120364583333333 0.7989814814814815 0.054281249999999996 0.05277777777777778
1 0.25052083333333336 0.34814814814814815 0.05416666666666667 0.044444444444444446
1 0.6515625 0.7087962962962963 0.05 0.08425925925925926
1 0.6488697916666666 0.5299814814814815 0.05364583333333333 0.04848148148148148
1 0.34661458333333334 0.7472222222222222 0.05260416666666667 0.06481481481481481
1 0.25078125 0.3189814814814815 0.05364583333333333 0.041666666666666664
1 0.37604166666666666 0.2439814814814815 0.03125 0.08796296296296297
1 0.4871510416666667 0.14700925925925926 0.043645833333333335 0.07716666666666668
1 0.7864687499999999 0.4828703703703704 0.059395833333333335 0.03981481481481482
1 0.43879687500000003 0.762324074074074 0.055734375 0.052425925925925924
1 0.4095416666666667 0.2212962962962963 0.051375 0.040740740740740744
1 0.4309895833333333 0.3819444444444444 0.044270833333333336 0.07685185185185185
1 0.6623489583333334 0.23824074074074075 0.043453125 0.07277777777777777
1 0.795828125 0.6240740740740741 0.058333333333333334 0.044444444444444446
1 0.5585989583333333 0.23605555555555555 0.03744791666666667 0.08611111111111111
1 0.36380208333333336 0.8559351851851852 0.044270833333333336 0.07853703703703703
1 0.4432291666666667 0.46064814814814814 0.034375 0.08796296296296297
1 0.5346354166666667 0.41306481481481483 0.03177083333333333 0.09239814814814816
1 0.5393802083333333 0.6411018518518519 0.030729166666666665 0.09538888888888888
1 0.34270833333333334 0.6884259259259259 0.03229166666666667 0.09907407407407408
1 0.4596354166666667 0.2449074074074074 0.04739583333333333 0.04351851851851852
1 0.2609375 0.40555555555555556 0.05 0.04259259259259259
1 0.3893229166666667 0.6529444444444444 0.028645833333333332 0.09292592592592593
1 0.58359375 0.4393518518518518 0.043229166666666666 0.07685185185185185
1 0.3575520833333333 0.38333333333333336 0.04635416666666667 0.07222222222222222
1 0.7684895833333333 0.15416666666666667 0.050520833333333334 0.04722222222222222
1 0.753125 0.2518518518518518 0.053125 0.04259259259259259
1 0.19401041666666666 0.40879629629629627 0.028645833333333332 0.09166666666666666
1 0.516578125 0.6273148148148148 0.04114583333333333 0.08055555555555556
1 0.4046875 0.19212962962962962 0.04791666666666667 0.03796296296296296
1 0.35753645833333336 0.18406481481481482 0.050734375 0.03518518518518519
1 0.5547187499999999 0.28985185185185186 0.03177083333333333 0.09351851851851851
1 0.6528645833333333 0.1648148148148148 0.033854166666666664 0.08148148148148149
1 0.5020833333333333 0.45231481481481484 0.04791666666666667 0.05277777777777778
1 0.53046875 0.5210277777777778 0.03697916666666667 0.09537037037037037
1 0.372859375 0.6373981481481481 0.029744791666666666 0.09373148148148149
1 0.354109375 0.567212962962963 0.04919791666666666 0.07312962962962963
1 0.2515625 0.44027777777777777 0.05 0.03981481481481482
1 0.46927083333333336 0.8078703703703703 0.04375 0.075
1 0.26484375 0.2824074074074074 0.050520833333333334 0.040740740740740744
1 0.49557291666666664 0.38055555555555554 0.0515625 0.05925925925925926
1 0.7755208333333333 0.7550925925925925 0.057291666666666664 0.05277777777777778
1 0.7546927083333334 0.4203703703703704 0.05625 0.05185185185185185
1 0.43661979166666665 0.8175925925925925 0.05032291666666667 0.05925925925925926
1 0.6222760416666666 0.3391944444444444 0.05416666666666667 0.037037037037037035
1 0.6013020833333333 0.6884259259259259 0.0546875 0.049074074074074076
1 0.40659375 0.5558703703703703 0.02685416666666667 0.09385185185185185
1 0.7966197916666666 0.7106388888888889 0.054703125 0.05834259259259259
1 0.57190625 0.38299074074074074 0.0234375 0.09582407407407408
1 0.7545208333333334 0.18296296296296297 0.053661458333333335 0.0552037037037037
1 0.7841145833333333 0.5203703703703704 0.05572916666666667 0.046296296296296294
1 0.4075520833333333 0.711574074074074 0.0296875 0.09351851851851851
1 0.46536458333333336 0.33564814814814814 0.024479166666666666 0.09351851851851851
1 0.3717916666666667 0.4882777777777778 0.028776041666666665 0.09323148148148148
1 0.7765677083333333 0.22175925925925927 0.05521875 0.03611111111111111
1 0.7077500000000001 0.21026851851851852 0.049078125 0.06835185185185184
1 0.34661458333333334 0.6171296296296296 0.0453125 0.075
1 0.5450572916666666 0.33318518518518514 0.03386458333333333 0.08673148148148148
1 0.403125 0.34629629629629627 0.03854166666666667 0.05740740740740741
1 0.78525 0.27991666666666665 0.04199479166666666 0.08761111111111111
1 0.60859375 0.49722222222222223 0.04635416666666667 0.08703703703703704
1 0.726828125 0.19594444444444445 0.048453125 0.07150925925925926
1 0.4603229166666667 0.7200092592592593 0.050854166666666666 0.06038888888888889
1 0.68078125 0.17008333333333334 0.0421875 0.075
1 0.31197916666666664 0.44027777777777777 0.051041666666666666 0.06759259259259259
1 0.5371406249999999 0.7322314814814814 0.047625 0.07742592592592593
1 0.21354166666666666 0.48009259259259257 0.03333333333333333 0.08611111111111111
1 0.31927083333333334 0.7129629629629629 0.03229166666666667 0.09444444444444444
1 0.7364583333333333 0.4935185185185185 0.04895833333333333 0.09074074074074075
1 0.5026041666666666 0.3148148148148148 0.053125 0.04259259259259259
1 0.5995364583333332 0.5889907407407408 0.039703125 0.08539814814814815
1 0.74828125 0.31195370370370373 0.024270833333333335 0.09612962962962962
1 0.51328125 0.22464814814814815 0.0234375 0.09187962962962963
1 0.764109375 0.6819444444444445 0.0265625 0.09537037037037037
1 0.496765625 0.22057407407407406 0.026041666666666668 0.0903888888888889
1 0.6783281250000001 0.11500925925925926 0.05377604166666667 0.04259259259259259
1 0.692390625 0.3990740740740741 0.04936979166666667 0.05925925925925926
1 0.44923437499999996 0.540712962962963 0.040427083333333336 0.0825462962962963
1 0.40729166666666666 0.14351851851851852 0.042708333333333334 0.05185185185185185
1 0.495515625 0.0872962962962963 0.049265625 0.06369444444444446
1 0.3876458333333333 0.5546296296296296 0.024947916666666667 0.0940462962962963
1 0.7203125 0.28564814814814815 0.03333333333333333 0.09351851851851851
1 0.514328125 0.3490740740740741 0.05261458333333333 0.046296296296296294
1 0.4520208333333333 0.11630555555555555 0.051171875 0.05628703703703704
1 0.706671875 0.32490740740740737 0.030010416666666664 0.09056481481481482
1 0.26067708333333334 0.25416666666666665 0.0515625 0.04351851851851852
1 0.488828125 0.7648148148148148 0.054390625000000005 0.040740740740740744
1 0.8447916666666667 0.6175925925925926 0.023958333333333335 0.09814814814814815
1 0.375 0.1550925925925926 0.04895833333333333 0.04722222222222222
1 0.4901302083333333 0.19043518518518518 0.04380208333333333 0.08209259259259259
1 0.46874479166666666 0.09568518518518519 0.04664583333333334 0.06111111111111111
1 0.58828125 0.3580648148148148 0.0234375 0.09166666666666666
1 0.44244791666666666 0.17083333333333334 0.022395833333333334 0.09166666666666666
1 0.21276041666666667 0.33101851851851855 0.022395833333333334 0.08796296296296297
1 0.68671875 0.31666666666666665 0.025520833333333333 0.09444444444444444
1 0.4125 0.47314814814814815 0.027083333333333334 0.09814814814814815
1 0.3260416666666667 0.30324074074074076 0.023958333333333335 0.08796296296296297
1 0.55 0.12685185185185185 0.051041666666666666 0.04259259259259259
1 0.62734375 0.2740740740740741 0.019270833333333334 0.08518518518518518
1 0.6091145833333333 0.15185185185185185 0.0515625 0.046296296296296294
1 0.855421875 0.7386203703703704 0.05355208333333333 0.07167592592592592
1 0.6471354166666666 0.2898148148148148 0.0203125 0.08703703703703704
1 0.6661458333333333 0.30833333333333335 0.021875 0.09259259259259259
1 0.6106770833333334 0.21712962962962962 0.049479166666666664 0.041666666666666664
1 0.840625 0.4930555555555556 0.030208333333333334 0.09722222222222222
1 0.7333333333333333 0.7680555555555556 0.029166666666666667 0.09537037037037037
1 0.29375 0.19305555555555556 0.029166666666666667 0.08796296296296297
1 0.4114583333333333 0.1125 0.04583333333333333 0.06018518518518518
1 0.6646770833333334 0.5935185185185186 0.05539583333333333 0.037037037037037035
1 0.3484375 0.2513888888888889 0.029166666666666667 0.08425925925925926
1 0.6416197916666667 0.09463888888888888 0.02282291666666667 0.09299074074074075
1 0.6091145833333333 0.27685185185185185 0.019270833333333334 0.09074074074074075
1 0.8239583333333333 0.534712962962963 0.029166666666666667 0.09908333333333334
1 0.45729166666666665 0.18424074074074073 0.01875 0.09262962962962963
1 0.21484375 0.7194444444444444 0.03802083333333333 0.08333333333333333
1 0.2375 0.49212962962962964 0.04583333333333333 0.075
1 0.4919791666666667 0.28194444444444444 0.050520833333333334 0.03981481481481482
1 0.46848958333333335 0.4537037037037037 0.0203125 0.09259259259259259
1 0.7942708333333334 0.3574074074074074 0.051041666666666666 0.06851851851851852
1 0.221875 0.40694444444444444 0.041666666666666664 0.07314814814814814
1 0.77209375 0.45 0.058770833333333335 0.044444444444444446
1 0.60859375 0.1875 0.04739583333333333 0.03611111111111111
1 0.263234375 0.3736111111111111 0.05146354166666667 0.04351851851851852
1 0.5983958333333333 0.8073518518518519 0.05463020833333333 0.07312037037037036
1 0.6046770833333334 0.774425925925926 0.05588541666666667 0.06753703703703703
1 0.6412552083333334 0.7308888888888889 0.04991666666666667 0.07535185185185185
1 0.5823854166666667 0.5974907407407407 0.0401875 0.08650925925925927
1 0.5137864583333334 0.717212962962963 0.05180208333333333 0.06474074074074074
1 0.4494270833333333 0.6136759259259259 0.046781249999999996 0.07423148148148148
1 0.41834375 0.6231666666666666 0.03986979166666667 0.08539814814814815
1 0.43386458333333333 0.5586388888888889 0.04064583333333334 0.08084259259259259
1 0.49416666666666664 0.5254907407407408 0.043328125 0.07646296296296295
1 0.31929166666666664 0.4116296296296296 0.047718750000000004 0.06864814814814815
1 0.39338541666666665 0.39070370370370366 0.037046875 0.08149074074074074
1 0.36701562499999996 0.3200925925925926 0.038302083333333334 0.08316666666666667
1 0.43938020833333336 0.41107407407407404 0.046781249999999996 0.07200000000000001
1 0.489140625 0.4060462962962963 0.047718750000000004 0.057490740740740745
1 0.5503645833333334 0.4158148148148148 0.025744791666666666 0.08930555555555555
1 0.6133124999999999 0.396 0.028567708333333334 0.08874074074074075
1 0.5304270833333333 0.25758333333333333 0.0266875 0.09321296296296297
1 0.43247395833333335 0.31646296296296295 0.026057291666666666 0.08930555555555555
1 0.6891302083333334 0.2388888888888889 0.03453645833333333 0.08818518518518519
1 0.8012135416666666 0.2930277777777778 0.038302083333333334 0.09264814814814815
1 0.74171875 0.588 0.04615104166666666 0.07981481481481481
1 0.4639739583333334 0.5217222222222223 0.042229166666666665 0.07696296296296297
1 0.5047864583333334 0.5986851851851852 0.042229166666666665 0.08326851851851852
1 0.5908385416666667 0.5119444444444444 0.03974479166666667 0.08137962962962964