1 0.76015625 0.5680555555555555 0.04635416666666667 0.08796296296296297
1 0.8239583333333333 0.7250925925925926 0.052083333333333336 0.07759259259259259
1 0.8116822916666667 0.6620370370370371 0.059828125 0.04259259259259259
1 0.7989947916666666 0.6236111111111111 0.06145833333333333 0.04351851851851852
1 0.7921354166666668 0.5491666666666667 0.0578125 0.05648148148148148
1 0.5846354166666666 0.8384259259259259 0.0546875 0.0712962962962963
1 0.7955208333333333 0.5153703703703704 0.05875 0.054814814814814816
1 0.8336979166666667 0.5323148148148148 0.030729166666666665 0.09685185185185184
1 0.6080729166666666 0.75 0.05260416666666667 0.06851851851851852
1 0.715625 0.5902777777777778 0.051041666666666666 0.06944444444444445
1 0.4140625 0.1310185185185185 0.0375 0.08425925925925926
1 0.6394947916666667 0.7325648148148147 0.052953125000000004 0.06326851851851852
1 0.38307291666666665 0.24074074074074073 0.0484375 0.05
1 0.6677083333333333 0.587037037037037 0.05416666666666667 0.05
1 0.34479166666666666 0.3162037037037037 0.051041666666666666 0.05092592592592592
1 0.2791666666666667 0.38796296296296295 0.04375 0.07777777777777778
1 0.6911458333333333 0.20324074074074075 0.029166666666666667 0.08796296296296297
1 0.7111979166666667 0.19768518518518519 0.030729166666666665 0.08981481481481482
1 0.6020833333333333 0.3421296296296296 0.04583333333333333 0.07685185185185185
1 0.5388020833333333 0.337037037037037 0.0390625 0.08333333333333333
1 0.28619791666666666 0.16203703703703703 0.0390625 0.08148148148148149
1 0.6026041666666667 0.6930555555555555 0.053125 0.049074074074074076
1 0.49505208333333334 0.7064814814814815 0.05260416666666667 0.046296296296296294
1 0.6018229166666667 0.08194444444444444 0.044270833333333336 0.07685185185185185
1 0.6549479166666666 0.04675925925925926 0.04739583333333333 0.07314814814814814
1 0.6869270833333334 0.11095370370370371 0.0540625 0.05339814814814815
1 0.2669270833333333 0.23657407407407408 0.0203125 0.09166666666666666
1 0.3052604166666667 0.508824074074074 0.05364583333333333 0.053703703703703705
1 0.7609375 0.12268518518518519 0.021875 0.08796296296296297
1 0.425 0.3 0.0375 0.08148148148148149
1 0.31354166666666666 0.5476851851851852 0.05 0.05277777777777778
1 0.47524479166666667 0.6743796296296297 0.049442708333333335 0.06974999999999999
1 0.39776041666666667 0.5152777777777777 0.04760416666666667 0.07314814814814814
1 0.5541666666666667 0.4203703703703704 0.029166666666666667 0.09259259259259259
1 0.6692708333333334 0.6550925925925926 0.053125 0.04537037037037037
1 0.334375 0.37546296296296294 0.04895833333333333 0.05648148148148148
1 0.571875 0.45046296296296295 0.040625 0.08796296296296297
1 0.46588541666666666 0.4638888888888889 0.0453125 0.07407407407407407
1 0.32890625 0.33564814814814814 0.05677083333333333 0.05462962962962963
1 0.43697916666666664 0.4212962962962963 0.04895833333333333 0.06111111111111111
1 0.7203125 0.05555555555555555 0.03125 0.08148148148148149
1 0.3046875 0.4546296296296296 0.036458333333333336 0.08333333333333333
1 0.28541666666666665 0.24814814814814815 0.021875 0.09444444444444444
1 0.7999479166666668 0.48317592592592595 0.058229166666666665 0.05339814814814815
1 0.5060052083333333 0.5258333333333333 0.04347395833333333 0.08166666666666667
1 0.7295312500000001 0.12326851851851851 0.04822916666666666 0.07062037037037036
1 0.41328125 0.774537037037037 0.0484375 0.06944444444444445
1 0.31290104166666666 0.40685185185185185 0.0359375 0.09074074074074075
1 0.32109375 0.18564814814814815 0.049479166666666664 0.06944444444444445
1 0.7861979166666667 0.1476851851851852 0.04010416666666667 0.09166666666666666
1 0.6114583333333333 0.6597222222222222 0.051041666666666666 0.04351851851851852
1 0.7965260416666666 0.4467314814814815 0.057640625 0.050861111111111114
1 0.6598958333333333 0.4847222222222222 0.05416666666666667 0.03796296296296296
1 0.43515625 0.5203703703703704 0.0234375 0.0962962962962963
1 0.3061302083333333 0.20555555555555555 0.048713541666666665 0.06481481481481481
1 0.44166666666666665 0.7185185185185186 0.046875 0.05
1 0.35869791666666667 0.25895370370370374 0.051354166666666666 0.05617592592592593
1 0.44066145833333337 0.6688240740740741 0.053057291666666666 0.061731481481481484
1 0.5661458333333333 0.3439814814814815 0.040625 0.0824074074074074
1 0.3697916666666667 0.20324074074074075 0.04791666666666667 0.03981481481481482
1 0.33984375 0.4305555555555556 0.03802083333333333 0.08333333333333333
1 0.63359375 0.1638888888888889 0.0453125 0.07777777777777778
1 0.484375 0.18009259259259258 0.05 0.05462962962962963
1 0.6932291666666667 0.7097222222222223 0.05 0.07314814814814814
1 0.6625 0.5180555555555556 0.053125 0.03981481481481482
1 0.37890625 0.5509259259259259 0.03177083333333333 0.09259259259259259
1 0.6564739583333333 0.7024444444444444 0.05625 0.075
1 0.2760416666666667 0.30972222222222223 0.04791666666666667 0.058333333333333334
1 0.5114583333333333 0.40879629629629627 0.028125 0.08796296296296297
1 0.7268229166666667 0.48518518518518516 0.04739583333333333 0.07962962962962963
1 0.6778489583333334 0.13710185185185184 0.05430729166666667 0.05617592592592593
1 0.3346354166666667 0.8699074074074075 0.0421875 0.08425925925925926
1 0.74921875 0.6712962962962963 0.027604166666666666 0.0962962962962963
1 0.54125 0.19268518518518518 0.05229166666666667 0.04462962962962963
1 0.6424479166666667 0.3199074074074074 0.028645833333333332 0.08796296296296297
1 0.67265625 0.6259259259259259 0.05364583333333333 0.04814814814814815
1 0.47682291666666665 0.387037037037037 0.030729166666666665 0.08518518518518518
1 0.7265625 0.674074074074074 0.026041666666666668 0.09444444444444444
1 0.48203125 0.24861111111111112 0.0484375 0.058333333333333334
1 0.36380208333333336 0.7856481481481481 0.04635416666666667 0.0712962962962963
1 0.4484375 0.23935185185185184 0.03333333333333333 0.08796296296296297
1 0.23072916666666668 0.324537037037037 0.022916666666666665 0.08796296296296297
1 0.60859375 0.38055555555555554 0.04739583333333333 0.07222222222222222
1 0.43333333333333335 0.18472222222222223 0.0375 0.0712962962962963
1 0.44557291666666665 0.1162037037037037 0.0328125 0.08425925925925926
1 0.40286458333333336 0.5875277777777778 0.029895833333333333 0.09382407407407407
1 0.46979166666666666 0.6259259259259259 0.053125 0.040740740740740744
1 0.2984375 0.5768518518518518 0.05416666666666667 0.044444444444444446
1 0.7093854166666667 0.6528888888888889 0.029145833333333333 0.09625925925925925
1 0.33671875 0.4844444444444445 0.033854166666666664 0.08555555555555557
1 0.36822916666666666 0.4546296296296296 0.021875 0.09259259259259259
1 0.7380208333333333 0.04814814814814815 0.028125 0.08703703703703704
1 0.5114583333333333 0.324537037037037 0.036458333333333336 0.08055555555555556
1 0.24635416666666668 0.25416666666666665 0.022916666666666665 0.08796296296296297
1 0.6619791666666667 0.7814814814814814 0.05416666666666667 0.05185185185185185
1 0.5330729166666667 0.4097222222222222 0.025520833333333333 0.08981481481481482
1 0.52765625 0.2175925925925926 0.05260416666666667 0.040740740740740744
1 0.7536822916666667 0.3806481481481482 0.055140625000000006 0.04462962962962963
1 0.4979166666666667 0.38287037037037036 0.028125 0.08796296296296297
1 0.66484375 0.19583333333333333 0.0421875 0.07685185185185185
1 0.35598958333333336 0.6476851851851851 0.050520833333333334 0.04351851851851852
1 0.45703125 0.5587962962962963 0.0234375 0.08611111111111111
1 0.41928645833333333 0.6009537037037037 0.028088541666666668 0.09450925925925925
1 0.5450520833333333 0.5407407407407407 0.0453125 0.07222222222222222
1 0.5334895833333333 0.25324074074074077 0.05239583333333333 0.04351851851851852
1 0.41869791666666667 0.46944444444444444 0.05197916666666667 0.06851851851851852
1 0.21015625 0.44583333333333336 0.043229166666666666 0.075
1 0.5088541666666667 0.5680555555555555 0.042708333333333334 0.09166666666666666
1 0.215953125 0.808425925925926 0.045171875 0.08487962962962962
1 0.7765625 0.7560185185185185 0.057291666666666664 0.058333333333333334
1 0.61921875 0.13824074074074075 0.04572916666666667 0.07574074074074073
1 0.20104166666666667 0.737037037037037 0.04375 0.08518518518518518
1 0.43854166666666666 0.27870370370370373 0.034375 0.07962962962962963
1 0.38689062500000004 0.35737962962962966 0.0390625 0.0824074074074074
1 0.25114583333333335 0.3937685185185185 0.023125 0.08937962962962963
1 0.28183854166666666 0.34879629629629627 0.048817708333333334 0.06166666666666666
1 0.7346354166666667 0.1787037037037037 0.034895833333333334 0.1
1 0.366421875 0.30039814814814814 0.049026041666666666 0.05808333333333333
1 0.24635416666666668 0.14953703703703702 0.040625 0.08055555555555556
1 0.3614947916666667 0.6157407407407407 0.05215104166666666 0.046296296296296294
1 0.3065104166666667 0.26666666666666666 0.0203125 0.08888888888888889
1 0.58828125 0.5328703703703703 0.05260416666666667 0.03611111111111111
1 0.3731770833333333 0.8458333333333333 0.0390625 0.08796296296296297
1 0.3859375 0.14583333333333334 0.030208333333333334 0.0824074074074074
1 0.8317708333333333 0.44027777777777777 0.029166666666666667 0.09907407407407408
1 0.47640625000000003 0.5610833333333334 0.0278125 0.09437962962962963
1 0.7661458333333333 0.6819444444444445 0.030208333333333334 0.09907407407407408
1 0.6515104166666668 0.25037037037037035 0.0484375 0.06666666666666667
1 0.7983333333333333 0.7074074074074074 0.05416666666666667 0.06481481481481481
1 0.40572916666666664 0.6865740740740741 0.021875 0.09351851851851851
1 0.6950000000000001 0.7590462962962963 0.05847395833333333 0.049074074074074076
1 0.32135416666666666 0.7143518518518519 0.046875 0.08055555555555556
1 0.8085572916666667 0.5873425925925926 0.0578125 0.05
1 0.609515625 0.5019444444444444 0.055484375 0.037222222222222226
1 0.5119791666666667 0.6356481481481482 0.025 0.09351851851851851
1 0.43828125 0.6055555555555555 0.024479166666666666 0.07777777777777778
1 0.7184895833333333 0.25277777777777777 0.04635416666666667 0.07592592592592592
1 0.25052083333333336 0.5777777777777777 0.04375 0.07222222222222222
1 0.21510416666666668 0.35555555555555557 0.025 0.08518518518518518
1 0.47291666666666665 0.29814814814814816 0.01875 0.09259259259259259
1 0.5515625 0.5805555555555556 0.042708333333333334 0.06851851851851852
1 0.53203125 0.6337962962962963 0.025520833333333333 0.09537037037037037
1 0.21822916666666667 0.5120370370370371 0.04791666666666667 0.07592592592592592
1 0.30234375 0.7958333333333333 0.04114583333333333 0.08611111111111111
1 0.6979166666666666 0.059722222222222225 0.040625 0.08055555555555556
1 0.216234375 0.9142314814814815 0.03524479166666667 0.09512037037037037
1 0.5354166666666667 0.2847222222222222 0.05 0.041666666666666664
1 0.49609375 0.7388888888888889 0.05260416666666667 0.04259259259259259
1 0.33932291666666664 0.7703703703703704 0.0453125 0.07592592592592592
1 0.7854166666666667 0.04861111111111111 0.05 0.07685185185185185
1 0.21354166666666666 0.6708333333333333 0.021875 0.08611111111111111
1 0.7169270833333333 0.4337962962962963 0.0328125 0.08981481481481482
1 0.38723958333333336 0.6986111111111111 0.0203125 0.09537037037037037
1 0.613390625 0.593537037037037 0.032588541666666665 0.0907037037037037
1 0.20416666666666666 0.8828703703703704 0.036458333333333336 0.07314814814814814
1 0.65703125 0.45046296296296295 0.05260416666666667 0.03796296296296296
1 0.196875 0.6509259259259259 0.021875 0.09444444444444444
1 0.8557291666666667 0.7342592592592593 0.053125 0.07037037037037037
1 0.44114583333333335 0.8208333333333333 0.03125 0.09722222222222222
1 0.575 0.6430555555555556 0.022916666666666665 0.09351851851851851
1 0.78984375 0.4095648148148148 0.05774479166666667 0.04321296296296297
1 0.19088541666666667 0.7754629629629629 0.03697916666666667 0.09166666666666666
1 0.7346354166666667 0.7662037037037037 0.030729166666666665 0.09351851851851851
1 0.24364583333333334 0.634074074074074 0.04680729166666667 0.08160185185185184
1 0.84765625 0.6162037037037037 0.0234375 0.10277777777777777
1 0.44479166666666664 0.7532407407407408 0.04583333333333333 0.04351851851851852
1 0.5951666666666667 0.5975092592592592 0.03199479166666667 0.09502777777777778
1 0.8580729166666666 0.48842592592592593 0.0265625 0.09907407407407408
1 0.76640625 0.3425925925925926 0.05364583333333333 0.037037037037037035
1 0.17708333333333334 0.4587962962962963 0.035416666666666666 0.08796296296296297
1 0.3890625 0.42824074074074076 0.03958333333333333 0.08981481481481482
1 0.3 0.7023148148148148 0.046875 0.08055555555555556
1 0.7772083333333334 0.07289814814814816 0.04816145833333333 0.06802777777777777
1 0.21223958333333334 0.8578703703703704 0.0296875 0.05092592592592592
1 0.3479791666666667 0.846111111111111 0.043546875 0.08691666666666667
1 0.40756770833333333 0.8053703703703703 0.05271354166666666 0.06790740740740742
1 0.32830729166666667 0.7476481481481482 0.049276041666666666 0.08556481481481482
1 0.5953072916666666 0.8131759259259259 0.055385416666666666 0.06994444444444445
1 0.6037083333333333 0.7805833333333333 0.05844270833333333 0.06723148148148148
1 0.6310208333333333 0.5840000000000001 0.03208333333333333 0.09778703703703703
1 0.66234375 0.5500462962962962 0.06035416666666667 0.046175925925925926
1 0.7259427083333333 0.5276296296296297 0.049276041666666666 0.07334259259259258
1 0.7593645833333333 0.47941666666666666 0.023682291666666667 0.10593518518518519
1 0.5800260416666667 0.47602777777777777 0.04851041666666667 0.08149074074074074
1 0.596453125 0.31373148148148144 0.045453125 0.08012962962962963
1 0.6474479166666666 0.1796111111111111 0.04583854166666667 0.0780925925925926
1 0.6147864583333333 0.10593518518518519 0.04469270833333334 0.07741666666666666
1 0.6583333333333333 0.0780925925925926 0.05003645833333333 0.06926851851851852
1 0.8013802083333333 0.16467592592592592 0.042015625 0.09167592592592592
1 0.24479166666666666 0.549074074074074 0.04583333333333333 0.07407407407407407
1 0.4711666666666667 0.20201851851851851 0.04774479166666667 0.05772222222222222
1 0.41921875 0.16773148148148148 0.04086979166666667 0.08012962962962963
1 0.4041302083333333 0.3524351851851852 0.04278125 0.07876851851851852
1 0.4062291666666667 0.30591666666666667 0.04240104166666667 0.08216666666666667
1 0.33021875 0.15787962962962962 0.04851041666666667 0.061796296296296294
1 0.2553489583333333 0.17282407407407407 0.04163541666666667 0.08080555555555555
1 0.22574479166666667 0.4600648148148148 0.047364583333333335 0.0726574074074074
1 0.23644270833333333 0.5232222222222223 0.046598958333333336 0.07673148148148148
1 0.4761302083333333 0.4787407407407407 0.04774479166666667 0.07605555555555556
1 0.500578125 0.48756481481481484 0.046984374999999995 0.07334259259259258