1 0.8265364583333333 0.7282407407407407 0.05260416666666667 0.07696296296296297
1 0.8097239583333333 0.6652777777777777 0.06215625 0.041666666666666664
1 0.6606302083333334 0.7842592592592592 0.057906250000000006 0.046296296296296294
1 0.786625 0.5559722222222223 0.0609375 0.044444444444444446
1 0.8035677083333332 0.5939814814814814 0.05817708333333334 0.03796296296296296
1 0.7434895833333334 0.6754629629629629 0.021354166666666667 0.09907407407407408
1 0.7234375 0.6793055555555555 0.020833333333333332 0.10491666666666667
1 0.6661458333333333 0.6597037037037037 0.056343750000000005 0.037037037037037035
1 0.584375 0.8268518518518518 0.052083333333333336 0.07592592592592592
1 0.6130208333333333 0.737037037037037 0.053125 0.07592592592592592
1 0.7503020833333333 0.5685462962962963 0.05059895833333334 0.07598148148148148
1 0.692234375 0.7607037037037037 0.05533333333333333 0.06130555555555555
1 0.6635000000000001 0.5944444444444444 0.05528645833333334 0.03888888888888889
1 0.6928645833333333 0.7148148148148148 0.050317708333333336 0.07592592592592592
1 0.18411458333333333 0.44907407407407407 0.030729166666666665 0.08888888888888889
1 0.3294270833333333 0.18981481481481483 0.0453125 0.07592592592592592
1 0.40651041666666665 0.30972222222222223 0.05677083333333333 0.04537037037037037
1 0.6653645833333334 0.6273148148148148 0.0515625 0.03796296296296296
1 0.3807291666666667 0.47962962962962963 0.05416666666666667 0.037037037037037035
1 0.6780989583333333 0.4833055555555556 0.056390625 0.04814814814814815
1 0.6456145833333333 0.5300648148148148 0.054765625000000005 0.04727777777777778
1 0.46380208333333334 0.774537037037037 0.0515625 0.04537037037037037
1 0.3875 0.4041666666666667 0.05 0.05277777777777778
1 0.5494739583333333 0.30030555555555555 0.040609374999999996 0.07828703703703703
1 0.38359375 0.5712962962962963 0.03177083333333333 0.08888888888888889
1 0.71146875 0.5941944444444445 0.049984375 0.07907407407407407
1 0.49235937500000004 0.7118148148148148 0.055651041666666665 0.04680555555555555
1 0.6192708333333333 0.4740740740740741 0.05416666666666667 0.046296296296296294
1 0.6498281250000001 0.7007592592592593 0.05025 0.0757037037037037
1 0.7955260416666667 0.6277962962962963 0.058854166666666666 0.03981481481481482
1 0.5045468750000001 0.5037592592592592 0.04867708333333333 0.07417592592592592
1 0.33203125 0.3527777777777778 0.0484375 0.06851851851851852
1 0.4869791666666667 0.6361111111111111 0.052083333333333336 0.06851851851851852
1 0.3984375 0.337037037037037 0.052083333333333336 0.04259259259259259
1 0.48630208333333336 0.7444444444444445 0.05344270833333333 0.040740740740740744
1 0.6424479166666667 0.18608333333333332 0.04739583333333333 0.06481481481481481
1 0.39895833333333336 0.1570277777777778 0.04895833333333333 0.07314814814814814
1 0.26953125 0.225 0.0328125 0.09074074074074075
1 0.6190104166666667 0.5902777777777778 0.0453125 0.08425925925925926
1 0.5954635416666666 0.2718425925925926 0.04917708333333334 0.06760185185185186
1 0.40130208333333334 0.5087962962962963 0.0515625 0.04351851851851852
1 0.35234375 0.4476851851851852 0.028645833333333332 0.09166666666666666
1 0.5916666666666667 0.22268518518518518 0.04791666666666667 0.06944444444444445
1 0.6965989583333333 0.5356018518518519 0.05260416666666667 0.07037037037037037
1 0.23958333333333334 0.15185185185185185 0.04895833333333333 0.05740740740740741
1 0.48463541666666665 0.3574074074074074 0.04010416666666667 0.08333333333333333
1 0.746859375 0.5157407407407407 0.056343750000000005 0.03888888888888889
1 0.21796875 0.2513888888888889 0.0359375 0.08611111111111111
1 0.48932291666666666 0.4356481481481482 0.0390625 0.07685185185185185
1 0.38958333333333334 0.4444444444444444 0.04791666666666667 0.037037037037037035
1 0.5989583333333334 0.6615740740740741 0.051041666666666666 0.05462962962962963
1 0.40208333333333335 0.2601851851851852 0.04895833333333333 0.05740740740740741
1 0.6223958333333334 0.5055555555555555 0.053125 0.04814814814814815
1 0.490625 0.6712962962962963 0.052083333333333336 0.06296296296296296
1 0.7013020833333333 0.1962962962962963 0.04739583333333333 0.07037037037037037
1 0.431953125 0.7927222222222222 0.05068229166666667 0.06871296296296296
1 0.20390625 0.5717592592592593 0.025520833333333333 0.08425925925925926
1 0.30390625 0.6643518518518519 0.05260416666666667 0.058333333333333334
1 0.4317708333333333 0.28425925925925927 0.05416666666666667 0.046296296296296294
1 0.6559166666666666 0.5592592592592592 0.05586979166666666 0.04259259259259259
1 0.7630208333333334 0.6829444444444445 0.023958333333333335 0.09921296296296298
1 0.60390625 0.6305555555555555 0.0515625 0.05740740740740741
1 0.7751666666666667 0.7550925925925925 0.058666666666666666 0.05092592592592592
1 0.7596354166666667 0.33414814814814814 0.030729166666666665 0.09422222222222222
1 0.34765625 0.2601851851851852 0.04739583333333333 0.07037037037037037
1 0.7418333333333333 0.4476851851851852 0.05658333333333333 0.041666666666666664
1 0.4696927083333333 0.5352685185185185 0.04653125 0.07232407407407407
1 0.15104166666666666 0.549537037037037 0.027083333333333334 0.09537037037037037
1 0.73359375 0.4185185185185185 0.05572916666666667 0.046296296296296294
1 0.5540937499999999 0.21157407407407408 0.04209375 0.07415740740740741
1 0.2908854166666667 0.21574074074074073 0.034895833333333334 0.08518518518518518
1 0.518125 0.33355555555555555 0.042505208333333336 0.07822222222222222
1 0.201265625 0.4399537037037037 0.03169270833333333 0.08916666666666666
1 0.16744791666666667 0.5611111111111111 0.027604166666666666 0.09814814814814815
1 0.20807291666666666 0.3572314814814815 0.04114583333333333 0.08182407407407408
1 0.22708333333333333 0.5444444444444444 0.035416666666666666 0.09259259259259259
1 0.7974895833333334 0.7087962962962963 0.0560625 0.05648148148148148
1 0.440625 0.5861111111111111 0.041666666666666664 0.08148148148148149
1 0.24348958333333334 0.33611111111111114 0.0453125 0.07777777777777778
1 0.52421875 0.5800925925925926 0.024479166666666666 0.08981481481481482
1 0.5109375 0.7810185185185186 0.04791666666666667 0.07314814814814814
1 0.32838541666666665 0.3888888888888889 0.04739583333333333 0.06296296296296296
1 0.44609375 0.42962962962962964 0.0515625 0.037037037037037035
1 0.7669739583333333 0.27274074074074073 0.056109375 0.05648148148148148
1 0.5239479166666666 0.6734537037037037 0.027067708333333333 0.09506481481481481
1 0.24214062500000003 0.2545462962962963 0.033854166666666664 0.08796296296296297
1 0.7380208333333333 0.11574074074074074 0.025 0.08888888888888889
1 0.35651041666666666 0.5421296296296296 0.024479166666666666 0.09351851851851851
1 0.23051562499999997 0.387037037037037 0.052510416666666664 0.053703703703703705
1 0.16276041666666666 0.6300925925925925 0.049479166666666664 0.06944444444444445
1 0.5466145833333333 0.5532407407407407 0.025520833333333333 0.09166666666666666
1 0.6786458333333333 0.3287037037037037 0.028125 0.09259259259259259
1 0.5049479166666667 0.5777777777777777 0.025520833333333333 0.08703703703703704
1 0.4777135416666667 0.12268518518518519 0.05394270833333333 0.041666666666666664
1 0.25353125 0.5203425925925926 0.037578125000000004 0.09084259259259259
1 0.5830729166666667 0.5685185185185185 0.030729166666666665 0.09074074074074075
1 0.6989583333333333 0.24953703703703703 0.03229166666666667 0.08796296296296297
1 0.39903125 0.6942499999999999 0.049005208333333335 0.06896296296296296
1 0.4080729166666667 0.575 0.03802083333333333 0.08518518518518518
1 0.45326041666666667 0.4930555555555556 0.05340104166666667 0.03611111111111111
1 0.6949479166666667 0.09970370370370371 0.026359375 0.08948148148148148
1 0.44817708333333334 0.46064814814814814 0.0515625 0.03611111111111111
1 0.44973958333333336 0.22314814814814815 0.0234375 0.09074074074074075
1 0.6934895833333333 0.37222222222222223 0.0484375 0.07407407407407407
1 0.3489583333333333 0.7550925925925925 0.042708333333333334 0.08796296296296297
1 0.239640625 0.44583333333333336 0.052203125 0.05648148148148148
1 0.23229166666666667 0.18937037037037038 0.052083333333333336 0.054592592592592595
1 0.7744791666666667 0.22870370370370371 0.053125 0.05925925925925926
1 0.30963541666666666 0.4439814814814815 0.05260416666666667 0.05277777777777778
1 0.5197916666666667 0.42407407407407405 0.022916666666666665 0.09259259259259259
1 0.319640625 0.9099166666666667 0.025734374999999997 0.10227777777777777
1 0.33489583333333334 0.13194444444444445 0.028125 0.08425925925925926
1 0.31744791666666666 0.6361111111111111 0.049479166666666664 0.06481481481481481
1 0.7067708333333333 0.1449074074074074 0.04479166666666667 0.0787037037037037
1 0.31666666666666665 0.4166666666666667 0.052083333333333336 0.05740740740740741
1 0.35260416666666666 0.3023148148148148 0.04583333333333333 0.06574074074074074
1 0.5581510416666667 0.6407592592592593 0.037140625000000003 0.09076851851851853
1 0.39140625 0.7625 0.0359375 0.09351851851851851
1 0.4549479166666667 0.6703703703703704 0.0203125 0.1
1 0.33828125 0.5527777777777778 0.0265625 0.09074074074074075
1 0.503125 0.38657407407407407 0.021875 0.09351851851851851
1 0.43534375000000003 0.7356481481481482 0.052984375 0.03796296296296296
1 0.49383854166666663 0.1486111111111111 0.052947916666666664 0.041666666666666664
1 0.6184895833333334 0.13472222222222222 0.0203125 0.08981481481481482
1 0.20078125 0.5083333333333333 0.05260416666666667 0.040740740740740744
1 0.28020833333333334 0.1398148148148148 0.040625 0.07222222222222222
1 0.244484375 0.47550925925925924 0.04938541666666666 0.05637962962962963
1 0.5661458333333333 0.5416666666666666 0.025 0.08703703703703704
1 0.46015625 0.3314814814814815 0.04739583333333333 0.046296296296296294
1 0.3645833333333333 0.6398148148148148 0.051041666666666666 0.044444444444444446
1 0.7471927083333333 0.48194444444444445 0.055838541666666665 0.03611111111111111
1 0.4669270833333333 0.2361111111111111 0.021354166666666667 0.08703703703703704
1 0.44959375 0.15317592592592594 0.045015625000000004 0.0700462962962963
1 0.5268020833333333 0.09980555555555556 0.04795833333333333 0.06658333333333333
1 0.7683697916666666 0.18564814814814815 0.05549479166666667 0.03796296296296296
1 0.17526041666666667 0.23194444444444445 0.0234375 0.08981481481481482
1 0.7273541666666666 0.20499074074074072 0.03125 0.0962962962962963
1 0.7200416666666667 0.38551851851851854 0.053031249999999995 0.06178703703703704
1 0.6471354166666666 0.2550925925925926 0.04635416666666667 0.07314814814814814
1 0.6700520833333333 0.2652777777777778 0.04010416666666667 0.08055555555555556
1 0.5410104166666667 0.6619444444444444 0.030979166666666665 0.09425
1 0.4080729166666667 0.10601851851851851 0.0484375 0.05092592592592592
1 0.7392916666666667 0.24250925925925929 0.032875 0.08933333333333333
1 0.30078125 0.14814814814814814 0.04114583333333333 0.06481481481481481
1 0.5592083333333334 0.16852777777777778 0.05059895833333334 0.052305555555555557
1 0.703109375 0.6569166666666667 0.021875 0.10024999999999999
1 0.19348958333333333 0.24027777777777778 0.024479166666666666 0.08981481481481482
1 0.6746145833333334 0.10146296296296296 0.021640625 0.09466666666666666
1 0.770859375 0.1537037037037037 0.05421354166666667 0.03518518518518519
1 0.6284270833333333 0.4375 0.054765625000000005 0.041666666666666664
1 0.7271927083333334 0.3031111111111111 0.04605729166666667 0.07660185185185185
1 0.7953125 0.29305555555555557 0.04479166666666667 0.0824074074074074
1 0.5208333333333334 0.2351851851851852 0.019791666666666666 0.08888888888888889
1 0.434375 0.2064814814814815 0.025 0.09074074074074075
1 0.5856770833333333 0.11851851851851852 0.050520833333333334 0.05555555555555555
1 0.30703125 0.4787037037037037 0.05260416666666667 0.05
1 0.24036458333333333 0.625 0.0421875 0.07222222222222222
1 0.8434895833333333 0.6203703703703703 0.024479166666666666 0.1037037037037037
1 0.53828125 0.4115740740740741 0.022395833333333334 0.09722222222222222
1 0.28046875 0.3736111111111111 0.043229166666666666 0.075
1 0.5026041666666666 0.23796296296296296 0.019791666666666666 0.08703703703703704
1 0.2721354166666667 0.31574074074074077 0.024479166666666666 0.08888888888888889
1 0.23401041666666667 0.41574074074074074 0.051354166666666666 0.05555555555555555
1 0.6359375 0.12268518518518519 0.019791666666666666 0.08981481481481482
1 0.7747499999999999 0.12225 0.055838541666666665 0.03518518518518519
1 0.8546875 0.7379629629629629 0.051041666666666666 0.07037037037037037
1 0.48515625 0.2391111111111111 0.0203125 0.09118518518518519
1 0.7317708333333334 0.7699074074074074 0.030208333333333334 0.09722222222222222
1 0.36041666666666666 0.812962962962963 0.030208333333333334 0.09444444444444444
1 0.8065104166666667 0.5259259259259259 0.058854166666666666 0.046296296296296294
1 0.655484375 0.10302777777777777 0.019270833333333334 0.09231481481481482
1 0.5045520833333333 0.17653703703703702 0.05027604166666667 0.04382407407407407
1 0.7116145833333333 0.05002777777777778 0.041984375 0.07968518518518519
1 0.18385416666666668 0.5783611111111111 0.026041666666666668 0.09931481481481481
1 0.217734375 0.6155185185185185 0.04682291666666667 0.07734259259259259
1 0.4154375 0.8158425925925926 0.050453125 0.06775
1 0.3793385416666667 0.6772499999999999 0.05072395833333333 0.0720462962962963
1 0.597390625 0.8024814814814815 0.05420833333333333 0.07251851851851851
1 0.6043697916666667 0.7690925925925925 0.05420833333333333 0.07633333333333334
1 0.6399270833333334 0.7302037037037037 0.05126041666666667 0.07490740740740741
1 0.7400312499999999 0.5949444444444444 0.05126041666666667 0.07824074074074074
1 0.6522708333333332 0.20849074074074073 0.049109375000000004 0.0667962962962963
1 0.5818281249999999 0.15410185185185185 0.053135416666666664 0.055342592592592596
1 0.5892083333333333 0.30200925925925926 0.04857291666666667 0.0667962962962963
1 0.5486822916666667 0.24857407407407406 0.039447916666666666 0.08206481481481481
1 0.5317760416666667 0.3146481481481481 0.04428125 0.07872222222222222
1 0.439859375 0.3981388888888889 0.0520625 0.03960185185185185
1 0.43314583333333334 0.36944444444444446 0.051640625 0.040740740740740744
1 0.38121875000000005 0.36617592592592596 0.05394270833333333 0.04437037037037037
1 0.3390833333333333 0.3244259259259259 0.046427083333333334 0.06870370370370371
1 0.392359375 0.23323148148148146 0.05005208333333333 0.059861111111111115
1 0.37931770833333334 0.14425 0.045197916666666664 0.0749537037037037
1 0.40995312500000003 0.1779537037037037 0.045802083333333334 0.06902777777777777
1 0.539328125 0.12564814814814815 0.04610416666666666 0.07765740740740741
1 0.47951041666666666 0.5651851851851851 0.04315625 0.07939814814814815
1 0.43283854166666663 0.5299444444444444 0.053697916666666665 0.0455
1 0.26359375 0.5484537037037037 0.04039583333333333 0.0860925925925926
1 0.2152916666666667 0.3035555555555555 0.05269270833333333 0.0441574074074074
1 0.2563125 0.23575000000000002 0.03588020833333334 0.08341666666666667
1 0.3088802083333333 0.211 0.03563020833333333 0.08564814814814815