0 0.68946875 0.8232407407407407 0.03116666666666667 0.0575
0 0.26458333333333334 0.7037037037037037 0.026041666666666668 0.044444444444444446
0 0.16067708333333333 0.687037037037037 0.027604166666666666 0.044444444444444446
0 0.6096354166666667 0.7263888888888889 0.025520833333333333 0.04537037037037037
0 0.1671875 0.500462962962963 0.026041666666666668 0.041666666666666664
0 0.11223958333333334 0.5740740740740741 0.027604166666666666 0.044444444444444446
0 0.7057291666666666 0.6842592592592592 0.027083333333333334 0.046296296296296294
0 0.6346354166666667 0.6949074074074074 0.025520833333333333 0.04537037037037037
0 0.5880208333333333 0.425 0.023958333333333335 0.040740740740740744
0 0.6067708333333334 0.30185185185185187 0.023958333333333335 0.040740740740740744
0 0.12135416666666667 0.36342592592592593 0.026041666666666668 0.041666666666666664
0 0.6822916666666666 0.6064814814814815 0.026041666666666668 0.046296296296296294
0 0.7078125 0.6189814814814815 0.026041666666666668 0.04537037037037037
0 0.16432291666666668 0.24861111111111112 0.024479166666666666 0.03981481481481482
0 0.6984375 0.21342592592592594 0.023958333333333335 0.041666666666666664
0 0.5276041666666667 0.325 0.022916666666666665 0.040740740740740744
0 0.22150520833333334 0.2134814814814815 0.023958333333333335 0.04123148148148148
0 0.3229166666666667 0.4078703703703704 0.023958333333333335 0.041666666666666664
0 0.25885416666666666 0.4722222222222222 0.025 0.040740740740740744
0 0.45807291666666666 0.1685185185185185 0.022395833333333334 0.03888888888888889
0 0.5994791666666667 0.1699074074074074 0.022916666666666665 0.03981481481481482
0 0.6140625 0.2310185185185185 0.022916666666666665 0.03981481481481482
0 0.6997395833333333 0.16018518518518518 0.0234375 0.03888888888888889
0 0.5401041666666667 0.39444444444444443 0.023958333333333335 0.040740740740740744
0 0.6114583333333333 0.08148148148148149 0.021875 0.03888888888888889
0 0.31145833333333334 0.6875 0.023958333333333335 0.03981481481481482
0 0.24140625 0.3736111111111111 0.0234375 0.03611111111111111
0 0.5690104166666666 0.6041666666666666 0.0234375 0.041666666666666664
0 0.29192708333333334 0.1550925925925926 0.021354166666666667 0.03611111111111111
0 0.4518229166666667 0.6444444444444445 0.0234375 0.03888888888888889
0 0.3 0.6532407407407408 0.023958333333333335 0.03796296296296296
0 0.6549479166666666 0.27824074074074073 0.0234375 0.03796296296296296
0 0.5856770833333333 0.06712962962962964 0.021354166666666667 0.03796296296296296
0 0.6533854166666667 0.3685185185185185 0.022395833333333334 0.03888888888888889
0 0.6559895833333333 0.12083333333333333 0.021354166666666667 0.03611111111111111
0 0.25546875 0.4217592592592593 0.0234375 0.03981481481481482
0 0.29348958333333336 0.35694444444444445 0.022395833333333334 0.03981481481481482
0 0.5520833333333334 0.5666666666666667 0.022916666666666665 0.03888888888888889
0 0.4778645833333333 0.225 0.021354166666666667 0.03518518518518519
0 0.41914583333333333 0.6127222222222223 0.023713541666666667 0.04123148148148148
0 0.44192708333333336 0.6125 0.022395833333333334 0.03981481481481482
0 0.552296875 0.500212962962963 0.02334375 0.04487037037037037
0 0.26035416666666666 0.26625925925925925 0.024874999999999998 0.044055555555555556
0 0.3494791666666667 0.537962962962963 0.021875 0.03888888888888889
0 0.66359375 0.4082222222222222 0.02763541666666667 0.051222222222222225
0 0.21588541666666666 0.41203703703703703 0.0234375 0.03888888888888889
0 0.6359375 0.15185185185185185 0.021875 0.037037037037037035
0 0.5182291666666666 0.5939814814814814 0.023958333333333335 0.03981481481481482
0 0.5796875 0.1087962962962963 0.021875 0.03796296296296296
0 0.33958333333333335 0.6527777777777778 0.023958333333333335 0.040740740740740744
0 0.6510416666666666 0.24259259259259258 0.021875 0.037037037037037035
0 0.6989583333333333 0.08472222222222223 0.021875 0.03796296296296296
0 0.6755208333333333 0.09675925925925925 0.021875 0.03611111111111111
0 0.4015625 0.20601851851851852 0.021875 0.03796296296296296
0 0.4778645833333333 0.27685185185185185 0.021354166666666667 0.03888888888888889
0 0.4388020833333333 0.24305555555555555 0.021354166666666667 0.03796296296296296
0 0.3580729166666667 0.6226851851851852 0.0234375 0.03981481481481482
0 0.46796875 0.36203703703703705 0.022395833333333334 0.03888888888888889
0 0.32421875 0.3486111111111111 0.021354166666666667 0.03796296296296296
0 0.4921875 0.25046296296296294 0.021875 0.03611111111111111
0 0.34661458333333334 0.5800925925925926 0.0234375 0.041666666666666664
0 0.2942708333333333 0.2337962962962963 0.021875 0.03796296296296296
0 0.2921875 0.19212962962962962 0.021875 0.03611111111111111
0 0.47578125 0.5518518518518518 0.022395833333333334 0.03888888888888889
0 0.3463541666666667 0.3384259259259259 0.021875 0.03796296296296296
0 0.36302083333333335 0.31203703703703706 0.020833333333333332 0.03888888888888889
0 0.53046875 0.48564814814814816 0.022395833333333334 0.03981481481481482
0 0.28391666666666665 0.2674259259259259 0.024078125 0.04225925925925926
0 0.5228385416666667 0.5604814814814816 0.022765625 0.04133333333333333
0 0.37734375 0.5995370370370371 0.022395833333333334 0.03981481481481482
0 0.3997708333333333 0.5883425925925926 0.0235 0.0415
0 0.5402395833333333 0.5359444444444444 0.023192708333333333 0.04225925925925926
0 0.38229166666666664 0.2490740740740741 0.021875 0.037037037037037035
0 0.4513020833333333 0.2935185185185185 0.0203125 0.037037037037037035
0 0.35963541666666665 0.2662037037037037 0.0203125 0.03611111111111111
0 0.37777083333333333 0.35389814814814813 0.02325 0.03741666666666666
0 0.4080729166666667 0.2449074074074074 0.021354166666666667 0.03796296296296296
0 0.5108125 0.5296296296296297 0.022979166666666665 0.03888888888888889
0 0.44375 0.5763888888888888 0.021875 0.03796296296296296
0 0.3377604166666667 0.2662037037037037 0.021354166666666667 0.03796296296296296
0 0.42109375 0.575 0.022395833333333334 0.03888888888888889
0 0.33541666666666664 0.30324074074074076 0.021875 0.03796296296296296
0 0.2986979166666667 0.29074074074074074 0.021354166666666667 0.037037037037037035
0 0.43723958333333335 0.5050925925925925 0.022395833333333334 0.03981481481481482
0 0.4114583333333333 0.35694444444444445 0.021875 0.03796296296296296
0 0.40911458333333334 0.2884259259259259 0.021354166666666667 0.03796296296296296
0 0.30885416666666665 0.3199074074074074 0.020833333333333332 0.03611111111111111
0 0.49453125 0.45787037037037037 0.021354166666666667 0.03796296296296296
0 0.4791666666666667 0.4166666666666667 0.021875 0.037037037037037035
0 0.38619791666666664 0.3837962962962963 0.021354166666666667 0.03796296296296296
0 0.43776041666666665 0.38564814814814813 0.021354166666666667 0.03796296296296296
0 0.45338541666666665 0.5407407407407407 0.021354166666666667 0.037037037037037035
0 0.43671875 0.34953703703703703 0.021354166666666667 0.03611111111111111
0 0.4650885416666667 0.45825000000000005 0.024661458333333334 0.040574074074074075
0 0.4786458333333333 0.4837962962962963 0.021875 0.03796296296296296
0 0.5046875 0.49212962962962964 0.021875 0.03796296296296296
0 0.40911458333333334 0.5458333333333333 0.021354166666666667 0.03796296296296296
0 0.46015625 0.5064814814814815 0.021354166666666667 0.03888888888888889
0 0.43975000000000003 0.4666666666666667 0.024291666666666666 0.03888888888888889
0 0.42734375 0.4185185185185185 0.0203125 0.037037037037037035
0 0.39438020833333337 0.513425925925926 0.022088541666666666 0.03796296296296296
0 0.3734375 0.48935185185185187 0.021875 0.03796296296296296
0 0.36796875 0.5638888888888889 0.021354166666666667 0.03888888888888889
0 0.4125 0.3939814814814815 0.021875 0.03796296296296296
0 0.37672916666666667 0.45231481481481484 0.024291666666666666 0.03796296296296296
0 0.4049479166666667 0.32407407407407407 0.021354166666666667 0.037037037037037035
0 0.3171875 0.2726851851851852 0.020833333333333332 0.03611111111111111
0 0.4075520833333333 0.43472222222222223 0.021354166666666667 0.03796296296296296
0 0.44817708333333334 0.43287037037037035 0.021354166666666667 0.03796296296296296
0 0.43046875 0.29305555555555557 0.019270833333333334 0.03611111111111111
0 0.39615625 0.47665740740740736 0.024291666666666666 0.040574074074074075
0 0.48834375 0.5208055555555556 0.022515624999999997 0.03975925925925926
0 0.37213541666666666 0.5273148148148148 0.0203125 0.03796296296296296
0 0.4161458333333333 0.5060185185185185 0.021875 0.03981481481481482
0 0.4591145833333333 0.4009259259259259 0.0203125 0.037037037037037035
0 0.5010416666666667 0.4217592592592593 0.020833333333333332 0.03611111111111111
0 0.3890625 0.5537037037037037 0.020833333333333332 0.03888888888888889
0 0.43255208333333334 0.5393518518518519 0.021354166666666667 0.03796296296296296
0 0.41804166666666664 0.4681111111111111 0.024625 0.03992592592592592
0 0.38828125 0.41944444444444445 0.021354166666666667 0.037037037037037035