0 0.51875 0.2833333333333333 0.021875 0.03888888888888889
0 0.49947916666666664 0.26944444444444443 0.020833333333333332 0.037037037037037035
0 0.37526041666666665 0.2111111111111111 0.021354166666666667 0.037037037037037035
0 0.47994791666666664 0.2962962962962963 0.021354166666666667 0.037037037037037035
0 0.29973958333333334 0.36712962962962964 0.0234375 0.03796296296296296
0 0.5388020833333333 0.2518518518518518 0.021354166666666667 0.037037037037037035
0 0.5937135416666667 0.1008425925925926 0.02284375 0.04058333333333333
0 0.39375 0.22453703703703703 0.020833333333333332 0.03611111111111111
0 0.3802083333333333 0.2513888888888889 0.021875 0.03796296296296296
0 0.47890625 0.33055555555555555 0.021354166666666667 0.03888888888888889
0 0.5401041666666667 0.2986111111111111 0.020833333333333332 0.03611111111111111
0 0.51796875 0.25 0.022395833333333334 0.03518518518518519
0 0.28958333333333336 0.4162037037037037 0.022916666666666665 0.03796296296296296
0 0.3184895833333333 0.387037037037037 0.022395833333333334 0.037037037037037035
0 0.278125 0.38564814814814813 0.021875 0.03611111111111111
0 0.5643229166666667 0.09537037037037037 0.0203125 0.03518518518518519
0 0.4140625 0.21157407407407408 0.021875 0.03796296296296296
0 0.5020833333333333 0.31157407407407406 0.020833333333333332 0.03796296296296296
0 0.36015625 0.24027777777777778 0.0203125 0.03611111111111111
0 0.5890625 0.15555555555555556 0.020833333333333332 0.037037037037037035
0 0.5231770833333333 0.32175925925925924 0.021354166666666667 0.03796296296296296
0 0.6036458333333333 0.0712962962962963 0.021875 0.03888888888888889
0 0.3809895833333333 0.28888888888888886 0.022395833333333334 0.040740740740740744
0 0.5536302083333333 0.1351388888888889 0.021838541666666666 0.04064814814814815
0 0.3609375 0.362962962962963 0.020833333333333332 0.037037037037037035
0 0.2559895833333333 0.425462962962963 0.0234375 0.03796296296296296
0 0.2625 0.362962962962963 0.022916666666666665 0.03888888888888889
0 0.45598958333333334 0.3388888888888889 0.021354166666666667 0.037037037037037035
0 0.33984375 0.3421296296296296 0.022395833333333334 0.03796296296296296
0 0.6526041666666667 0.6962962962962963 0.025 0.046296296296296294
0 0.6125 0.15601851851851853 0.020833333333333332 0.03796296296296296
0 0.6515625 0.4597222222222222 0.023958333333333335 0.03981481481481482
0 0.3098958333333333 0.4305555555555556 0.023958333333333335 0.040740740740740744
0 0.6971354166666667 0.25787037037037036 0.0234375 0.03981481481481482
0 0.46067708333333335 0.37453703703703706 0.021354166666666667 0.03981481481481482
0 0.67890625 0.39444444444444443 0.0234375 0.03888888888888889
0 0.6252604166666667 0.7083333333333334 0.024479166666666666 0.044444444444444446
0 0.7307291666666667 0.44814814814814813 0.025 0.04259259259259259
0 0.5265625 0.12916666666666668 0.020833333333333332 0.03796296296296296
0 0.5690104166666666 0.6513888888888889 0.022395833333333334 0.03981481481481482
0 0.54453125 0.08611111111111111 0.0203125 0.037037037037037035
0 0.6848958333333334 0.4861111111111111 0.025 0.04259259259259259
0 0.7044270833333334 0.43657407407407406 0.024479166666666666 0.041666666666666664
0 0.6247395833333333 0.07407407407407407 0.0203125 0.037037037037037035
0 0.5018229166666667 0.35648148148148145 0.021354166666666667 0.03888888888888889
0 0.40208333333333335 0.2967592592592593 0.021875 0.03796296296296296
0 0.6994791666666667 0.36203703703703705 0.023958333333333335 0.040740740740740744
0 0.5817708333333333 0.6189814814814815 0.022916666666666665 0.03981481481481482
0 0.48776041666666664 0.5472222222222223 0.0234375 0.03888888888888889
0 0.65 0.22083333333333333 0.021875 0.03981481481481482
0 0.5481770833333334 0.6652777777777777 0.024479166666666666 0.04351851851851852
0 0.6190104166666667 0.2212962962962963 0.022395833333333334 0.03888888888888889
0 0.3015625 0.6393518518518518 0.025 0.03981481481481482
0 0.5911458333333334 0.6694444444444444 0.023958333333333335 0.04259259259259259
0 0.5575520833333333 0.3384259259259259 0.022395833333333334 0.03981481481481482
0 0.2609375 0.5847222222222223 0.023958333333333335 0.041666666666666664
0 0.5715989583333333 0.06243518518518519 0.022322916666666668 0.04147222222222222
0 0.440625 0.3972222222222222 0.021875 0.03888888888888889
0 0.26197916666666665 0.5296296296296297 0.023958333333333335 0.040740740740740744
0 0.573421875 0.1240462962962963 0.021838541666666666 0.03697222222222222
0 0.5763020833333333 0.7037037037037037 0.024479166666666666 0.044444444444444446
0 0.725 0.4050925925925926 0.023958333333333335 0.041666666666666664
0 0.60625 0.6259259259259259 0.025 0.044444444444444446
0 0.334375 0.5606481481481481 0.023958333333333335 0.041666666666666664
0 0.6697916666666667 0.4305555555555556 0.023958333333333335 0.040740740740740744
0 0.25677083333333334 0.7027777777777777 0.026041666666666668 0.044444444444444446
0 0.37265625 0.3939814814814815 0.022395833333333334 0.03796296296296296
0 0.33828125 0.4236111111111111 0.0234375 0.03981481481481482
0 0.5622395833333333 0.5935185185185186 0.024479166666666666 0.04259259259259259
0 0.2838541666666667 0.6185185185185185 0.023958333333333335 0.040740740740740744
0 0.6872395833333333 0.2898148148148148 0.0234375 0.040740740740740744
0 0.31666666666666665 0.5879629629629629 0.023958333333333335 0.040740740740740744
0 0.6041666666666666 0.7430555555555556 0.025 0.04537037037037037
0 0.6453125 0.1375 0.021875 0.03796296296296296
0 0.23125 0.7041666666666667 0.026041666666666668 0.04537037037037037
0 0.4140625 0.4023148148148148 0.022916666666666665 0.03981481481481482
0 0.24296875 0.5532407407407407 0.024479166666666666 0.04351851851851852
0 0.7083333333333334 0.32546296296296295 0.023958333333333335 0.03981481481481482
0 0.3921875 0.3439814814814815 0.022916666666666665 0.03981481481481482
0 0.3377604166666667 0.21203703703703702 0.022395833333333334 0.03888888888888889
0 0.6666666666666666 0.10740740740740741 0.020833333333333332 0.03518518518518519
0 0.4328125 0.23935185185185184 0.021875 0.03981481481481482
0 0.53359375 0.20555555555555555 0.021354166666666667 0.037037037037037035
0 0.2669270833333333 0.6625 0.024479166666666666 0.041666666666666664
0 0.6341145833333334 0.2564814814814815 0.022395833333333334 0.03888888888888889
0 0.47604166666666664 0.5152777777777777 0.022916666666666665 0.03981481481481482
0 0.2609375 0.6240740740740741 0.025 0.04259259259259259
0 0.60546875 0.5856481481481481 0.024479166666666666 0.04351851851851852
0 0.26458333333333334 0.45925925925925926 0.022916666666666665 0.03888888888888889
0 0.30390625 0.4736111111111111 0.0234375 0.03981481481481482
0 0.28619791666666666 0.5041666666666667 0.0234375 0.041666666666666664
0 0.24192708333333332 0.6537037037037037 0.025520833333333333 0.044444444444444446
0 0.6856770833333333 0.08425925925925926 0.021354166666666667 0.037037037037037035
0 0.6385416666666667 0.387037037037037 0.022916666666666665 0.040740740740740744
0 0.5723958333333333 0.21388888888888888 0.021875 0.03888888888888889
0 0.7408854166666666 0.36944444444444446 0.025520833333333333 0.04259259259259259
0 0.5940104166666667 0.45601851851851855 0.0234375 0.041666666666666664
0 0.6559895833333333 0.5708333333333333 0.025520833333333333 0.04351851851851852
0 0.7057291666666666 0.2064814814814815 0.023958333333333335 0.040740740740740744
0 0.44505208333333335 0.48703703703703705 0.022395833333333334 0.040740740740740744
0 0.22630208333333332 0.43333333333333335 0.024479166666666666 0.040740740740740744
0 0.21822916666666667 0.6060185185185185 0.026041666666666668 0.04537037037037037
0 0.7078125 0.15046296296296297 0.022916666666666665 0.03981481481481482
0 0.4161458333333333 0.1763888888888889 0.021875 0.03796296296296296
0 0.553125 0.4828703703703704 0.022916666666666665 0.041666666666666664
0 0.49947916666666664 0.13055555555555556 0.020833333333333332 0.03888888888888889
0 0.46953125 0.6662037037037037 0.025520833333333333 0.04351851851851852
0 0.27005208333333336 0.31203703703703706 0.0234375 0.03888888888888889
0 0.30703125 0.16111111111111112 0.022395833333333334 0.03888888888888889
0 0.596875 0.038425925925925926 0.020833333333333332 0.03611111111111111
0 0.27317708333333335 0.22361111111111112 0.0234375 0.03981481481481482
0 0.7125 0.07592592592592592 0.021875 0.03888888888888889
0 0.35989583333333336 0.7393518518518518 0.027083333333333334 0.04537037037037037
0 0.24895833333333334 0.7824074074074074 0.027083333333333334 0.046296296296296294
0 0.1421875 0.5564814814814815 0.027083333333333334 0.044444444444444446
0 0.30572916666666666 0.12361111111111112 0.021875 0.03796296296296296
0 0.23671875 0.17083333333333334 0.0234375 0.03981481481481482
0 0.17916666666666667 0.1986111111111111 0.023958333333333335 0.03981481481481482
0 0.13567708333333334 0.3055555555555556 0.025520833333333333 0.040740740740740744
0 0.7145833333333333 0.8453703703703703 0.028125 0.04814814814814815