0 0.5455729166666666 0.5768518518518518 0.022395833333333334 0.040740740740740744
0 0.5338541666666666 0.5407407407407407 0.022916666666666665 0.03888888888888889
0 0.5466145833333333 0.6212962962962963 0.0234375 0.040740740740740744
0 0.49713541666666666 0.49675925925925923 0.022395833333333334 0.03981481481481482
0 0.24427083333333333 0.36342592592592593 0.023958333333333335 0.03981481481481482
0 0.46458333333333335 0.3101851851851852 0.021875 0.03888888888888889
0 0.5364583333333334 0.44583333333333336 0.022916666666666665 0.03981481481481482
0 0.24765625 0.40185185185185185 0.0234375 0.03888888888888889
0 0.46822916666666664 0.5009259259259259 0.022916666666666665 0.03888888888888889
0 0.25052083333333336 0.3236111111111111 0.022916666666666665 0.03796296296296296
0 0.50078125 0.4125 0.022395833333333334 0.03981481481481482
0 0.43697916666666664 0.2986111111111111 0.021875 0.03796296296296296
0 0.45677083333333335 0.27824074074074073 0.020833333333333332 0.03611111111111111
0 0.50546875 0.2689814814814815 0.021354166666666667 0.03796296296296296
0 0.3182291666666667 0.4 0.022916666666666665 0.03888888888888889
0 0.24375 0.29212962962962963 0.022916666666666665 0.03796296296296296
0 0.4361979166666667 0.26435185185185184 0.021354166666666667 0.03796296296296296
0 0.3828125 0.4097222222222222 0.022916666666666665 0.03981481481481482
0 0.5361979166666667 0.25601851851851853 0.021354166666666667 0.03796296296296296
0 0.0703125 0.5472222222222223 0.027083333333333334 0.04259259259259259
0 0.6291666666666667 0.7361111111111112 0.026041666666666668 0.044444444444444446