0 0.5572916666666666 0.2625 0.020833333333333332 0.03796296296296296
0 0.52421875 0.22361111111111112 0.0203125 0.03611111111111111
0 0.503125 0.22870370370370371 0.020833333333333332 0.037037037037037035
0 0.4394739583333333 0.5507314814814814 0.022692708333333332 0.04034259259259259
0 0.303125 0.29907407407407405 0.021875 0.037037037037037035
0 0.275 0.2916666666666667 0.020833333333333332 0.037037037037037035
0 0.275 0.549537037037037 0.023958333333333335 0.03981481481481482
0 0.48515625 0.4111111111111111 0.021354166666666667 0.037037037037037035
0 0.5533854166666666 0.4273148148148148 0.021354166666666667 0.03796296296296296
0 0.54375 0.23564814814814813 0.019791666666666666 0.03611111111111111
0 0.3143229166666667 0.26481481481481484 0.021354166666666667 0.037037037037037035
0 0.4213177083333333 0.5292962962962963 0.021802083333333333 0.041935185185185186
0 0.35520833333333335 0.3449074074074074 0.022916666666666665 0.03796296296296296
0 0.2513020833333333 0.5537037037037037 0.0234375 0.03888888888888889
0 0.5106770833333333 0.43425925925925923 0.021354166666666667 0.037037037037037035
0 0.52421875 0.4847222222222222 0.022395833333333334 0.03796296296296296
0 0.6755208333333333 0.23148148148148148 0.021875 0.037037037037037035
0 0.48489583333333336 0.2125 0.019791666666666666 0.03611111111111111
0 0.41380208333333335 0.4337962962962963 0.022395833333333334 0.03796296296296296
0 0.45416666666666666 0.4027777777777778 0.021875 0.03888888888888889
0 0.24869791666666666 0.47962962962962963 0.024479166666666666 0.03888888888888889
0 0.6583333333333333 0.2550925925925926 0.020833333333333332 0.03611111111111111
0 0.5096354166666667 0.3976851851851852 0.021354166666666667 0.03611111111111111
0 0.40093229166666666 0.5194444444444445 0.022692708333333332 0.04260185185185185
0 0.2916666666666667 0.26666666666666666 0.020833333333333332 0.03518518518518519
0 0.4822916666666667 0.4527777777777778 0.021875 0.03888888888888889
0 0.25390625 0.5148148148148148 0.024479166666666666 0.040740740740740744
0 0.4207239583333333 0.4921944444444445 0.022692708333333332 0.04365740740740741
0 0.2518229166666667 0.5949074074074074 0.0234375 0.041666666666666664
0 0.36328125 0.21712962962962962 0.021354166666666667 0.03796296296296296
0 0.46019270833333337 0.5373055555555555 0.021281249999999998 0.03941666666666667
0 0.27317708333333335 0.6314814814814815 0.0234375 0.040740740740740744
0 0.47578125 0.6027777777777777 0.0234375 0.040740740740740744
0 0.542 0.46124074074074073 0.022546875 0.04100925925925926
0 0.3171875 0.22175925925925927 0.020833333333333332 0.03611111111111111
0 0.43046875 0.19953703703703704 0.021354166666666667 0.03611111111111111
0 0.48828125 0.5370370370370371 0.022395833333333334 0.037037037037037035
0 0.25063541666666667 0.6395555555555555 0.024182291666666668 0.04206481481481481
0 0.18828125 0.6666666666666666 0.025520833333333333 0.04259259259259259
0 0.2830729166666667 0.5921296296296297 0.0234375 0.03981481481481482
0 0.22708333333333333 0.6222222222222222 0.023958333333333335 0.040740740740740744
0 0.5541666666666667 0.649537037037037 0.022916666666666665 0.03981481481481482
0 0.4428958333333333 0.5127685185185185 0.02225 0.03849074074074074
0 0.29244791666666664 0.6476851851851851 0.024479166666666666 0.03981481481481482
0 0.3854166666666667 0.39675925925925926 0.021875 0.03796296296296296
0 0.5309895833333333 0.38564814814814813 0.021354166666666667 0.03611111111111111
0 0.37864583333333335 0.5310185185185186 0.021875 0.03981481481481482
0 0.5221354166666666 0.5236111111111111 0.022395833333333334 0.03796296296296296
0 0.20208333333333334 0.6310185185185185 0.025 0.04351851851851852
0 0.1609375 0.6157407407407407 0.026041666666666668 0.04259259259259259
0 0.25234375 0.4398148148148148 0.0234375 0.03888888888888889
0 0.45755208333333336 0.35833333333333334 0.021354166666666667 0.037037037037037035
0 0.23229166666666667 0.7106481481481481 0.025 0.041666666666666664
0 0.3846354166666667 0.49027777777777776 0.022395833333333334 0.03796296296296296
0 0.67890625 0.42824074074074076 0.0234375 0.03981481481481482
0 0.21822916666666667 0.6754629629629629 0.025 0.041666666666666664
0 0.19140625 0.5944444444444444 0.025520833333333333 0.040740740740740744
0 0.6888020833333334 0.26342592592592595 0.022395833333333334 0.03796296296296296
0 0.39505208333333336 0.5745370370370371 0.0234375 0.03981481481481482
0 0.35911458333333335 0.30324074074074076 0.022395833333333334 0.03796296296296296
0 0.27578125 0.412962962962963 0.0234375 0.03888888888888889
0 0.4783854166666667 0.33611111111111114 0.021354166666666667 0.037037037037037035
0 0.58046875 0.2708333333333333 0.021354166666666667 0.03796296296296296
0 0.5020833333333333 0.4685185185185185 0.021875 0.037037037037037035
0 0.25319270833333335 0.29589814814814813 0.02409375 0.039935185185185185
0 0.54375 0.5097222222222222 0.021875 0.03981481481481482
0 0.43359375 0.46111111111111114 0.022395833333333334 0.03888888888888889
0 0.4037604166666667 0.46864814814814815 0.023140625 0.04100925925925926
0 0.42994791666666665 0.39675925925925926 0.021354166666666667 0.03796296296296296
0 0.51484375 0.3597222222222222 0.0203125 0.03611111111111111
0 0.5846354166666666 0.712037037037037 0.0234375 0.04259259259259259
0 0.20234375 0.7101851851851851 0.024479166666666666 0.04259259259259259
0 0.36770833333333336 0.4666666666666667 0.021875 0.03888888888888889
0 0.6729166666666667 0.14722222222222223 0.021875 0.037037037037037035
0 0.39010416666666664 0.4361111111111111 0.020833333333333332 0.03888888888888889
0 0.54765625 0.5518518518518518 0.0234375 0.040740740740740744
0 0.365625 0.42268518518518516 0.021875 0.03796296296296296
0 0.415625 0.6037037037037037 0.023958333333333335 0.040740740740740744
0 0.44947916666666665 0.5814814814814815 0.022916666666666665 0.03888888888888889
0 0.5324791666666667 0.4218240740740741 0.02225 0.0399537037037037
0 0.35494791666666664 0.3888888888888889 0.021354166666666667 0.03888888888888889
0 0.6903645833333333 0.1175925925925926 0.021354166666666667 0.03518518518518519
0 0.6609375 0.3939814814814815 0.022916666666666665 0.03981481481481482
0 0.5598958333333334 0.6893518518518519 0.023958333333333335 0.041666666666666664
0 0.50078125 0.3300925925925926 0.0203125 0.03611111111111111
0 0.54765625 0.6027777777777777 0.0234375 0.040740740740740744
0 0.5013020833333334 0.5074074074074074 0.0203125 0.037037037037037035
0 0.33828125 0.1925925925925926 0.021354166666666667 0.037037037037037035
0 0.17734375 0.7078703703703704 0.025520833333333333 0.04351851851851852
0 0.6955729166666667 0.3902777777777778 0.022395833333333334 0.03981481481481482
0 0.6643229166666667 0.5527777777777778 0.0234375 0.040740740740740744
0 0.4744791666666667 0.5087962962962963 0.021875 0.03796296296296296
0 0.32578125 0.3800925925925926 0.0234375 0.03981481481481482
0 0.25390625 0.4013888888888889 0.022395833333333334 0.03796296296296296
0 0.56875 0.6171296296296296 0.021875 0.03796296296296296
0 0.6364583333333333 0.27870370370370373 0.021875 0.037037037037037035
0 0.47265625 0.5657407407407408 0.022395833333333334 0.037037037037037035
0 0.36328125 0.5050925925925925 0.021354166666666667 0.03981481481481482
0 0.56328125 0.7328703703703704 0.024479166666666666 0.04351851851851852
0 0.2296875 0.41574074074074074 0.023958333333333335 0.040740740740740744
0 0.71015625 0.13425925925925927 0.021354166666666667 0.037037037037037035
0 0.6463541666666667 0.7162037037037037 0.025 0.04537037037037037
0 0.46041666666666664 0.4398148148148148 0.021875 0.03888888888888889
0 0.21197916666666666 0.7490740740740741 0.025 0.04259259259259259
0 0.33645833333333336 0.32592592592592595 0.021875 0.037037037037037035
0 0.184375 0.7467592592592592 0.025 0.041666666666666664
0 0.6901041666666666 0.5708333333333333 0.023958333333333335 0.041666666666666664
0 0.41953125 0.5662037037037037 0.022395833333333334 0.03796296296296296
0 0.37526041666666665 0.1824074074074074 0.021354166666666667 0.037037037037037035
0 0.6403645833333333 0.15138888888888888 0.021354166666666667 0.03611111111111111
0 0.28880208333333335 0.18333333333333332 0.021354166666666667 0.037037037037037035
0 0.6432291666666666 0.7685185185185185 0.025 0.044444444444444446
0 0.234375 0.7703703703703704 0.027083333333333334 0.044444444444444446
0 0.29791666666666666 0.4810185185185185 0.023958333333333335 0.041666666666666664
0 0.6125 0.6259259259259259 0.023958333333333335 0.04259259259259259
0 0.6893229166666667 0.7291666666666666 0.025520833333333333 0.04537037037037037
0 0.42942708333333335 0.24953703703703703 0.021354166666666667 0.03796296296296296
0 0.3184895833333333 0.5995370370370371 0.024479166666666666 0.041666666666666664
0 0.6666666666666666 0.6763888888888889 0.025 0.04351851851851852
0 0.7072916666666667 0.09490740740740741 0.020833333333333332 0.03425925925925926
0 0.14479166666666668 0.5893518518518519 0.026041666666666668 0.04351851851851852
0 0.5018229166666667 0.18101851851851852 0.0203125 0.03611111111111111
0 0.18177083333333333 0.5305555555555556 0.025 0.04259259259259259
0 0.4166666666666667 0.1736111111111111 0.020833333333333332 0.03796296296296296
0 0.46875 0.28703703703703703 0.021875 0.03888888888888889
0 0.6489583333333333 0.3388888888888889 0.022916666666666665 0.040740740740740744
0 0.7106770833333333 0.22175925925925927 0.022395833333333334 0.03796296296296296
0 0.6236979166666666 0.5287037037037037 0.0234375 0.040740740740740744
0 0.65 0.11805555555555555 0.020833333333333332 0.03425925925925926
0 0.19010416666666666 0.7875 0.027083333333333334 0.04537037037037037
0 0.7182291666666667 0.4361111111111111 0.023958333333333335 0.040740740740740744
0 0.4088541666666667 0.32222222222222224 0.022916666666666665 0.03888888888888889
0 0.6286458333333333 0.812037037037037 0.025 0.046296296296296294
0 0.5950520833333334 0.44305555555555554 0.022395833333333334 0.03796296296296296
0 0.59453125 0.21574074074074073 0.021354166666666667 0.037037037037037035
0 0.28984375 0.14675925925925926 0.021354166666666667 0.03796296296296296
0 0.17760416666666667 0.4722222222222222 0.026041666666666668 0.040740740740740744
0 0.73125 0.08888888888888889 0.021875 0.03518518518518519
0 0.21927083333333333 0.18796296296296297 0.022916666666666665 0.03888888888888889
0 0.16328125 0.20787037037037037 0.0234375 0.03796296296296296
0 0.12578125 0.30972222222222223 0.024479166666666666 0.03981481481481482