0 0.6502604166666667 0.1175925925925926 0.021354166666666667 0.03518518518518519
0 0.6729166666666667 0.14629629629629629 0.021875 0.037037037037037035
0 0.6408854166666667 0.15138888888888888 0.0203125 0.03611111111111111
0 0.6582604166666666 0.2545 0.022619791666666667 0.0399537037037037
0 0.45078125 0.5347222222222222 0.021354166666666667 0.03796296296296296
0 0.40989583333333335 0.46064814814814814 0.020833333333333332 0.03796296296296296
0 0.42916666666666664 0.47824074074074074 0.021875 0.03796296296296296
0 0.38776041666666666 0.4787037037037037 0.021354166666666667 0.037037037037037035
0 0.4708333333333333 0.5152777777777777 0.020833333333333332 0.03611111111111111
0 0.40677083333333336 0.5 0.021875 0.03888888888888889
0 0.38296354166666663 0.5167962962962963 0.023213541666666667 0.042861111111111114
0 0.503125 0.5092592592592593 0.021875 0.03888888888888889
0 0.4739583333333333 0.4791666666666667 0.021875 0.03796296296296296
0 0.3846354166666667 0.4412037037037037 0.021354166666666667 0.03796296296296296
0 0.2518229166666667 0.637962962962963 0.0234375 0.040740740740740744
0 0.50625 0.47175925925925927 0.021875 0.03796296296296296
0 0.45703125 0.4393518518518518 0.0203125 0.03611111111111111
0 0.6908854166666667 0.11712962962962963 0.021354166666666667 0.03611111111111111
0 0.36261458333333335 0.5340648148148148 0.024182291666666668 0.04034259259259259
0 0.3640625 0.45555555555555555 0.021875 0.03888888888888889
0 0.7106770833333333 0.13333333333333333 0.021354166666666667 0.037037037037037035
0 0.2747395833333333 0.6319444444444444 0.024479166666666666 0.041666666666666664
0 0.42473958333333334 0.4101851851851852 0.021354166666666667 0.03888888888888889
0 0.36432291666666666 0.41805555555555557 0.021354166666666667 0.03796296296296296
0 0.7072916666666667 0.09444444444444444 0.020833333333333332 0.03518518518518519
0 0.38515625 0.6171296296296296 0.0234375 0.03796296296296296
0 0.45260416666666664 0.4976851851851852 0.021875 0.03796296296296296
0 0.4783854166666667 0.4324074074074074 0.021354166666666667 0.03888888888888889
0 0.5008541666666667 0.22910185185185186 0.022546875 0.03783333333333333
0 0.36614583333333334 0.5689814814814815 0.022916666666666665 0.03981481481481482
0 0.48880208333333336 0.537962962962963 0.022395833333333334 0.03888888888888889
0 0.46953125 0.5569444444444445 0.022395833333333334 0.03611111111111111
0 0.40520833333333334 0.4263888888888889 0.021875 0.03796296296296296
0 0.47425520833333334 0.23299999999999998 0.022473958333333332 0.04008333333333333
0 0.6364583333333333 0.2791666666666667 0.021875 0.03796296296296296
0 0.18854166666666666 0.6662037037037037 0.026041666666666668 0.04351851851851852
0 0.4354166666666667 0.44212962962962965 0.020833333333333332 0.03796296296296296
0 0.36328125 0.6069444444444444 0.022395833333333334 0.03981481481481482
0 0.3037604166666667 0.29894444444444446 0.023140625 0.03862962962962963
0 0.55546875 0.24537037037037038 0.0203125 0.037037037037037035
0 0.228125 0.6222222222222222 0.023958333333333335 0.040740740740740744
0 0.3375 0.6129629629629629 0.023958333333333335 0.040740740740740744
0 0.4328125 0.5143518518518518 0.021875 0.03796296296296296
0 0.20364583333333333 0.7097222222222223 0.025 0.041666666666666664
0 0.21953125 0.675 0.025520833333333333 0.04259259259259259
0 0.3416666666666667 0.5148148148148148 0.022916666666666665 0.040740740740740744
0 0.2903645833333333 0.14675925925925926 0.021354166666666667 0.03796296296296296
0 0.44609375 0.40324074074074073 0.021354166666666667 0.03796296296296296
0 0.43020833333333336 0.5523148148148148 0.021875 0.03981481481481482
0 0.17786458333333333 0.7069444444444445 0.025520833333333333 0.04351851851851852
0 0.68828125 0.26296296296296295 0.022395833333333334 0.03888888888888889
0 0.6755208333333333 0.23148148148148148 0.021875 0.037037037037037035
0 0.44869791666666664 0.25324074074074077 0.0203125 0.03611111111111111
0 0.2830729166666667 0.5916666666666667 0.0234375 0.040740740740740744
0 0.4265625 0.24953703703703703 0.021875 0.03611111111111111
0 0.25234375 0.5944444444444444 0.0234375 0.040740740740740744
0 0.23411458333333332 0.7092592592592593 0.025520833333333333 0.040740740740740744
0 0.57734375 0.2375 0.0203125 0.03796296296296296
0 0.396875 0.3912037037037037 0.020833333333333332 0.03796296296296296
0 0.521578125 0.21931481481481482 0.02023958333333333 0.03862962962962963
0 0.5247395833333334 0.5259259259259259 0.022395833333333334 0.037037037037037035
0 0.3640625 0.21666666666666667 0.020833333333333332 0.037037037037037035
0 0.3963541666666667 0.17037037037037037 0.021875 0.03888888888888889
0 0.4484375 0.5745370370370371 0.022916666666666665 0.03981481481481482
0 0.42682291666666666 0.37546296296296294 0.021354166666666667 0.03611111111111111
0 0.5364583333333334 0.4699074074074074 0.021875 0.03796296296296296
0 0.2755208333333333 0.549074074074074 0.025 0.040740740740740744
0 0.542859375 0.22024074074074076 0.021130208333333334 0.03862962962962963
0 0.31744791666666666 0.6365740740740741 0.024479166666666666 0.03981481481481482
0 0.2518229166666667 0.5532407407407407 0.0234375 0.03981481481481482
0 0.27567187499999996 0.29279629629629633 0.022171875 0.03928703703703704
0 0.3421875 0.4222222222222222 0.022916666666666665 0.03888888888888889
0 0.50078125 0.42916666666666664 0.0203125 0.03796296296296296
0 0.28880208333333335 0.18287037037037038 0.022395833333333334 0.03796296296296296
0 0.19140625 0.5949074074074074 0.025520833333333333 0.041666666666666664
0 0.20208333333333334 0.6310185185185185 0.025 0.04351851851851852
0 0.50234375 0.18009259259259258 0.0203125 0.03611111111111111
0 0.32916666666666666 0.5805555555555556 0.023958333333333335 0.03888888888888889
0 0.36692708333333335 0.6453703703703704 0.024479166666666666 0.03888888888888889
0 0.3145833333333333 0.26435185185185184 0.021875 0.03611111111111111
0 0.5856770833333333 0.7134259259259259 0.024479166666666666 0.04351851851851852
0 0.67890625 0.4273148148148148 0.0234375 0.03981481481481482
0 0.5557291666666667 0.6532407407407408 0.023958333333333335 0.041666666666666664
0 0.6609375 0.39351851851851855 0.023958333333333335 0.040740740740740744
0 0.31878645833333336 0.2228888888888889 0.024036458333333333 0.040212962962962964
0 0.7106770833333333 0.22083333333333333 0.022395833333333334 0.03796296296296296
0 0.16145833333333334 0.6162037037037037 0.026041666666666668 0.04351851851851852
0 0.24895833333333334 0.48009259259259257 0.025 0.041666666666666664
0 0.5802083333333333 0.6453703703703704 0.023958333333333335 0.04259259259259259
0 0.375 0.387037037037037 0.019791666666666666 0.03518518518518519
0 0.6956458333333334 0.39225925925925925 0.024630208333333334 0.043787037037037034
0 0.25286458333333334 0.44027777777777777 0.0234375 0.03981481481481482
0 0.18489583333333334 0.7462962962962963 0.025 0.04259259259259259
0 0.73125 0.08842592592592592 0.021875 0.03611111111111111
0 0.484375 0.20092592592592592 0.019791666666666666 0.03333333333333333
0 0.59453125 0.2152777777777778 0.021354166666666667 0.03796296296296296
0 0.659375 0.3236111111111111 0.022916666666666665 0.03796296296296296
0 0.6643229166666667 0.5509259259259259 0.0234375 0.040740740740740744
0 0.54375 0.5064814814814815 0.021875 0.03888888888888889
0 0.39557291666666666 0.25972222222222224 0.022395833333333334 0.03796296296296296
0 0.2921875 0.2662037037037037 0.020833333333333332 0.03611111111111111
0 0.5606770833333333 0.6976851851851852 0.0234375 0.041666666666666664
0 0.21223958333333334 0.7481481481481481 0.024479166666666666 0.04259259259259259
0 0.36744791666666665 0.1814814814814815 0.021354166666666667 0.037037037037037035
0 0.33828125 0.19212962962962962 0.021354166666666667 0.03796296296296296
0 0.28125 0.5 0.023958333333333335 0.040740740740740744
0 0.27630208333333334 0.4125 0.0234375 0.03981481481481482
0 0.35234375 0.38657407407407407 0.022395833333333334 0.03796296296296296
0 0.42291666666666666 0.20324074074074075 0.020833333333333332 0.03796296296296296
0 0.5666666666666667 0.7421296296296296 0.026041666666666668 0.04351851851851852
0 0.25234375 0.29444444444444445 0.021354166666666667 0.037037037037037035
0 0.3223958333333333 0.3162037037037037 0.022916666666666665 0.03981481481481482
0 0.68671875 0.5685185185185185 0.024479166666666666 0.04259259259259259
0 0.4122395833333333 0.6407407407407407 0.024479166666666666 0.040740740740740744
0 0.3888020833333333 0.30092592592592593 0.022395833333333334 0.03888888888888889
0 0.23020833333333332 0.41574074074074074 0.023958333333333335 0.040740740740740744
0 0.5471354166666667 0.4356481481481482 0.0234375 0.03981481481481482
0 0.25390625 0.4013888888888889 0.022395833333333334 0.03796296296296296
0 0.5513020833333333 0.6013888888888889 0.0234375 0.041666666666666664
0 0.6432291666666666 0.7157407407407408 0.025 0.044444444444444446
0 0.61015625 0.6282407407407408 0.0234375 0.04351851851851852
0 0.23463541666666668 0.7689814814814815 0.0265625 0.04351851851851852
0 0.6296875 0.5666666666666667 0.023958333333333335 0.04259259259259259
0 0.6424479166666667 0.7657407407407407 0.025520833333333333 0.044444444444444446
0 0.6651041666666667 0.6754629629629629 0.025 0.04351851851851852
0 0.40729166666666666 0.3597222222222222 0.021875 0.03796296296296296
0 0.3265625 0.37962962962962965 0.022916666666666665 0.03888888888888889
0 0.1453125 0.5893518518518519 0.026041666666666668 0.04351851851851852
0 0.7182291666666667 0.4361111111111111 0.023958333333333335 0.040740740740740744
0 0.18229166666666666 0.5305555555555556 0.026041666666666668 0.04259259259259259
0 0.6872395833333333 0.7291666666666666 0.025520833333333333 0.04537037037037037
0 0.3125 0.47129629629629627 0.023958333333333335 0.040740740740740744
0 0.21953125 0.1875 0.0234375 0.03981481481481482
0 0.5197916666666667 0.33240740740740743 0.021875 0.03888888888888889
0 0.178125 0.4722222222222222 0.027083333333333334 0.040740740740740744
0 0.19088541666666667 0.7875 0.027604166666666666 0.04537037037037037
0 0.5966145833333333 0.37962962962962965 0.022395833333333334 0.03888888888888889
0 0.628125 0.8101851851851852 0.025 0.046296296296296294
0 0.16328125 0.20787037037037037 0.0234375 0.03981481481481482
0 0.36640625 0.49675925925925923 0.025520833333333333 0.05277777777777778
0 0.12630208333333334 0.30972222222222223 0.024479166666666666 0.03981481481481482