0 0.2760416666666667 0.6467592592592593 0.023958333333333335 0.041666666666666664
0 0.2903645833333333 0.6148148148148148 0.0234375 0.040740740740740744
0 0.74921875 0.387037037037037 0.0234375 0.03888888888888889
0 0.6442708333333333 0.3416666666666667 0.021875 0.037037037037037035
0 0.6020833333333333 0.4310185185185185 0.021875 0.03796296296296296
0 0.61015625 0.3939814814814815 0.021354166666666667 0.03611111111111111
0 0.2955729166666667 0.38101851851851853 0.022395833333333334 0.03981481481481482
0 0.33880208333333334 0.5662037037037037 0.0234375 0.03981481481481482
0 0.31223958333333335 0.21296296296296297 0.022395833333333334 0.037037037037037035
0 0.2734375 0.5907407407407408 0.023958333333333335 0.040740740740740744
0 0.2526041666666667 0.6550925925925926 0.023958333333333335 0.041666666666666664
0 0.53828125 0.4115740740740741 0.022395833333333334 0.03796296296296296
0 0.73359375 0.3439814814814815 0.0234375 0.03981481481481482
0 0.2328125 0.6884259259259259 0.025 0.04351851851851852
0 0.64921875 0.25324074074074077 0.021354166666666667 0.03796296296296296
0 0.5638020833333334 0.38981481481481484 0.021354166666666667 0.037037037037037035
0 0.246875 0.5981481481481481 0.023958333333333335 0.040740740740740744
0 0.6765625 0.30648148148148147 0.021875 0.03888888888888889
0 0.5515625 0.4842592592592593 0.021875 0.03888888888888889
0 0.684375 0.22870370370370371 0.021875 0.03888888888888889
0 0.6533854166666667 0.3023148148148148 0.021354166666666667 0.03796296296296296
0 0.3380208333333333 0.39537037037037037 0.021875 0.03888888888888889
0 0.24583333333333332 0.4027777777777778 0.022916666666666665 0.03888888888888889
0 0.2484375 0.2824074074074074 0.022916666666666665 0.03888888888888889
0 0.6317708333333333 0.27870370370370373 0.021875 0.03888888888888889
0 0.54453125 0.44907407407407407 0.022395833333333334 0.037037037037037035
0 0.5739583333333333 0.4356481481481482 0.021875 0.03796296296296296
0 0.62265625 0.3638888888888889 0.021354166666666667 0.037037037037037035
0 0.25390625 0.4393518518518518 0.0234375 0.03981481481481482
0 0.5354166666666667 0.5097222222222222 0.021875 0.03796296296296296
0 0.58671875 0.4050925925925926 0.022395833333333334 0.03611111111111111
0 0.66328125 0.2212962962962963 0.021354166666666667 0.037037037037037035
0 0.6130208333333333 0.46574074074074073 0.021875 0.037037037037037035
0 0.6369791666666667 0.21435185185185185 0.021875 0.03796296296296296
0 0.3104166666666667 0.30185185185185187 0.021875 0.03888888888888889
0 0.2557291666666667 0.6949074074074074 0.025 0.041666666666666664
0 0.29609375 0.2759259259259259 0.021354166666666667 0.037037037037037035
0 0.353125 0.4203703703703704 0.021875 0.03888888888888889
0 0.31145833333333334 0.5657407407407408 0.022916666666666665 0.040740740740740744
0 0.26640625 0.4041666666666667 0.022395833333333334 0.03981481481481482
0 0.49973958333333335 0.47129629629629627 0.021354166666666667 0.03888888888888889
0 0.3190104166666667 0.37777777777777777 0.021354166666666667 0.037037037037037035
0 0.340625 0.22592592592592592 0.021875 0.037037037037037035
0 0.28984375 0.31712962962962965 0.021354166666666667 0.03796296296296296
0 0.221875 0.42824074074074076 0.023958333333333335 0.03981481481481482
0 0.6580729166666667 0.40046296296296297 0.022395833333333334 0.03981481481481482
0 0.6895833333333333 0.3787037037037037 0.022916666666666665 0.03888888888888889
0 0.51328125 0.5 0.021354166666666667 0.037037037037037035
0 0.259375 0.36203703703703705 0.021875 0.03888888888888889
0 0.3138020833333333 0.6027777777777777 0.0234375 0.040740740740740744
0 0.33645833333333336 0.2601851851851852 0.021875 0.03888888888888889
0 0.6184895833333334 0.1712962962962963 0.021354166666666667 0.037037037037037035
0 0.43828125 0.2023148148148148 0.021354166666666667 0.03796296296296296
0 0.3703125 0.5347222222222222 0.022916666666666665 0.03981481481481482
0 0.2518229166666667 0.22962962962962963 0.021354166666666667 0.037037037037037035
0 0.6098958333333333 0.21851851851851853 0.020833333333333332 0.037037037037037035
0 0.52109375 0.3726851851851852 0.021354166666666667 0.03796296296296296
0 0.27369791666666665 0.2791666666666667 0.022395833333333334 0.03981481481481482
0 0.615625 0.2550925925925926 0.021875 0.03796296296296296
0 0.7013020833333333 0.1912037037037037 0.022395833333333334 0.03796296296296296
0 0.5505208333333333 0.538425925925926 0.022916666666666665 0.03981481481481482
0 0.6768229166666667 0.19490740740740742 0.021354166666666667 0.03611111111111111
0 0.5877604166666667 0.35694444444444445 0.022395833333333334 0.03981481481481482
0 0.2721354166666667 0.24444444444444444 0.021354166666666667 0.037037037037037035
0 0.60234375 0.30277777777777776 0.021354166666666667 0.03888888888888889
0 0.6229166666666667 0.3282407407407407 0.021875 0.03611111111111111
0 0.4203125 0.18425925925925926 0.020833333333333332 0.037037037037037035
0 0.6526041666666667 0.1884259259259259 0.019791666666666666 0.03611111111111111
0 0.6921875 0.26990740740740743 0.020833333333333332 0.03796296296296296
0 0.6692708333333334 0.2726851851851852 0.021875 0.03611111111111111
0 0.66640625 0.1375 0.0203125 0.03611111111111111
0 0.32760416666666664 0.5337962962962963 0.022916666666666665 0.03796296296296296
0 0.22708333333333333 0.624537037037037 0.023958333333333335 0.04351851851851852
0 0.5192708333333333 0.5356481481481481 0.022916666666666665 0.03796296296296296
0 0.6677083333333333 0.34814814814814815 0.021875 0.03888888888888889
0 0.3731770833333333 0.18101851851851852 0.021354166666666667 0.03611111111111111
0 0.6994791666666667 0.3453703703703704 0.022916666666666665 0.03888888888888889
0 0.19973958333333333 0.41435185185185186 0.024479166666666666 0.041666666666666664
0 0.30572916666666666 0.3472222222222222 0.021875 0.037037037037037035
0 0.3151041666666667 0.262037037037037 0.020833333333333332 0.037037037037037035
0 0.23723958333333334 0.36527777777777776 0.021354166666666667 0.03611111111111111
0 0.6834427083333333 0.16100925925925924 0.02313541666666667 0.036833333333333336
0 0.21901041666666668 0.38981481481481484 0.0234375 0.03888888888888889
0 0.2328125 0.5532407407407407 0.023958333333333335 0.041666666666666664
0 0.6380208333333334 0.462037037037037 0.022916666666666665 0.03888888888888889
0 0.3416666666666667 0.16435185185185186 0.021875 0.03796296296296296
0 0.32578125 0.3296296296296296 0.022395833333333334 0.03888888888888889
0 0.6901041666666666 0.11805555555555555 0.020833333333333332 0.03611111111111111
0 0.33098958333333334 0.1962962962962963 0.0203125 0.03518518518518519
0 0.5658854166666667 0.21064814814814814 0.021354166666666667 0.03796296296296296
0 0.5963541666666666 0.19074074074074074 0.020833333333333332 0.037037037037037035
0 0.6489583333333333 0.11805555555555555 0.020833333333333332 0.03425925925925926
0 0.29453125 0.2412037037037037 0.021354166666666667 0.03611111111111111
0 0.5369791666666667 0.33101851851851855 0.021875 0.03981481481481482
0 0.36796875 0.21712962962962962 0.021354166666666667 0.03796296296296296
0 0.7098958333333333 0.13287037037037036 0.020833333333333332 0.03611111111111111
0 0.34140625 0.5027777777777778 0.0234375 0.040740740740740744
0 0.28125 0.21157407407407408 0.021875 0.03796296296296296
0 0.57890625 0.7509259259259259 0.024479166666666666 0.044444444444444446
0 0.7075520833333333 0.09444444444444444 0.0203125 0.03518518518518519
0 0.5708333333333333 0.5189814814814815 0.022916666666666665 0.041666666666666664
0 0.24869791666666666 0.33240740740740743 0.0234375 0.037037037037037035
0 0.24817708333333333 0.5032407407407408 0.024479166666666666 0.041666666666666664
0 0.5427083333333333 0.3768518518518518 0.020833333333333332 0.037037037037037035
0 0.25546875 0.5606481481481481 0.024479166666666666 0.041666666666666664
0 0.6411458333333333 0.15185185185185185 0.020833333333333332 0.037037037037037035
0 0.47630208333333335 0.44212962962962965 0.022395833333333334 0.041666666666666664
0 0.47734375 0.38472222222222224 0.022395833333333334 0.03981481481481482
0 0.28671875 0.4925925925925926 0.024479166666666666 0.04259259259259259
0 0.21536458333333333 0.35555555555555557 0.022395833333333334 0.037037037037037035
0 0.25833333333333336 0.1875 0.022916666666666665 0.03981481481481482
0 0.24322916666666666 0.7388888888888889 0.025 0.044444444444444446
0 0.37447916666666664 0.5736111111111111 0.023958333333333335 0.03981481481481482
0 0.3734375 0.43472222222222223 0.021875 0.03981481481481482
0 0.5455729166666666 0.25833333333333336 0.021354166666666667 0.03888888888888889
0 0.7239583333333334 0.15925925925925927 0.021875 0.037037037037037035
0 0.7372395833333333 0.4351851851851852 0.0234375 0.040740740740740744
0 0.7307291666666667 0.08842592592592592 0.021875 0.03611111111111111
0 0.5627604166666667 0.7865740740740741 0.024479166666666666 0.04537037037037037
0 0.20989583333333334 0.7541666666666667 0.026041666666666668 0.04351851851851852
0 0.184375 0.525 0.026041666666666668 0.04259259259259259
0 0.19765625 0.5722222222222222 0.025520833333333333 0.04259259259259259
0 0.28151041666666665 0.17777777777777778 0.022395833333333334 0.037037037037037035
0 0.18307291666666667 0.6981481481481482 0.0265625 0.044444444444444446
0 0.5877604166666667 0.8611111111111112 0.025520833333333333 0.046296296296296294
0 0.17916666666666667 0.7425925925925926 0.027083333333333334 0.044444444444444446
0 0.5640625 0.8319444444444445 0.026041666666666668 0.04722222222222222
0 0.559375 0.7222222222222222 0.025 0.044444444444444446
0 0.22083333333333333 0.18703703703703703 0.022916666666666665 0.03888888888888889
0 0.7669270833333334 0.4361111111111111 0.024479166666666666 0.04259259259259259
0 0.18020833333333333 0.47129629629629627 0.026041666666666668 0.04259259259259259
0 0.67109375 0.49212962962962964 0.0234375 0.03981481481481482
0 0.5515625 0.5944444444444444 0.023958333333333335 0.040740740740740744
0 0.59921875 0.9046296296296297 0.025520833333333333 0.04814814814814815
0 0.41510416666666666 0.4273148148148148 0.022916666666666665 0.03981481481481482
0 0.19453125 0.7972222222222223 0.027604166666666666 0.046296296296296294
0 0.15 0.586574074074074 0.027083333333333334 0.04351851851851852
0 0.6466145833333333 0.8217592592592593 0.025520833333333333 0.04722222222222222
0 0.16484375 0.20694444444444443 0.0234375 0.03981481481481482
0 0.5622395833333333 0.9435185185185185 0.0265625 0.05
0 0.12760416666666666 0.30833333333333335 0.025 0.040740740740740744