0 0.7078125 0.09398148148148149 0.020833333333333332 0.03425925925925926
0 0.7044270833333334 0.06342592592592593 0.021354166666666667 0.032407407407407406
0 0.67109375 0.4777777777777778 0.022395833333333334 0.03888888888888889
0 0.6229166666666667 0.3236111111111111 0.021875 0.03796296296296296
0 0.36822916666666666 0.16666666666666666 0.020833333333333332 0.03888888888888889
0 0.6036458333333333 0.19074074074074074 0.021875 0.03888888888888889
0 0.24713541666666666 0.6611111111111111 0.024479166666666666 0.04259259259259259
0 0.6671875 0.0824074074074074 0.020833333333333332 0.037037037037037035
0 0.6291666666666667 0.287962962962963 0.022916666666666665 0.03888888888888889
0 0.7044270833333334 0.12731481481481483 0.022395833333333334 0.03796296296296296
0 0.6635416666666667 0.33796296296296297 0.021875 0.03888888888888889
0 0.6783854166666666 0.3013888888888889 0.022395833333333334 0.03796296296296296
0 0.7174479166666666 0.15833333333333333 0.022395833333333334 0.037037037037037035
0 0.6106770833333334 0.09398148148148149 0.0203125 0.03796296296296296
0 0.6028645833333334 0.3101851851851852 0.022395833333333334 0.040740740740740744
0 0.27109375 0.6722222222222223 0.0234375 0.040740740740740744
0 0.27291666666666664 0.2810185185185185 0.021875 0.03796296296296296
0 0.5515625 0.4828703703703704 0.021875 0.03796296296296296
0 0.65859375 0.049074074074074076 0.021354166666666667 0.037037037037037035
0 0.5885416666666666 0.11388888888888889 0.020833333333333332 0.03888888888888889
0 0.6208333333333333 0.16435185185185186 0.020833333333333332 0.03796296296296296
0 0.29401041666666666 0.6662037037037037 0.024479166666666666 0.041666666666666664
0 0.54453125 0.5462962962962963 0.022395833333333334 0.03888888888888889
0 0.69140625 0.4625 0.0234375 0.03981481481481482
0 0.25416666666666665 0.4393518518518518 0.022916666666666665 0.03981481481481482
0 0.7135416666666666 0.23287037037037037 0.021875 0.03796296296296296
0 0.5901041666666667 0.4273148148148148 0.020833333333333332 0.03796296296296296
0 0.6041666666666666 0.27175925925925926 0.022916666666666665 0.03796296296296296
0 0.5997395833333333 0.46805555555555556 0.022395833333333334 0.03796296296296296
0 0.29010416666666666 0.6310185185185185 0.023958333333333335 0.03981481481481482
0 0.24348958333333334 0.6212962962962963 0.0234375 0.040740740740740744
0 0.29661458333333335 0.4148148148148148 0.0234375 0.040740740740740744
0 0.70625 0.2810185185185185 0.022916666666666665 0.03981481481481482
0 0.5520833333333334 0.4361111111111111 0.021875 0.03888888888888889
0 0.6421875 0.35 0.021875 0.03888888888888889
0 0.2703125 0.4111111111111111 0.022916666666666665 0.040740740740740744
0 0.23046875 0.6981481481481482 0.024479166666666666 0.04259259259259259
0 0.3109375 0.16574074074074074 0.021875 0.03888888888888889
0 0.25286458333333334 0.7023148148148148 0.022395833333333334 0.04351851851851852
0 0.33151041666666664 0.1597222222222222 0.0203125 0.03796296296296296
0 0.6229166666666667 0.25324074074074077 0.021875 0.03611111111111111
0 0.5739583333333333 0.40370370370370373 0.021875 0.037037037037037035
0 0.7341145833333333 0.13287037037037036 0.022395833333333334 0.03796296296296296
0 0.6096354166666667 0.40185185185185185 0.022395833333333334 0.037037037037037035
0 0.64609375 0.08657407407407407 0.021354166666666667 0.03611111111111111
0 0.51328125 0.3685185185185185 0.021354166666666667 0.03888888888888889
0 0.22265625 0.4273148148148148 0.0234375 0.03981481481481482
0 0.5182291666666666 0.5356481481481481 0.022916666666666665 0.03796296296296296
0 0.7453125 0.3888888888888889 0.023958333333333335 0.040740740740740744
0 0.35572916666666665 0.19490740740740742 0.020833333333333332 0.03796296296296296
0 0.24973958333333332 0.18564814814814815 0.021354166666666667 0.03796296296296296
0 0.24114583333333334 0.7425925925925926 0.025 0.04259259259259259
0 0.3703125 0.21898148148148147 0.021875 0.03796296296296296
0 0.6138020833333333 0.4388888888888889 0.022395833333333334 0.03888888888888889
0 0.33984375 0.5648148148148148 0.0234375 0.040740740740740744
0 0.6893229166666667 0.04027777777777778 0.021354166666666667 0.03611111111111111
0 0.5359375 0.37083333333333335 0.021875 0.03796296296296296
0 0.24895833333333334 0.2814814814814815 0.022916666666666665 0.037037037037037035
0 0.5354166666666667 0.5097222222222222 0.021875 0.03796296296296296
0 0.5604166666666667 0.5180555555555556 0.022916666666666665 0.03981481481481482
0 0.24453125 0.4046296296296296 0.0234375 0.03888888888888889
0 0.2674479166666667 0.5921296296296297 0.024479166666666666 0.041666666666666664
0 0.6434895833333333 0.45 0.022395833333333334 0.03888888888888889
0 0.31744791666666666 0.5513888888888889 0.0234375 0.03981481481481482
0 0.5375 0.40879629629629627 0.021875 0.03796296296296296
0 0.2669270833333333 0.6347222222222222 0.0234375 0.041666666666666664
0 0.29348958333333336 0.26064814814814813 0.022395833333333334 0.03796296296296296
0 0.26223958333333336 0.2162037037037037 0.021354166666666667 0.03611111111111111
0 0.24583333333333332 0.5791666666666667 0.023958333333333335 0.041666666666666664
0 0.5705729166666667 0.4527777777777778 0.022395833333333334 0.03888888888888889
0 0.39114583333333336 0.175 0.020833333333333332 0.037037037037037035
0 0.6927083333333334 0.2490740740740741 0.022916666666666665 0.03888888888888889
0 0.4388020833333333 0.2013888888888889 0.021354166666666667 0.03796296296296296
0 0.259375 0.37592592592592594 0.022916666666666665 0.03888888888888889
0 0.3260416666666667 0.425 0.022916666666666665 0.03888888888888889
0 0.5140625 0.5 0.021875 0.03888888888888889
0 0.7213541666666666 0.33796296296296297 0.023958333333333335 0.040740740740740744
0 0.3177083333333333 0.46805555555555556 0.022916666666666665 0.03981481481481482
0 0.7302083333333333 0.08703703703703704 0.021875 0.037037037037037035
0 0.28098958333333335 0.2324074074074074 0.022395833333333334 0.037037037037037035
0 0.5315104166666667 0.4513888888888889 0.022395833333333334 0.03981481481481482
0 0.24713541666666666 0.537962962962963 0.024479166666666666 0.040740740740740744
0 0.49973958333333335 0.4703703703703704 0.021354166666666667 0.03888888888888889
0 0.56796875 0.7694444444444445 0.024479166666666666 0.044444444444444446
0 0.21953125 0.38935185185185184 0.0234375 0.03981481481481482
0 0.24817708333333333 0.3300925925925926 0.0234375 0.03796296296296296
0 0.24375 0.23564814814814813 0.021875 0.03796296296296296
0 0.5369791666666667 0.33101851851851855 0.021875 0.03981481481481482
0 0.7302083333333333 0.4388888888888889 0.023958333333333335 0.04259259259259259
0 0.3143229166666667 0.5092592592592593 0.0234375 0.040740740740740744
0 0.3502604166666667 0.1449074074074074 0.021354166666666667 0.03796296296296296
0 0.35625 0.4217592592592593 0.021875 0.03796296296296296
0 0.5567708333333333 0.3787037037037037 0.020833333333333332 0.037037037037037035
0 0.64921875 0.5027777777777778 0.0234375 0.040740740740740744
0 0.26276041666666666 0.2518518518518518 0.021354166666666667 0.037037037037037035
0 0.5734375 0.6652777777777777 0.025 0.04351851851851852
0 0.5588541666666667 0.1259259259259259 0.020833333333333332 0.03888888888888889
0 0.59140625 0.6925925925925925 0.024479166666666666 0.044444444444444446
0 0.3411458333333333 0.39537037037037037 0.022916666666666665 0.03888888888888889
0 0.2903645833333333 0.1638888888888889 0.0203125 0.037037037037037035
0 0.5565104166666667 0.6962962962962963 0.0234375 0.04259259259259259
0 0.27682291666666664 0.1925925925925926 0.0203125 0.03518518518518519
0 0.19973958333333333 0.4134259259259259 0.024479166666666666 0.041666666666666664
0 0.23854166666666668 0.36574074074074076 0.021875 0.037037037037037035
0 0.37552083333333336 0.44027777777777777 0.021875 0.03981481481481482
0 0.6984375 0.5050925925925925 0.023958333333333335 0.041666666666666664
0 0.27005208333333336 0.16064814814814815 0.021354166666666667 0.03796296296296296
0 0.2203125 0.7708333333333334 0.025 0.04351851851851852
0 0.2046875 0.7421296296296296 0.026041666666666668 0.04351851851851852
0 0.565625 0.21064814814814814 0.021875 0.03981481481481482
0 0.5739583333333333 0.7263888888888889 0.025 0.04351851851851852
0 0.7614583333333333 0.43703703703703706 0.025 0.04259259259259259
0 0.3046875 0.2972222222222222 0.022916666666666665 0.03888888888888889
0 0.37473958333333335 0.5736111111111111 0.024479166666666666 0.03981481481481482
0 0.4765625 0.44212962962962965 0.022916666666666665 0.041666666666666664
0 0.37005208333333334 0.5347222222222222 0.0234375 0.03981481481481482
0 0.32083333333333336 0.6023148148148149 0.023958333333333335 0.041666666666666664
0 0.5661458333333333 0.8217592592592593 0.025 0.04537037037037037
0 0.5455729166666666 0.2587962962962963 0.021354166666666667 0.03981481481481482
0 0.22109375 0.18611111111111112 0.022395833333333334 0.03888888888888889
0 0.21536458333333333 0.35462962962962963 0.022395833333333334 0.037037037037037035
0 0.5877604166666667 0.8458333333333333 0.025520833333333333 0.04722222222222222
0 0.24973958333333332 0.4986111111111111 0.024479166666666666 0.03796296296296296
0 0.42109375 0.18333333333333332 0.021354166666666667 0.037037037037037035
0 0.17994791666666668 0.7699074074074074 0.025520833333333333 0.04537037037037037
0 0.4778645833333333 0.3837962962962963 0.022395833333333334 0.041666666666666664
0 0.29375 0.12916666666666668 0.020833333333333332 0.03796296296296296
0 0.67421875 0.5194444444444445 0.024479166666666666 0.040740740740740744
0 0.5520833333333334 0.5921296296296297 0.023958333333333335 0.041666666666666664
0 0.18072916666666666 0.4689814814814815 0.025 0.041666666666666664
0 0.19869791666666667 0.7958333333333333 0.0265625 0.04537037037037037
0 0.6041666666666666 0.888425925925926 0.026041666666666668 0.049074074074074076
0 0.18567708333333333 0.524074074074074 0.025520833333333333 0.04259259259259259
0 0.17083333333333334 0.6712962962962963 0.027083333333333334 0.044444444444444446
0 0.41484375 0.42685185185185187 0.0234375 0.040740740740740744
0 0.14921875 0.7648148148148148 0.027604166666666666 0.046296296296296294
0 0.6458333333333334 0.8180555555555555 0.026041666666666668 0.04722222222222222
0 0.16536458333333334 0.20555555555555555 0.0234375 0.03888888888888889
0 0.13776041666666666 0.5453703703703704 0.0265625 0.04259259259259259
0 0.128125 0.3074074074074074 0.025 0.040740740740740744
0 0.5627604166666667 0.9398148148148148 0.0265625 0.05