0 0.2792760416666667 0.19496296296296298 0.024177083333333335 0.03992592592592592
0 0.2908854166666667 0.1648148148148148 0.0203125 0.037037037037037035
0 0.34453125 0.5796296296296296 0.0234375 0.040740740740740744
0 0.2625 0.21666666666666667 0.020833333333333332 0.03518518518518519
0 0.3854166666666667 0.4060185185185185 0.021875 0.03981481481481482
0 0.2631875 0.25253703703703706 0.022213541666666666 0.038398148148148147
0 0.27317708333333335 0.2810185185185185 0.022395833333333334 0.03796296296296296
0 0.2234375 0.4263888888888889 0.022916666666666665 0.03981481481481482
0 0.33229166666666665 0.5370370370370371 0.022916666666666665 0.040740740740740744
0 0.25442708333333336 0.43703703703703706 0.0234375 0.03888888888888889
0 0.3640625 0.5546296296296296 0.022916666666666665 0.040740740740740744
0 0.3697916666666667 0.37453703703703706 0.021875 0.03796296296296296
0 0.6770833333333334 0.26851851851851855 0.021875 0.037037037037037035
0 0.65703125 0.22361111111111112 0.022395833333333334 0.03796296296296296
0 0.28098958333333335 0.2324074074074074 0.022395833333333334 0.037037037037037035
0 0.24895833333333334 0.2814814814814815 0.022916666666666665 0.037037037037037035
0 0.70625 0.2898148148148148 0.021875 0.037037037037037035
0 0.6161458333333333 0.21203703703703702 0.021875 0.03888888888888889
0 0.24895833333333334 0.3300925925925926 0.022916666666666665 0.03796296296296296
0 0.6619791666666667 0.3388888888888889 0.022916666666666665 0.03888888888888889
0 0.44114583333333335 0.412962962962963 0.020833333333333332 0.03888888888888889
0 0.7072916666666667 0.3277777777777778 0.022916666666666665 0.03888888888888889
0 0.35052083333333334 0.4981481481481482 0.022916666666666665 0.040740740740740744
0 0.6622395833333333 0.2949074074074074 0.022395833333333334 0.03796296296296296
0 0.6622395833333333 0.1476851851851852 0.021354166666666667 0.03611111111111111
0 0.24505208333333334 0.4041666666666667 0.0234375 0.03981481481481482
0 0.39166666666666666 0.17699074074074075 0.020833333333333332 0.03916666666666666
0 0.6833333333333333 0.22824074074074074 0.021875 0.03796296296296296
0 0.34765625 0.3768518518518518 0.021354166666666667 0.03888888888888889
0 0.328125 0.4740740740740741 0.022916666666666665 0.040740740740740744
0 0.3528645833333333 0.33935185185185185 0.022395833333333334 0.03796296296296296
0 0.415703125 0.5651111111111111 0.023072916666666665 0.039490740740740736
0 0.3296875 0.6185185185185185 0.022916666666666665 0.03888888888888889
0 0.609375 0.29212962962962963 0.021875 0.03796296296296296
0 0.3109375 0.16620370370370371 0.021875 0.03796296296296296
0 0.31197916666666664 0.5879629629629629 0.023958333333333335 0.040740740740740744
0 0.29401041666666666 0.2611111111111111 0.022395833333333334 0.03888888888888889
0 0.35689583333333336 0.19528703703703704 0.022119791666666666 0.03872222222222222
0 0.32421875 0.4356481481481482 0.0234375 0.03981481481481482
0 0.35130208333333335 0.4222222222222222 0.022395833333333334 0.03888888888888889
0 0.61015625 0.1625 0.021354166666666667 0.03611111111111111
0 0.36822916666666666 0.16712962962962963 0.020833333333333332 0.03796296296296296
0 0.25 0.18611111111111112 0.021875 0.037037037037037035
0 0.4114583333333333 0.6060185185185185 0.022916666666666665 0.03981481481481482
0 0.44895833333333335 0.5726851851851852 0.022916666666666665 0.03796296296296296
0 0.2390625 0.36574074074074076 0.021875 0.037037037037037035
0 0.21979166666666666 0.3888888888888889 0.022916666666666665 0.03888888888888889
0 0.6820625 0.3597777777777778 0.0235 0.041777777777777775
0 0.25286458333333334 0.47314814814814815 0.0234375 0.03888888888888889
0 0.6872395833333333 0.3101851851851852 0.022395833333333334 0.037037037037037035
0 0.3885416666666667 0.35462962962962963 0.020833333333333332 0.037037037037037035
0 0.259375 0.3763888888888889 0.022916666666666665 0.03796296296296296
0 0.6859375 0.15 0.021875 0.03518518518518519
0 0.3966145833333333 0.4393518518518518 0.022395833333333334 0.03981481481481482
0 0.5872395833333334 0.2375 0.021354166666666667 0.03796296296296296
0 0.2708333333333333 0.4111111111111111 0.022916666666666665 0.03888888888888889
0 0.20078125 0.412962962962963 0.024479166666666666 0.040740740740740744
0 0.5682291666666667 0.7537037037037037 0.025 0.04259259259259259
0 0.24401041666666667 0.23564814814814813 0.022395833333333334 0.03796296296296296
0 0.6307291666666667 0.2773148148148148 0.021875 0.03796296296296296
0 0.6364583333333333 0.1476851851851852 0.020833333333333332 0.03611111111111111
0 0.7078125 0.2324074074074074 0.022916666666666665 0.03888888888888889
0 0.328125 0.4 0.021875 0.037037037037037035
0 0.6864583333333333 0.18472222222222223 0.021875 0.03796296296296296
0 0.3703125 0.2199074074074074 0.021875 0.03981481481481482
0 0.7236979166666667 0.3731481481481482 0.0234375 0.037037037037037035
0 0.5721354166666667 0.712037037037037 0.024479166666666666 0.04259259259259259
0 0.421875 0.39444444444444443 0.020833333333333332 0.037037037037037035
0 0.36432291666666666 0.6106481481481482 0.0234375 0.03981481481481482
0 0.43984375 0.5393518518518519 0.022395833333333334 0.03981481481481482
0 0.29765625 0.41435185185185186 0.0234375 0.03981481481481482
0 0.45677083333333335 0.4842592592592593 0.022916666666666665 0.040740740740740744
0 0.4322916666666667 0.6203703703703703 0.022916666666666665 0.03888888888888889
0 0.5427083333333333 0.4986111111111111 0.023958333333333335 0.041666666666666664
0 0.43828125 0.20185185185185187 0.021354166666666667 0.03888888888888889
0 0.4640625 0.41805555555555557 0.022916666666666665 0.041666666666666664
0 0.5778645833333333 0.6657407407407407 0.024479166666666666 0.04259259259259259
0 0.2520833333333333 0.5125 0.023958333333333335 0.03981481481481482
0 0.590625 0.7759259259259259 0.025 0.044444444444444446
0 0.6119791666666666 0.12268518518518519 0.020833333333333332 0.03611111111111111
0 0.33177083333333335 0.16018518518518518 0.020833333333333332 0.037037037037037035
0 0.24427083333333333 0.7356481481481482 0.025 0.04351851851851852
0 0.4700520833333333 0.5185185185185185 0.022395833333333334 0.03888888888888889
0 0.72734375 0.412962962962963 0.025520833333333333 0.04259259259259259
0 0.21171875 0.7421296296296296 0.025520833333333333 0.04351851851851852
0 0.27057291666666666 0.16111111111111112 0.021354166666666667 0.037037037037037035
0 0.4036458333333333 0.3768518518518518 0.020833333333333332 0.037037037037037035
0 0.22135416666666666 0.18611111111111112 0.022916666666666665 0.03888888888888889
0 0.5763020833333333 0.13287037037037036 0.021354166666666667 0.03981481481481482
0 0.42161458333333335 0.18333333333333332 0.021354166666666667 0.037037037037037035
0 0.6848958333333334 0.4134259259259259 0.023958333333333335 0.041666666666666664
0 0.30520833333333336 0.6273148148148148 0.023958333333333335 0.041666666666666664
0 0.7067708333333333 0.16435185185185186 0.021875 0.03611111111111111
0 0.21614583333333334 0.35462962962962963 0.022916666666666665 0.037037037037037035
0 0.5557291666666667 0.6800925925925926 0.023958333333333335 0.041666666666666664
0 0.6018229166666667 0.3365740740740741 0.022395833333333334 0.03981481481481482
0 0.375 0.3236111111111111 0.021875 0.03796296296296296
0 0.6526041666666667 0.39305555555555555 0.021875 0.03981481481481482
0 0.3927083333333333 0.5648148148148148 0.021875 0.03888888888888889
0 0.7255208333333333 0.25601851851851853 0.022916666666666665 0.03981481481481482
0 0.375 0.28194444444444444 0.021875 0.03796296296296296
0 0.2559895833333333 0.5504629629629629 0.024479166666666666 0.041666666666666664
0 0.23932291666666666 0.6953703703703704 0.025520833333333333 0.04259259259259259
0 0.35052083333333334 0.1449074074074074 0.020833333333333332 0.03796296296296296
0 0.56328125 0.23333333333333334 0.022395833333333334 0.03888888888888889
0 0.30520833333333336 0.29768518518518516 0.022916666666666665 0.03981481481481482
0 0.18098958333333334 0.46944444444444444 0.024479166666666666 0.040740740740740744
0 0.18125 0.7662037037037037 0.025 0.04351851851851852
0 0.42265625 0.24953703703703703 0.022395833333333334 0.03981481481481482
0 0.6859375 0.5069444444444444 0.025 0.04351851851851852
0 0.5153645833333333 0.5055555555555555 0.022395833333333334 0.040740740740740744
0 0.56953125 0.7981481481481482 0.025520833333333333 0.044444444444444446
0 0.6549479166666666 0.11574074074074074 0.0203125 0.03518518518518519
0 0.7049479166666667 0.12916666666666668 0.022395833333333334 0.03611111111111111
0 0.55546875 0.6194444444444445 0.0234375 0.04259259259259259
0 0.6984375 0.6574074074074074 0.026041666666666668 0.046296296296296294
0 0.6330729166666667 0.1125 0.021354166666666667 0.03425925925925926
0 0.18671875 0.5236111111111111 0.025520833333333333 0.041666666666666664
0 0.6375 0.8037037037037037 0.025 0.046296296296296294
0 0.7505208333333333 0.5398148148148149 0.027083333333333334 0.044444444444444446
0 0.203125 0.6759259259259259 0.026041666666666668 0.044444444444444446
0 0.61640625 0.6736111111111112 0.024479166666666666 0.04537037037037037
0 0.61015625 0.8208333333333333 0.025520833333333333 0.04537037037037037
0 0.7830729166666667 0.46111111111111114 0.0265625 0.044444444444444446
0 0.6369791666666667 0.4930555555555556 0.023958333333333335 0.03981481481481482
0 0.5700520833333333 0.3490740740740741 0.022395833333333334 0.03888888888888889
0 0.6510416666666666 0.6101851851851852 0.025 0.044444444444444446
0 0.29401041666666666 0.1300925925925926 0.021354166666666667 0.03796296296296296
0 0.6786458333333333 0.7587962962962963 0.025 0.04537037037037037
0 0.7122395833333334 0.7476851851851852 0.025520833333333333 0.04537037037037037
0 0.21796875 0.7833333333333333 0.0265625 0.044444444444444446
0 0.15234375 0.7620370370370371 0.0265625 0.046296296296296294
0 0.15442708333333333 0.6314814814814815 0.0265625 0.044444444444444446
0 0.19401041666666666 0.8027777777777778 0.0265625 0.044444444444444446
0 0.13828125 0.5453703703703704 0.0265625 0.04259259259259259
0 0.165625 0.20555555555555555 0.022916666666666665 0.03888888888888889
0 0.52890625 0.38472222222222224 0.022395833333333334 0.03981481481481482
0 0.8028645833333333 0.5898148148148148 0.027604166666666666 0.046296296296296294
0 0.49322916666666666 0.16296296296296298 0.021875 0.037037037037037035
0 0.56328125 0.8537037037037037 0.0265625 0.04814814814814815
0 0.12838541666666667 0.30694444444444446 0.024479166666666666 0.03981481481481482