0 0.36171875 0.6032407407407407 0.022395833333333334 0.03981481481481482
0 0.6638020833333333 0.24722222222222223 0.021354166666666667 0.037037037037037035
0 0.6627604166666666 0.29212962962962963 0.021354166666666667 0.04167592592592592
0 0.4158854166666667 0.45740740740740743 0.022395833333333334 0.03888888888888889
0 0.3575520833333333 0.5106481481481482 0.022395833333333334 0.03981481481481482
0 0.3815104166666667 0.5305555555555556 0.022395833333333334 0.03888888888888889
0 0.3296875 0.6111111111111112 0.022916666666666665 0.040740740740740744
0 0.5252604166666667 0.5125 0.021354166666666667 0.03796296296296296
0 0.36041666666666666 0.55 0.021875 0.037037037037037035
0 0.2609375 0.21944444444444444 0.020833333333333332 0.03518518518518519
0 0.42083333333333334 0.1884259259259259 0.019791666666666666 0.03611111111111111
0 0.40208333333333335 0.25555555555555554 0.020833333333333332 0.037037037037037035
0 0.605359375 0.1363148148148148 0.022171875 0.03928703703703704
0 0.39947916666666666 0.21851851851851853 0.020833333333333332 0.03518518518518519
0 0.3932291666666667 0.5587962962962963 0.021875 0.03796296296296296
0 0.37526041666666665 0.4842592592592593 0.0203125 0.03888888888888889
0 0.43002083333333335 0.24768518518518517 0.022546875 0.04167592592592592
0 0.24296875 0.24027777777777778 0.022395833333333334 0.03796296296296296
0 0.34453125 0.5796296296296296 0.022395833333333334 0.040740740740740744
0 0.41067708333333336 0.5305555555555556 0.022395833333333334 0.03888888888888889
0 0.22005208333333334 0.38981481481481484 0.022395833333333334 0.03888888888888889
0 0.46432291666666664 0.26851851851851855 0.021354166666666667 0.037037037037037035
0 0.259375 0.3763888888888889 0.022916666666666665 0.03796296296296296
0 0.2453125 0.4041666666666667 0.023958333333333335 0.03796296296296296
0 0.3848958333333333 0.5967592592592592 0.022916666666666665 0.03981481481481482
0 0.64609375 0.31296296296296294 0.022395833333333334 0.03888888888888889
0 0.40145312499999997 0.4956296296296296 0.022692708333333332 0.040212962962962964
0 0.45260416666666664 0.23796296296296296 0.020833333333333332 0.037037037037037035
0 0.628125 0.29212962962962963 0.021875 0.03796296296296296
0 0.39427083333333335 0.4486111111111111 0.020833333333333332 0.03796296296296296
0 0.6411458333333333 0.25972222222222224 0.021875 0.03796296296296296
0 0.66875 0.0837962962962963 0.020833333333333332 0.03611111111111111
0 0.6825520833333333 0.2662037037037037 0.021354166666666667 0.03611111111111111
0 0.6213541666666667 0.1550925925925926 0.021875 0.03611111111111111
0 0.534375 0.20046296296296295 0.020833333333333332 0.03425925925925926
0 0.39296875 0.4078703703703704 0.021354166666666667 0.03796296296296296
0 0.24921875 0.33101851851851855 0.0234375 0.03796296296296296
0 0.5203125 0.2263888888888889 0.019791666666666666 0.03611111111111111
0 0.38125 0.16574074074074074 0.021875 0.037037037037037035
0 0.5481770833333334 0.5180555555555556 0.021354166666666667 0.03981481481481482
0 0.25 0.1875 0.020833333333333332 0.03611111111111111
0 0.40182291666666664 0.17083333333333334 0.0203125 0.03611111111111111
0 0.5447916666666667 0.2324074074074074 0.020833333333333332 0.03518518518518519
0 0.37005208333333334 0.43194444444444446 0.022395833333333334 0.03981481481481482
0 0.4192708333333333 0.5708333333333333 0.022916666666666665 0.03981481481481482
0 0.7 0.13240740740740742 0.021875 0.037037037037037035
0 0.24427083333333333 0.7351851851851852 0.025 0.044444444444444446
0 0.5255208333333333 0.45787037037037037 0.021875 0.03796296296296296
0 0.6451666666666667 0.10105555555555555 0.022619791666666667 0.04100925925925926
0 0.43307291666666664 0.5356481481481481 0.022395833333333334 0.03981481481481482
0 0.6231770833333333 0.09907407407407408 0.0203125 0.03518518518518519
0 0.4354166666666667 0.21203703703703702 0.019791666666666666 0.03518518518518519
0 0.3390625 0.5365740740740741 0.022916666666666665 0.03981481481481482
0 0.4984375 0.5217592592592593 0.021875 0.03981481481481482
0 0.41968229166666665 0.3968888888888889 0.022692708333333332 0.041935185185185186
0 0.2630208333333333 0.25462962962962965 0.021875 0.037037037037037035
0 0.6984375 0.09444444444444444 0.020833333333333332 0.03518518518518519
0 0.6111979166666667 0.7310185185185185 0.024479166666666666 0.04351851851851852
0 0.22473958333333333 0.425462962962963 0.0234375 0.03981481481481482
0 0.5421875 0.4824074074074074 0.020833333333333332 0.037037037037037035
0 0.71796875 0.10972222222222222 0.021354166666666667 0.03796296296296296
0 0.6638020833333333 0.12916666666666668 0.021354166666666667 0.03611111111111111
0 0.35442708333333334 0.47129629629629627 0.022395833333333334 0.03888888888888889
0 0.26901041666666664 0.16574074074074074 0.022395833333333334 0.03888888888888889
0 0.5080729166666667 0.4824074074074074 0.021354166666666667 0.03888888888888889
0 0.24869791666666666 0.2824074074074074 0.0234375 0.037037037037037035
0 0.39817708333333335 0.36712962962962964 0.022395833333333334 0.03796296296296296
0 0.6895833333333333 0.22870370370370371 0.021875 0.037037037037037035
0 0.4549479166666667 0.20462962962962963 0.0203125 0.03518518518518519
0 0.2390625 0.3662037037037037 0.021875 0.03611111111111111
0 0.5653645833333333 0.6569444444444444 0.0234375 0.041666666666666664
0 0.31276041666666665 0.5888888888888889 0.0234375 0.040740740740740744
0 0.30546875 0.6268518518518519 0.0234375 0.040740740740740744
0 0.2546875 0.4337962962962963 0.023958333333333335 0.03796296296296296
0 0.5153645833333333 0.4148148148148148 0.021354166666666667 0.03888888888888889
0 0.3734375 0.3439814814814815 0.021875 0.03796296296296296
0 0.20078125 0.4134259259259259 0.024479166666666666 0.03981481481481482
0 0.5565104166666667 0.6962962962962963 0.0234375 0.04259259259259259
0 0.5877604166666667 0.6694444444444444 0.0234375 0.04259259259259259
0 0.5544270833333333 0.1935185185185185 0.019270833333333334 0.03518518518518519
0 0.55390625 0.2638888888888889 0.021354166666666667 0.037037037037037035
0 0.7174479166666666 0.06435185185185185 0.021354166666666667 0.03611111111111111
0 0.6838541666666667 0.30462962962962964 0.021875 0.03888888888888889
0 0.37890625 0.26064814814814813 0.021354166666666667 0.03796296296296296
0 0.48541666666666666 0.4888888888888889 0.020833333333333332 0.03888888888888889
0 0.34375 0.4046296296296296 0.021875 0.03888888888888889
0 0.22135416666666666 0.1875 0.021875 0.03796296296296296
0 0.60390625 0.08888888888888889 0.0203125 0.037037037037037035
0 0.7049479166666667 0.26944444444444443 0.021354166666666667 0.037037037037037035
0 0.5809895833333333 0.7509259259259259 0.024479166666666666 0.044444444444444446
0 0.69453125 0.04398148148148148 0.0203125 0.03796296296296296
0 0.28619791666666666 0.2013888888888889 0.022395833333333334 0.03796296296296296
0 0.5818437500000001 0.11124074074074074 0.022026041666666666 0.04100925925925926
0 0.43828125 0.49537037037037035 0.022395833333333334 0.03888888888888889
0 0.6434895833333333 0.06527777777777778 0.0203125 0.03611111111111111
0 0.5497395833333333 0.5601851851851852 0.0234375 0.040740740740740744
0 0.3645833333333333 0.38287037037037036 0.021875 0.03796296296296296
0 0.61640625 0.687037037037037 0.024479166666666666 0.044444444444444446
0 0.21276041666666667 0.7425925925925926 0.025520833333333333 0.044444444444444446
0 0.6541666666666667 0.6282407407407408 0.023958333333333335 0.04351851851851852
0 0.24192708333333332 0.6935185185185185 0.024479166666666666 0.040740740740740744
0 0.5875 0.20462962962962963 0.020833333333333332 0.037037037037037035
0 0.25390625 0.4722222222222222 0.0234375 0.040740740740740744
0 0.6622395833333333 0.050462962962962966 0.021354166666666667 0.03611111111111111
0 0.68046875 0.5773148148148148 0.025520833333333333 0.04351851851851852
0 0.21640625 0.3560185185185185 0.022395833333333334 0.03611111111111111
0 0.37786458333333334 0.1310185185185185 0.021354166666666667 0.03611111111111111
0 0.62578125 0.5902777777777778 0.0234375 0.04351851851851852
0 0.5544270833333333 0.6217592592592592 0.0234375 0.03981481481481482
0 0.27317708333333335 0.6236111111111111 0.024479166666666666 0.041666666666666664
0 0.6359375 0.7967592592592593 0.023958333333333335 0.04351851851851852
0 0.6192708333333333 0.43425925925925923 0.022916666666666665 0.03888888888888889
0 0.24817708333333333 0.6467592592592593 0.024479166666666666 0.041666666666666664
0 0.66953125 0.3476851851851852 0.022395833333333334 0.03796296296296296
0 0.18333333333333332 0.7652777777777777 0.025 0.04351851851851852
0 0.284375 0.41712962962962963 0.023958333333333335 0.03981481481481482
0 0.20572916666666666 0.6777777777777778 0.026041666666666668 0.044444444444444446
0 0.21822916666666667 0.7837962962962963 0.026041666666666668 0.04351851851851852
0 0.18098958333333334 0.4708333333333333 0.024479166666666666 0.03981481481481482
0 0.67109375 0.7625 0.024479166666666666 0.04537037037037037
0 0.54609375 0.11712962962962963 0.021354166666666667 0.03796296296296296
0 0.49270833333333336 0.2777777777777778 0.021875 0.03888888888888889
0 0.6111979166666667 0.7967592592592593 0.024479166666666666 0.04351851851851852
0 0.6026041666666667 0.3333333333333333 0.021875 0.03888888888888889
0 0.6091145833333333 0.4925925925925926 0.0234375 0.040740740740740744
0 0.18697916666666667 0.524537037037037 0.025 0.041666666666666664
0 0.3450520833333333 0.16805555555555557 0.021354166666666667 0.03796296296296296
0 0.6981770833333333 0.7324074074074074 0.025520833333333333 0.046296296296296294
0 0.41875 0.30972222222222223 0.020833333333333332 0.03796296296296296
0 0.29348958333333336 0.13425925925925927 0.021354166666666667 0.03888888888888889
0 0.19427083333333334 0.8032407407407407 0.026041666666666668 0.04537037037037037
0 0.15520833333333334 0.762962962962963 0.027083333333333334 0.046296296296296294
0 0.46067708333333335 0.4324074074074074 0.021354166666666667 0.03888888888888889
0 0.48359375 0.1550925925925926 0.021354166666666667 0.03796296296296296
0 0.165625 0.20694444444444443 0.022916666666666665 0.03796296296296296
0 0.15546875 0.6314814814814815 0.0265625 0.044444444444444446
0 0.1390625 0.5458333333333333 0.026041666666666668 0.041666666666666664
0 0.12838541666666667 0.30787037037037035 0.025520833333333333 0.03981481481481482
0 0.5661458333333333 0.8458333333333333 0.026041666666666668 0.04722222222222222
0 0.7552083333333334 0.3592592592592593 0.025 0.04259259259259259
0 0.79609375 0.5842592592592593 0.027604166666666666 0.044444444444444446