0 0.45 0.3458333333333333 0.021875 0.03796296296296296
0 0.5606770833333333 0.600462962962963 0.0234375 0.041666666666666664
0 0.55703125 0.2662037037037037 0.021354166666666667 0.03796296296296296
0 0.4552083333333333 0.3837962962962963 0.021875 0.03796296296296296
0 0.5763020833333333 0.28935185185185186 0.021354166666666667 0.03796296296296296
0 0.49609375 0.5462962962962963 0.0234375 0.03888888888888889
0 0.5466145833333333 0.5689814814814815 0.0234375 0.03981481481481482
0 0.47213541666666664 0.5509259259259259 0.022395833333333334 0.03888888888888889
0 0.48411458333333335 0.33611111111111114 0.021354166666666667 0.037037037037037035
0 0.46328125 0.4199074074074074 0.022395833333333334 0.03981481481481482
0 0.46770833333333334 0.5064814814814815 0.022916666666666665 0.040740740740740744
0 0.5598958333333334 0.6527777777777778 0.023958333333333335 0.04259259259259259
0 0.24921875 0.6013888888888889 0.024479166666666666 0.041666666666666664
0 0.43645833333333334 0.5300925925925926 0.021875 0.03796296296296296
0 0.31927083333333334 0.5199074074074074 0.023958333333333335 0.03981481481481482
0 0.32526041666666666 0.5546296296296296 0.024479166666666666 0.03888888888888889
0 0.2708333333333333 0.5842592592592593 0.023958333333333335 0.03888888888888889
0 0.41380208333333335 0.5328703703703703 0.022395833333333334 0.03796296296296296
0 0.42864583333333334 0.2638888888888889 0.021875 0.03888888888888889
0 0.3765625 0.5106481481481482 0.022916666666666665 0.03981481481481482
0 0.0796875 0.5814814814814815 0.027083333333333334 0.04259259259259259