0 0.45677083333333335 0.21296296296296297 0.020833333333333332 0.037037037037037035
0 0.4234375 0.26481481481481484 0.020833333333333332 0.037037037037037035
0 0.48463541666666665 0.3101851851851852 0.021354166666666667 0.037037037037037035
0 0.5515625 0.09074074074074075 0.020833333333333332 0.037037037037037035
0 0.44479166666666664 0.31805555555555554 0.020833333333333332 0.03796296296296296
0 0.3138020833333333 0.30185185185185187 0.021354166666666667 0.03888888888888889
0 0.29348958333333336 0.3143518518518518 0.021354166666666667 0.03611111111111111
0 0.4734375 0.3611111111111111 0.020833333333333332 0.037037037037037035
0 0.49291666666666667 0.37878703703703703 0.021244791666666665 0.04089814814814815
0 0.45286458333333335 0.18009259259259258 0.021354166666666667 0.03611111111111111
0 0.18984375 0.3962962962962963 0.0234375 0.03888888888888889
0 0.26848958333333334 0.3143518518518518 0.022395833333333334 0.03796296296296296
0 0.5177083333333333 0.36527777777777776 0.021875 0.03796296296296296
0 0.46639583333333334 0.3295185185185185 0.022380208333333332 0.040518518518518516
0 0.5080729166666667 0.30925925925925923 0.021354166666666667 0.037037037037037035
0 0.333953125 0.3133333333333333 0.022072916666666668 0.03776851851851852
0 0.19192708333333333 0.3592592592592593 0.022395833333333334 0.037037037037037035
0 0.2609375 0.28425925925925927 0.021875 0.037037037037037035
0 0.652296875 0.6718055555555555 0.025432291666666666 0.04521296296296296
0 0.46145833333333336 0.4634259259259259 0.021875 0.03796296296296296
0 0.21458333333333332 0.3574074074074074 0.022916666666666665 0.03888888888888889
0 0.6125 0.10787037037037037 0.020833333333333332 0.03425925925925926
0 0.4783854166666667 0.2175925925925926 0.021354166666666667 0.03888888888888889
0 0.57109375 0.18981481481481483 0.0203125 0.037037037037037035
0 0.22578125 0.32546296296296295 0.021354166666666667 0.03611111111111111
0 0.4361979166666667 0.21203703703703702 0.021354166666666667 0.037037037037037035
0 0.24088541666666666 0.29768518518518516 0.021354166666666667 0.03611111111111111
0 0.24895833333333334 0.3287037037037037 0.021875 0.03518518518518519
0 0.4393229166666667 0.39675925925925926 0.022395833333333334 0.03796296296296296
0 0.5248385416666667 0.49433333333333335 0.022593750000000003 0.04237037037037037
0 0.5484375 0.42777777777777776 0.021875 0.03888888888888889
0 0.44244791666666666 0.24675925925925926 0.021354166666666667 0.03796296296296296
0 0.5091145833333334 0.4013888888888889 0.021354166666666667 0.03796296296296296
0 0.5403020833333334 0.46591666666666665 0.024354166666666666 0.0410925925925926
0 0.30572916666666666 0.674537037037037 0.022916666666666665 0.041666666666666664
0 0.4630208333333333 0.2550925925925926 0.020833333333333332 0.03796296296296296
0 0.368015625 0.2943518518518518 0.022484375 0.03869444444444444
0 0.5315104166666667 0.4041666666666667 0.021354166666666667 0.03796296296296296
0 0.6278645833333333 0.06527777777777778 0.0203125 0.03611111111111111
0 0.34661458333333334 0.2791666666666667 0.021354166666666667 0.03611111111111111
0 0.40572916666666664 0.24675925925925926 0.020833333333333332 0.03611111111111111
0 0.2046875 0.3143518518518518 0.021875 0.03611111111111111
0 0.5481770833333334 0.19722222222222222 0.021354166666666667 0.037037037037037035
0 0.4822916666666667 0.44907407407407407 0.021875 0.03888888888888889
0 0.5059895833333333 0.4703703703703704 0.021354166666666667 0.037037037037037035
0 0.31223958333333335 0.35555555555555557 0.022395833333333334 0.03888888888888889
0 0.28541666666666665 0.35138888888888886 0.022916666666666665 0.03796296296296296
0 0.44088541666666664 0.43796296296296294 0.022395833333333334 0.03888888888888889
0 0.39401041666666664 0.27870370370370373 0.0203125 0.037037037037037035
0 0.6984375 0.3541666666666667 0.022916666666666665 0.03981481481481482
0 0.4278645833333333 0.16712962962962963 0.0203125 0.03611111111111111
0 0.5471354166666667 0.5115740740740741 0.021354166666666667 0.03796296296296296
0 0.4998020833333333 0.34424074074074074 0.0233125 0.040324074074074075
0 0.4882447916666666 0.4962777777777778 0.022359375 0.03886111111111111
0 0.6390625 0.7092592592592593 0.023958333333333335 0.04259259259259259
0 0.17135416666666667 0.37546296296296294 0.022916666666666665 0.03796296296296296
0 0.31875 0.2662037037037037 0.020833333333333332 0.03611111111111111
0 0.15390625 0.7699074074074074 0.0265625 0.04537037037037037
0 0.6677083333333333 0.07685185185185185 0.020833333333333332 0.03518518518518519
0 0.24322916666666666 0.2625 0.021875 0.03796296296296296
0 0.2890625 0.2791666666666667 0.021875 0.03796296296296296
0 0.60703125 0.06296296296296296 0.021354166666666667 0.037037037037037035
0 0.575 0.712037037037037 0.023958333333333335 0.04259259259259259
0 0.271875 0.25324074074074077 0.021875 0.03796296296296296
0 0.1796875 0.33425925925925926 0.022916666666666665 0.037037037037037035
0 0.41380208333333335 0.2972222222222222 0.021354166666666667 0.037037037037037035
0 0.5071302083333333 0.5161851851851852 0.02363541666666667 0.041638888888888885
0 0.6755208333333333 0.7027777777777777 0.025 0.044444444444444446
0 0.20703125 0.7685185185185185 0.025520833333333333 0.04259259259259259
0 0.6286458333333333 0.7486111111111111 0.023958333333333335 0.04351851851851852
0 0.59296875 0.7435185185185185 0.024479166666666666 0.04259259259259259
0 0.18203125 0.4634259259259259 0.0234375 0.03981481481481482
0 0.5699895833333334 0.0744537037037037 0.022270833333333333 0.03780555555555555
0 0.17682291666666666 0.5291666666666667 0.024479166666666666 0.041666666666666664
0 0.5924479166666666 0.6842592592592592 0.0234375 0.04259259259259259
0 0.41015625 0.14907407407407408 0.021354166666666667 0.03888888888888889
0 0.23932291666666666 0.36157407407407405 0.0234375 0.03981481481481482
0 0.15859375 0.6643518518518519 0.0265625 0.04351851851851852
0 0.3546875 0.32222222222222224 0.021875 0.03888888888888889
0 0.5828125 0.10740740740740741 0.020833333333333332 0.037037037037037035
0 0.32890625 0.6842592592592592 0.024479166666666666 0.04259259259259259
0 0.5518229166666667 0.05092592592592592 0.021354166666666667 0.037037037037037035
0 0.22864583333333333 0.8018518518518518 0.025 0.044444444444444446
0 0.1953125 0.49212962962962964 0.023958333333333335 0.03796296296296296
0 0.17317708333333334 0.42314814814814816 0.0234375 0.03888888888888889
0 0.6752604166666667 0.6134259259259259 0.024479166666666666 0.04351851851851852
0 0.22083333333333333 0.2662037037037037 0.021875 0.03796296296296296
0 0.5877604166666667 0.7847222222222222 0.025520833333333333 0.04537037037037037
0 0.14557291666666666 0.7078703703703704 0.0265625 0.04537037037037037
0 0.6091145833333333 0.6550925925925926 0.0234375 0.04351851851851852
0 0.6638020833333333 0.34953703703703703 0.0234375 0.03981481481481482
0 0.18307291666666667 0.750462962962963 0.025520833333333333 0.04351851851851852
0 0.6580729166666667 0.03935185185185185 0.021354166666666667 0.03611111111111111
0 0.18411458333333333 0.29907407407407405 0.022395833333333334 0.03518518518518519
0 0.5622395833333333 0.5407407407407407 0.022395833333333334 0.03888888888888889
0 0.16458333333333333 0.6162037037037037 0.026041666666666668 0.04351851851851852
0 0.6806770833333334 0.051305555555555556 0.022807291666666667 0.03780555555555555
0 0.31666666666666665 0.6300925925925925 0.023958333333333335 0.041666666666666664
0 0.34479166666666666 0.6472222222222223 0.023958333333333335 0.040740740740740744
0 0.42265625 0.46296296296296297 0.0234375 0.040740740740740744
0 0.34791666666666665 0.6041666666666666 0.023958333333333335 0.041666666666666664
0 0.18177083333333333 0.5842592592592593 0.023958333333333335 0.040740740740740744
0 0.2838541666666667 0.6921296296296297 0.023958333333333335 0.04351851851851852
0 0.2911458333333333 0.6435185185185185 0.023958333333333335 0.040740740740740744
0 0.3203125 0.5875 0.023958333333333335 0.041666666666666664
0 0.6067708333333334 0.14444444444444443 0.021875 0.037037037037037035
0 0.18385416666666668 0.7972222222222223 0.025 0.044444444444444446
0 0.6809895833333334 0.3819444444444444 0.022395833333333334 0.03981481481481482
0 0.20729166666666668 0.5222222222222223 0.025 0.040740740740740744
0 0.6859375 0.6560185185185186 0.025 0.04351851851851852
0 0.14557291666666666 0.5537037037037037 0.025520833333333333 0.04259259259259259
0 0.5700520833333333 0.6662037037037037 0.0234375 0.041666666666666664
0 0.6330729166666667 0.6453703703703704 0.024479166666666666 0.04259259259259259
0 0.15546875 0.5092592592592593 0.024479166666666666 0.040740740740740744
0 0.51484375 0.06898148148148148 0.0203125 0.03796296296296296
0 0.2046875 0.8231481481481482 0.026041666666666668 0.044444444444444446
0 0.68671875 0.017592592592592594 0.0203125 0.03333333333333333
0 0.3377604166666667 0.37453703703703706 0.022395833333333334 0.03981481481481482
0 0.56328125 0.5805555555555556 0.0234375 0.040740740740740744
0 0.6315104166666666 0.39444444444444443 0.0234375 0.03888888888888889
0 0.6940104166666666 0.43287037037037035 0.0234375 0.041666666666666664
0 0.5950520833333334 0.21064814814814814 0.021354166666666667 0.03796296296296296
0 0.5127604166666667 0.20324074074074075 0.021354166666666667 0.03796296296296296
0 0.24921875 0.825 0.025520833333333333 0.044444444444444446
0 0.3484375 0.42407407407407405 0.022916666666666665 0.03888888888888889
0 0.6080729166666666 0.35324074074074074 0.022395833333333334 0.03981481481481482
0 0.24947916666666667 0.2162037037037037 0.021875 0.03981481481481482
0 0.7106770833333333 0.03564814814814815 0.021354166666666667 0.03611111111111111
0 0.43645833333333334 0.11018518518518519 0.021875 0.03888888888888889
0 0.49140625 0.11481481481481481 0.021354166666666667 0.03888888888888889
0 0.3841145833333333 0.5907407407407408 0.024479166666666666 0.040740740740740744
0 0.60234375 0.4675925925925926 0.0234375 0.040740740740740744
0 0.5721354166666667 0.8185185185185185 0.024479166666666666 0.044444444444444446
0 0.37526041666666665 0.4671296296296296 0.022395833333333334 0.03981481481481482
0 0.6919270833333333 0.5412037037037037 0.024479166666666666 0.041666666666666664
0 0.37838541666666664 0.0962962962962963 0.021354166666666667 0.03888888888888889
0 0.13359375 0.31157407407407406 0.024479166666666666 0.03981481481481482
0 0.1671875 0.20833333333333334 0.022916666666666665 0.03888888888888889
0 0.7330729166666666 0.2912037037037037 0.0234375 0.03981481481481482
0 0.23645833333333333 0.08796296296296297 0.021875 0.03888888888888889
0 0.7765625 0.5101851851851852 0.026041666666666668 0.04259259259259259