0 0.5046875 0.3912037037037037 0.021875 0.03796296296296296
0 0.59375 0.5208333333333334 0.022916666666666665 0.03796296296296296
0 0.534375 0.5046296296296297 0.021875 0.037037037037037035
0 0.4986979166666667 0.2657407407407407 0.021354166666666667 0.037037037037037035
0 0.590625 0.562037037037037 0.022916666666666665 0.040740740740740744
0 0.5429114583333334 0.4401388888888889 0.02228125 0.04138888888888889
0 0.4596354166666667 0.337037037037037 0.021354166666666667 0.037037037037037035
0 0.4627604166666667 0.25324074074074077 0.021354166666666667 0.03796296296296296
0 0.4828125 0.39351851851851855 0.021875 0.03888888888888889
0 0.559375 0.41435185185185186 0.021875 0.03796296296296296
0 0.5697916666666667 0.5365740740740741 0.020833333333333332 0.03796296296296296
0 0.4466145833333333 0.36666666666666664 0.021354166666666667 0.03888888888888889
0 0.48020833333333335 0.28564814814814815 0.020833333333333332 0.03611111111111111
0 0.559375 0.4625 0.021875 0.03981481481481482
0 0.521875 0.4532407407407407 0.021875 0.03796296296296296
0 0.5994791666666667 0.4166666666666667 0.021875 0.03888888888888889
0 0.5994791666666667 0.4759259259259259 0.022916666666666665 0.03888888888888889
0 0.6109375 0.5453703703703704 0.021875 0.03888888888888889
0 0.35208333333333336 0.29305555555555557 0.021875 0.03796296296296296
0 0.5466145833333333 0.5337962962962963 0.0234375 0.03796296296296296
0 0.5807291666666666 0.4532407407407407 0.021875 0.03796296296296296
0 0.5822916666666667 0.24351851851851852 0.020833333333333332 0.037037037037037035
0 0.5661458333333333 0.32037037037037036 0.021875 0.03888888888888889
0 0.2677083333333333 0.3912037037037037 0.022916666666666665 0.03981481481481482
0 0.61640625 0.5018518518518519 0.0234375 0.040740740740740744
0 0.18880208333333334 0.49398148148148147 0.024479166666666666 0.03981481481481482
0 0.42291666666666666 0.3416666666666667 0.021875 0.037037037037037035
0 0.5484375 0.30185185185185187 0.021875 0.03888888888888889
0 0.5177083333333333 0.5291666666666667 0.022916666666666665 0.03796296296296296
0 0.48020833333333335 0.32037037037037036 0.021875 0.03888888888888889
0 0.22005208333333334 0.24166666666666667 0.021354166666666667 0.037037037037037035
0 0.32005208333333335 0.3050925925925926 0.021354166666666667 0.03796296296296296
0 0.2984375 0.3768518518518518 0.022916666666666665 0.03888888888888889
0 0.3606770833333333 0.2601851851851852 0.021354166666666667 0.037037037037037035
0 0.5622395833333333 0.3773148148148148 0.021354166666666667 0.03796296296296296
0 0.6953125 0.31805555555555554 0.021875 0.03796296296296296
0 0.49453125 0.22777777777777777 0.021354166666666667 0.03888888888888889
0 0.25104166666666666 0.5296296296296297 0.023958333333333335 0.040740740740740744
0 0.6515625 0.3023148148148148 0.021875 0.03796296296296296
0 0.5315104166666667 0.324537037037037 0.021354166666666667 0.03796296296296296
0 0.18125 0.5356481481481481 0.023958333333333335 0.03981481481481482
0 0.6739583333333333 0.30462962962962964 0.021875 0.03888888888888889
0 0.3338541666666667 0.26157407407407407 0.020833333333333332 0.03611111111111111
0 0.42734375 0.29305555555555557 0.021354166666666667 0.03796296296296296
0 0.5911458333333334 0.750462962962963 0.023958333333333335 0.04351851851851852
0 0.49713541666666666 0.513425925925926 0.022395833333333334 0.03796296296296296
0 0.37994791666666666 0.2800925925925926 0.021354166666666667 0.03796296296296296
0 0.27109375 0.549537037037037 0.0234375 0.03796296296296296
0 0.4817708333333333 0.44027777777777777 0.021875 0.03981481481481482
0 0.6151041666666667 0.7425925925925926 0.023958333333333335 0.04259259259259259
0 0.378125 0.23564814814814813 0.020833333333333332 0.03611111111111111
0 0.5348958333333333 0.1962962962962963 0.020833333333333332 0.037037037037037035
0 0.6072916666666667 0.2273148148148148 0.021875 0.03796296296296296
0 0.56953125 0.5805555555555556 0.022395833333333334 0.03888888888888889
0 0.51953125 0.24953703703703703 0.021354166666666667 0.03796296296296296
0 0.5515625 0.21666666666666667 0.021875 0.037037037037037035
0 0.4010416666666667 0.34120370370370373 0.021875 0.03796296296296296
0 0.21927083333333333 0.3143518518518518 0.022916666666666665 0.03796296296296296
0 0.6229166666666667 0.5828703703703704 0.022916666666666665 0.041666666666666664
0 0.24661458333333333 0.3768518518518518 0.0234375 0.03888888888888889
0 0.3484375 0.23472222222222222 0.020833333333333332 0.03425925925925926
0 0.2390625 0.7435185185185185 0.025 0.04259259259259259
0 0.4473958333333333 0.28055555555555556 0.021875 0.03888888888888889
0 0.20286458333333332 0.5203703703703704 0.0234375 0.03888888888888889
0 0.21979166666666666 0.7180555555555556 0.025 0.04351851851851852
0 0.34088541666666666 0.3296296296296296 0.022395833333333334 0.037037037037037035
0 0.4153645833333333 0.23287037037037037 0.021354166666666667 0.03611111111111111
0 0.32473958333333336 0.22916666666666666 0.021354166666666667 0.03611111111111111
0 0.20104166666666667 0.3287037037037037 0.021875 0.037037037037037035
0 0.19765625 0.21851851851851853 0.021354166666666667 0.037037037037037035
0 0.19921875 0.2523148148148148 0.022395833333333334 0.03796296296296296
0 0.52109375 0.3611111111111111 0.022395833333333334 0.03888888888888889
0 0.6236979166666666 0.41388888888888886 0.022395833333333334 0.03888888888888889
0 0.6559895833333333 0.6291666666666667 0.0234375 0.04351851851851852
0 0.4466145833333333 0.14444444444444443 0.0203125 0.037037037037037035
0 0.6799270833333334 0.26414814814814813 0.023395833333333334 0.03941666666666667
0 0.23854166666666668 0.2023148148148148 0.022916666666666665 0.03796296296296296
0 0.6315104166666666 0.625462962962963 0.0234375 0.041666666666666664
0 0.14739583333333334 0.49537037037037035 0.023958333333333335 0.040740740740740744
0 0.24140625 0.42685185185185187 0.0234375 0.03888888888888889
0 0.4200520833333333 0.38981481481481484 0.022395833333333334 0.03888888888888889
0 0.6481770833333333 0.4023148148148148 0.022395833333333334 0.03981481481481482
0 0.17864583333333334 0.8055555555555556 0.027083333333333334 0.044444444444444446
0 0.6622395833333333 0.2162037037037037 0.022395833333333334 0.03796296296296296
0 0.17838541666666666 0.7060185185185185 0.0265625 0.04537037037037037
0 0.48802083333333335 0.35462962962962963 0.021875 0.03888888888888889
0 0.6247395833333333 0.20277777777777778 0.0203125 0.037037037037037035
0 0.6442708333333333 0.2625 0.021875 0.03981481481481482
0 0.46145833333333336 0.18055555555555555 0.020833333333333332 0.037037037037037035
0 0.20677083333333332 0.3680555555555556 0.023958333333333335 0.03796296296296296
0 0.25 0.3287037037037037 0.022916666666666665 0.03888888888888889
0 0.1546875 0.7773148148148148 0.027083333333333334 0.04537037037037037
0 0.6364583333333333 0.7648148148148148 0.023958333333333335 0.04259259259259259
0 0.6799479166666667 0.6388888888888888 0.0234375 0.04259259259259259
0 0.6598958333333333 0.749537037037037 0.023958333333333335 0.04351851851851852
0 0.56328125 0.26064814814814813 0.021354166666666667 0.03796296296296296
0 0.5690104166666666 0.19722222222222222 0.0203125 0.037037037037037035
0 0.18463541666666666 0.28055555555555556 0.022395833333333334 0.037037037037037035
0 0.21822916666666667 0.20694444444444443 0.021875 0.03796296296296296
0 0.18567708333333333 0.3578703703703704 0.022395833333333334 0.03796296296296296
0 0.6296875 0.32314814814814813 0.021875 0.03888888888888889
0 0.23307291666666666 0.7861111111111111 0.025520833333333333 0.044444444444444446
0 0.37838541666666664 0.6148148148148148 0.0234375 0.040740740740740744
0 0.2734375 0.49953703703703706 0.023958333333333335 0.03981481481481482
0 0.15911458333333334 0.5685185185185185 0.024479166666666666 0.040740740740740744
0 0.575 0.6199074074074075 0.023958333333333335 0.041666666666666664
0 0.23385416666666667 0.28703703703703703 0.022916666666666665 0.037037037037037035
0 0.68828125 0.46435185185185185 0.0234375 0.041666666666666664
0 0.415625 0.5847222222222223 0.022916666666666665 0.03981481481481482
0 0.16484375 0.35185185185185186 0.022395833333333334 0.03888888888888889
0 0.375 0.33101851851851855 0.021875 0.03981481481481482
0 0.6638020833333333 0.5805555555555556 0.024479166666666666 0.04259259259259259
0 0.22578125 0.34675925925925927 0.0234375 0.03796296296296296
0 0.22005208333333334 0.46944444444444444 0.024479166666666666 0.040740740740740744
0 0.15911458333333334 0.5273148148148148 0.0234375 0.03981481481481482
0 0.30442708333333335 0.24537037037037038 0.021354166666666667 0.037037037037037035
0 0.39869791666666665 0.38287037037037036 0.022395833333333334 0.03981481481481482
0 0.25729166666666664 0.6601851851851852 0.025 0.044444444444444446
0 0.17864583333333334 0.3143518518518518 0.021875 0.03796296296296296
0 0.16588541666666667 0.6064814814814815 0.025520833333333333 0.04259259259259259
0 0.3098958333333333 0.41064814814814815 0.023958333333333335 0.03981481481481482
0 0.7565104166666666 0.5171296296296296 0.024479166666666666 0.041666666666666664
0 0.16927083333333334 0.38935185185185184 0.022916666666666665 0.03981481481481482
0 0.40182291666666664 0.1527777777777778 0.021354166666666667 0.037037037037037035
0 0.24505208333333334 0.6995370370370371 0.024479166666666666 0.04351851851851852
0 0.66328125 0.43425925925925923 0.022395833333333334 0.040740740740740744
0 0.7091145833333333 0.4810185185185185 0.022395833333333334 0.03981481481481482
0 0.2578125 0.5995370370370371 0.025 0.041666666666666664
0 0.7317708333333334 0.5805555555555556 0.025 0.04259259259259259
0 0.26197916666666665 0.462037037037037 0.023958333333333335 0.040740740740740744
0 0.13619791666666667 0.5412037037037037 0.024479166666666666 0.03981481481481482
0 0.7565104166666666 0.28564814814814815 0.0234375 0.03796296296296296
0 0.7302083333333333 0.5254629629629629 0.023958333333333335 0.041666666666666664
0 0.17708333333333334 0.4287037037037037 0.023958333333333335 0.03888888888888889
0 0.6682291666666667 0.18009259259259258 0.021875 0.03425925925925926
0 0.47682291666666665 0.48842592592592593 0.022395833333333334 0.03981481481481482
0 0.4231770833333333 0.17453703703703705 0.021354166666666667 0.03796296296296296
0 0.16380208333333332 0.2574074074074074 0.022395833333333334 0.03888888888888889
0 0.22291666666666668 0.1726851851851852 0.021875 0.03796296296296296
0 0.30442708333333335 0.28194444444444444 0.022395833333333334 0.03796296296296296
0 0.696875 0.1925925925925926 0.021875 0.03888888888888889
0 0.7033854166666667 0.5291666666666667 0.024479166666666666 0.041666666666666664
0 0.5807291666666666 0.7087962962962963 0.023958333333333335 0.04351851851851852
0 0.15078125 0.4351851851851852 0.024479166666666666 0.040740740740740744
0 0.1953125 0.5777777777777777 0.025 0.04259259259259259
0 0.30885416666666665 0.18333333333333332 0.021875 0.03888888888888889
0 0.2859375 0.5773148148148148 0.023958333333333335 0.041666666666666664
0 0.7200520833333334 0.31805555555555554 0.022395833333333334 0.03981481481481482
0 0.2638020833333333 0.20092592592592592 0.022395833333333334 0.037037037037037035
0 0.2598958333333333 0.7555555555555555 0.023958333333333335 0.04259259259259259
0 0.17265625 0.6435185185185185 0.025520833333333333 0.04259259259259259
0 0.6002604166666666 0.3296296296296296 0.022395833333333334 0.03888888888888889
0 0.1515625 0.32685185185185184 0.021875 0.03888888888888889
0 0.43828125 0.5935185185185186 0.0234375 0.040740740740740744
0 0.6453125 0.5268518518518519 0.023958333333333335 0.04259259259259259
0 0.35260416666666666 0.40185185185185185 0.022916666666666665 0.03888888888888889
0 0.5338541666666666 0.16111111111111112 0.020833333333333332 0.03518518518518519
0 0.17526041666666667 0.22824074074074074 0.022395833333333334 0.03796296296296296
0 0.6783854166666666 0.6847222222222222 0.025520833333333333 0.04537037037037037
0 0.6033854166666667 0.6921296296296297 0.024479166666666666 0.04351851851851852
0 0.7515625 0.3263888888888889 0.022916666666666665 0.03981481481481482
0 0.15677083333333333 0.6851851851851852 0.026041666666666668 0.044444444444444446
0 0.7328125 0.4671296296296296 0.023958333333333335 0.041666666666666664
0 0.35546875 0.6101851851851852 0.0234375 0.04259259259259259
0 0.33489583333333334 0.17037037037037037 0.021875 0.03888888888888889
0 0.7559895833333333 0.4787037037037037 0.024479166666666666 0.040740740740740744
0 0.1671875 0.46574074074074073 0.022916666666666665 0.03888888888888889
0 0.4549479166666667 0.4041666666666667 0.022395833333333334 0.03981481481481482
0 0.37734375 0.5574074074074075 0.0234375 0.040740740740740744
0 0.42213541666666665 0.14074074074074075 0.021354166666666667 0.037037037037037035
0 0.49192708333333335 0.1537037037037037 0.021354166666666667 0.037037037037037035
0 0.6067708333333334 0.7856481481481481 0.025 0.04537037037037037
0 0.14635416666666667 0.3763888888888889 0.022916666666666665 0.03981481481481482
0 0.25625 0.799537037037037 0.026041666666666668 0.04537037037037037
0 0.77421875 0.31203703703703706 0.0234375 0.040740740740740744
0 0.7591145833333334 0.5592592592592592 0.025520833333333333 0.04259259259259259
0 0.7393229166666667 0.6236111111111111 0.025520833333333333 0.04351851851851852
0 0.18307291666666667 0.7564814814814815 0.0265625 0.044444444444444446
0 0.70390625 0.08472222222222223 0.021354166666666667 0.03611111111111111
0 0.16640625 0.19814814814814816 0.022395833333333334 0.037037037037037035
0 0.3265625 0.6532407407407408 0.025 0.04351851851851852
0 0.23541666666666666 0.12129629629629629 0.021875 0.03888888888888889
0 0.4127604166666667 0.5148148148148148 0.0234375 0.040740740740740744
0 0.2713541666666667 0.14212962962962963 0.022916666666666665 0.03981481481481482
0 0.27838541666666666 0.42314814814814816 0.0234375 0.03888888888888889
0 0.33515625 0.3763888888888889 0.022395833333333334 0.03796296296296296
0 0.7291666666666666 0.12222222222222222 0.022916666666666665 0.03888888888888889
0 0.7770833333333333 0.3638888888888889 0.025 0.04259259259259259
0 0.684375 0.7689814814814815 0.025 0.04537037037037037
0 0.134375 0.3087962962962963 0.023958333333333335 0.03981481481481482
0 0.44557291666666665 0.4935185185185185 0.022395833333333334 0.03888888888888889
0 0.16328125 0.850925925925926 0.028645833333333332 0.04814814814814815
0 0.5075520833333333 0.10601851851851851 0.021354166666666667 0.03796296296296296
0 0.7096354166666666 0.03009259259259259 0.021354166666666667 0.03611111111111111
0 0.5144010416666667 0.48971296296296296 0.022338541666666666 0.041324074074074076
0 0.5039895833333333 0.4317592592592593 0.023848958333333333 0.04239814814814815
0 0.5251197916666667 0.4156574074074074 0.022640625 0.041324074074074076
0 0.5423281249999999 0.3944537037037037 0.024453125000000003 0.04078703703703703
0 0.5797604166666667 0.3990185185185185 0.024453125000000003 0.043472222222222225
0 0.5785520833333333 0.4932037037037037 0.023244791666666667 0.04293518518518518
0 0.5568177083333333 0.5033981481481481 0.023244791666666667 0.04186111111111111
0 0.6144739583333333 0.30080555555555555 0.024453125000000003 0.045620370370370374
0 0.473046875 0.2195 0.021734374999999997 0.039712962962962964
0 0.45296875000000003 0.22700925925925924 0.023244791666666667 0.04186111111111111
0 0.430328125 0.2565277777777778 0.022640625 0.03863888888888889
0 0.41010416666666666 0.27424074074074073 0.023848958333333333 0.04293518518518518
0 0.21099479166666668 0.2806111111111111 0.023265625 0.03874074074074074
0 0.164171875 0.295787037037037 0.02503125 0.03874074074074074