0 0.221875 0.7125 0.025 0.041666666666666664
0 0.4348958333333333 0.48564814814814816 0.021875 0.03796296296296296
0 0.4125 0.4986111111111111 0.021875 0.03796296296296296
0 0.5572916666666666 0.5171296296296296 0.021875 0.03796296296296296
0 0.4671875 0.4638888888888889 0.021875 0.03888888888888889
0 0.48652083333333335 0.33917592592592594 0.02071354166666667 0.041305555555555554
0 0.4 0.5328703703703703 0.021875 0.03981481481481482
0 0.25078125 0.5273148148148148 0.0234375 0.03981481481481482
0 0.45546875 0.4986111111111111 0.021354166666666667 0.03796296296296296
0 0.45286458333333335 0.40324074074074073 0.022395833333333334 0.03796296296296296
0 0.44479166666666664 0.45185185185185184 0.020833333333333332 0.037037037037037035
0 0.24661458333333333 0.7087962962962963 0.024479166666666666 0.041666666666666664
0 0.27239583333333334 0.4388888888888889 0.022916666666666665 0.03888888888888889
0 0.42239583333333336 0.4550925925925926 0.021875 0.03796296296296296
0 0.3828125 0.5990740740740741 0.022916666666666665 0.03888888888888889
0 0.24765625 0.7513888888888889 0.0234375 0.041666666666666664
0 0.21927083333333333 0.31296296296296294 0.022916666666666665 0.037037037037037035
0 0.48463541666666665 0.29907407407407405 0.021354166666666667 0.037037037037037035
0 0.48679687499999996 0.49216666666666664 0.023916666666666666 0.04273148148148148
0 0.5411458333333333 0.49027777777777776 0.021875 0.03796296296296296
0 0.26015625 0.65 0.025520833333333333 0.040740740740740744
0 0.2596354166666667 0.4708333333333333 0.024479166666666666 0.03981481481481482
0 0.26510416666666664 0.3925925925925926 0.022916666666666665 0.03888888888888889
0 0.26979166666666665 0.5481481481481482 0.022916666666666665 0.03888888888888889
0 0.6145833333333334 0.6773148148148148 0.023958333333333335 0.04351851851851852
0 0.20104166666666667 0.32685185185185184 0.021875 0.037037037037037035
0 0.5101145833333333 0.3218333333333333 0.022312500000000002 0.041805555555555554
0 0.26875 0.6851851851851852 0.025 0.04259259259259259
0 0.30078125 0.24953703703703703 0.021354166666666667 0.03611111111111111
0 0.534375 0.5254629629629629 0.021875 0.03796296296296296
0 0.22265625 0.7555555555555555 0.025520833333333333 0.04259259259259259
0 0.5203125 0.28888888888888886 0.020833333333333332 0.037037037037037035
0 0.5192708333333333 0.49722222222222223 0.021875 0.037037037037037035
0 0.63828125 0.6805555555555556 0.0234375 0.04259259259259259
0 0.6638020833333333 0.6731481481481482 0.0234375 0.04259259259259259
0 0.2677083333333333 0.7277777777777777 0.023958333333333335 0.04259259259259259
0 0.4986979166666667 0.27175925925925926 0.021354166666666667 0.03796296296296296
0 0.5114583333333333 0.5319444444444444 0.021875 0.03796296296296296
0 0.284375 0.28055555555555556 0.021875 0.03518518518518519
0 0.5408854166666667 0.2972222222222222 0.0203125 0.03518518518518519
0 0.48932291666666666 0.5273148148148148 0.022395833333333334 0.03981481481481482
0 0.43125 0.5300925925925926 0.021875 0.03981481481481482
0 0.19947916666666668 0.2513888888888889 0.021875 0.03796296296296296
0 0.5408854166666667 0.11342592592592593 0.019270833333333334 0.03611111111111111
0 0.40234375 0.4199074074074074 0.022395833333333334 0.03796296296296296
0 0.24557291666666667 0.3763888888888889 0.0234375 0.03981481481481482
0 0.3575520833333333 0.5648148148148148 0.0234375 0.040740740740740744
0 0.16666666666666666 0.4638888888888889 0.022916666666666665 0.03888888888888889
0 0.33229166666666665 0.6712962962962963 0.023958333333333335 0.040740740740740744
0 0.34270833333333334 0.17962962962962964 0.020833333333333332 0.03518518518518519
0 0.6520833333333333 0.5638888888888889 0.023958333333333335 0.04259259259259259
0 0.184375 0.5393518518518519 0.023958333333333335 0.03981481481481482
0 0.4627604166666667 0.3458333333333333 0.021354166666666667 0.03796296296296296
0 0.5294270833333333 0.3337962962962963 0.0203125 0.03796296296296296
0 0.15833333333333333 0.5773148148148148 0.025 0.041666666666666664
0 0.27734375 0.3148148148148148 0.021354166666666667 0.037037037037037035
0 0.5596354166666667 0.2791666666666667 0.021354166666666667 0.03796296296296296
0 0.3223958333333333 0.24675925925925926 0.021875 0.03611111111111111
0 0.6328125 0.6393518518518518 0.023958333333333335 0.04351851851851852
0 0.23359375 0.2861111111111111 0.022395833333333334 0.037037037037037035
0 0.6520833333333333 0.6162037037037037 0.022916666666666665 0.041666666666666664
0 0.3606770833333333 0.1597222222222222 0.0203125 0.03611111111111111
0 0.18828125 0.4925925925925926 0.024479166666666666 0.040740740740740744
0 0.30494791666666665 0.18564814814814815 0.0203125 0.03611111111111111
0 0.16041666666666668 0.5388888888888889 0.023958333333333335 0.040740740740740744
0 0.3111979166666667 0.3282407407407407 0.021354166666666667 0.03611111111111111
0 0.25078125 0.3287037037037037 0.022395833333333334 0.03888888888888889
0 0.20338541666666668 0.5185185185185185 0.0234375 0.03888888888888889
0 0.27291666666666664 0.49907407407407406 0.022916666666666665 0.03888888888888889
0 0.5908854166666667 0.6638888888888889 0.0234375 0.04259259259259259
0 0.37109375 0.6351851851851852 0.0234375 0.040740740740740744
0 0.18489583333333334 0.27870370370370373 0.022916666666666665 0.037037037037037035
0 0.30026041666666664 0.36574074074074076 0.022395833333333334 0.03888888888888889
0 0.228125 0.4675925925925926 0.023958333333333335 0.040740740740740744
0 0.56328125 0.24444444444444444 0.021354166666666667 0.037037037037037035
0 0.5783854166666667 0.6282407407407408 0.0234375 0.041666666666666664
0 0.18567708333333333 0.35694444444444445 0.022395833333333334 0.03796296296296296
0 0.5356770833333333 0.262037037037037 0.021354166666666667 0.037037037037037035
0 0.6020833333333333 0.6268518518518519 0.023958333333333335 0.04259259259259259
0 0.20651041666666667 0.36527777777777776 0.0234375 0.03611111111111111
0 0.559375 0.5597222222222222 0.022916666666666665 0.03981481481481482
0 0.5442708333333334 0.22685185185185186 0.020833333333333332 0.03518518518518519
0 0.28854166666666664 0.4111111111111111 0.022916666666666665 0.03888888888888889
0 0.24166666666666667 0.42592592592592593 0.023958333333333335 0.03888888888888889
0 0.6919270833333333 0.31805555555555554 0.022395833333333334 0.03796296296296296
0 0.6760416666666667 0.5592592592592592 0.023958333333333335 0.04259259259259259
0 0.16458333333333333 0.35 0.021875 0.03888888888888889
0 0.21875 0.20694444444444443 0.021875 0.03796296296296296
0 0.6234375 0.7217592592592592 0.025 0.04351851851851852
0 0.3770833333333333 0.5273148148148148 0.021875 0.03981481481481482
0 0.6520833333333333 0.7226851851851852 0.025 0.04351851851851852
0 0.14869791666666668 0.5078703703703704 0.024479166666666666 0.03981481481481482
0 0.4674479166666667 0.5300925925925926 0.022395833333333334 0.03981481481481482
0 0.5622395833333333 0.11157407407407408 0.021354166666666667 0.03611111111111111
0 0.2908854166666667 0.5652777777777778 0.0234375 0.03981481481481482
0 0.47371874999999997 0.3793055555555555 0.0224375 0.03825
0 0.1515625 0.32546296296296295 0.021875 0.03796296296296296
0 0.540625 0.45231481481481484 0.021875 0.03796296296296296
0 0.6018229166666667 0.3365740740740741 0.022395833333333334 0.03981481481481482
0 0.1765625 0.42685185185185187 0.023958333333333335 0.03888888888888889
0 0.69765625 0.36064814814814816 0.0234375 0.03981481481481482
0 0.16901041666666666 0.38842592592592595 0.0234375 0.03981481481481482
0 0.40208333333333335 0.28935185185185186 0.021875 0.03796296296296296
0 0.5838541666666667 0.5847222222222223 0.022916666666666665 0.03981481481481482
0 0.5822916666666667 0.27824074074074073 0.020833333333333332 0.03796296296296296
0 0.715625 0.3384259259259259 0.022916666666666665 0.03981481481481482
0 0.19791666666666666 0.21805555555555556 0.021875 0.03796296296296296
0 0.5765625 0.5361111111111111 0.023958333333333335 0.040740740740740744
0 0.32760416666666664 0.6310185185185185 0.023958333333333335 0.03981481481481482
0 0.29140625 0.7263888888888889 0.024479166666666666 0.041666666666666664
0 0.37604166666666666 0.18703703703703703 0.020833333333333332 0.037037037037037035
0 0.7013020833333333 0.5449074074074074 0.024479166666666666 0.041666666666666664
0 0.3958333333333333 0.46111111111111114 0.022916666666666665 0.040740740740740744
0 0.15026041666666667 0.43333333333333335 0.024479166666666666 0.040740740740740744
0 0.6763020833333333 0.375 0.022395833333333334 0.037037037037037035
0 0.5190104166666667 0.10277777777777777 0.0203125 0.037037037037037035
0 0.51875 0.4597222222222222 0.022916666666666665 0.03981481481481482
0 0.41458333333333336 0.5898148148148148 0.022916666666666665 0.040740740740740744
0 0.5622395833333333 0.5986111111111111 0.0234375 0.03981481481481482
0 0.16640625 0.7976851851851852 0.0265625 0.04537037037037037
0 0.33489583333333334 0.13703703703703704 0.020833333333333332 0.037037037037037035
0 0.17864583333333334 0.31296296296296294 0.021875 0.037037037037037035
0 0.23854166666666668 0.7935185185185185 0.025 0.044444444444444446
0 0.5848958333333333 0.36203703703703705 0.021875 0.03888888888888889
0 0.5505208333333333 0.3458333333333333 0.021875 0.03981481481481482
0 0.19817708333333334 0.7981481481481482 0.0265625 0.046296296296296294
0 0.5705729166666667 0.3300925925925926 0.0203125 0.03796296296296296
0 0.6622395833333333 0.30462962962962964 0.022395833333333334 0.037037037037037035
0 0.46510416666666665 0.28379629629629627 0.021875 0.03796296296296296
0 0.7033854166666667 0.28703703703703703 0.022395833333333334 0.03888888888888889
0 0.6447916666666667 0.28379629629629627 0.022916666666666665 0.03981481481481482
0 0.671875 0.3384259259259259 0.022916666666666665 0.03981481481481482
0 0.34427083333333336 0.23796296296296296 0.021875 0.037037037037037035
0 0.38776041666666666 0.3425925925925926 0.021354166666666667 0.03888888888888889
0 0.68828125 0.6847222222222222 0.025520833333333333 0.04537037037037037
0 0.34348958333333335 0.7041666666666667 0.024479166666666666 0.041666666666666664
0 0.7395833333333334 0.33194444444444443 0.023958333333333335 0.03981481481481482
0 0.32786458333333335 0.2796296296296296 0.022395833333333334 0.03888888888888889
0 0.36796875 0.12638888888888888 0.021354166666666667 0.03796296296296296
0 0.16692708333333334 0.6125 0.025520833333333333 0.041666666666666664
0 0.13515625 0.5435185185185185 0.024479166666666666 0.040740740740740744
0 0.6807291666666667 0.2828703703703704 0.021875 0.03796296296296296
0 0.23932291666666666 0.2013888888888889 0.022395833333333334 0.03796296296296296
0 0.6447916666666667 0.399537037037037 0.021875 0.03796296296296296
0 0.6296875 0.42824074074074076 0.022916666666666665 0.03981481481481482
0 0.665625 0.4074074074074074 0.021875 0.037037037037037035
0 0.19947916666666668 0.5694444444444444 0.025 0.040740740740740744
0 0.2643229166666667 0.20046296296296295 0.021354166666666667 0.03611111111111111
0 0.41067708333333336 0.324537037037037 0.022395833333333334 0.03796296296296296
0 0.6473958333333333 0.3314814814814815 0.022916666666666665 0.03888888888888889
0 0.14661458333333333 0.37453703703703706 0.0234375 0.03796296296296296
0 0.16380208333333332 0.25601851851851853 0.022395833333333334 0.03796296296296296
0 0.6169270833333333 0.29953703703703705 0.021354166666666667 0.03796296296296296
0 0.17526041666666667 0.22685185185185186 0.022395833333333334 0.03888888888888889
0 0.25755208333333335 0.5981481481481481 0.025520833333333333 0.04259259259259259
0 0.690625 0.5083333333333333 0.023958333333333335 0.040740740740740744
0 0.2955729166666667 0.30787037037037035 0.019270833333333334 0.03796296296296296
0 0.40703125 0.1736111111111111 0.021354166666666667 0.03796296296296296
0 0.7244791666666667 0.3037037037037037 0.022916666666666665 0.040740740740740744
0 0.56015625 0.4740740740740741 0.022395833333333334 0.040740740740740744
0 0.7182291666666667 0.38055555555555554 0.023958333333333335 0.040740740740740744
0 0.6520833333333333 0.43657407407407406 0.022916666666666665 0.03796296296296296
0 0.22369791666666666 0.17175925925925925 0.021354166666666667 0.03611111111111111
0 0.62421875 0.2564814814814815 0.022395833333333334 0.03888888888888889
0 0.328125 0.36157407407407405 0.022916666666666665 0.03981481481481482
0 0.33359375 0.5472222222222223 0.0234375 0.040740740740740744
0 0.6919270833333333 0.4041666666666667 0.0234375 0.03981481481481482
0 0.2625 0.7810185185185186 0.022916666666666665 0.04351851851851852
0 0.653125 0.3648148148148148 0.021875 0.03888888888888889
0 0.40677083333333336 0.6398148148148148 0.023958333333333335 0.040740740740740744
0 0.2721354166666667 0.14212962962962963 0.022395833333333334 0.03981481481481482
0 0.4036458333333333 0.12037037037037036 0.020833333333333332 0.03888888888888889
0 0.23645833333333333 0.12222222222222222 0.021875 0.03888888888888889
0 0.6364583333333333 0.5083333333333333 0.023958333333333335 0.040740740740740744
0 0.71796875 0.24351851851851852 0.0234375 0.040740740740740744
0 0.50859375 0.1935185185185185 0.021354166666666667 0.03888888888888889
0 0.7510416666666667 0.36574074074074076 0.025 0.04259259259259259
0 0.7463541666666667 0.27361111111111114 0.025 0.03981481481481482
0 0.17786458333333333 0.7 0.0265625 0.044444444444444446
0 0.5151041666666667 0.4009259259259259 0.021875 0.03888888888888889
0 0.16692708333333334 0.19722222222222222 0.022395833333333334 0.037037037037037035
0 0.6765625 0.47453703703703703 0.023958333333333335 0.03981481481481482
0 0.62265625 0.8523148148148149 0.0265625 0.049074074074074076
0 0.6346354166666667 0.7930555555555555 0.0265625 0.04722222222222222
0 0.13489583333333333 0.3074074074074074 0.023958333333333335 0.040740740740740744
0 0.73125 0.55 0.026041666666666668 0.04259259259259259
0 0.7174479166666666 0.7162037037037037 0.0265625 0.04537037037037037
0 0.7005208333333334 0.7796296296296297 0.027083333333333334 0.04814814814814815
0 0.45807291666666666 0.17546296296296296 0.021354166666666667 0.03611111111111111
0 0.60703125 0.09537037037037037 0.021354166666666667 0.037037037037037035
0 0.15130208333333334 0.8462962962962963 0.027604166666666666 0.046296296296296294
0 0.58125 0.7814814814814814 0.026041666666666668 0.046296296296296294
0 0.7888020833333333 0.4041666666666667 0.0265625 0.041666666666666664
0 0.7546875 0.17407407407407408 0.023958333333333335 0.03888888888888889
0 0.5890625 0.8912037037037037 0.027083333333333334 0.049074074074074076
0 0.7989583333333333 0.5935185185185186 0.028125 0.044444444444444446
0 0.43197916666666664 0.4205462962962963 0.02546875 0.04121296296296296
0 0.3328802083333333 0.3236111111111111 0.025140625000000003 0.04121296296296296
0 0.3070833333333333 0.28355555555555556 0.020572916666666666 0.03888888888888889
0 0.279984375 0.24408333333333335 0.023182291666666667 0.03888888888888889
0 0.2907604166666667 0.21187037037037038 0.02253125 0.03947222222222223
0 0.3114947916666667 0.21883333333333332 0.02285416666666667 0.040629629629629634
0 0.3340208333333334 0.21274074074074073 0.023510416666666666 0.04005555555555555
0 0.32292187499999997 0.16891666666666666 0.023510416666666666 0.0417962962962963
0 0.221703125 0.24437962962962964 0.024161458333333333 0.040629629629629634
0 0.21190625000000002 0.27949074074074076 0.024161458333333333 0.04121296296296296
0 0.16391145833333332 0.29487962962962966 0.0248125 0.038314814814814815
0 0.226109375 0.3468333333333333 0.02383333333333333 0.04237037037037037