0 0.37213541666666666 0.4361111111111111 0.022395833333333334 0.040740740740740744
0 0.5109375 0.487962962962963 0.021875 0.03888888888888889
0 0.4153645833333333 0.4361111111111111 0.022395833333333334 0.040740740740740744
0 0.4505208333333333 0.4361111111111111 0.022916666666666665 0.040740740740740744
0 0.54765625 0.4527777777777778 0.022395833333333334 0.040740740740740744
0 0.3828125 0.3333333333333333 0.021875 0.03888888888888889
0 0.5328125 0.48518518518518516 0.022916666666666665 0.040740740740740744
0 0.3697916666666667 0.39861111111111114 0.022916666666666665 0.03981481481481482
0 0.43463541666666666 0.46296296296296297 0.0234375 0.040740740740740744
0 0.36666666666666664 0.3597222222222222 0.022916666666666665 0.03981481481481482
0 0.36640625 0.31296296296296294 0.022395833333333334 0.03888888888888889
0 0.4947916666666667 0.513425925925926 0.022916666666666665 0.03796296296296296
0 0.46119791666666665 0.4041666666666667 0.022395833333333334 0.03981481481481482
0 0.45338541666666665 0.5990740740740741 0.0234375 0.03888888888888889
0 0.39817708333333335 0.5861111111111111 0.022395833333333334 0.040740740740740744
0 0.5114583333333333 0.5370370370370371 0.022916666666666665 0.037037037037037035
0 0.35833333333333334 0.512962962962963 0.022916666666666665 0.03888888888888889
0 0.4708333333333333 0.5078703703703704 0.022916666666666665 0.03981481481481482
0 0.39479166666666665 0.2638888888888889 0.021875 0.037037037037037035
0 0.32786458333333335 0.48194444444444445 0.0234375 0.041666666666666664
0 0.37473958333333335 0.2513888888888889 0.021354166666666667 0.03611111111111111
0 0.353125 0.5777777777777777 0.023958333333333335 0.040740740740740744
0 0.3927083333333333 0.4587962962962963 0.022916666666666665 0.041666666666666664
0 0.5125 0.41759259259259257 0.021875 0.03888888888888889
0 0.3375 0.39444444444444443 0.022916666666666665 0.03888888888888889
0 0.3796875 0.4930555555555556 0.021875 0.03981481481481482
0 0.40520833333333334 0.3416666666666667 0.021875 0.03888888888888889
0 0.3424479166666667 0.5416666666666666 0.0234375 0.040740740740740744
0 0.41770833333333335 0.6027777777777777 0.021875 0.03888888888888889
0 0.32734375 0.44074074074074077 0.022395833333333334 0.040740740740740744
0 0.35052083333333334 0.4777777777777778 0.022916666666666665 0.040740740740740744
0 0.44427083333333334 0.3819444444444444 0.021875 0.03796296296296296
0 0.4942708333333333 0.5847222222222223 0.023958333333333335 0.03981481481481482
0 0.41901041666666666 0.48935185185185187 0.022395833333333334 0.03981481481481482
0 0.6338541666666667 0.28564814814814815 0.022916666666666665 0.03981481481481482
0 0.471875 0.4527777777777778 0.021875 0.03888888888888889
0 0.30833333333333335 0.4648148148148148 0.022916666666666665 0.040740740740740744
0 0.18541666666666667 0.8282407407407407 0.026041666666666668 0.04722222222222222
0 0.26015625 0.4527777777777778 0.0234375 0.040740740740740744
0 0.3098958333333333 0.5064814814814815 0.023958333333333335 0.04259259259259259
0 0.3546875 0.26944444444444443 0.021875 0.037037037037037035
0 0.4401041666666667 0.5708333333333333 0.022916666666666665 0.03981481481481482
0 0.5549479166666667 0.487962962962963 0.022395833333333334 0.03888888888888889
0 0.2838541666666667 0.4703703703703704 0.022916666666666665 0.040740740740740744
0 0.47239583333333335 0.575925925925926 0.022916666666666665 0.03888888888888889
0 0.59609375 0.5777777777777777 0.0234375 0.04259259259259259
0 0.5494791666666666 0.562962962962963 0.023958333333333335 0.040740740740740744
0 0.36328125 0.611574074074074 0.0234375 0.041666666666666664
0 0.18385416666666668 0.7870370370370371 0.026041666666666668 0.046296296296296294
0 0.5916666666666667 0.5333333333333333 0.023958333333333335 0.04259259259259259
0 0.35 0.6472222222222223 0.023958333333333335 0.04259259259259259
0 0.41119791666666666 0.524537037037037 0.022395833333333334 0.03796296296296296
0 0.2046875 0.8546296296296296 0.026041666666666668 0.046296296296296294
0 0.4328125 0.5342592592592592 0.022916666666666665 0.03888888888888889
0 0.42552083333333335 0.3282407407407407 0.022916666666666665 0.03981481481481482
0 0.56953125 0.44907407407407407 0.022395833333333334 0.03888888888888889
0 0.23046875 0.7837962962962963 0.025520833333333333 0.04537037037037037
0 0.5578125 0.5259259259259259 0.022916666666666665 0.040740740740740744
0 0.23046875 0.8291666666666667 0.025520833333333333 0.04537037037037037
0 0.5778645833333333 0.4837962962962963 0.0234375 0.041666666666666664
0 0.3296875 0.3597222222222222 0.022916666666666665 0.03981481481481482
0 0.49921875 0.38842592592592595 0.021354166666666667 0.03796296296296296
0 0.209375 0.8106481481481481 0.023958333333333335 0.04351851851851852
0 0.5723958333333333 0.5564814814814815 0.023958333333333335 0.04259259259259259
0 0.6302083333333334 0.32314814814814813 0.022916666666666665 0.040740740740740744
0 0.6653645833333334 0.37453703703703706 0.0234375 0.03981481481481482
0 0.32317708333333334 0.5652777777777778 0.024479166666666666 0.041666666666666664
0 0.4049479166666667 0.23055555555555557 0.021354166666666667 0.037037037037037035
0 0.41380208333333335 0.28194444444444444 0.022395833333333334 0.03796296296296296
0 0.12291666666666666 0.7046296296296296 0.027083333333333334 0.044444444444444446
0 0.33567708333333335 0.6166666666666667 0.024479166666666666 0.04259259259259259
0 0.24010416666666667 0.4773148148148148 0.023958333333333335 0.041666666666666664
0 0.45078125 0.637962962962963 0.024479166666666666 0.04259259259259259
0 0.67890625 0.2569444444444444 0.022395833333333334 0.03796296296296296
0 0.6294270833333333 0.23194444444444445 0.022395833333333334 0.03981481481481482
0 0.6888020833333334 0.3962962962962963 0.0234375 0.03888888888888889
0 0.6458333333333334 0.41574074074074074 0.022916666666666665 0.040740740740740744
0 0.6716145833333333 0.3300925925925926 0.0234375 0.03981481481481482
0 0.5330729166666667 0.5226851851851851 0.022395833333333334 0.03981481481481482
0 0.2515625 0.8018518518518518 0.025 0.044444444444444446
0 0.165625 0.7560185185185185 0.026041666666666668 0.04537037037037037
0 0.63359375 0.5101851851851852 0.024479166666666666 0.04259259259259259
0 0.17161458333333332 0.34120370370370373 0.024479166666666666 0.03981481481481482
0 0.6598958333333333 0.2759259259259259 0.021875 0.03888888888888889
0 0.63984375 0.38055555555555554 0.022395833333333334 0.03888888888888889
0 0.1609375 0.8185185185185185 0.026041666666666668 0.044444444444444446
0 0.3375 0.6851851851851852 0.025 0.044444444444444446
0 0.14583333333333334 0.7870370370370371 0.027083333333333334 0.046296296296296294
0 0.6510416666666666 0.45416666666666666 0.022916666666666665 0.03981481481481482
0 0.5671875 0.5898148148148148 0.022916666666666665 0.03888888888888889
0 0.42473958333333334 0.21388888888888888 0.022395833333333334 0.03888888888888889
0 0.11822916666666666 0.6615740740740741 0.026041666666666668 0.04351851851851852
0 0.3614583333333333 0.7180555555555556 0.023958333333333335 0.041666666666666664
0 0.6067708333333334 0.2800925925925926 0.023958333333333335 0.03981481481481482
0 0.6583333333333333 0.2388888888888889 0.022916666666666665 0.040740740740740744
0 0.6794270833333333 0.2953703703703704 0.022395833333333334 0.037037037037037035
0 0.6072916666666667 0.2375 0.022916666666666665 0.03981481481481482
0 0.6520833333333333 0.30787037037037035 0.021875 0.03796296296296296
0 0.51796875 0.5722222222222222 0.0234375 0.040740740740740744
0 0.6229166666666667 0.5458333333333333 0.023958333333333335 0.041666666666666664
0 0.6856770833333333 0.3578703703703704 0.0234375 0.041666666666666664
0 0.33671875 0.25416666666666665 0.022395833333333334 0.03796296296296296
0 0.15 0.38935185185185184 0.023958333333333335 0.03981481481481482
0 0.33880208333333334 0.7416666666666667 0.024479166666666666 0.04259259259259259
0 0.14010416666666667 0.35138888888888886 0.022916666666666665 0.03796296296296296
0 0.6932291666666667 0.43425925925925923 0.022916666666666665 0.040740740740740744
0 0.6296875 0.4671296296296296 0.023958333333333335 0.041666666666666664
0 0.13229166666666667 0.7467592592592592 0.027083333333333334 0.04537037037037037
0 0.378125 0.20694444444444443 0.021875 0.03796296296296296
0 0.58125 0.6101851851851852 0.023958333333333335 0.03888888888888889
0 0.37552083333333336 0.5777777777777777 0.021875 0.040740740740740744
0 0.4796875 0.37175925925925923 0.022916666666666665 0.03796296296296296
0 0.6989583333333333 0.2722222222222222 0.022916666666666665 0.03888888888888889
0 0.6466145833333333 0.34444444444444444 0.022395833333333334 0.03888888888888889
0 0.7151041666666667 0.3013888888888889 0.023958333333333335 0.041666666666666664
0 0.24296875 0.4074074074074074 0.024479166666666666 0.040740740740740744
0 0.2911458333333333 0.7611111111111111 0.025 0.044444444444444446
0 0.67109375 0.4185185185185185 0.0234375 0.040740740740740744
0 0.5708333333333333 0.6865740740740741 0.025 0.04351851851851852
0 0.26953125 0.8236111111111111 0.025520833333333333 0.04537037037037037
0 0.15078125 0.6888888888888889 0.0265625 0.044444444444444446
0 0.6046875 0.4703703703703704 0.023958333333333335 0.04259259259259259
0 0.22916666666666666 0.12638888888888888 0.021875 0.03796296296296296
0 0.5481770833333334 0.39675925925925926 0.0234375 0.041666666666666664
0 0.24583333333333332 0.8583333333333333 0.027083333333333334 0.046296296296296294
0 0.5450520833333333 0.6069444444444444 0.024479166666666666 0.041666666666666664
0 0.18307291666666667 0.6356481481481482 0.0265625 0.04351851851851852
0 0.4166666666666667 0.6439814814814815 0.023958333333333335 0.041666666666666664
0 0.09401041666666667 0.6902777777777778 0.0265625 0.04351851851851852
0 0.175 0.8712962962962963 0.026041666666666668 0.046296296296296294
0 0.3059895833333333 0.7912037037037037 0.025520833333333333 0.04351851851851852
0 0.5700520833333333 0.6453703703703704 0.024479166666666666 0.040740740740740744
0 0.6940104166666666 0.32314814814814813 0.022395833333333334 0.03888888888888889
0 0.30546875 0.7134259259259259 0.024479166666666666 0.04351851851851852
0 0.20598958333333334 0.7680555555555556 0.025520833333333333 0.04351851851851852
0 0.17994791666666668 0.5944444444444444 0.025520833333333333 0.040740740740740744
0 0.6760416666666667 0.4597222222222222 0.025 0.041666666666666664
0 0.4744791666666667 0.6106481481481482 0.023958333333333335 0.03981481481481482
0 0.6135416666666667 0.7069444444444445 0.023958333333333335 0.04537037037037037
0 0.17109375 0.2935185185185185 0.024479166666666666 0.03888888888888889
0 0.7091145833333333 0.3560185185185185 0.0234375 0.041666666666666664
0 0.47630208333333335 0.6518518518518519 0.025520833333333333 0.04259259259259259
0 0.62265625 0.4097222222222222 0.024479166666666666 0.041666666666666664
0 0.5901041666666667 0.7097222222222223 0.023958333333333335 0.04537037037037037
0 0.16510416666666666 0.44166666666666665 0.025 0.040740740740740744
0 0.10807291666666667 0.6148148148148148 0.024479166666666666 0.04259259259259259
0 0.121875 0.41944444444444445 0.025 0.040740740740740744
0 0.6333333333333333 0.6856481481481481 0.025 0.04537037037037037
0 0.24739583333333334 0.14351851851851852 0.021875 0.03888888888888889
0 0.6588541666666666 0.18611111111111112 0.022916666666666665 0.040740740740740744
0 0.5395833333333333 0.2388888888888889 0.021875 0.03888888888888889
0 0.6822916666666666 0.2175925925925926 0.022916666666666665 0.040740740740740744
0 0.38723958333333336 0.6898148148148148 0.024479166666666666 0.04259259259259259
0 0.21171875 0.7069444444444445 0.0265625 0.04537037037037037
0 0.63203125 0.15555555555555556 0.022395833333333334 0.03888888888888889
0 0.6130208333333333 0.35 0.022916666666666665 0.040740740740740744
0 0.55 0.28194444444444444 0.022916666666666665 0.03981481481481482
0 0.58046875 0.2 0.022395833333333334 0.03888888888888889
0 0.15026041666666667 0.862037037037037 0.0265625 0.046296296296296294
0 0.24921875 0.6810185185185185 0.025520833333333333 0.04351851851851852
0 0.6276041666666666 0.8356481481481481 0.026041666666666668 0.04722222222222222
0 0.7302083333333333 0.2638888888888889 0.025 0.040740740740740744
0 0.7106770833333333 0.23796296296296296 0.0234375 0.040740740740740744
0 0.08359375 0.6217592592592592 0.025520833333333333 0.04351851851851852
0 0.2828125 0.5523148148148148 0.025 0.04351851851851852
0 0.25 0.6125 0.025 0.04351851851851852
0 0.31015625 0.3162037037037037 0.0234375 0.03981481481481482
0 0.3067708333333333 0.8495370370370371 0.027083333333333334 0.04722222222222222
0 0.73125 0.3421296296296296 0.025 0.041666666666666664
0 0.09192708333333334 0.7388888888888889 0.028645833333333332 0.046296296296296294
0 0.6046875 0.8115740740740741 0.026041666666666668 0.04722222222222222
0 0.19427083333333334 0.5083333333333333 0.025 0.04259259259259259
0 0.5046875 0.20046296296296295 0.021875 0.03796296296296296
0 0.25104166666666666 0.9023148148148148 0.027083333333333334 0.04722222222222222
0 0.23020833333333332 0.3050925925925926 0.023958333333333335 0.03981481481481482
0 0.6716145833333333 0.7981481481481482 0.0265625 0.04814814814814815
0 0.5799479166666667 0.8356481481481481 0.0265625 0.04722222222222222
0 0.471875 0.16296296296296298 0.020833333333333332 0.037037037037037035
0 0.6393229166666666 0.788425925925926 0.0265625 0.04722222222222222
0 0.19036458333333334 0.9041666666666667 0.027604166666666666 0.04722222222222222
0 0.1296875 0.5527777777777778 0.026041666666666668 0.04259259259259259
0 0.10833333333333334 0.4708333333333333 0.026041666666666668 0.041666666666666664
0 0.6013020833333333 0.861574074074074 0.0265625 0.04722222222222222
0 0.1234375 0.2763888888888889 0.023958333333333335 0.03981481481481482
0 0.19817708333333334 0.20925925925925926 0.0234375 0.03888888888888889
0 0.33046875 0.16435185185185186 0.022395833333333334 0.03981481481481482
0 0.6911458333333333 0.7523148148148148 0.027083333333333334 0.04722222222222222
0 0.54296875 0.12268518518518519 0.021354166666666667 0.03796296296296296
0 0.6205729166666667 0.08657407407407407 0.022395833333333334 0.03796296296296296
0 0.36744791666666665 0.10092592592592593 0.022395833333333334 0.03888888888888889
0 0.7408854166666666 0.16944444444444445 0.024479166666666666 0.040740740740740744
0 0.6934895833333333 0.6273148148148148 0.0265625 0.04537037037037037
0 0.77890625 0.4 0.0265625 0.04259259259259259
0 0.78359375 0.5875 0.027604166666666666 0.04537037037037037
0 0.4185 0.5651203703703704 0.025744791666666666 0.04186111111111111
0 0.39589583333333334 0.5441851851851852 0.023234374999999998 0.04241666666666667
0 0.37533333333333335 0.5374907407407408 0.024177083333333335 0.041305555555555554
0 0.46041666666666664 0.547537037037037 0.024177083333333335 0.04687962962962963
0 0.4899270833333333 0.5511666666666667 0.023546875000000002 0.039629629629629626
0 0.43419791666666663 0.41609259259259257 0.023234374999999998 0.04409259259259259
0 0.421484375 0.3742314814814815 0.025432291666666666 0.04409259259259259
0 0.39040104166666667 0.37144444444444447 0.022916666666666665 0.040740740740740744
0 0.351 0.4398148148148148 0.023234374999999998 0.04353703703703704
0 0.48709895833333333 0.4788888888888889 0.023546875000000002 0.04241666666666667
0 0.488359375 0.42530555555555555 0.023546875000000002 0.04576851851851852
0 0.5038958333333333 0.4526574074074074 0.021979166666666668 0.040185185185185185
0 0.5255625 0.45013888888888887 0.023859375000000002 0.040740740740740744
0 0.3903385416666667 0.30189814814814814 0.023078125 0.039370370370370375