0 0.35911458333333335 0.23657407407407408 0.021354166666666667 0.03611111111111111
0 0.5533854166666666 0.5166666666666667 0.022395833333333334 0.03888888888888889
0 0.31328125 0.5375 0.0234375 0.041666666666666664
0 0.5265625 0.5055555555555555 0.021875 0.03888888888888889
0 0.3333333333333333 0.6291666666666667 0.022916666666666665 0.041666666666666664
0 0.5786458333333333 0.25324074074074077 0.021875 0.03981481481481482
0 0.33229166666666665 0.6828703703703703 0.022916666666666665 0.041666666666666664
0 0.33177083333333335 0.7245370370370371 0.023958333333333335 0.041666666666666664
0 0.5356770833333333 0.27175925925925926 0.021354166666666667 0.03796296296296296
0 0.3536458333333333 0.7055555555555556 0.023958333333333335 0.04259259259259259
0 0.6106770833333334 0.41712962962962963 0.022395833333333334 0.03796296296296296
0 0.31171875 0.7509259259259259 0.024479166666666666 0.04259259259259259
0 0.40963541666666664 0.6412037037037037 0.0234375 0.041666666666666664
0 0.5046875 0.5027777777777778 0.021875 0.03888888888888889
0 0.5958333333333333 0.2800925925925926 0.021875 0.03981481481481482
0 0.3338541666666667 0.20925925925925926 0.020833333333333332 0.03518518518518519
0 0.61953125 0.26064814814814813 0.022395833333333334 0.03981481481481482
0 0.6028645833333334 0.23796296296296296 0.022395833333333334 0.03888888888888889
0 0.45598958333333334 0.5805555555555556 0.022395833333333334 0.03888888888888889
0 0.58671875 0.674537037037037 0.024479166666666666 0.041666666666666664
0 0.31536458333333334 0.6592592592592592 0.024479166666666666 0.04259259259259259
0 0.35651041666666666 0.20185185185185187 0.021354166666666667 0.037037037037037035
0 0.3890625 0.6282407407407408 0.022916666666666665 0.041666666666666664
0 0.5622395833333333 0.4134259259259259 0.022395833333333334 0.03981481481481482
0 0.5661458333333333 0.4861111111111111 0.021875 0.03888888888888889
0 0.3385416666666667 0.24212962962962964 0.021875 0.03796296296296296
0 0.5825520833333333 0.5898148148148148 0.022395833333333334 0.03888888888888889
0 0.29583333333333334 0.5083333333333333 0.023958333333333335 0.040740740740740744
0 0.30520833333333336 0.7069444444444445 0.022916666666666665 0.04351851851851852
0 0.35104166666666664 0.6537037037037037 0.023958333333333335 0.04259259259259259
0 0.37734375 0.7125 0.0234375 0.03981481481481482
0 0.3723958333333333 0.675 0.023958333333333335 0.04259259259259259
0 0.33697916666666666 0.762962962962963 0.025 0.044444444444444446
0 0.54375 0.5814814814814815 0.023958333333333335 0.03888888888888889
0 0.4640625 0.5282407407407408 0.022916666666666665 0.03981481481481482
0 0.3776041666666667 0.16898148148148148 0.020833333333333332 0.03796296296296296
0 0.39895833333333336 0.6944444444444444 0.023958333333333335 0.040740740740740744
0 0.48151041666666666 0.49953703703703706 0.022395833333333334 0.03796296296296296
0 0.50859375 0.5398148148148149 0.022395833333333334 0.03888888888888889
0 0.5794270833333334 0.4537037037037037 0.022395833333333334 0.040740740740740744
0 0.5111979166666667 0.25833333333333336 0.021354166666666667 0.03888888888888889
0 0.52109375 0.3925925925925926 0.0234375 0.03888888888888889
0 0.42942708333333335 0.587037037037037 0.022395833333333334 0.03888888888888889
0 0.49557291666666664 0.4671296296296296 0.021354166666666667 0.03796296296296296
0 0.37161458333333336 0.6037037037037037 0.0234375 0.04259259259259259
0 0.3997395833333333 0.16898148148148148 0.021354166666666667 0.03796296296296296
0 0.5640625 0.5675925925925925 0.022916666666666665 0.03888888888888889
0 0.6627604166666666 0.24722222222222223 0.022395833333333334 0.03888888888888889
0 0.3299479166666667 0.5768518518518518 0.0234375 0.04259259259259259
0 0.5364583333333334 0.5402777777777777 0.023958333333333335 0.03796296296296296
0 0.5177083333333333 0.4689814814814815 0.021875 0.03981481481481482
0 0.30755208333333334 0.6023148148148149 0.0234375 0.041666666666666664
0 0.18385416666666668 0.7847222222222222 0.025 0.04537037037037037
0 0.6036458333333333 0.4537037037037037 0.022916666666666665 0.03888888888888889
0 0.5536458333333333 0.1935185185185185 0.020833333333333332 0.037037037037037035
0 0.5309895833333333 0.32685185185185184 0.022395833333333334 0.03888888888888889
0 0.22994791666666667 0.7810185185185186 0.025520833333333333 0.04537037037037037
0 0.20833333333333334 0.8092592592592592 0.023958333333333335 0.04259259259259259
0 0.20598958333333334 0.7666666666666667 0.025520833333333333 0.044444444444444446
0 0.5388020833333333 0.43194444444444446 0.0234375 0.03981481481481482
0 0.5557291666666667 0.3023148148148148 0.021875 0.03981481481481482
0 0.5729166666666666 0.5333333333333333 0.023958333333333335 0.04259259259259259
0 0.60859375 0.20277777777777778 0.021354166666666667 0.03888888888888889
0 0.3515625 0.1685185185185185 0.021875 0.03888888888888889
0 0.37786458333333334 0.2064814814814815 0.021354166666666667 0.037037037037037035
0 0.5442708333333334 0.48194444444444445 0.021875 0.03981481481481482
0 0.165625 0.7550925925925925 0.026041666666666668 0.04537037037037037
0 0.14609375 0.7861111111111111 0.0265625 0.046296296296296294
0 0.35963541666666665 0.7462962962962963 0.024479166666666666 0.04259259259259259
0 0.5630208333333333 0.37453703703703706 0.022916666666666665 0.03981481481481482
0 0.23125 0.825462962962963 0.026041666666666668 0.04537037037037037
0 0.5192708333333333 0.3574074074074074 0.022916666666666665 0.03888888888888889
0 0.1859375 0.8268518518518518 0.026041666666666668 0.046296296296296294
0 0.45625 0.6199074074074075 0.023958333333333335 0.041666666666666664
0 0.6559895833333333 0.2111111111111111 0.0234375 0.03888888888888889
0 0.2877604166666667 0.7462962962962963 0.0234375 0.04259259259259259
0 0.6604166666666667 0.3060185185185185 0.022916666666666665 0.03981481481481482
0 0.6888020833333334 0.2324074074074074 0.0234375 0.03888888888888889
0 0.12265625 0.7023148148148148 0.0265625 0.04351851851851852
0 0.16197916666666667 0.8148148148148148 0.026041666666666668 0.044444444444444446
0 0.4453125 0.5481481481481482 0.022916666666666665 0.040740740740740744
0 0.59453125 0.5481481481481482 0.024479166666666666 0.04259259259259259
0 0.25234375 0.7972222222222223 0.025520833333333333 0.044444444444444446
0 0.28229166666666666 0.5449074074074074 0.022916666666666665 0.041666666666666664
0 0.5963541666666666 0.48935185185185187 0.022916666666666665 0.03981481481481482
0 0.5763020833333333 0.31296296296296294 0.022395833333333334 0.040740740740740744
0 0.6096354166666667 0.6865740740740741 0.024479166666666666 0.04351851851851852
0 0.29635416666666664 0.7851851851851852 0.026041666666666668 0.044444444444444446
0 0.3875 0.5736111111111111 0.022916666666666665 0.03981481481481482
0 0.5645833333333333 0.6111111111111112 0.023958333333333335 0.040740740740740744
0 0.6322916666666667 0.18425925925925926 0.021875 0.03888888888888889
0 0.565625 0.6518518518518519 0.023958333333333335 0.040740740740740744
0 0.6252604166666667 0.4638888888888889 0.022395833333333334 0.03888888888888889
0 0.43125 0.624537037037037 0.022916666666666665 0.04351851851851852
0 0.61640625 0.2949074074074074 0.022395833333333334 0.03796296296296296
0 0.44427083333333334 0.5078703703703704 0.022916666666666665 0.03981481481481482
0 0.67734375 0.1962962962962963 0.022395833333333334 0.03888888888888889
0 0.58671875 0.7185185185185186 0.025520833333333333 0.04259259259259259
0 0.5893229166666667 0.4111111111111111 0.0234375 0.040740740740740744
0 0.31223958333333335 0.2222222222222222 0.022395833333333334 0.03518518518518519
0 0.5859375 0.6305555555555555 0.023958333333333335 0.04259259259259259
0 0.59453125 0.33425925925925926 0.022395833333333334 0.040740740740740744
0 0.6247395833333333 0.65 0.024479166666666666 0.044444444444444446
0 0.6609375 0.4236111111111111 0.022916666666666665 0.03796296296296296
0 0.20390625 0.8527777777777777 0.025520833333333333 0.044444444444444446
0 0.11822916666666666 0.6597222222222222 0.026041666666666668 0.04351851851851852
0 0.3234375 0.18055555555555555 0.021875 0.037037037037037035
0 0.7036458333333333 0.35185185185185186 0.023958333333333335 0.03888888888888889
0 0.27057291666666666 0.7231481481481481 0.025520833333333333 0.044444444444444446
0 0.6833333333333333 0.2675925925925926 0.023958333333333335 0.040740740740740744
0 0.5794270833333334 0.17592592592592593 0.022395833333333334 0.03888888888888889
0 0.596875 0.7625 0.025 0.04351851851851852
0 0.6346354166666667 0.5888888888888889 0.024479166666666666 0.04259259259259259
0 0.17161458333333332 0.33935185185185185 0.024479166666666666 0.03981481481481482
0 0.31328125 0.25833333333333336 0.0234375 0.03888888888888889
0 0.42161458333333335 0.674537037037037 0.025520833333333333 0.04351851851851852
0 0.6182291666666667 0.09351851851851851 0.021875 0.03888888888888889
0 0.49322916666666666 0.2824074074074074 0.022916666666666665 0.03888888888888889
0 0.5052083333333334 0.20694444444444443 0.021875 0.03796296296296296
0 0.3958333333333333 0.7356481481481482 0.025 0.04351851851851852
0 0.5294270833333333 0.6138888888888889 0.024479166666666666 0.04259259259259259
0 0.13229166666666667 0.7444444444444445 0.027083333333333334 0.044444444444444446
0 0.6729166666666667 0.3925925925925926 0.022916666666666665 0.040740740740740744
0 0.6666666666666666 0.1476851851851852 0.021875 0.03796296296296296
0 0.09401041666666667 0.6884259259259259 0.0265625 0.04351851851851852
0 0.4140625 0.14351851851851852 0.021875 0.03888888888888889
0 0.6291666666666667 0.13287037037037036 0.021875 0.03796296296296296
0 0.6809895833333334 0.35694444444444445 0.0234375 0.03981481481481482
0 0.64375 0.33240740740740743 0.023958333333333335 0.04259259259259259
0 0.48463541666666665 0.5861111111111111 0.0234375 0.040740740740740744
0 0.15 0.38842592592592595 0.023958333333333335 0.03981481481481482
0 0.5661458333333333 0.6949074074074074 0.025 0.041666666666666664
0 0.6463541666666667 0.3925925925925926 0.022916666666666665 0.03888888888888889
0 0.2682291666666667 0.8226851851851852 0.026041666666666668 0.04722222222222222
0 0.14010416666666667 0.350462962962963 0.022916666666666665 0.03796296296296296
0 0.5322916666666667 0.19074074074074074 0.021875 0.03888888888888889
0 0.7075520833333333 0.2625 0.0234375 0.03796296296296296
0 0.24765625 0.8532407407407407 0.0265625 0.04537037037037037
0 0.6169270833333333 0.33287037037037037 0.022395833333333334 0.041666666666666664
0 0.22916666666666666 0.12777777777777777 0.021875 0.03888888888888889
0 0.6578125 0.36064814814814816 0.023958333333333335 0.041666666666666664
0 0.6838541666666667 0.32083333333333336 0.023958333333333335 0.03981481481481482
0 0.7002604166666667 0.19537037037037036 0.0234375 0.040740740740740744
0 0.10911458333333333 0.6111111111111112 0.025520833333333333 0.04259259259259259
0 0.6895833333333333 0.4236111111111111 0.023958333333333335 0.03981481481481482
0 0.7 0.2962962962962963 0.023958333333333335 0.040740740740740744
0 0.5158854166666667 0.30277777777777776 0.022395833333333334 0.03888888888888889
0 0.5828125 0.799074074074074 0.026041666666666668 0.044444444444444446
0 0.6236979166666666 0.8097222222222222 0.025520833333333333 0.04537037037037037
0 0.17135416666666667 0.29259259259259257 0.023958333333333335 0.03888888888888889
0 0.378125 0.2537037037037037 0.021875 0.03888888888888889
0 0.275 0.47962962962962963 0.023958333333333335 0.040740740740740744
0 0.47578125 0.45231481481481484 0.022395833333333334 0.03981481481481482
0 0.6966145833333334 0.387037037037037 0.0234375 0.040740740740740744
0 0.5786458333333333 0.10601851851851851 0.021875 0.03796296296296296
0 0.24739583333333334 0.14351851851851852 0.021875 0.03888888888888889
0 0.175 0.8699074074074075 0.026041666666666668 0.04537037037037037
0 0.12213541666666666 0.4185185185185185 0.025520833333333333 0.040740740740740744
0 0.4546875 0.1925925925925926 0.021875 0.03888888888888889
0 0.6513020833333333 0.45787037037037037 0.0234375 0.03981481481481482
0 0.15182291666666667 0.6828703703703703 0.0265625 0.04537037037037037
0 0.15026041666666667 0.8597222222222223 0.0265625 0.04537037037037037
0 0.6606770833333333 0.7810185185185186 0.0265625 0.04722222222222222
0 0.25625 0.611574074074074 0.025 0.04351851851851852
0 0.23619791666666667 0.687037037037037 0.025520833333333333 0.044444444444444446
0 0.08333333333333333 0.6194444444444445 0.025 0.044444444444444446
0 0.6375 0.42685185185185187 0.022916666666666665 0.03888888888888889
0 0.4822916666666667 0.2 0.021875 0.037037037037037035
0 0.6755208333333333 0.4537037037037037 0.023958333333333335 0.040740740740740744
0 0.0921875 0.7351851851851852 0.028125 0.046296296296296294
0 0.6578125 0.6050925925925926 0.025 0.04537037037037037
0 0.30703125 0.8361111111111111 0.0265625 0.046296296296296294
0 0.6359375 0.7675925925925926 0.026041666666666668 0.046296296296296294
0 0.25104166666666666 0.8976851851851851 0.027083333333333334 0.04722222222222222
0 0.19166666666666668 0.9 0.027083333333333334 0.04814814814814815
0 0.6346354166666667 0.5458333333333333 0.024479166666666666 0.041666666666666664
0 0.16510416666666666 0.4393518518518518 0.025 0.03981481481481482
0 0.72421875 0.3347222222222222 0.024479166666666666 0.041666666666666664
0 0.23046875 0.3037037037037037 0.024479166666666666 0.03888888888888889
0 0.10833333333333334 0.4689814814814815 0.026041666666666668 0.041666666666666664
0 0.1296875 0.5504629629629629 0.026041666666666668 0.041666666666666664
0 0.22708333333333333 0.5722222222222222 0.025 0.04259259259259259
0 0.7252604166666666 0.1685185185185185 0.024479166666666666 0.040740740740740744
0 0.1984375 0.20833333333333334 0.022916666666666665 0.03888888888888889
0 0.303125 0.31342592592592594 0.022916666666666665 0.03981481481481482
0 0.36796875 0.11018518518518519 0.022395833333333334 0.03888888888888889
0 0.12317708333333334 0.275 0.0234375 0.03888888888888889
0 0.6809895833333334 0.7356481481481482 0.0265625 0.04722222222222222
0 0.6002604166666666 0.8398148148148148 0.0265625 0.04814814814814815
0 0.26067708333333334 0.39814814814814814 0.024479166666666666 0.040740740740740744
0 0.7546875 0.4013888888888889 0.026041666666666668 0.04351851851851852
0 0.7434895833333334 0.5560185185185185 0.0265625 0.04537037037037037
0 0.3505520833333333 0.5934537037037036 0.024374999999999997 0.045537037037037036
0 0.40591145833333336 0.5949259259259259 0.025203125 0.045537037037037036
0 0.46189583333333334 0.4829166666666666 0.023963541666666664 0.04333333333333333
0 0.48730208333333336 0.5368981481481482 0.023546875000000002 0.04260185185185185
0 0.5583385416666666 0.4527685185185185 0.024161458333333333 0.04527777777777778
0 0.5438072916666666 0.39472222222222225 0.025140625000000003 0.0417962962962963
0 0.544296875 0.3590185185185185 0.023510416666666666 0.04353703703703704
0 0.5585 0.26411111111111113 0.02253125 0.0417962962962963
0 0.523890625 0.22522222222222224 0.023182291666666667 0.040629629629629634
0 0.5436458333333333 0.24031481481481484 0.023510416666666666 0.040629629629629634
0 0.5637239583333333 0.22870370370370371 0.021875 0.0417962962962963
0 0.5842968749999999 0.21825925925925926 0.023182291666666667 0.038314814814814815
0 0.6384947916666667 0.29720370370370375 0.02383333333333333 0.0417962962962963
0 0.6412708333333333 0.25801851851851854 0.024161458333333333 0.04237037037037037
0 0.6350677083333333 0.22406481481481483 0.02285416666666667 0.0417962962962963
0 0.6541666666666667 0.17791666666666667 0.023182291666666667 0.04121296296296296