0 0.6231770833333333 0.8069444444444445 0.025520833333333333 0.04537037037037037
0 0.6794270833333333 0.7319444444444444 0.0265625 0.04537037037037037
0 0.5869791666666667 0.6736111111111112 0.023958333333333335 0.041666666666666664
0 0.6352083333333333 0.2181574074074074 0.022296875 0.04187037037037037
0 0.6528645833333333 0.17777777777777778 0.021354166666666667 0.037037037037037035
0 0.6661458333333333 0.1486111111111111 0.021875 0.03796296296296296
0 0.6002604166666666 0.8361111111111111 0.027604166666666666 0.04814814814814815
0 0.62734375 0.1310185185185185 0.021354166666666667 0.03611111111111111
0 0.6778645833333333 0.31527777777777777 0.022395833333333334 0.03796296296296296
0 0.57890625 0.10601851851851851 0.021354166666666667 0.03796296296296296
0 0.24895833333333334 0.8518518518518519 0.026041666666666668 0.044444444444444446
0 0.16692708333333334 0.7541666666666667 0.025520833333333333 0.04351851851851852
0 0.1765625 0.8685185185185185 0.026041666666666668 0.044444444444444446
0 0.21067708333333332 0.8069444444444445 0.024479166666666666 0.04351851851851852
0 0.5091145833333334 0.19583333333333333 0.0203125 0.03611111111111111
0 0.153125 0.8578703703703704 0.026041666666666668 0.04537037037037037
0 0.18385416666666668 0.7833333333333333 0.026041666666666668 0.044444444444444446
0 0.18723958333333332 0.825925925925926 0.025520833333333333 0.044444444444444446
0 0.365625 0.7050925925925926 0.023958333333333335 0.04351851851851852
0 0.5481770833333334 0.5037037037037037 0.022395833333333334 0.03888888888888889
0 0.6971354166666667 0.29583333333333334 0.0234375 0.03981481481481482
0 0.5390625 0.537962962962963 0.021875 0.037037037037037035
0 0.3888020833333333 0.7018518518518518 0.0234375 0.04259259259259259
0 0.4473958333333333 0.6375 0.022916666666666665 0.03981481481481482
0 0.55390625 0.2671296296296296 0.0203125 0.03611111111111111
0 0.4234375 0.6625 0.022916666666666665 0.041666666666666664
0 0.53046875 0.2675925925925926 0.021354166666666667 0.037037037037037035
0 0.5940104166666667 0.2361111111111111 0.021354166666666667 0.037037037037037035
0 0.61484375 0.23148148148148148 0.021354166666666667 0.03888888888888889
0 0.5247395833333334 0.5092592592592593 0.022395833333333334 0.037037037037037035
0 0.5828125 0.7888888888888889 0.026041666666666668 0.044444444444444446
0 0.5627604166666667 0.5337962962962963 0.022395833333333334 0.03981481481481482
0 0.61796875 0.09351851851851851 0.021354166666666667 0.037037037037037035
0 0.68046875 0.2657407407407407 0.022395833333333334 0.03888888888888889
0 0.4933385416666667 0.45917592592592593 0.023130208333333332 0.04427777777777778
0 0.5223958333333333 0.4398148148148148 0.021875 0.037037037037037035
0 0.5526041666666667 0.18888888888888888 0.020833333333333332 0.03518518518518519
0 0.5666666666666667 0.6509259259259259 0.023958333333333335 0.040740740740740744
0 0.20494791666666667 0.850925925925926 0.025520833333333333 0.044444444444444446
0 0.48098958333333336 0.25416666666666665 0.021354166666666667 0.03611111111111111
0 0.4583333333333333 0.4550925925925926 0.021875 0.03796296296296296
0 0.5109375 0.4787037037037037 0.021875 0.03888888888888889
0 0.6859375 0.23055555555555557 0.022916666666666665 0.03888888888888889
0 0.2328125 0.8217592592592593 0.026041666666666668 0.04351851851851852
0 0.5622395833333333 0.6111111111111112 0.0234375 0.040740740740740744
0 0.5088541666666667 0.26064814814814813 0.020833333333333332 0.03796296296296296
0 0.5333333333333333 0.4759259259259259 0.021875 0.037037037037037035
0 0.6604166666666667 0.7773148148148148 0.026041666666666668 0.04722222222222222
0 0.6356770833333333 0.7643518518518518 0.025520833333333333 0.04537037037037037
0 0.26666666666666666 0.2884259259259259 0.022916666666666665 0.03796296296296296
0 0.16328125 0.8138888888888889 0.025520833333333333 0.044444444444444446
0 0.5651041666666666 0.5736111111111111 0.022916666666666665 0.03981481481481482
0 0.7049479166666667 0.2611111111111111 0.0234375 0.037037037037037035
0 0.5169270833333334 0.40185185185185185 0.022395833333333334 0.03888888888888889
0 0.48020833333333335 0.21805555555555556 0.020833333333333332 0.03611111111111111
0 0.34453125 0.2587962962962963 0.021354166666666667 0.03796296296296296
0 0.23072916666666668 0.36018518518518516 0.021875 0.037037037037037035
0 0.23333333333333334 0.5828703703703704 0.023958333333333335 0.03981481481481482
0 0.4354166666666667 0.5833333333333334 0.022916666666666665 0.040740740740740744
0 0.14765625 0.7847222222222222 0.0265625 0.04537037037037037
0 0.42890625 0.21342592592592594 0.0203125 0.03425925925925926
0 0.4276041666666667 0.6236111111111111 0.021875 0.03796296296296296
0 0.52265625 0.3337962962962963 0.022395833333333334 0.03796296296296296
0 0.45755208333333336 0.600925925925926 0.022395833333333334 0.03888888888888889
0 0.28125 0.6601851851851852 0.025 0.04259259259259259
0 0.24348958333333334 0.6203703703703703 0.024479166666666666 0.040740740740740744
0 0.47161458333333334 0.4842592592592593 0.021354166666666667 0.037037037037037035
0 0.47682291666666665 0.42962962962962964 0.022395833333333334 0.03888888888888889
0 0.58515625 0.6231481481481481 0.0234375 0.040740740740740744
0 0.6765625 0.1986111111111111 0.021875 0.03796296296296296
0 0.6310989583333334 0.18362037037037038 0.022609374999999998 0.039462962962962964
0 0.28229166666666666 0.21435185185185185 0.021875 0.03611111111111111
0 0.2559895833333333 0.5666666666666667 0.0234375 0.03888888888888889
0 0.6692708333333334 0.35 0.022916666666666665 0.03888888888888889
0 0.6455729166666667 0.35509259259259257 0.022395833333333334 0.03796296296296296
0 0.44244791666666666 0.2861111111111111 0.021354166666666667 0.037037037037037035
0 0.29453125 0.5657407407407408 0.0234375 0.040740740740740744
0 0.13385416666666666 0.7425925925925926 0.026041666666666668 0.044444444444444446
0 0.2830729166666667 0.6018518518518519 0.0234375 0.03888888888888889
0 0.4552083333333333 0.5611111111111111 0.022916666666666665 0.03888888888888889
0 0.36666666666666664 0.6055555555555555 0.022916666666666665 0.03888888888888889
0 0.25755208333333335 0.6712962962962963 0.024479166666666666 0.04259259259259259
0 0.12369791666666667 0.7018518518518518 0.0265625 0.044444444444444446
0 0.25625 0.22546296296296298 0.020833333333333332 0.03611111111111111
0 0.5354166666666667 0.30462962962962964 0.020833333333333332 0.037037037037037035
0 0.11953125 0.6587962962962963 0.025520833333333333 0.04351851851851852
0 0.34661458333333334 0.5787037037037037 0.0234375 0.03888888888888889
0 0.5880208333333333 0.5787037037037037 0.023958333333333335 0.04259259259259259
0 0.17317708333333334 0.33935185185185185 0.0234375 0.03796296296296296
0 0.31223958333333335 0.6537037037037037 0.024479166666666666 0.04259259259259259
0 0.3260416666666667 0.16203703703703703 0.021875 0.03888888888888889
0 0.48359375 0.2902777777777778 0.021354166666666667 0.03796296296296296
0 0.48411458333333335 0.5291666666666667 0.022395833333333334 0.03796296296296296
0 0.21953125 0.5518518518518518 0.024479166666666666 0.040740740740740744
0 0.38125 0.637962962962963 0.021875 0.03888888888888889
0 0.6989583333333333 0.19675925925925927 0.022916666666666665 0.03981481481481482
0 0.24505208333333334 0.300462962962963 0.021354166666666667 0.03611111111111111
0 0.24583333333333332 0.2587962962962963 0.021875 0.03796296296296296
0 0.6526041666666667 0.6027777777777777 0.025 0.04259259259259259
0 0.46197916666666666 0.5217592592592593 0.021875 0.03796296296296296
0 0.5125 0.36527777777777776 0.021875 0.03796296296296296
0 0.10989583333333333 0.6106481481481482 0.025 0.041666666666666664
0 0.6221354166666667 0.6462962962962963 0.024479166666666666 0.04259259259259259
0 0.27447916666666666 0.5407407407407407 0.023958333333333335 0.040740740740740744
0 0.61015625 0.6837962962962963 0.0234375 0.041666666666666664
0 0.44583333333333336 0.4898148148148148 0.021875 0.03888888888888889
0 0.35494791666666664 0.6467592592592593 0.0234375 0.041666666666666664
0 0.15651041666666668 0.44722222222222224 0.0234375 0.03888888888888889
0 0.15078125 0.3888888888888889 0.0234375 0.03888888888888889
0 0.31958854166666667 0.5860277777777777 0.02459375 0.04242592592592593
0 0.24427083333333333 0.5351851851851852 0.023958333333333335 0.040740740740740744
0 0.3953125 0.6041666666666666 0.022916666666666665 0.03796296296296296
0 0.24895833333333334 0.33611111111111114 0.020833333333333332 0.03518518518518519
0 0.26666666666666666 0.6314814814814815 0.022916666666666665 0.040740740740740744
0 0.203125 0.31342592592592594 0.022916666666666665 0.03796296296296296
0 0.5778645833333333 0.175 0.021354166666666667 0.037037037037037035
0 0.5119791666666667 0.5412037037037037 0.021875 0.03611111111111111
0 0.41744791666666664 0.17546296296296296 0.0203125 0.03796296296296296
0 0.230890625 0.44380555555555556 0.024281249999999997 0.039462962962962964
0 0.36041666666666666 0.19722222222222222 0.020833333333333332 0.037037037037037035
0 0.20208333333333334 0.38055555555555554 0.022916666666666665 0.03888888888888889
0 0.5869791666666667 0.7138888888888889 0.023958333333333335 0.04259259259259259
0 0.35989583333333336 0.23148148148148148 0.020833333333333332 0.037037037037037035
0 0.21276041666666667 0.4699074074074074 0.022395833333333334 0.03796296296296296
0 0.09557291666666666 0.6875 0.025520833333333333 0.04351851851851852
0 0.30494791666666665 0.27361111111111114 0.022395833333333334 0.03796296296296296
0 0.30390625 0.6152777777777778 0.022395833333333334 0.03981481481481482
0 0.26796875 0.35138888888888886 0.0234375 0.03796296296296296
0 0.5661458333333333 0.6907407407407408 0.023958333333333335 0.04259259259259259
0 0.21901041666666668 0.5055555555555555 0.024479166666666666 0.040740740740740744
0 0.48046875 0.6013888888888889 0.0234375 0.03796296296296296
0 0.28958333333333336 0.24768518518518517 0.021875 0.03611111111111111
0 0.21015625 0.42777777777777776 0.021354166666666667 0.037037037037037035
0 0.15286458333333333 0.6819444444444445 0.025520833333333333 0.04351851851851852
0 0.5901041666666667 0.2722222222222222 0.021875 0.03888888888888889
0 0.478125 0.3921296296296296 0.021875 0.03796296296296296
0 0.24192708333333332 0.40925925925925927 0.0234375 0.03888888888888889
0 0.30833333333333335 0.22777777777777777 0.021875 0.037037037037037035
0 0.315625 0.3175925925925926 0.022916666666666665 0.03888888888888889
0 0.39609375 0.1814814814814815 0.021354166666666667 0.037037037037037035
0 0.5572916666666666 0.3055555555555556 0.020833333333333332 0.03888888888888889
0 0.30104166666666665 0.1962962962962963 0.021875 0.037037037037037035
0 0.19947916666666668 0.20925925925925926 0.022916666666666665 0.03888888888888889
0 0.5994791666666667 0.7532407407407408 0.025 0.04537037037037037
0 0.2513020833333333 0.37592592592592594 0.022395833333333334 0.037037037037037035
0 0.23932291666666666 0.7523148148148148 0.0265625 0.04537037037037037
0 0.33521354166666667 0.614824074074074 0.02459375 0.044472222222222225
0 0.3216145833333333 0.5453703703703704 0.0234375 0.03888888888888889
0 0.38125 0.22824074074074074 0.020833333333333332 0.03611111111111111
0 0.265625 0.40879629629629627 0.022916666666666665 0.03981481481481482
0 0.23619791666666667 0.47824074074074074 0.022395833333333334 0.03611111111111111
0 0.2559895833333333 0.45555555555555555 0.024479166666666666 0.040740740740740744
0 0.6497395833333334 0.5111111111111111 0.024479166666666666 0.04259259259259259
0 0.12447916666666667 0.275 0.023958333333333335 0.03888888888888889
0 0.6984375 0.35185185185185186 0.022916666666666665 0.03888888888888889
0 0.14088541666666668 0.350462962962963 0.022395833333333334 0.03796296296296296
0 0.09348958333333333 0.7337962962962963 0.027604166666666666 0.04537037037037037
0 0.6533854166666667 0.26851851851851855 0.022395833333333334 0.03888888888888889
0 0.5830729166666667 0.5175925925925926 0.0234375 0.040740740740740744
0 0.65546875 0.31574074074074077 0.022395833333333334 0.03888888888888889
0 0.390625 0.27685185185185185 0.021875 0.037037037037037035
0 0.4046875 0.637962962962963 0.021875 0.03888888888888889
0 0.17239583333333333 0.29259259259259257 0.023958333333333335 0.03888888888888889
0 0.17708333333333334 0.46805555555555556 0.025 0.03981481481481482
0 0.32760416666666664 0.7560185185185185 0.026041666666666668 0.04537037037037037
0 0.22994791666666667 0.1300925925925926 0.021354166666666667 0.03796296296296296
0 0.3072916666666667 0.8314814814814815 0.027083333333333334 0.046296296296296294
0 0.6296875 0.5861111111111111 0.023958333333333335 0.04259259259259259
0 0.19270833333333334 0.8976851851851851 0.027083333333333334 0.04722222222222222
0 0.603125 0.4152777777777778 0.022916666666666665 0.03981481481481482
0 0.24817708333333333 0.1449074074074074 0.021354166666666667 0.03796296296296296
0 0.7213541666666666 0.3337962962962963 0.023958333333333335 0.03981481481481482
0 0.68046875 0.3819444444444444 0.022395833333333334 0.03796296296296296
0 0.7234375 0.16805555555555557 0.022916666666666665 0.03981481481481482
0 0.5807291666666666 0.4101851851851852 0.021875 0.03888888888888889
0 0.459375 0.36018518518518516 0.021875 0.03888888888888889
0 0.62421875 0.3787037037037037 0.022395833333333334 0.03888888888888889
0 0.6294270833333333 0.43333333333333335 0.0234375 0.040740740740740744
0 0.12317708333333334 0.41805555555555557 0.024479166666666666 0.03981481481481482
0 0.65703125 0.38657407407407407 0.0234375 0.041666666666666664
0 0.13098958333333333 0.5509259259259259 0.025520833333333333 0.040740740740740744
0 0.2515625 0.8962962962962963 0.026041666666666668 0.046296296296296294
0 0.7307291666666667 0.549537037037037 0.026041666666666668 0.04351851851851852
0 0.28515625 0.3199074074074074 0.022395833333333334 0.03796296296296296
0 0.08489583333333334 0.6180555555555556 0.025 0.04351851851851852
0 0.35494791666666664 0.3384259259259259 0.022395833333333334 0.03981481481481482
0 0.38776041666666666 0.34814814814814815 0.022395833333333334 0.03888888888888889
0 0.10963541666666667 0.4685185185185185 0.025520833333333333 0.040740740740740744
0 0.7520833333333333 0.399537037037037 0.026041666666666668 0.041666666666666664
0 0.22667708333333333 0.28688888888888886 0.023234374999999998 0.037953703703703705
0 0.26717708333333334 0.2559074074074074 0.023859375000000002 0.039629629629629626
0 0.22793229166666668 0.32484259259259257 0.024489583333333335 0.040185185185185185
0 0.21050520833333333 0.3471666666666667 0.023546875000000002 0.037953703703703705
0 0.22275 0.3979537037037037 0.024177083333333335 0.04353703703703704
0 0.4985625 0.42195370370370366 0.024489583333333335 0.04241666666666667
0 0.4197552083333333 0.2480925925925926 0.021979166666666668 0.040740740740740744
0 0.44110416666666663 0.24641666666666667 0.021979166666666668 0.04186111111111111
0 0.45931770833333335 0.2600925925925926 0.023859375000000002 0.041305555555555554
0 0.45899999999999996 0.22353703703703703 0.022604166666666665 0.040740740740740744
0 0.5015416666666667 0.2299537037037037 0.022291666666666664 0.040185185185185185
0 0.522890625 0.22549074074074074 0.022916666666666665 0.041305555555555554
0 0.5313697916666666 0.19060185185185186 0.022916666666666665 0.040740740740740744
0 0.542359375 0.2408425925925926 0.022291666666666664 0.040740740740740744
0 0.56025 0.22298148148148147 0.022916666666666665 0.039629629629629626
0 0.5732812500000001 0.24921296296296294 0.022604166666666665 0.040740740740740744
0 0.5809739583333333 0.21209259259259258 0.023546875000000002 0.040185185185185185
0 0.603265625 0.2017685185185185 0.022291666666666664 0.039629629629629626
0 0.5150416666666666 0.29721296296296296 0.022916666666666665 0.04186111111111111