0 0.62265625 0.8050925925925926 0.025520833333333333 0.04537037037037037
0 0.6783854166666666 0.7319444444444444 0.0265625 0.04537037037037037
0 0.6760416666666667 0.3148148148148148 0.022916666666666665 0.03888888888888889
0 0.53515625 0.45925925925925926 0.022395833333333334 0.040740740740740744
0 0.5830729166666667 0.7851851851851852 0.025520833333333333 0.044444444444444446
0 0.6651041666666667 0.14722222222222223 0.021875 0.037037037037037035
0 0.6799479166666667 0.26481481481481484 0.022395833333333334 0.03888888888888889
0 0.47942708333333334 0.5106481481481482 0.021354166666666667 0.03796296296296296
0 0.5872395833333334 0.6689814814814815 0.024479166666666666 0.04351851851851852
0 0.5182291666666666 0.48703703703703705 0.021875 0.03888888888888889
0 0.46875 0.4777777777777778 0.020833333333333332 0.03888888888888889
0 0.6510416666666666 0.3162037037037037 0.022916666666666665 0.03981481481481482
0 0.659375 0.7763888888888889 0.026041666666666668 0.04722222222222222
0 0.3651041666666667 0.7037037037037037 0.023958333333333335 0.04259259259259259
0 0.3838697916666666 0.5011759259259259 0.02294791666666667 0.03939814814814815
0 0.33307291666666666 0.41574074074074074 0.022395833333333334 0.037037037037037035
0 0.70234375 0.2601851851851852 0.0234375 0.03888888888888889
0 0.496765625 0.41903703703703704 0.02373958333333333 0.041777777777777775
0 0.6950520833333333 0.29583333333333334 0.0234375 0.03981481481481482
0 0.4671875 0.5555555555555556 0.021875 0.03888888888888889
0 0.296875 0.44074074074074077 0.022916666666666665 0.03888888888888889
0 0.45651041666666664 0.4462962962962963 0.021354166666666667 0.037037037037037035
0 0.35130208333333335 0.48333333333333334 0.022395833333333334 0.040740740740740744
0 0.6346354166666667 0.762962962962963 0.025520833333333333 0.044444444444444446
0 0.4832239583333333 0.3882314814814815 0.022697916666666665 0.03942592592592593
0 0.41901041666666666 0.6125 0.022395833333333334 0.03981481481481482
0 0.5153645833333333 0.4444444444444444 0.022395833333333334 0.03888888888888889
0 0.39010416666666664 0.6981481481481482 0.023958333333333335 0.04259259259259259
0 0.3993854166666667 0.4745833333333333 0.023770833333333335 0.03989814814814815
0 0.2526041666666667 0.24074074074074073 0.021875 0.037037037037037035
0 0.46303125 0.37017592592592596 0.022963541666666667 0.041305555555555554
0 0.4822916666666667 0.3333333333333333 0.021875 0.03888888888888889
0 0.43697916666666664 0.5824074074074074 0.022916666666666665 0.040740740740740744
0 0.6515625 0.17731481481481481 0.021875 0.03796296296296296
0 0.684375 0.22916666666666666 0.022916666666666665 0.03796296296296296
0 0.5026041666666666 0.512962962962963 0.021875 0.037037037037037035
0 0.42266666666666663 0.40812037037037036 0.022411458333333335 0.040324074074074075
0 0.6515625 0.2675925925925926 0.021875 0.03888888888888889
0 0.4125 0.5064814814814815 0.021875 0.040740740740740744
0 0.6364583333333333 0.23425925925925925 0.021875 0.03888888888888889
0 0.5872395833333334 0.711574074074074 0.024479166666666666 0.04351851851851852
0 0.38359375 0.3773148148148148 0.022395833333333334 0.03981481481481482
0 0.24947916666666667 0.8481481481481481 0.026041666666666668 0.044444444444444446
0 0.5221354166666666 0.5291666666666667 0.022395833333333334 0.03796296296296296
0 0.25755208333333335 0.4759259259259259 0.0234375 0.03888888888888889
0 0.39947916666666666 0.6504629629629629 0.022916666666666665 0.03981481481481482
0 0.38723958333333336 0.2439814814814815 0.021354166666666667 0.03611111111111111
0 0.42526041666666664 0.47314814814814815 0.021354166666666667 0.03888888888888889
0 0.25104166666666666 0.8935185185185185 0.027083333333333334 0.04814814814814815
0 0.3115 0.5151018518518518 0.024041666666666666 0.04131481481481481
0 0.32934895833333333 0.4875740740740741 0.02432291666666667 0.04181481481481481
0 0.32578125 0.6615740740740741 0.0234375 0.041666666666666664
0 0.4231770833333333 0.6504629629629629 0.0234375 0.041666666666666664
0 0.35494791666666664 0.4065740740740741 0.022395833333333334 0.03981481481481482
0 0.42135416666666664 0.3398148148148148 0.021875 0.037037037037037035
0 0.45755208333333336 0.512962962962963 0.021354166666666667 0.037037037037037035
0 0.503125 0.11157407407407408 0.020833333333333332 0.03796296296296296
0 0.5111979166666667 0.3560185185185185 0.021354166666666667 0.03796296296296296
0 0.6096354166666667 0.6851851851851852 0.0234375 0.04259259259259259
0 0.44140625 0.6199074074074075 0.0234375 0.03981481481481482
0 0.53828125 0.5046296296296297 0.022395833333333334 0.037037037037037035
0 0.6442708333333333 0.35462962962962963 0.022916666666666665 0.03888888888888889
0 0.3963541666666667 0.612037037037037 0.022916666666666665 0.040740740740740744
0 0.40338541666666666 0.20462962962962963 0.0203125 0.037037037037037035
0 0.29973958333333334 0.6606481481481481 0.0234375 0.041666666666666664
0 0.30416666666666664 0.4060185185185185 0.021875 0.03611111111111111
0 0.4348958333333333 0.5125 0.021875 0.03796296296296296
0 0.43463541666666666 0.43796296296296294 0.021354166666666667 0.03888888888888889
0 0.3734375 0.4671296296296296 0.021875 0.03796296296296296
0 0.6661458333333333 0.350462962962963 0.021875 0.03796296296296296
0 0.25026041666666665 0.512962962962963 0.022395833333333334 0.03888888888888889
0 0.3255208333333333 0.24074074074074073 0.021875 0.037037037037037035
0 0.3697916666666667 0.6212962962962963 0.022916666666666665 0.040740740740740744
0 0.42213541666666665 0.5472222222222223 0.022395833333333334 0.03888888888888889
0 0.27369791666666665 0.5041666666666667 0.0234375 0.03981481481481482
0 0.5651041666666666 0.12407407407407407 0.021875 0.037037037037037035
0 0.39479166666666665 0.2824074074074074 0.020833333333333332 0.03518518518518519
0 0.2674479166666667 0.5449074074074074 0.0234375 0.03981481481481482
0 0.29921875 0.375 0.022395833333333334 0.03518518518518519
0 0.2140625 0.1439814814814815 0.022916666666666665 0.03981481481481482
0 0.31354166666666666 0.6259259259259259 0.022916666666666665 0.040740740740740744
0 0.5729166666666666 0.624537037037037 0.023958333333333335 0.041666666666666664
0 0.17708333333333334 0.4671296296296296 0.023958333333333335 0.03981481481481482
0 0.2596354166666667 0.6773148148148148 0.024479166666666666 0.041666666666666664
0 0.15 0.4009259259259259 0.023958333333333335 0.03888888888888889
0 0.6755208333333333 0.19768518518518519 0.021875 0.03796296296296296
0 0.6989583333333333 0.1962962962962963 0.022916666666666665 0.03888888888888889
0 0.55390625 0.48148148148148145 0.022395833333333334 0.03888888888888889
0 0.32473958333333336 0.5888888888888889 0.0234375 0.040740740740740744
0 0.15703125 0.44722222222222224 0.0234375 0.03888888888888889
0 0.6002604166666666 0.8333333333333334 0.027604166666666666 0.04814814814814815
0 0.37109375 0.12916666666666668 0.021354166666666667 0.03796296296296296
0 0.2721354166666667 0.3162037037037037 0.022395833333333334 0.03796296296296296
0 0.20260416666666667 0.5166666666666667 0.025 0.04259259259259259
0 0.46510416666666665 0.11805555555555555 0.020833333333333332 0.03796296296296296
0 0.5315104166666667 0.33425925925925926 0.021354166666666667 0.03888888888888889
0 0.26145833333333335 0.43703703703703706 0.023958333333333335 0.03888888888888889
0 0.6263020833333334 0.1935185185185185 0.021354166666666667 0.037037037037037035
0 0.28098958333333335 0.5800925925925926 0.0234375 0.041666666666666664
0 0.13098958333333333 0.549537037037037 0.025520833333333333 0.041666666666666664
0 0.35260416666666666 0.6513888888888889 0.022916666666666665 0.041666666666666664
0 0.26067708333333334 0.27361111111111114 0.022395833333333334 0.03796296296296296
0 0.3609375 0.524074074074074 0.022916666666666665 0.03888888888888889
0 0.30104166666666665 0.5509259259259259 0.023958333333333335 0.040740740740740744
0 0.5622395833333333 0.5879629629629629 0.0234375 0.040740740740740744
0 0.33828125 0.6222222222222222 0.0234375 0.040740740740740744
0 0.25625 0.5953703703703703 0.023958333333333335 0.040740740740740744
0 0.25755208333333335 0.6351851851851852 0.024479166666666666 0.04259259259259259
0 0.17630208333333333 0.6287037037037037 0.0265625 0.04259259259259259
0 0.61484375 0.08194444444444444 0.021354166666666667 0.03611111111111111
0 0.14921875 0.575925925925926 0.024479166666666666 0.040740740740740744
0 0.69609375 0.350462962962963 0.0234375 0.03796296296296296
0 0.33645833333333336 0.5347222222222222 0.022916666666666665 0.03981481481481482
0 0.2955729166666667 0.17083333333333334 0.0203125 0.03796296296296296
0 0.55390625 0.31203703703703706 0.021354166666666667 0.037037037037037035
0 0.20520833333333333 0.475 0.025 0.040740740740740744
0 0.6515625 0.6023148148148149 0.025 0.04351851851851852
0 0.27838541666666666 0.65 0.022395833333333334 0.040740740740740744
0 0.6208333333333333 0.6444444444444445 0.023958333333333335 0.04259259259259259
0 0.2359375 0.812962962962963 0.026041666666666668 0.046296296296296294
0 0.3729166666666667 0.2175925925925926 0.020833333333333332 0.037037037037037035
0 0.12317708333333334 0.4166666666666667 0.024479166666666666 0.03888888888888889
0 0.18541666666666667 0.5509259259259259 0.023958333333333335 0.040740740740740744
0 0.4890625 0.5430555555555555 0.022916666666666665 0.03796296296296296
0 0.58515625 0.5833333333333334 0.0234375 0.04259259259259259
0 0.503125 0.18194444444444444 0.020833333333333332 0.03796296296296296
0 0.20104166666666667 0.5745370370370371 0.023958333333333335 0.041666666666666664
0 0.3390625 0.20185185185185187 0.020833333333333332 0.037037037037037035
0 0.45989583333333334 0.15185185185185185 0.019791666666666666 0.03518518518518519
0 0.2559895833333333 0.1449074074074074 0.022395833333333334 0.03981481481481482
0 0.2830729166666667 0.26435185185185184 0.022395833333333334 0.03796296296296296
0 0.2559895833333333 0.7199074074074074 0.025520833333333333 0.04351851851851852
0 0.6796875 0.3814814814814815 0.022916666666666665 0.03888888888888889
0 0.38674479166666664 0.5384537037037037 0.023484375000000002 0.04172222222222222
0 0.17161458333333332 0.5875 0.024479166666666666 0.041666666666666664
0 0.10416666666666667 0.5703703703703704 0.026041666666666668 0.04259259259259259
0 0.23229166666666667 0.5745370370370371 0.025 0.041666666666666664
0 0.125 0.5916666666666667 0.025 0.040740740740740744
0 0.5661458333333333 0.6888888888888889 0.023958333333333335 0.04259259259259259
0 0.6286458333333333 0.4310185185185185 0.022916666666666665 0.041666666666666664
0 0.5989583333333334 0.7523148148148148 0.023958333333333335 0.04351851851851852
0 0.21536458333333333 0.6083333333333333 0.025520833333333333 0.04259259259259259
0 0.4265625 0.18333333333333332 0.020833333333333332 0.037037037037037035
0 0.5604166666666667 0.5421296296296296 0.023958333333333335 0.041666666666666664
0 0.5033854166666667 0.2865740740740741 0.021354166666666667 0.03796296296296296
0 0.44453125 0.11666666666666667 0.0203125 0.037037037037037035
0 0.12473958333333333 0.274537037037037 0.0234375 0.03796296296296296
0 0.66171875 0.4615740740740741 0.024479166666666666 0.041666666666666664
0 0.7203125 0.3337962962962963 0.023958333333333335 0.03981481481481482
0 0.3265625 0.7509259259259259 0.026041666666666668 0.046296296296296294
0 0.31640625 0.17407407407407408 0.0203125 0.037037037037037035
0 0.37473958333333335 0.662962962962963 0.022395833333333334 0.03888888888888889
0 0.721875 0.16805555555555557 0.022916666666666665 0.03981481481481482
0 0.2708333333333333 0.17175925925925925 0.020833333333333332 0.03796296296296296
0 0.46953125 0.1814814814814815 0.021354166666666667 0.037037037037037035
0 0.3072916666666667 0.8287037037037037 0.027083333333333334 0.046296296296296294
0 0.41744791666666664 0.1476851851851852 0.019270833333333334 0.03611111111111111
0 0.5958333333333333 0.3162037037037037 0.021875 0.03981481481481482
0 0.1953125 0.22083333333333333 0.022916666666666665 0.03796296296296296
0 0.19973958333333333 0.4356481481481482 0.024479166666666666 0.03981481481481482
0 0.35520833333333335 0.17546296296296296 0.021875 0.03796296296296296
0 0.09557291666666666 0.6847222222222222 0.0265625 0.04351851851851852
0 0.6018229166666667 0.412962962962963 0.0234375 0.040740740740740744
0 0.28203125 0.19907407407407407 0.021354166666666667 0.037037037037037035
0 0.15078125 0.6157407407407407 0.025520833333333333 0.040740740740740744
0 0.6125 0.23564814814814813 0.021875 0.03981481481481482
0 0.6565104166666667 0.38564814814814813 0.0234375 0.041666666666666664
0 0.6234375 0.3768518518518518 0.022916666666666665 0.03888888888888889
0 0.18151041666666667 0.30324074074074076 0.0234375 0.03796296296296296
0 0.134375 0.3638888888888889 0.023958333333333335 0.040740740740740744
0 0.4393229166666667 0.15092592592592594 0.0203125 0.03518518518518519
0 0.628125 0.5875 0.023958333333333335 0.04351851851851852
0 0.09479166666666666 0.7296296296296296 0.028125 0.044444444444444446
0 0.10911458333333333 0.4675925925925926 0.025520833333333333 0.040740740740740744
0 0.728125 0.5467592592592593 0.026041666666666668 0.041666666666666664
0 0.7513020833333334 0.399537037037037 0.025520833333333333 0.041666666666666664
0 0.08567708333333333 0.6175925925925926 0.025520833333333333 0.04259259259259259
0 0.209375 0.3476851851851852 0.022916666666666665 0.03981481481481482
0 0.4594739583333334 0.5933055555555555 0.025432291666666666 0.044648148148148145
0 0.4464427083333333 0.5467037037037038 0.023234374999999998 0.04186111111111111
0 0.4473854166666667 0.48112037037037036 0.023859375000000002 0.04241666666666667
0 0.2808333333333334 0.4671666666666667 0.024802083333333332 0.04353703703703704
0 0.320546875 0.44986111111111116 0.024489583333333335 0.04241666666666667
0 0.3514322916666667 0.4456111111111111 0.023348958333333333 0.040074074074074074
0 0.3742395833333333 0.4301111111111111 0.024958333333333336 0.04055555555555555
0 0.41234895833333335 0.4422777777777778 0.0228125 0.040074074074074074
0 0.39584375 0.41674999999999995 0.023614583333333335 0.03960185185185185
0 0.44576041666666666 0.40458333333333335 0.021468749999999998 0.04102777777777778
0 0.4300625 0.37357407407407406 0.0228125 0.03912037037037037
0 0.44576041666666666 0.3499537037037037 0.023614583333333335 0.03960185185185185
0 0.4075208333333334 0.3845462962962963 0.0228125 0.040074074074074074
0 0.401078125 0.35138888888888886 0.02227604166666667 0.03864814814814815
0 0.4022864583333333 0.31560185185185186 0.023078125 0.03769444444444445
0 0.3797447916666667 0.30844444444444447 0.022541666666666668 0.03769444444444445
0 0.380546875 0.3439907407407407 0.022541666666666668 0.03912037037037037
0 0.35679687499999996 0.37166666666666665 0.021739583333333333 0.03816666666666667
0 0.3594791666666667 0.33612037037037035 0.023348958333333333 0.03864814814814815
0 0.35706770833333334 0.3008148148148148 0.023348958333333333 0.03864814814814815
0 0.37518229166666667 0.27362037037037035 0.022005208333333335 0.03864814814814815
0 0.472734375 0.4212777777777778 0.023885416666666666 0.04198148148148149
0 0.33680208333333334 0.3466111111111111 0.023614583333333335 0.04150925925925926
0 0.314796875 0.34900000000000003 0.023078125 0.03864814814814815
0 0.2921197916666667 0.3432777777777778 0.024421875 0.03864814814814815
0 0.29668229166666665 0.30797222222222226 0.023885416666666666 0.03674074074074074
0 0.322984375 0.31298148148148147 0.024421875 0.03912037037037037
0 0.32217708333333334 0.2774351851851852 0.02227604166666667 0.035787037037037034
0 0.34431770833333336 0.2743333333333333 0.023078125 0.040074074074074074
0 0.36002083333333335 0.2514351851851852 0.0228125 0.04102777777777778