0 0.4546875 0.4527777777777778 0.021875 0.03888888888888889
0 0.44947916666666665 0.49907407407407406 0.021875 0.03888888888888889
0 0.43255208333333334 0.35648148148148145 0.021354166666666667 0.037037037037037035
0 0.48125 0.36342592592592593 0.020833333333333332 0.03796296296296296
0 0.41171875 0.44351851851851853 0.021354166666666667 0.03888888888888889
0 0.43776041666666665 0.2875 0.021354166666666667 0.03796296296296296
0 0.3809895833333333 0.39305555555555555 0.021354166666666667 0.03796296296296296
0 0.38645833333333335 0.43333333333333335 0.021875 0.03888888888888889
0 0.39869791666666665 0.475462962962963 0.022395833333333334 0.03981481481481482
0 0.46979166666666666 0.33240740740740743 0.020833333333333332 0.037037037037037035
0 0.3458333333333333 0.5092592592592593 0.022916666666666665 0.03888888888888889
0 0.3963541666666667 0.22175925925925927 0.020833333333333332 0.03611111111111111
0 0.4700520833333333 0.4787037037037037 0.021354166666666667 0.03888888888888889
0 0.43697916666666664 0.42916666666666664 0.021875 0.03981481481481482
0 0.38619791666666664 0.687962962962963 0.0234375 0.040740740740740744
0 0.46510416666666665 0.5263888888888889 0.021875 0.03796296296296296
0 0.35520833333333335 0.4722222222222222 0.021875 0.03888888888888889
0 0.4825520833333333 0.4050925925925926 0.021354166666666667 0.03796296296296296
0 0.35833333333333334 0.7078703703703704 0.025 0.04351851851851852
0 0.3416666666666667 0.44074074074074077 0.021875 0.03888888888888889
0 0.4197916666666667 0.38425925925925924 0.021875 0.03888888888888889
0 0.35911458333333335 0.4027777777777778 0.022395833333333334 0.03888888888888889
0 0.4552083333333333 0.21898148148148147 0.020833333333333332 0.03611111111111111
0 0.36822916666666666 0.5041666666666667 0.022916666666666665 0.03981481481481482
0 0.41030208333333335 0.5502777777777778 0.022687500000000003 0.041296296296296296
0 0.39427083333333335 0.2800925925925926 0.021875 0.03796296296296296
0 0.44390625 0.5392222222222223 0.02322916666666667 0.04139814814814815
0 0.3692708333333333 0.35138888888888886 0.021875 0.03981481481481482
0 0.47604166666666664 0.4398148148148148 0.021875 0.03888888888888889
0 0.42476041666666664 0.5185740740740741 0.023479166666666666 0.04085185185185185
0 0.32760416666666664 0.2800925925925926 0.021875 0.03796296296296296
0 0.48411458333333335 0.5055555555555555 0.022395833333333334 0.037037037037037035
0 0.40234375 0.5138888888888888 0.022395833333333334 0.03888888888888889
0 0.37437499999999996 0.5407777777777777 0.02375 0.04081481481481481
0 0.25703125 0.5574074074074075 0.0234375 0.040740740740740744
0 0.40651041666666665 0.25092592592592594 0.021354166666666667 0.037037037037037035
0 0.3893229166666667 0.3143518518518518 0.021354166666666667 0.03981481481481482
0 0.32760416666666664 0.3314814814814815 0.021875 0.03888888888888889
0 0.35130208333333335 0.5981481481481481 0.0234375 0.040740740740740744
0 0.2947916666666667 0.25601851851851853 0.021875 0.03611111111111111
0 0.25703125 0.5967592592592592 0.022395833333333334 0.03981481481481482
0 0.35260416666666666 0.5587962962962963 0.023958333333333335 0.03981481481481482
0 0.44036458333333334 0.3236111111111111 0.021354166666666667 0.03796296296296296
0 0.46145833333333336 0.18611111111111112 0.020833333333333332 0.037037037037037035
0 0.34296875 0.25324074074074077 0.021354166666666667 0.03611111111111111
0 0.2796875 0.6560185185185186 0.023958333333333335 0.041666666666666664
0 0.31640625 0.3625 0.021354166666666667 0.03796296296296296
0 0.36614583333333334 0.6263888888888889 0.022916666666666665 0.03981481481481482
0 0.49051041666666667 0.2523518518518519 0.021645833333333333 0.03988888888888889
0 0.49322916666666666 0.2162037037037037 0.020833333333333332 0.03611111111111111
0 0.2986979166666667 0.43194444444444446 0.022395833333333334 0.03981481481481482
0 0.4825520833333333 0.18981481481481483 0.0203125 0.03518518518518519
0 0.2994791666666667 0.6046296296296296 0.023958333333333335 0.04259259259259259
0 0.5203125 0.3578703703703704 0.020833333333333332 0.03796296296296296
0 0.3328125 0.5416666666666666 0.021875 0.03888888888888889
0 0.42604166666666665 0.18333333333333332 0.020833333333333332 0.037037037037037035
0 0.38671875 0.6046296296296296 0.022395833333333334 0.040740740740740744
0 0.5109375 0.31157407407407406 0.020833333333333332 0.03611111111111111
0 0.534375 0.4513888888888889 0.021875 0.03796296296296296
0 0.42213541666666665 0.6509259259259259 0.0234375 0.040740740740740744
0 0.31302083333333336 0.30694444444444446 0.022916666666666665 0.03796296296296296
0 0.40729166666666666 0.5875 0.021875 0.03981481481481482
0 0.425 0.47638888888888886 0.021875 0.03981481481481482
0 0.39036458333333335 0.36064814814814816 0.021354166666666667 0.03981481481481482
0 0.29765625 0.6791666666666667 0.024479166666666666 0.04351851851851852
0 0.51209375 0.4555740740740741 0.021645833333333333 0.038925925925925926
0 0.17552083333333332 0.6277777777777778 0.026041666666666668 0.04259259259259259
0 0.5057291666666667 0.49166666666666664 0.021875 0.037037037037037035
0 0.27578125 0.2439814814814815 0.021354166666666667 0.03611111111111111
0 0.5486979166666667 0.47962962962962963 0.022395833333333334 0.03888888888888889
0 0.31354166666666666 0.21157407407407408 0.020833333333333332 0.03611111111111111
0 0.29921875 0.3912037037037037 0.022395833333333334 0.03981481481481482
0 0.42984374999999997 0.5692777777777778 0.02322916666666667 0.040407407407407406
0 0.21276041666666667 0.1439814814814815 0.022395833333333334 0.03981481481481482
0 0.5202187500000001 0.4023148148148148 0.02272916666666667 0.03796296296296296
0 0.265625 0.42407407407407405 0.022916666666666665 0.03888888888888889
0 0.4591458333333333 0.5632777777777778 0.0235 0.04136111111111111
0 0.29453125 0.17083333333333334 0.0203125 0.03796296296296296
0 0.3380208333333333 0.19398148148148148 0.020833333333333332 0.03611111111111111
0 0.30833333333333335 0.48148148148148145 0.023958333333333335 0.040740740740740744
0 0.14869791666666668 0.4388888888888889 0.022395833333333334 0.03888888888888889
0 0.2296875 0.5425925925925926 0.023958333333333335 0.040740740740740744
0 0.26927083333333335 0.3111111111111111 0.022916666666666665 0.03888888888888889
0 0.14869791666666668 0.4 0.0234375 0.03888888888888889
0 0.21119791666666668 0.6203703703703703 0.024479166666666666 0.040740740740740744
0 0.20442708333333334 0.48055555555555557 0.0234375 0.040740740740740744
0 0.16223958333333333 0.4648148148148148 0.0234375 0.03888888888888889
0 0.18307291666666667 0.5513888888888889 0.0234375 0.03981481481481482
0 0.3854166666666667 0.649074074074074 0.022916666666666665 0.03888888888888889
0 0.42552083333333335 0.6078703703703704 0.022916666666666665 0.03981481481481482
0 0.25807291666666665 0.6782407407407407 0.024479166666666666 0.04351851851851852
0 0.2565104166666667 0.5115740740740741 0.024479166666666666 0.041666666666666664
0 0.2557291666666667 0.637962962962963 0.022916666666666665 0.040740740740740744
0 0.23515625 0.8125 0.025520833333333333 0.04537037037037037
0 0.5197916666666667 0.5212962962962963 0.022916666666666665 0.03518518518518519
0 0.18932291666666667 0.5125 0.0234375 0.03981481481481482
0 0.1703125 0.5875 0.025 0.041666666666666664
0 0.3294270833333333 0.6175925925925926 0.0234375 0.040740740740740744
0 0.12994791666666666 0.549537037037037 0.025520833333333333 0.041666666666666664
0 0.3450520833333333 0.6453703703703704 0.022395833333333334 0.03888888888888889
0 0.503125 0.10972222222222222 0.020833333333333332 0.03611111111111111
0 0.24869791666666666 0.8472222222222222 0.0265625 0.044444444444444446
0 0.4510416666666667 0.6351851851851852 0.023958333333333335 0.04259259259259259
0 0.5041666666666667 0.5898148148148148 0.023958333333333335 0.040740740740740744
0 0.5270833333333333 0.4842592592592593 0.021875 0.037037037037037035
0 0.27447916666666666 0.38564814814814813 0.022916666666666665 0.03981481481481482
0 0.19635416666666666 0.5796296296296296 0.023958333333333335 0.040740740740740744
0 0.2760416666666667 0.6175925925925926 0.022916666666666665 0.03888888888888889
0 0.32447916666666665 0.6680555555555555 0.023958333333333335 0.041666666666666664
0 0.4484375 0.5972222222222222 0.022916666666666665 0.03888888888888889
0 0.1484375 0.5763888888888888 0.023958333333333335 0.03981481481481482
0 0.12395833333333334 0.5912037037037037 0.025 0.041666666666666664
0 0.18619791666666666 0.43472222222222223 0.024479166666666666 0.03981481481481482
0 0.20859375 0.5310185185185186 0.0234375 0.03981481481481482
0 0.15 0.6143518518518518 0.025 0.041666666666666664
0 0.35234375 0.30229629629629634 0.022395833333333334 0.041666666666666664
0 0.5075520833333333 0.5527777777777778 0.0234375 0.037037037037037035
0 0.2984375 0.5166666666666667 0.023958333333333335 0.040740740740740744
0 0.33125 0.2273148148148148 0.019791666666666666 0.03611111111111111
0 0.5432291666666667 0.41435185185185186 0.021875 0.03796296296296296
0 0.4166666666666667 0.14722222222222223 0.019791666666666666 0.03518518518518519
0 0.36432291666666666 0.6671296296296296 0.0234375 0.03981481481481482
0 0.49947916666666664 0.1439814814814815 0.020833333333333332 0.03611111111111111
0 0.30859375 0.6398148148148148 0.0234375 0.040740740740740744
0 0.2546875 0.14537037037037037 0.021875 0.03888888888888889
0 0.103125 0.5699074074074074 0.026041666666666668 0.041666666666666664
0 0.22161458333333334 0.5814814814814815 0.0234375 0.040740740740740744
0 0.5359375 0.549537037037037 0.022916666666666665 0.03796296296296296
0 0.3046875 0.5662037037037037 0.022916666666666665 0.03981481481481482
0 0.5377604166666666 0.3819444444444444 0.022395833333333334 0.03425925925925926
0 0.32526041666666666 0.7490740740740741 0.025520833333333333 0.044444444444444446
0 0.21588541666666666 0.43657407407407406 0.024479166666666666 0.03981481481481482
0 0.25546875 0.7217592592592592 0.025520833333333333 0.04351851851851852
0 0.25078125 0.22685185185185186 0.022395833333333334 0.037037037037037035
0 0.31536458333333334 0.17453703703703705 0.0203125 0.03611111111111111
0 0.540625 0.34953703703703703 0.020833333333333332 0.03611111111111111
0 0.29270833333333335 0.3287037037037037 0.021875 0.03888888888888889
0 0.12213541666666666 0.4166666666666667 0.024479166666666666 0.03888888888888889
0 0.56328125 0.5064814814814815 0.022395833333333334 0.03888888888888889
0 0.45859375 0.15324074074074073 0.0203125 0.03611111111111111
0 0.4640625 0.11990740740740741 0.020833333333333332 0.03796296296296296
0 0.09505208333333333 0.6842592592592592 0.0265625 0.044444444444444446
0 0.37447916666666664 0.16018518518518518 0.020833333333333332 0.037037037037037035
0 0.4046875 0.6268518518518519 0.022916666666666665 0.03888888888888889
0 0.08385416666666666 0.6175925925925926 0.026041666666666668 0.04259259259259259
0 0.23584375 0.6186666666666666 0.0248125 0.04473148148148148
0 0.2559895833333333 0.2601851851851852 0.0234375 0.03888888888888889
0 0.5057291666666667 0.18888888888888888 0.020833333333333332 0.037037037037037035
0 0.278125 0.5726851851851852 0.022916666666666665 0.03981481481481482
0 0.5572916666666666 0.44351851851851853 0.021875 0.040740740740740744
0 0.18177083333333333 0.47962962962962963 0.022916666666666665 0.03888888888888889
0 0.37057291666666664 0.125 0.021354166666666667 0.037037037037037035
0 0.19427083333333334 0.22037037037037038 0.022916666666666665 0.037037037037037035
0 0.5598958333333334 0.5444444444444444 0.022916666666666665 0.03888888888888889
0 0.44375 0.11666666666666667 0.020833333333333332 0.037037037037037035
0 0.30572916666666666 0.8273148148148148 0.026041666666666668 0.04537037037037037
0 0.24973958333333332 0.8930555555555556 0.0265625 0.04722222222222222
0 0.5216145833333333 0.23472222222222222 0.021354166666666667 0.03611111111111111
0 0.27005208333333336 0.1712962962962963 0.021354166666666667 0.037037037037037035
0 0.13359375 0.3638888888888889 0.024479166666666666 0.040740740740740744
0 0.53203125 0.30416666666666664 0.021354166666666667 0.03981481481481482
0 0.22395833333333334 0.4962962962962963 0.022916666666666665 0.03888888888888889
0 0.1234375 0.274537037037037 0.022916666666666665 0.03796296296296296
0 0.09348958333333333 0.7296296296296296 0.027604166666666666 0.044444444444444446
0 0.5622395833333333 0.125 0.021354166666666667 0.037037037037037035
0 0.18046875 0.30324074074074076 0.0234375 0.03796296296296296
0 0.10833333333333334 0.4685185185185185 0.026041666666666668 0.040740740740740744
0 0.56328125 0.5800925925925926 0.024479166666666666 0.04351851851851852
0 0.5861979166666667 0.5083333333333333 0.0234375 0.04259259259259259
0 0.5994791666666667 0.39351851851851855 0.023958333333333335 0.03888888888888889
0 0.6119791666666666 0.08194444444444444 0.020833333333333332 0.03611111111111111
0 0.31979166666666664 0.4439814814814815 0.020833333333333332 0.03981481481481482
0 0.6372395833333333 0.8013888888888889 0.0265625 0.04722222222222222
0 0.5422708333333334 0.5167037037037037 0.02225 0.038925925925925926
0 0.38953125 0.5675648148148148 0.026135416666666668 0.042694444444444445
0 0.49159375 0.4693055555555556 0.02471875 0.04206481481481481
0 0.5016614583333333 0.42644444444444446 0.023661458333333333 0.03862962962962963
0 0.5016614583333333 0.38266666666666665 0.022953125 0.04080555555555555
0 0.5007760416666667 0.34468518518518515 0.023307291666666667 0.03766666666666667
0 0.4891197916666667 0.3142314814814815 0.022604166666666665 0.03955555555555555
0 0.49971875000000004 0.2837777777777778 0.022604166666666665 0.038925925925925926
0 0.5276145833333333 0.2705925925925926 0.021895833333333333 0.041435185185185186
0 0.47729166666666667 0.28660185185185183 0.02225 0.04206481481481481
0 0.46927083333333336 0.25250925925925927 0.021432291666666665 0.04025
0 0.4482916666666667 0.2584074074074074 0.022942708333333332 0.03917592592592593
0 0.458859375 0.30456481481481484 0.022942708333333332 0.041324074074074076
0 0.41931250000000003 0.32280555555555557 0.022338541666666666 0.04025
0 0.41689583333333335 0.2860462962962963 0.023546875000000002 0.039712962962962964
0 0.4608177083333333 0.4076018518518518 0.023244791666666667 0.04025
0 0.46066666666666667 0.368962962962963 0.022942708333333332 0.041324074074074076
0 0.40270833333333333 0.4078703703703704 0.023546875000000002 0.039712962962962964
0 0.3773385416666667 0.4685 0.023125 0.04327777777777778
0 0.36440625 0.43765740740740744 0.02282291666666667 0.038953703703703706
0 0.3505625 0.3695 0.021911458333333335 0.038953703703703706
0 0.34949479166666664 0.3343333333333333 0.024651041666666665 0.036787037037037035
0 0.3688177083333333 0.31810185185185186 0.023125 0.03787037037037037
0 0.35299479166666664 0.28158333333333335 0.022520833333333334 0.03083333333333333
0 0.3739947916666667 0.2826666666666666 0.021911458333333335 0.039490740740740736
0 0.38494791666666667 0.25128703703703703 0.022520833333333334 0.03625
0 0.3641041666666667 0.24939814814814817 0.021604166666666664 0.038953703703703706
0 0.35284375 0.21963888888888888 0.02282291666666667 0.04003703703703704
0 0.3754895833333334 0.21618518518518517 0.021640625 0.03991666666666666
0 0.42040104166666664 0.22219444444444444 0.02109895833333333 0.03943518518518519
0 0.40525 0.19093518518518518 0.023807291666666668 0.037509259259259256
0 0.364265625 0.19021296296296297 0.023536458333333333 0.038953703703703706
0 0.43839062500000003 0.15293518518518517 0.021911458333333335 0.04136111111111111
0 0.3175989583333333 0.25176851851851856 0.022723958333333336 0.03991666666666666
0 0.294875 0.2924074074074074 0.024348958333333334 0.03943518518518519