1 0.4873046875 0.73388671875 0.052083333333333336 0.0171044921875
1 0.2825520833333333 0.455810546875 0.052656249999999995 0.024140625
1 0.5748697916666666 0.8003955078125 0.019264322916666667 0.04375
1 0.5159505208333334 0.2496337890625 0.0326953125 0.040009765625
1 0.6432291666666666 0.7333984375 0.029947916666666668 0.0423876953125
1 0.3274739583333333 0.81982421875 0.0508203125 0.0192431640625
1 0.2688802083333333 0.76708984375 0.053671875 0.016220703125
1 0.6744791666666666 0.57666015625 0.05033203125 0.01548828125
1 0.6442057291666666 0.79736328125 0.019869791666666668 0.0430322265625
1 0.7486979166666666 0.35791015625 0.052858072916666665 0.018720703125
1 0.30509114583333335 0.2812451171875 0.05139973958333333 0.03306640625
1 0.7537955729166667 0.243671875 0.039602864583333335 0.036455078125
1 0.61052734375 0.260078125 0.0530078125 0.0271875
1 0.2825520833333333 0.440673828125 0.051679687499999995 0.0249951171875
1 0.4886067708333333 0.19775390625 0.03835286458333333 0.040986328125
1 0.63671875 0.439453125 0.029153645833333335 0.0394921875
1 0.3302408854166667 0.2410888671875 0.04136067708333333 0.038330078125
1 0.6927083333333334 0.6904296875 0.022643229166666667 0.0403759765625
1 0.4721549479166667 0.2388232421875 0.041516927083333335 0.038603515625
1 0.5559895833333334 0.79638671875 0.020403645833333334 0.0410791015625
1 0.7000065104166667 0.787490234375 0.05238932291666667 0.023818359375
1 0.43671875 0.631767578125 0.05224609375 0.0236962890625
1 0.4150390625 0.79345703125 0.05224609375 0.018095703125
1 0.36328125 0.4977978515625 0.022910156249999997 0.0406201171875
1 0.6662825520833333 0.261005859375 0.055260416666666666 0.0173291015625
1 0.4326171875 0.5517578125 0.03589192708333334 0.03689453125
1 0.4498697916666667 0.320068359375 0.035807291666666664 0.0382373046875
1 0.34017578125 0.7647265625 0.05256510416666666 0.019150390625
1 0.6800390625 0.444794921875 0.042115885416666665 0.0354638671875
1 0.5771484375 0.63720703125 0.051881510416666665 0.023818359375
1 0.69763671875 0.77197265625 0.05007161458333333 0.0237744140625
1 0.6102473958333333 0.2235302734375 0.04692057291666666 0.0337255859375
1 0.488515625 0.7581591796875 0.047486979166666665 0.0284423828125
1 0.6640625 0.397705078125 0.028645833333333332 0.0398583984375
1 0.689453125 0.275146484375 0.054361979166666664 0.0165869140625
1 0.6653645833333334 0.235595703125 0.033326822916666665 0.0406787109375
1 0.7005208333333334 0.379150390625 0.025449218750000002 0.0437646484375
1 0.431875 0.460205078125 0.05225911458333333 0.0163427734375
1 0.71875 0.26220703125 0.051595052083333336 0.0264599609375
1 0.333984375 0.806640625 0.055703125 0.0190576171875
1 0.30774088541666667 0.218017578125 0.038971354166666666 0.0392236328125
1 0.3453776041666667 0.32421875 0.052369791666666665 0.020888671875
1 0.6188151041666666 0.7201806640625 0.022220052083333334 0.0400146484375
1 0.69224609375 0.6192578125 0.05365234375 0.0185107421875
1 0.21858723958333334 0.56591796875 0.0410546875 0.0367724609375
1 0.6256510416666666 0.6689453125 0.05244791666666667 0.0156689453125
1 0.2529296875 0.66845703125 0.02025390625 0.03955078125
1 0.41850911458333334 0.3849853515625 0.029375 0.039814453125
1 0.4449869791666667 0.61474609375 0.052167968749999995 0.0163427734375
1 0.29 0.31373046875 0.041419270833333334 0.0377099609375
1 0.625 0.8023486328125 0.02048828125 0.042255859375
1 0.6569010416666666 0.430419921875 0.021868489583333334 0.04046875
1 0.5252278645833334 0.7839404296875 0.0415234375 0.034609375
1 0.546875 0.39208984375 0.020104166666666666 0.041533203125
1 0.5654036458333334 0.23177734375 0.02791015625 0.04384765625
1 0.6850065104166667 0.73388671875 0.04973958333333334 0.02685546875
1 0.5590104166666666 0.74533203125 0.049921875000000004 0.0276318359375
1 0.2775065104166667 0.7392578125 0.022988281250000003 0.0401025390625
1 0.4967447916666667 0.5126953125 0.02805338541666667 0.0375390625
1 0.3662109375 0.55517578125 0.0278515625 0.03732421875
1 0.7019140625000001 0.75830078125 0.05072265625 0.0263525390625
1 0.599609375 0.720146484375 0.020891927083333334 0.0402685546875
1 0.6591796875 0.2093505859375 0.05025390625 0.0231005859375
1 0.7038216145833333 0.312255859375 0.046510416666666665 0.032958984375
1 0.7041080729166667 0.2895068359375 0.05645833333333333 0.0169140625
1 0.7024739583333334 0.3408203125 0.03275390625 0.042021484375
1 0.2555338541666667 0.279052734375 0.049192708333333335 0.027587890625
1 0.6158528645833333 0.3081982421875 0.028710937500000002 0.0427587890625
1 0.40234375 0.6953125 0.02170572916666667 0.0382373046875
1 0.2716471354166667 0.658203125 0.021360677083333335 0.0418408203125
1 0.44430989583333336 0.3483349609375 0.025709635416666668 0.041064453125
1 0.619140625 0.1905517578125 0.041914062499999995 0.030380859375
1 0.21728515625 0.474609375 0.0405859375 0.038818359375
1 0.69861328125 0.802138671875 0.05157552083333333 0.023203125
1 0.7461588541666666 0.62060546875 0.054361979166666664 0.021865234375
1 0.3087565104166667 0.67919921875 0.019563802083333335 0.038544921875
1 0.6647135416666666 0.75537109375 0.021868489583333334 0.0430322265625
1 0.57595703125 0.20435546875 0.028274739583333333 0.0433251953125
1 0.51953125 0.468017578125 0.01978515625 0.042021484375
1 0.7147330729166667 0.4782568359375 0.04296875 0.035830078125
1 0.5924479166666666 0.78271484375 0.03407552083333334 0.03955078125
1 0.5473567708333333 0.271728515625 0.037688802083333334 0.04052734375
1 0.6803385416666666 0.358642578125 0.029726562499999998 0.0428173828125
1 0.552734375 0.1927490234375 0.028867187500000002 0.04638671875
1 0.22591145833333334 0.375244140625 0.0419921875 0.038544921875
1 0.6186653645833333 0.59521484375 0.05442708333333333 0.0161572265625
1 0.6145833333333334 0.3871875 0.03554036458333334 0.0372265625
1 0.498046875 0.6669921875 0.049680989583333335 0.031923828125
1 0.24055989583333334 0.724609375 0.055703125 0.0165234375
1 0.40234375 0.30908203125 0.034752604166666666 0.04052734375
1 0.6380208333333334 0.63232421875 0.047773437499999995 0.0267626953125
1 0.5274609375 0.6259765625 0.0535546875 0.0223681640625
1 0.5904947916666666 0.2987353515625 0.019869791666666668 0.0437646484375
1 0.7135416666666666 0.70263671875 0.022910156249999997 0.0389697265625
1 0.6634114583333334 0.7958984375 0.02033203125 0.0423876953125
1 0.5179036458333334 0.2076416015625 0.028444010416666665 0.0430322265625
1 0.6598307291666666 0.318115234375 0.03486979166666667 0.0403759765625
1 0.5026041666666666 0.798828125 0.02080078125 0.0401611328125
1 0.5680078125 0.3544921875 0.051875000000000004 0.02029296875
1 0.490234375 0.271240234375 0.043867187499999995 0.03607421875
1 0.453125 0.1910400390625 0.036985677083333335 0.035615234375
1 0.541015625 0.216494140625 0.028014322916666667 0.0409619140625
1 0.7083333333333334 0.41650390625 0.021197916666666667 0.0389697265625
1 0.4847005208333333 0.8041943359375 0.02056640625 0.042685546875
1 0.7751041666666666 0.3061083984375 0.05714192708333333 0.0245751953125
1 0.5927734375 0.434326171875 0.022031250000000002 0.0378125
1 0.3369140625 0.779296875 0.052656249999999995 0.018232421875
1 0.54296875 0.6875 0.051393229166666665 0.01583984375
1 0.6945182291666666 0.63330078125 0.053385416666666664 0.0198388671875
1 0.4072265625 0.6152587890625 0.0193359375 0.0403955078125
1 0.53515625 0.60791015625 0.053548177083333336 0.025224609375
1 0.674453125 0.328857421875 0.03578776041666667 0.0401025390625
1 0.6490885416666666 0.18505859375 0.052369791666666665 0.03173828125
1 0.41649739583333334 0.1987548828125 0.03912760416666667 0.0401171875
1 0.7211002604166666 0.6428173828125 0.05231770833333333 0.02427734375
1 0.23322916666666668 0.6689111328125 0.021595052083333333 0.0408251953125
1 0.5319010416666666 0.80859375 0.04067057291666667 0.0338427734375
1 0.3427734375 0.51501953125 0.026692708333333332 0.0388232421875
1 0.6353841145833333 0.279375 0.053860677083333336 0.017548828125
1 0.6285807291666666 0.6552734375 0.05326171875 0.01646484375
1 0.6168619791666666 0.6142578125 0.051106770833333336 0.0155419921875
1 0.34505859375 0.304931640625 0.05470703125 0.0185107421875
1 0.22916666666666666 0.319580078125 0.032877604166666664 0.0406787109375
1 0.5834505208333333 0.6728515625 0.033535156249999996 0.0367724609375
1 0.736328125 0.403564453125 0.03147135416666667 0.0397021484375
1 0.29248046875 0.19580078125 0.02056640625 0.0438525390625
1 0.7428385416666666 0.2255859375 0.034342447916666664 0.040771484375
1 0.7578125 0.33251953125 0.03944661458333334 0.0403125
1 0.3264973958333333 0.5625 0.05098307291666667 0.0176416015625
1 0.7574283854166667 0.375068359375 0.05364583333333334 0.018876953125
1 0.36558593749999996 0.265869140625 0.026302083333333334 0.0416259765625
1 0.3010611979166667 0.7272314453125 0.03966145833333334 0.03423828125
1 0.7586653645833333 0.5958203125 0.0527734375 0.0260986328125
1 0.7305013020833333 0.6050390625 0.05664713541666667 0.018095703125
1 0.61935546875 0.4130859375 0.052656249999999995 0.0164013671875
1 0.5725911458333334 0.276611328125 0.027526041666666667 0.0440087890625
1 0.4518229166666667 0.81591796875 0.04658854166666667 0.0310205078125
1 0.544921875 0.67333984375 0.049680989583333335 0.0177783203125
1 0.4222005208333333 0.2337646484375 0.022115885416666665 0.04123046875
1 0.6334635416666666 0.323486328125 0.042643229166666664 0.0394287109375
1 0.787109375 0.2330810546875 0.023255208333333333 0.0431884765625
1 0.5291927083333333 0.64458984375 0.05245442708333333 0.01984375
1 0.50455078125 0.3526171875 0.05242838541666667 0.026064453125
1 0.779296875 0.290771484375 0.052571614583333336 0.0263525390625
1 0.7369791666666666 0.7666015625 0.0223828125 0.04052734375
1 0.60583984375 0.76513671875 0.038177083333333334 0.0374755859375
1 0.3736979166666667 0.78662109375 0.02001953125 0.0411376953125
1 0.7335221354166667 0.5751953125 0.05440104166666667 0.0164013671875
1 0.20069661458333332 0.3974755859375 0.04447916666666666 0.03765625
1 0.4036458333333333 0.266357421875 0.05195963541666667 0.0166650390625
1 0.23990885416666666 0.7392578125 0.05643880208333333 0.0172412109375
1 0.533203125 0.31291015625 0.02025390625 0.042236328125
1 0.2711588541666667 0.24365234375 0.05126953125 0.02224609375
1 0.7779947916666666 0.6259765625 0.04014322916666666 0.034697265625
1 0.28125 0.79345703125 0.02482421875 0.039794921875
1 0.7311197916666666 0.69873046875 0.0278515625 0.0391845703125
1 0.6507161458333334 0.703125 0.028378906250000002 0.0315576171875
1 0.33892578125 0.793076171875 0.05461588541666667 0.018662109375
1 0.3795247395833334 0.8134375 0.051796875 0.02392578125
1 0.6505143229166667 0.294453125 0.0546875 0.0276904296875
1 0.4762044270833334 0.3213916015625 0.029889322916666666 0.04111328125
1 0.2615559895833333 0.79345703125 0.025247395833333335 0.0403759765625
1 0.6905013020833333 0.50439453125 0.05447265625 0.0160986328125
1 0.31982421875 0.1859130859375 0.042402343749999995 0.03955078125
1 0.720703125 0.37939453125 0.022643229166666667 0.0391845703125
1 0.6266276041666666 0.36962890625 0.0405078125 0.033203125
1 0.7220052083333334 0.21240234375 0.04463541666666667 0.0398583984375
1 0.7375130208333333 0.325615234375 0.04029296875 0.03587890625
1 0.7916666666666666 0.381103515625 0.029824218750000003 0.0411376953125
1 0.7708333333333334 0.5712890625 0.029765625 0.0403125
1 0.3528645833333333 0.207275390625 0.02902994791666667 0.04046875
1 0.2724609375 0.2070849609375 0.020891927083333334 0.043955078125
1 0.755859375 0.405029296875 0.03345052083333334 0.0386962890625
1 0.25244140625 0.202392578125 0.02272786458333333 0.04486328125
1 0.7291666666666666 0.497314453125 0.02580078125 0.041474609375
1 0.69583984375 0.2432861328125 0.05500651041666666 0.0227197265625
1 0.7901627604166667 0.3347119140625 0.035208333333333335 0.039384765625
1 0.43973307291666663 0.4939794921875 0.04338541666666667 0.0327685546875
1 0.75 0.54248046875 0.05147135416666667 0.0240478515625
1 0.3987630208333333 0.28076171875 0.05416015625 0.0171826171875
1 0.5270182291666666 0.169677734375 0.048463541666666665 0.0352197265625
1 0.6761393229166667 0.7071240234375 0.039186197916666665 0.0380908203125
1 0.29972005208333335 0.793896484375 0.025052083333333332 0.04140625
1 0.3013411458333333 0.7554443359375 0.03201171875 0.03966796875
1 0.3370703125 0.750400390625 0.054283854166666666 0.01705078125
1 0.3888020833333334 0.7622314453125 0.05103515625 0.0226171875
1 0.4194205729166667 0.7791064453125 0.05382161458333334 0.016005859375
1 0.4502734375 0.80068359375 0.04778645833333334 0.029228515625
1 0.4702278645833333 0.7792822265625 0.05149739583333333 0.0212255859375
1 0.5247395833333334 0.7547509765625 0.03248046875 0.0382763671875
1 0.52775390625 0.7279541015625 0.03201171875 0.0382763671875
1 0.5405143229166667 0.7138623046875 0.028763020833333333 0.038623046875
1 0.5599999999999999 0.7147314453125 0.027838541666666664 0.03966796875
1 0.5790234375 0.7065576171875 0.023196614583333334 0.0400146484375
1 0.24768229166666667 0.7102978515625 0.05453125 0.0174462890625
1 0.25168619791666663 0.6969970703125 0.05491536458333333 0.017734375
1 0.2884830729166667 0.6942822265625 0.038515625 0.0346044921875
1 0.322421875 0.7238818359375 0.037753906250000004 0.0371826171875
1 0.3670442708333333 0.7411865234375 0.05071614583333334 0.0243115234375
1 0.38744140625 0.73375 0.05033854166666666 0.0265966796875
1 0.42291015625 0.7456201171875 0.04957682291666667 0.02802734375
1 0.43777994791666663 0.7649267578125 0.053385416666666664 0.0203076171875
1 0.46123697916666667 0.749912109375 0.0530078125 0.0205908203125
1 0.40613281250000005 0.724453125 0.04880859375 0.0285986328125
1 0.43358723958333334 0.72259765625 0.048046874999999996 0.0283154296875
1 0.4366341145833333 0.7067236328125 0.048046874999999996 0.02802734375
1 0.4848763020833333 0.7195947265625 0.05453125 0.016015625
1 0.49898437500000004 0.7038623046875 0.05224609375 0.0183056640625
1 0.43720703125 0.69013671875 0.04766927083333333 0.0291748046875
1 0.46542968749999997 0.6862744140625 0.048430989583333334 0.0254541015625
1 0.49364583333333334 0.681982421875 0.04766927083333333 0.0294580078125
1 0.3302408854166667 0.6902783203125 0.03432291666666667 0.039755859375
1 0.3502604166666667 0.7042919921875 0.049954427083333336 0.030029296875
1 0.36017578125 0.7174462890625 0.048430989583333334 0.0271728515625
1 0.38287109375 0.6862744140625 0.022877604166666666 0.0408984375
1 0.35846354166666666 0.677119140625 0.03356119791666667 0.03861328125
1 0.39564453125000004 0.66310546875 0.049192708333333335 0.0271728515625
1 0.39983723958333334 0.645087890625 0.042330729166666664 0.0334619140625
1 0.44445312499999995 0.6618212890625 0.0530078125 0.02173828125
1 0.4463606770833333 0.6452294921875 0.05071614583333334 0.0251708984375
1 0.48068359375 0.609765625 0.025546875 0.0394677734375
1 0.44216796875 0.599326171875 0.05224609375 0.0163037109375
1 0.2905859375 0.6565283203125 0.020592447916666666 0.0408984375
1 0.3071744791666667 0.6400830078125 0.022500000000000003 0.040615234375
1 0.32795572916666665 0.654384765625 0.022115885416666665 0.040615234375
1 0.35903645833333336 0.6520947265625 0.04766927083333333 0.0303173828125
1 0.36227864583333336 0.6332177734375 0.048046874999999996 0.0291748046875
1 0.240625 0.6393701171875 0.05491536458333333 0.0243115234375
1 0.24577473958333332 0.6192041015625 0.05453125 0.0205908203125
1 0.26102864583333335 0.6063330078125 0.05453125 0.017734375
1 0.28295572916666667 0.5941796875 0.05262369791666666 0.016875
1 0.2900130208333333 0.6190625 0.04080078125 0.0346044921875
1 0.33977864583333334 0.6236376953125 0.05262369791666666 0.0225927734375
1 0.3319596354166667 0.6120556640625 0.05224609375 0.0245947265625
1 0.3340559895833333 0.596181640625 0.05186197916666666 0.0231689453125
1 0.3302408854166667 0.58259765625 0.05110026041666666 0.0245947265625
1 0.37981770833333334 0.5996142578125 0.037369791666666666 0.0374658203125
1 0.37676432291666667 0.575302734375 0.036608072916666665 0.03689453125
1 0.41184895833333335 0.5509912109375 0.03279296875 0.0374658203125
1 0.44541015624999997 0.5707275390625 0.04042317708333334 0.035751953125
1 0.4905989583333333 0.5827392578125 0.05071614583333334 0.023740234375
1 0.5243489583333333 0.5976123046875 0.05033854166666666 0.0254541015625
1 0.5823111979166666 0.6227783203125 0.048046874999999996 0.0265966796875
1 0.6233072916666667 0.5814501953125 0.05224609375 0.017158203125
1 0.62826171875 0.5654345703125 0.0530078125 0.017158203125
1 0.6671614583333333 0.55685546875 0.05453125 0.022880859375
1 0.6191080729166667 0.547275390625 0.049192708333333335 0.0231689453125
1 0.5847916666666667 0.5534228515625 0.029361979166666666 0.0383251953125
1 0.5613346354166667 0.569296875 0.04880859375 0.0254541015625
1 0.5601953125 0.585029296875 0.047285156249999995 0.0283154296875
1 0.6534309895833333 0.5341162109375 0.05224609375 0.0225927734375
1 0.6580078125000001 0.5201025390625 0.0530078125 0.0214501953125
1 0.653046875 0.4840673828125 0.03927734375 0.0351806640625
1 0.6385611979166667 0.493505859375 0.0400390625 0.0346044921875
1 0.6208268229166667 0.51638671875 0.028984375000000003 0.0391845703125
1 0.6059505208333333 0.503515625 0.03584635416666667 0.03689453125
1 0.5886002604166667 0.5285400390625 0.04461588541666667 0.0326025390625
1 0.5087109375 0.5738720703125 0.05186197916666666 0.0248828125
1 0.5125260416666667 0.5602880859375 0.04880859375 0.0245947265625
1 0.47095703125 0.5514208984375 0.0305078125 0.0383251953125
1 0.49364583333333334 0.5369775390625 0.04690755208333333 0.0283154296875
1 0.54646484375 0.54927734375 0.053385416666666664 0.016875
1 0.5498958333333334 0.5346875 0.053385416666666664 0.018017578125
1 0.53845703125 0.5218212890625 0.05186197916666666 0.0203076171875
1 0.6181575520833333 0.4716259765625 0.04270833333333333 0.0331787109375
1 0.6934700520833333 0.4752001953125 0.043854166666666666 0.035751953125
1 0.6921354166666666 0.4567529296875 0.04270833333333333 0.0343212890625
1 0.58021484375 0.5005126953125 0.04613932291666667 0.02974609375
1 0.5750651041666667 0.485068359375 0.048046874999999996 0.0314599609375
1 0.5746809895833334 0.4667626953125 0.05186197916666666 0.0245947265625
1 0.53025390625 0.4912158203125 0.043092447916666665 0.034033203125
1 0.6118619791666667 0.438876953125 0.02173828125 0.0408984375
1 0.24177083333333335 0.588173828125 0.047285156249999995 0.0323193359375
1 0.2352864583333333 0.57287109375 0.045000000000000005 0.0371826171875
1 0.29172526041666663 0.5773046875 0.05262369791666666 0.0203076171875
1 0.28600911458333333 0.5585693359375 0.046523437499999994 0.03203125
1 0.2758984375 0.5461279296875 0.04690755208333333 0.0323193359375
1 0.25912109375 0.5389794921875 0.04766927083333333 0.032890625
1 0.2513020833333333 0.5262548828125 0.046523437499999994 0.0314599609375
1 0.2118359375 0.5113818359375 0.02478515625 0.038896484375
1 0.23852864583333333 0.516669921875 0.04613932291666667 0.0323193359375
1 0.23776692708333333 0.476201171875 0.042330729166666664 0.0366064453125
1 0.24558593750000002 0.493076171875 0.045761718750000006 0.030888671875
1 0.28200520833333337 0.4949365234375 0.05376953125 0.022021484375
1 0.30602864583333333 0.5236767578125 0.02173828125 0.0400390625
1 0.32509765625000003 0.528681640625 0.02173828125 0.0403271484375
1 0.42595703125 0.52525390625 0.053385416666666664 0.015732421875
1 0.468671875 0.5136669921875 0.0305078125 0.03775390625
1 0.4263411458333333 0.5032275390625 0.04270833333333333 0.031748046875
1 0.3979296875 0.501943359375 0.043854166666666666 0.0314599609375
1 0.45017578125 0.48220703125 0.043092447916666665 0.0326025390625
1 0.4719140625 0.479345703125 0.04080078125 0.0343212890625
1 0.49688802083333333 0.4794921875 0.04118489583333333 0.0346044921875
1 0.2825716145833333 0.4711962890625 0.05110026041666666 0.026025390625
1 0.22804036458333332 0.4435986328125 0.04347005208333333 0.034892578125
1 0.23700520833333336 0.429580078125 0.043092447916666665 0.034892578125
1 0.29077473958333333 0.4278662109375 0.051484375 0.0274560546875
1 0.31537109375 0.4218603515625 0.05110026041666666 0.0274560546875
1 0.3437825520833333 0.4538916015625 0.04461588541666667 0.0326025390625
1 0.33672526041666667 0.469482421875 0.04194661458333334 0.034033203125
1 0.3197526041666667 0.486640625 0.022500000000000003 0.0408984375
1 0.38496744791666665 0.4783447265625 0.051484375 0.027744140625
1 0.38763671875 0.4626171875 0.048430989583333334 0.0283154296875
1 0.35674479166666667 0.4270068359375 0.04613932291666667 0.0326025390625
1 0.3735221354166667 0.435732421875 0.04461588541666667 0.031748046875
1 0.41680989583333333 0.4470263671875 0.053385416666666664 0.0194482421875
1 0.41794921875 0.432158203125 0.05415364583333334 0.0205908203125
1 0.46199869791666665 0.4483154296875 0.0400390625 0.0346044921875
1 0.45570312500000004 0.424150390625 0.045000000000000005 0.03203125
1 0.6854622395833333 0.3976904296875 0.029361979166666666 0.0403271484375
1 0.5378841145833334 0.4483154296875 0.043854166666666666 0.0323193359375
1 0.55771484375 0.4387353515625 0.05071614583333334 0.026884765625
1 0.556953125 0.4227197265625 0.049192708333333335 0.0223095703125
1 0.5804036458333334 0.393115234375 0.05033854166666666 0.0271728515625
1 0.5743033854166667 0.374814453125 0.04957682291666667 0.0254541015625
1 0.5277799479166666 0.3951171875 0.01983072916666667 0.0408984375
1 0.50146484375 0.3792431640625 0.037369791666666666 0.0371826171875
1 0.4633333333333333 0.3772412109375 0.04118489583333333 0.0366064453125
1 0.46924479166666666 0.3949755859375 0.043854166666666666 0.0331787109375
1 0.4818294270833334 0.4054150390625 0.042330729166666664 0.0334619140625
1 0.4961263020833333 0.41599609375 0.044238281250000004 0.0323193359375
1 0.5090950520833334 0.4294384765625 0.05033854166666666 0.0265966796875
1 0.4896419270833334 0.4531787109375 0.03966145833333334 0.0351806640625
1 0.42328776041666666 0.3439208984375 0.022115885416666665 0.0414697265625
1 0.39373697916666667 0.33291015625 0.0400390625 0.0366064453125
1 0.3821028645833333 0.3439208984375 0.04270833333333333 0.035751953125
1 0.3599869791666667 0.347353515625 0.04347005208333333 0.0334619140625
1 0.39087890625 0.3812451171875 0.0305078125 0.040615234375
1 0.3670442708333333 0.3776708984375 0.03546223958333333 0.0391845703125
1 0.33977864583333334 0.38396484375 0.04880859375 0.0283154296875
1 0.32623697916666666 0.3949755859375 0.05071614583333334 0.0257421875
1 0.319375 0.40712890625 0.05376953125 0.0254541015625
1 0.24272135416666665 0.412421875 0.04690755208333333 0.0326025390625
1 0.2654166666666667 0.403125 0.053385416666666664 0.0265966796875
1 0.20668619791666668 0.380673828125 0.04194661458333334 0.0383251953125
1 0.23109375 0.347353515625 0.05643880208333333 0.0185888671875
1 0.24673177083333334 0.3733837890625 0.03966145833333334 0.0374658203125
1 0.29287109375000003 0.3821044921875 0.046523437499999994 0.030888671875
1 0.2841015625 0.3668017578125 0.05033854166666666 0.0265966796875
1 0.27361328125 0.353935546875 0.05224609375 0.0283154296875
1 0.25740885416666665 0.3291943359375 0.037369791666666666 0.03775390625
1 0.2755208333333333 0.323046875 0.0400390625 0.038037109375
1 0.2564518229166667 0.2967333984375 0.049192708333333335 0.0294580078125
1 0.3035481770833333 0.3031689453125 0.04270833333333333 0.03603515625
1 0.31365234375 0.3505029296875 0.030123697916666668 0.0403271484375
1 0.335390625 0.3552197265625 0.029361979166666666 0.040615234375
1 0.3771484375 0.4065576171875 0.05415364583333334 0.0185888671875
1 0.41699869791666666 0.413134765625 0.04537760416666667 0.0311767578125
1 0.34263671874999996 0.22751953125 0.0400390625 0.0403271484375
1 0.31956380208333335 0.2534033203125 0.045000000000000005 0.03603515625
1 0.3119401041666667 0.26798828125 0.045761718750000006 0.03603515625
1 0.45494140624999996 0.208212890625 0.045000000000000005 0.03775390625
1 0.4652408854166667 0.2212255859375 0.04270833333333333 0.0374658203125
1 0.4984114583333333 0.2385302734375 0.03126953125 0.0417578125
1 0.5378841145833334 0.2549755859375 0.043854166666666666 0.035751953125
1 0.7371809895833333 0.2976123046875 0.03423828125 0.0404248046875
1 0.7617578125 0.260107421875 0.03796875 0.0381396484375
1 0.64208984375 0.238876953125 0.03389973958333333 0.0409375
1 0.6012369791666666 0.2402734375 0.04983723958333333 0.0274609375
1 0.6075065104166667 0.2013720703125 0.04949869791666667 0.0325439453125
