1 0.6876171875 0.308828125 0.06050130208333334 0.0576318359375
1 0.6639778645833333 0.2979638671875 0.05908854166666667 0.0587939453125
1 0.15934244791666666 0.305908203125 0.07067708333333333 0.04123046875
1 0.3335872395833333 0.489501953125 0.08046223958333333 0.0333251953125
1 0.2643229166666667 0.449951171875 0.07197916666666666 0.032412109375
1 0.3434244791666667 0.5244140625 0.055501302083333336 0.05349609375
1 0.3421223958333333 0.44873046875 0.081015625 0.0271142578125
1 0.2513020833333333 0.468994140625 0.07186197916666666 0.0381787109375
1 0.19283854166666667 0.346435546875 0.07277994791666667 0.0331396484375
1 0.4182942708333333 0.5068359375 0.07694661458333334 0.0322265625
1 0.3453776041666667 0.4248046875 0.07678385416666667 0.0272216796875
1 0.3509114583333333 0.6533203125 0.07307942708333333 0.0309619140625
1 0.2862955729166667 0.41796875 0.06477864583333333 0.04708984375
1 0.35596354166666666 0.4697265625 0.07798177083333334 0.02685546875
1 0.349609375 0.56005859375 0.07173828125 0.0332666015625
1 0.3850911458333333 0.53759765625 0.049967447916666664 0.0594189453125
1 0.4427083333333333 0.487548828125 0.07967447916666666 0.0321044921875
1 0.6412760416666666 0.64501953125 0.06966145833333333 0.04568359375
1 0.6647135416666666 0.6865234375 0.07067708333333333 0.04177734375
1 0.34765625 0.60009765625 0.032877604166666664 0.0569775390625
1 0.2513020833333333 0.390380859375 0.043053385416666666 0.0506005859375
1 0.2610677083333333 0.30712890625 0.07055989583333333 0.03732421875
1 0.5979817708333334 0.61572265625 0.06709635416666666 0.053896484375
1 0.3779296875 0.6181640625 0.031048177083333333 0.059326171875
1 0.591796875 0.58837890625 0.0634765625 0.05126953125
1 0.3063151041666667 0.3017578125 0.06563151041666666 0.0482177734375
1 0.6419270833333334 0.61669921875 0.06787109375 0.0475146484375
1 0.2805989583333333 0.3505859375 0.048665364583333336 0.057587890625
1 0.4391276041666667 0.60009765625 0.04074869791666667 0.0571923828125
1 0.16129557291666666 0.262939453125 0.07430338541666666 0.033662109375
1 0.29833984375 0.51513671875 0.046959635416666666 0.0526123046875
1 0.3395182291666667 0.68798828125 0.07332682291666666 0.0360107421875
1 0.7076822916666666 0.72998046875 0.07792317708333334 0.03802734375
1 0.3375651041666667 0.708984375 0.07214192708333333 0.0350048828125
1 0.24202473958333334 0.337158203125 0.0448828125 0.0541064453125
1 0.31982421875 0.609375 0.030800781250000003 0.0582275390625
1 0.6658268229166667 0.254638671875 0.08322916666666667 0.034697265625
1 0.6927083333333334 0.63818359375 0.05054036458333333 0.0567626953125
1 0.6470963541666667 0.667998046875 0.07791015625 0.0433740234375
1 0.7194010416666666 0.63037109375 0.05293619791666667 0.0589892578125
1 0.4674479166666667 0.58544921875 0.03281901041666666 0.0562451171875
1 0.4052734375 0.62744140625 0.029726562499999998 0.0596630859375
1 0.6868489583333334 0.767578125 0.057493489583333335 0.0582275390625
1 0.71875 0.6875 0.050416666666666665 0.05685546875
1 0.64453125 0.734375 0.048749999999999995 0.0611865234375
1 0.4957682291666667 0.5972509765625 0.03244791666666667 0.06181640625
1 0.2099609375 0.402587890625 0.05444661458333333 0.0533154296875
1 0.5032552083333334 0.55322265625 0.07458333333333333 0.0375390625
1 0.619140625 0.74072265625 0.04902994791666667 0.0615234375
1 0.7200520833333334 0.7734375 0.055501302083333336 0.0582275390625
1 0.3020833333333333 0.6572265625 0.053834635416666665 0.0544140625
1 0.7493489583333334 0.6884765625 0.048828125 0.058564453125
1 0.6259765625 0.45068359375 0.07853515625 0.0367138671875
1 0.7701822916666666 0.7099609375 0.046061197916666664 0.061767578125
1 0.3408203125 0.73095703125 0.07458333333333333 0.03607421875
1 0.5849609375 0.487548828125 0.07539713541666666 0.0381787109375
1 0.580078125 0.728515625 0.03000651041666667 0.063232421875
1 0.7194010416666666 0.355224609375 0.08341796875 0.024091796875
1 0.5185546875 0.8154296875 0.04321614583333333 0.061767578125
1 0.1841471354166667 0.2933935546875 0.07348307291666667 0.0410498046875
