1 0.8913802083333334 0.919501953125 0.04856770833333333 0.0680322265625
1 0.23323567708333334 0.70361328125 0.0595703125 0.0544140625
1 0.17220052083333334 0.8251953125 0.061158854166666665 0.053193359375
1 0.19694010416666666 0.880859375 0.06673177083333333 0.0496826171875
1 0.4397786458333333 0.609375 0.03741536458333333 0.0584423828125
1 0.2594401041666667 0.8408203125 0.03721354166666666 0.061767578125
1 0.23063151041666666 0.83154296875 0.03493489583333333 0.06076171875
1 0.7161458333333334 0.681640625 0.08251953125 0.036162109375
1 0.6253255208333334 0.67626953125 0.07723307291666666 0.03271484375
1 0.18343098958333334 0.335693359375 0.07291666666666667 0.042236328125
1 0.6666666666666666 0.252197265625 0.07597005208333334 0.038330078125
1 0.69140625 0.64306640625 0.06763020833333333 0.050234375
1 0.6057942708333334 0.63427734375 0.03481119791666667 0.059111328125
1 0.7018229166666666 0.350830078125 0.059895833333333336 0.0569775390625
1 0.20947265625 0.2760595703125 0.06901041666666667 0.0430859375
1 0.3056640625 0.28564453125 0.03871744791666667 0.0602099609375
1 0.56640625 0.58349609375 0.04005859375 0.056640625
1 0.2594401041666667 0.3134765625 0.0370703125 0.0582275390625
1 0.3359375 0.54443359375 0.06888671875 0.0459619140625
1 0.6705729166666666 0.61279296875 0.03806640625 0.060087890625
1 0.18098958333333334 0.31005859375 0.07279296875 0.0457763671875
1 0.28173828125 0.294677734375 0.04044921875 0.0582275390625
1 0.61328125 0.54150390625 0.06888671875 0.0472412109375
1 0.6901041666666666 0.314697265625 0.04642578125 0.063232421875
1 0.4899088541666667 0.46044921875 0.05054036458333333 0.056337890625
1 0.638671875 0.61181640625 0.03466796875 0.059755859375
1 0.24088541666666666 0.416015625 0.07649739583333333 0.0227685546875
1 0.58984375 0.343505859375 0.08040364583333333 0.0367138671875
1 0.4677734375 0.477294921875 0.042154947916666664 0.056640625
1 0.5838216145833334 0.3859228515625 0.05033854166666666 0.0572021484375
1 0.5979817708333334 0.58203125 0.043619791666666664 0.058134765625
1 0.25341796875 0.459716796875 0.07637369791666666 0.0247509765625
1 0.6966145833333334 0.4580078125 0.06949869791666667 0.0504150390625
1 0.66796875 0.515625 0.08069010416666667 0.0348193359375
1 0.6468098958333334 0.339111328125 0.061608072916666666 0.0518505859375
1 0.5540364583333334 0.47119140625 0.06514322916666666 0.049501953125
1 0.3245442708333333 0.33154296875 0.061484375 0.0501416015625
1 0.6692708333333334 0.298828125 0.0439453125 0.061982421875
1 0.6578776041666666 0.41015625 0.07763671875 0.0394921875
1 0.46271484375 0.5357568359375 0.07002604166666666 0.04486328125
1 0.3753255208333333 0.33740234375 0.07649739583333333 0.0287646484375
1 0.47584635416666665 0.554169921875 0.06913411458333334 0.0456005859375
1 0.42681640625 0.52419921875 0.07501953125000001 0.0378759765625
1 0.3687109375 0.5398291015625 0.07060546875 0.047802734375
1 0.35890625 0.5091259765625 0.06864583333333334 0.043759765625
1 0.40254557291666665 0.4984619140625 0.07845052083333333 0.029052734375
1 0.40107421875 0.477685546875 0.08041015625 0.0316259765625
1 0.40916015625 0.4574560546875 0.07796223958333333 0.0338330078125
1 0.2620703125 0.4376025390625 0.079921875 0.0220654296875
1 0.3331640625 0.4241796875 0.07893880208333333 0.029052734375
1 0.3341471354166667 0.4028515625 0.08188151041666666 0.0283154296875
1 0.36723958333333334 0.3789453125 0.07845052083333333 0.027578125
1 0.34002604166666667 0.361845703125 0.08384114583333334 0.026474609375
1 0.5582161458333333 0.4951513671875 0.06520833333333333 0.0496435546875
1 0.59205078125 0.4993798828125 0.06520833333333333 0.050009765625
1 0.6599544270833334 0.493681640625 0.08335286458333334 0.027578125
1 0.6584830729166666 0.4547021484375 0.07060546875 0.0496435546875
1 0.5986653645833333 0.4394384765625 0.07550781250000001 0.0433935546875
1 0.6234244791666667 0.423994140625 0.07796223958333333 0.041923828125
1 0.20837890625 0.3015380859375 0.06962239583333334 0.0433935546875
