1 0.41796875 0.498046875 0.07779947916666667 0.031923828125
1 0.4358723958333333 0.480712890625 0.0751171875 0.033203125
1 0.5703125 0.57958984375 0.07666015625 0.0322900390625
1 0.6292317708333334 0.53125 0.07735026041666666 0.0321044921875
1 0.5885416666666666 0.50146484375 0.058470052083333335 0.05126953125
1 0.23128255208333334 0.484375 0.07694661458333334 0.027177734375
1 0.6370442708333334 0.489990234375 0.06229817708333333 0.05203125
1 0.3492838541666667 0.4931640625 0.06787109375 0.047333984375
1 0.5419921875 0.55126953125 0.07458333333333333 0.030439453125
1 0.3356119791666667 0.5263671875 0.07360677083333333 0.0474267578125
1 0.5498046875 0.53076171875 0.07597005208333334 0.0347607421875
1 0.6705729166666666 0.38818359375 0.06685546875 0.050810546875
1 0.6328125 0.393798828125 0.056764322916666665 0.057587890625
1 0.18359375 0.287353515625 0.07348958333333333 0.0384521484375
1 0.6402994791666666 0.33447265625 0.06404947916666666 0.0506005859375
1 0.6643880208333334 0.55517578125 0.07401692708333334 0.0399462890625
1 0.37166015625 0.435146484375 0.07658203125 0.040830078125
1 0.3030598958333333 0.29638671875 0.06685546875 0.046630859375
1 0.6829427083333334 0.57568359375 0.07597005208333334 0.0357373046875
1 0.3479817708333333 0.376953125 0.0751171875 0.03927734375
1 0.5847916666666667 0.3253955078125 0.07048828124999999 0.048828125
1 0.20035807291666666 0.468505859375 0.07893880208333333 0.028701171875
1 0.3759765625 0.52783203125 0.056028645833333335 0.0513623046875
1 0.6246744791666666 0.44189453125 0.0376171875 0.058134765625
1 0.498046875 0.488037109375 0.058027343749999995 0.0499560546875
1 0.21875 0.37890625 0.06490234375 0.047880859375
1 0.6940104166666666 0.342041015625 0.047486979166666665 0.060302734375
1 0.67578125 0.4365234375 0.0663671875 0.0511767578125
1 0.2596028645833333 0.301025390625 0.06872395833333333 0.04123046875
1 0.3649088541666667 0.5654296875 0.07470703125 0.0246142578125
1 0.2431640625 0.331787109375 0.045820312499999995 0.057802734375
1 0.36328125 0.58544921875 0.07820963541666666 0.0240478515625
1 0.3515625 0.40234375 0.07694661458333334 0.0423291015625
1 0.16227213541666666 0.258056640625 0.07458333333333333 0.035341796875
1 0.505859375 0.5830078125 0.07332682291666666 0.0403125
1 0.15700520833333334 0.30126953125 0.07352864583333334 0.0406201171875
1 0.30126953125 0.402587890625 0.04634765625 0.05490234375
1 0.27455078125 0.4078515625 0.04813151041666667 0.0566748046875
1 0.4602864583333333 0.5361328125 0.07332682291666666 0.02337890625
1 0.19270833333333334 0.33984375 0.07161458333333333 0.03390625
1 0.7298177083333334 0.6669921875 0.07267578125 0.0455322265625
1 0.5426432291666666 0.475341796875 0.030520833333333334 0.0565478515625
1 0.6770833333333334 0.51123046875 0.08280598958333334 0.0231005859375
1 0.19124348958333334 0.50390625 0.07442057291666666 0.0375390625
1 0.2765299479166667 0.34521484375 0.045983072916666666 0.057587890625
1 0.6860286458333333 0.3026953125 0.057539062499999995 0.059833984375
1 0.6643880208333334 0.2470703125 0.07649739583333333 0.0365625
1 0.17513020833333334 0.3828125 0.05708984375 0.0538037109375
1 0.22654947916666668 0.4240478515625 0.04272786458333333 0.058427734375
1 0.7369791666666666 0.6904296875 0.07458333333333333 0.0489501953125
1 0.2511393229166667 0.417724609375 0.04223958333333333 0.0562451171875
1 0.6643880208333334 0.66259765625 0.07609375 0.0292041015625
1 0.5237630208333334 0.6123046875 0.07881510416666666 0.029814453125
1 0.6861979166666666 0.61865234375 0.04740234375 0.059111328125
1 0.27294921875 0.5771484375 0.0751171875 0.0227978515625
1 0.7180989583333334 0.62060546875 0.047486979166666665 0.0589892578125
1 0.6640625 0.701171875 0.07291666666666667 0.0436083984375
1 0.6619205729166667 0.2914404296875 0.055338541666666664 0.058779296875
1 0.36478515624999996 0.4545361328125 0.07044921875 0.042705078125
1 0.57830078125 0.348681640625 0.06996744791666666 0.0459619140625
