1 0.3024088541666667 0.7390185546875 0.022805989583333335 0.038720703125
1 0.35638671875 0.71337890625 0.05416666666666667 0.018583984375
1 0.2620442708333333 0.7470703125 0.052858072916666665 0.0198388671875
1 0.4521484375 0.25830078125 0.03135416666666666 0.038759765625
1 0.3408203125 0.301513671875 0.03000651041666667 0.043212890625
1 0.26611328125 0.2247314453125 0.0439453125 0.033203125
1 0.4065755208333333 0.34423828125 0.044270833333333336 0.03515625
1 0.42138671875 0.4034326171875 0.03264973958333333 0.0384375
1 0.50390625 0.275634765625 0.05591145833333333 0.0239111328125
1 0.3074544270833333 0.218505859375 0.03609375 0.0394921875
1 0.7265625 0.73583984375 0.05054036458333333 0.0289306640625
1 0.37598307291666666 0.806708984375 0.04788411458333333 0.0296142578125
1 0.4482421875 0.67626953125 0.05147135416666667 0.0153662109375
1 0.3430989583333333 0.62548828125 0.03159505208333333 0.040009765625
1 0.5303190104166667 0.784111328125 0.049179687500000006 0.0308984375
1 0.4521484375 0.6630859375 0.052571614583333336 0.0151904296875
1 0.337890625 0.775390625 0.051595052083333336 0.0279541015625
1 0.6497395833333334 0.268798828125 0.042643229166666664 0.035830078125
1 0.34765625 0.2193603515625 0.046959635416666666 0.028486328125
1 0.6470182291666667 0.598662109375 0.04263671875 0.034306640625
1 0.28466796875 0.262451171875 0.04175130208333333 0.040009765625
1 0.3649088541666667 0.318115234375 0.034752604166666666 0.04052734375
1 0.4150390625 0.2509765625 0.02938151041666667 0.0406787109375
1 0.244140625 0.73291015625 0.0595703125 0.0198681640625
1 0.2612565104166667 0.5639599609375 0.04901041666666667 0.028212890625
1 0.24593098958333334 0.7177734375 0.056028645833333335 0.01646484375
1 0.3990885416666667 0.307861328125 0.036295572916666664 0.0418408203125
1 0.4358723958333333 0.2486572265625 0.03000651041666667 0.0418408203125
1 0.6083984375 0.37451171875 0.03350911458333333 0.0430322265625
1 0.3097330729166667 0.58056640625 0.04837890625 0.02580078125
1 0.3028971354166667 0.66259765625 0.03236979166666667 0.0381787109375
1 0.4420572916666667 0.2998046875 0.0439453125 0.038759765625
1 0.27716796875 0.34130859375 0.05517578125 0.0240478515625
1 0.7200520833333334 0.55859375 0.025553385416666668 0.03955078125
1 0.4944661458333333 0.3095703125 0.022115885416666665 0.0406787109375
1 0.4251302083333333 0.318603515625 0.024720052083333333 0.04193359375
1 0.5751953125 0.62548828125 0.042565104166666666 0.0330810546875
1 0.6998697916666666 0.310791015625 0.048828125 0.02595703125
1 0.2845052083333333 0.72119140625 0.03395833333333333 0.038759765625
1 0.30419921875 0.250244140625 0.03169921875 0.04025390625
1 0.6692708333333334 0.2335205078125 0.03153645833333333 0.0440087890625
1 0.6946614583333334 0.243408203125 0.03147135416666667 0.0425732421875
1 0.3388671875 0.7578125 0.05395833333333333 0.018935546875
1 0.6350911458333334 0.2130126953125 0.028867187500000002 0.040986328125
1 0.7779947916666666 0.368408203125 0.024778645833333335 0.0411376953125
1 0.3320572916666667 0.1889697265625 0.03857421875 0.038818359375
1 0.748046875 0.3525390625 0.043131510416666664 0.035673828125
1 0.4231770833333333 0.73291015625 0.0458984375 0.0345458984375
1 0.3299153645833333 0.80615234375 0.05054036458333333 0.0241845703125
1 0.7013541666666666 0.2089794921875 0.05245442708333333 0.032880859375
1 0.2610677083333333 0.64501953125 0.021197916666666667 0.03955078125
1 0.5322265625 0.591796875 0.043782552083333336 0.0313720703125
1 0.25161458333333336 0.576396484375 0.050130208333333336 0.029453125
1 0.5963541666666666 0.53125 0.021197916666666667 0.0398583984375
1 0.7394401041666666 0.5900830078125 0.056067708333333334 0.019326171875
1 0.4117838541666667 0.7734375 0.053671875 0.0241845703125
1 0.23208333333333334 0.25890625 0.04607421875 0.034716796875
1 0.5579427083333334 0.25439453125 0.058678385416666666 0.0163427734375
1 0.4127604166666667 0.75634765625 0.044270833333333336 0.024140625
1 0.3927408854166667 0.2526953125 0.028671875 0.042744140625
1 0.3642578125 0.443115234375 0.02352213541666667 0.0383935546875
1 0.43986328125 0.7768603515625 0.04708984375 0.030537109375
1 0.681640625 0.2783203125 0.03389322916666667 0.0413818359375
1 0.6253255208333334 0.266357421875 0.049479166666666664 0.0362841796875
1 0.24186197916666666 0.646484375 0.021282552083333333 0.0389697265625
1 0.55078125 0.61376953125 0.052858072916666665 0.0157763671875
1 0.673828125 0.201171875 0.055787760416666665 0.024931640625
1 0.35718098958333333 0.2650390625 0.05031901041666667 0.0298583984375
1 0.5763411458333333 0.65001953125 0.05434244791666667 0.016796875
1 0.7230078125 0.3747607421875 0.05360677083333334 0.0206005859375
1 0.6360677083333334 0.243408203125 0.054772135416666666 0.01744140625
1 0.2801106770833333 0.62646484375 0.023255208333333333 0.038818359375
1 0.7779947916666666 0.295654296875 0.02712239583333333 0.0416259765625
1 0.67578125 0.724609375 0.05025390625 0.0292529296875
1 0.5579427083333334 0.6787109375 0.05517578125 0.0148388671875
1 0.4736328125 0.697265625 0.0234375 0.03927734375
1 0.734375 0.404052734375 0.05591145833333333 0.0173779296875
1 0.4534505208333333 0.74755859375 0.038938802083333335 0.0352197265625
1 0.24479166666666666 0.305419921875 0.03300130208333333 0.04193359375
1 0.7408854166666666 0.5615234375 0.027220052083333335 0.03689453125
1 0.76953125 0.398681640625 0.042402343749999995 0.0347607421875
1 0.73046875 0.607421875 0.04911458333333333 0.021240234375
1 0.6171875 0.305419921875 0.052858072916666665 0.0161572265625
1 0.4879557291666667 0.79541015625 0.03029296875 0.0379052734375
1 0.5654166666666667 0.3935546875 0.05446614583333333 0.0160205078125
1 0.24283854166666666 0.229736328125 0.045572916666666664 0.03515625
1 0.7317708333333334 0.6220703125 0.047773437499999995 0.0224609375
1 0.5638020833333334 0.79248046875 0.027057291666666667 0.0410791015625
1 0.6712239583333334 0.3303466796875 0.021197916666666667 0.042041015625
1 0.4903776041666667 0.72216796875 0.049440104166666665 0.028486328125
1 0.4537760416666667 0.7119140625 0.021790364583333333 0.040771484375
1 0.6315104166666666 0.352294921875 0.052858072916666665 0.025224609375
1 0.7338216145833334 0.304931640625 0.05426432291666666 0.022080078125
1 0.5458919270833333 0.210576171875 0.036634114583333335 0.0406591796875
1 0.4625651041666667 0.64794921875 0.0517578125 0.0149560546875
1 0.595703125 0.189697265625 0.029726562499999998 0.045869140625
1 0.7415364583333334 0.26123046875 0.052734375 0.0156689453125
1 0.5489322916666667 0.7445166015625 0.05284505208333334 0.0222705078125
1 0.6500651041666666 0.762626953125 0.046875 0.0313720703125
1 0.3714192708333333 0.78076171875 0.027890625000000002 0.0410791015625
1 0.24918619791666666 0.59228515625 0.050130208333333336 0.02427734375
1 0.2833658854166667 0.77587890625 0.022910156249999997 0.041533203125
1 0.3388802083333333 0.239248046875 0.05044921875 0.029306640625
1 0.4755859375 0.2218017578125 0.06103515625 0.0166650390625
1 0.4755859375 0.2989404296875 0.022213541666666666 0.0415673828125
1 0.6113216145833333 0.211298828125 0.022910156249999997 0.0444091796875
1 0.30126953125 0.779296875 0.024355468749999998 0.039794921875
1 0.21485677083333332 0.3304638671875 0.036360677083333334 0.0402587890625
1 0.7779947916666666 0.250244140625 0.031171875 0.0406201171875
1 0.4244791666666667 0.2093505859375 0.05423828125 0.0157177734375
1 0.5358919270833333 0.8027685546875 0.04763671875 0.027900390625
1 0.560546875 0.26953125 0.05537760416666667 0.0166650390625
1 0.5712890625 0.28369140625 0.054772135416666666 0.0167236328125
1 0.779296875 0.34033203125 0.055299479166666665 0.0172412109375
1 0.470703125 0.78857421875 0.0317578125 0.0403759765625
1 0.7975260416666666 0.30078125 0.0223828125 0.0425732421875
1 0.7447916666666666 0.418212890625 0.05326171875 0.0166650390625
1 0.7406119791666667 0.2905029296875 0.05926432291666667 0.0209423828125
1 0.7630208333333334 0.32666015625 0.055585937499999995 0.0200634765625
1 0.6946549479166667 0.3840234375 0.0523046875 0.02513671875
1 0.705078125 0.6923828125 0.0321875 0.0396435546875
1 0.20815755208333334 0.295654296875 0.04666015625 0.0335986328125
1 0.56916015625 0.6649169921875 0.05336588541666667 0.0155517578125
1 0.65494140625 0.3991650390625 0.05458333333333334 0.0230078125
1 0.7076822916666666 0.357666015625 0.058027343749999995 0.018720703125
1 0.6481119791666666 0.69482421875 0.025735677083333335 0.0396435546875
1 0.751953125 0.431884765625 0.05423828125 0.0172412109375
1 0.27065755208333336 0.1902978515625 0.05448567708333333 0.026279296875
1 0.5322265625 0.63232421875 0.050703124999999995 0.022109375
1 0.5830078125 0.79634765625 0.0223828125 0.041142578125
1 0.6357421875 0.6376953125 0.026894531250000003 0.0389111328125
1 0.6790364583333334 0.68896484375 0.03712890625 0.0348828125
1 0.763671875 0.47021484375 0.053671875 0.019013671875
1 0.408203125 0.2235107421875 0.052858072916666665 0.0164013671875
1 0.26416015625 0.7763671875 0.02170572916666667 0.0401611328125
1 0.6380208333333334 0.291259765625 0.053671875 0.017578125
1 0.498046875 0.250244140625 0.052167968749999995 0.017578125
1 0.73828125 0.2462158203125 0.053059895833333336 0.0150146484375
1 0.7076822916666666 0.333740234375 0.052858072916666665 0.022841796875
1 0.763671875 0.56494140625 0.030520833333333334 0.03634765625
1 0.4326171875 0.79736328125 0.03998046875 0.027587890625
1 0.5716080729166667 0.20240234375 0.02896484375 0.0431982421875
1 0.7766927083333334 0.54638671875 0.049401041666666666 0.0301513671875
1 0.4407552083333333 0.193603515625 0.054036458333333336 0.0177783203125
1 0.7884114583333334 0.5810546875 0.028990885416666667 0.0406201171875
1 0.494140625 0.2359619140625 0.05347005208333333 0.0167236328125
1 0.7350260416666666 0.451904296875 0.051881510416666665 0.0267626953125
1 0.7102864583333334 0.761787109375 0.0478515625 0.030791015625
1 0.7239583333333334 0.69091796875 0.029095052083333333 0.04052734375
1 0.7662760416666666 0.6142578125 0.022220052083333334 0.04193359375
1 0.29541015625 0.50341796875 0.05147135416666667 0.0180224609375
1 0.6830338541666667 0.78791015625 0.03765625 0.0364306640625
1 0.56724609375 0.3787744140625 0.053105468749999996 0.018603515625
1 0.6451822916666666 0.7958984375 0.031106770833333335 0.0389111328125
1 0.6920572916666666 0.62158203125 0.027792968749999997 0.0369873046875
1 0.4957682291666667 0.6572265625 0.03153645833333333 0.0369873046875
1 0.3828125 0.7373046875 0.042076822916666666 0.034697265625
1 0.775390625 0.447021484375 0.045820312499999995 0.0302734375
1 0.5688216145833334 0.724267578125 0.04545572916666666 0.033154296875
1 0.7054427083333333 0.7769921875 0.04881510416666667 0.03126953125
1 0.5288346354166666 0.696708984375 0.04495442708333333 0.0331103515625
1 0.48161458333333335 0.2054443359375 0.05496744791666667 0.0172412109375
1 0.5758528645833333 0.2396142578125 0.054394531249999996 0.0194873046875
1 0.7623697916666666 0.525390625 0.054563802083333335 0.0202197265625
1 0.7376302083333334 0.216552734375 0.05423828125 0.0171826171875
1 0.7298177083333334 0.2322998046875 0.05126953125 0.0164013671875
1 0.5436197916666666 0.1849365234375 0.04756510416666667 0.0343017578125
1 0.34225911458333336 0.7432275390625 0.05524088541666666 0.0155126953125
1 0.3655598958333333 0.194580078125 0.04931640625 0.031435546875
1 0.24934244791666668 0.35498046875 0.05514973958333333 0.0163427734375
1 0.5583723958333333 0.7121533203125 0.04543619791666667 0.0339208984375
1 0.67123046875 0.62484375 0.027350260416666664 0.0404736328125
1 0.68359375 0.66259765625 0.05293619791666667 0.0219140625
1 0.22102864583333334 0.64453125 0.024173177083333334 0.0413818359375
1 0.29150390625 0.1707763671875 0.052167968749999995 0.02365234375
1 0.5511328125 0.4662353515625 0.05229166666666666 0.0217041015625
1 0.6624348958333334 0.78955078125 0.03623697916666666 0.0401025390625
1 0.5574283854166667 0.365732421875 0.05311197916666666 0.01728515625
1 0.7184440104166666 0.74953125 0.05057291666666667 0.02853515625
1 0.6778450520833333 0.710556640625 0.05103515625 0.0278369140625
1 0.33404947916666666 0.7904150390625 0.05196614583333333 0.0267919921875
1 0.3370247395833333 0.7286376953125 0.052161458333333334 0.01716796875
1 0.2542903645833333 0.702880859375 0.0553515625 0.016083984375
1 0.26341796875 0.689189453125 0.05621744791666666 0.016083984375
1 0.24776692708333334 0.6744091796875 0.055058593749999996 0.01869140625
1 0.28544270833333335 0.666259765625 0.034192708333333335 0.0376025390625
1 0.3094921875 0.7006005859375 0.03129557291666667 0.0393408203125
1 0.32659505208333334 0.691474609375 0.025501302083333333 0.0393408203125
1 0.37527994791666663 0.697451171875 0.052161458333333334 0.0165185546875
1 0.35455729166666666 0.680712890625 0.0373828125 0.036513671875
1 0.32775390625 0.6522412109375 0.02318359375 0.0386865234375
1 0.3448502604166667 0.661044921875 0.035351562499999996 0.0384716796875
1 0.3939713541666667 0.6810400390625 0.054772135416666666 0.016298828125
1 0.4081705729166667 0.7038623046875 0.04201822916666667 0.034990234375
1 0.42352864583333333 0.7099462890625 0.04201822916666667 0.0336865234375
1 0.3016666666666667 0.621142578125 0.025546875 0.0420068359375
1 0.3155859375 0.630849609375 0.028496093750000003 0.04078125
1 0.36848307291666665 0.6361279296875 0.028170572916666668 0.03955078125
1 0.38863281250000004 0.6562744140625 0.031119791666666664 0.0385693359375
1 0.41434244791666663 0.65787109375 0.04454427083333334 0.033408203125
1 0.42498697916666667 0.6309716796875 0.045527343750000004 0.0331640625
1 0.4651106770833333 0.633916015625 0.05371744791666667 0.015478515625
1 0.48017578125 0.6200390625 0.05371744791666667 0.0152294921875
1 0.4194205729166667 0.616845703125 0.04749348958333333 0.0309521484375
1 0.39419921875 0.6143896484375 0.041595052083333334 0.0343896484375
1 0.3711067708333333 0.6056689453125 0.052408854166666664 0.0262841796875
1 0.4271158854166666 0.5937548828125 0.053059895833333336 0.0201416015625
1 0.36307942708333335 0.593017578125 0.05142578125 0.02505859375
1 0.34391927083333335 0.573857421875 0.028170572916666668 0.0383203125
1 0.3666861979166667 0.5663623046875 0.028496093750000003 0.038076171875
1 0.28643880208333333 0.5605908203125 0.04421875 0.03193359375
1 0.30347005208333333 0.5472021484375 0.03242838541666667 0.037587890625
1 0.32443359374999997 0.5489208984375 0.0298046875 0.0390576171875
1 0.47296875 0.6065283203125 0.055026041666666664 0.0152294921875
1 0.48230468750000005 0.59240234375 0.05207682291666666 0.015478515625
1 0.45479166666666665 0.5803662109375 0.05339192708333334 0.0135107421875
1 0.5034309895833333 0.572626953125 0.05175130208333333 0.025546875
1 0.4947526041666667 0.5602197265625 0.05076822916666667 0.0262841796875
1 0.54732421875 0.5788916015625 0.03537760416666667 0.0366015625
1 0.56779296875 0.576923828125 0.03439453125 0.03611328125
1 0.583515625 0.56046875 0.02587890625 0.0390576171875
1 0.6129947916666666 0.56771484375 0.04421875 0.0339013671875
1 0.6211848958333334 0.595595703125 0.04028645833333334 0.034638671875
1 0.5962890625 0.60517578125 0.05142578125 0.02087890625
1 0.5450325520833333 0.552236328125 0.052408854166666664 0.0162109375
1 0.5381510416666667 0.5393408203125 0.053059895833333336 0.0198974609375
1 0.528984375 0.5270556640625 0.05175130208333333 0.0198974609375
1 0.47919270833333333 0.5273046875 0.048476562499999994 0.028251953125
1 0.47510416666666666 0.5416748046875 0.048151041666666665 0.025546875
1 0.4544661458333333 0.548427734375 0.04880208333333333 0.025302734375
1 0.4466015625 0.5610791015625 0.04945963541666667 0.025546875
1 0.413359375 0.5753271484375 0.050442708333333336 0.027021484375
1 0.3881380208333333 0.5619384765625 0.029479166666666667 0.0400439453125
1 0.4140169270833333 0.5508837890625 0.0340625 0.0390576171875
1 0.3892838541666667 0.536884765625 0.05207682291666666 0.022353515625
1 0.35522135416666667 0.5349169921875 0.028496093750000003 0.03955078125
1 0.37569010416666665 0.5131787109375 0.029479166666666667 0.039306640625
1 0.40893880208333333 0.5195654296875 0.048151041666666665 0.0245654296875
1 0.4431640625 0.51625 0.01965494791666667 0.0400439453125
1 0.40205729166666665 0.50138671875 0.05142578125 0.025546875
1 0.23353515625 0.5463427734375 0.043893229166666665 0.0343896484375
1 0.2694010416666667 0.5355322265625 0.04421875 0.032919921875
1 0.2523697916666667 0.5206689453125 0.05142578125 0.02333984375
1 0.22436848958333333 0.511826171875 0.03668619791666667 0.0366015625
1 0.34179036458333334 0.517724609375 0.03046223958333333 0.0390576171875
1 0.31951822916666667 0.4889794921875 0.04618489583333333 0.0307080078125
1 0.3408072916666667 0.4832080078125 0.04421875 0.033408203125
1 0.3539127604166667 0.4719091796875 0.0383203125 0.0348828125
1 0.3902669270833334 0.47890625 0.04618489583333333 0.0297265625
1 0.28545572916666667 0.4669921875 0.024563802083333332 0.039794921875
1 0.2594140625 0.496962890625 0.043893229166666665 0.0343896484375
1 0.2540104166666667 0.479033203125 0.04291015625 0.0343896484375
1 0.22666015625 0.4828369140625 0.04126953125 0.03611328125
1 0.23386718750000002 0.4532373046875 0.04913411458333333 0.0294775390625
1 0.25024088541666667 0.445009765625 0.04520182291666667 0.0326708984375
1 0.2707161458333333 0.4355517578125 0.05207682291666666 0.0245654296875
1 0.30789062500000003 0.4521337890625 0.02685546875 0.03955078125
1 0.32967447916666665 0.4459912109375 0.028496093750000003 0.0400439453125
1 0.43743489583333334 0.4899609375 0.05142578125 0.0179345703125
1 0.47510416666666666 0.5094921875 0.048151041666666665 0.025546875
1 0.5065429687499999 0.508017578125 0.0468359375 0.027021484375
1 0.5296354166666667 0.5018798828125 0.04781901041666667 0.0280029296875
1 0.5615755208333334 0.5051953125 0.0212890625 0.0400439453125
1 0.5774609375 0.5223876953125 0.018997395833333333 0.0385693359375
1 0.61447265625 0.5363916015625 0.02096354166666667 0.03955078125
1 0.6319921875 0.543759765625 0.019322916666666665 0.041513671875
1 0.65017578125 0.548427734375 0.020305989583333333 0.041025390625
1 0.6470638020833334 0.5070361328125 0.01998046875 0.0388134765625
1 0.6041536458333333 0.5049462890625 0.0501171875 0.0262841796875
1 0.6319921875 0.485048828125 0.03373697916666667 0.03955078125
1 0.6010416666666667 0.4727685546875 0.04913411458333333 0.0257958984375
1 0.57533203125 0.4817333984375 0.05142578125 0.0216162109375
1 0.5247265625 0.48099609375 0.04323567708333333 0.0314453125
1 0.48705729166666667 0.48861328125 0.050442708333333336 0.024072265625
1 0.48770833333333335 0.469326171875 0.04323567708333333 0.0297265625
1 0.4655989583333333 0.466748046875 0.04618489583333333 0.0324267578125
1 0.45888671875000003 0.4506591796875 0.047167968750000004 0.0311962890625
1 0.42891927083333337 0.4635546875 0.021946614583333333 0.04078125
1 0.4091015625 0.461220703125 0.0229296875 0.0400439453125
1 0.3864973958333333 0.4497998046875 0.026204427083333332 0.04078125
1 0.21142578125 0.4181103515625 0.033079427083333335 0.039794921875
1 0.22403645833333333 0.375732421875 0.05568359375 0.02677734375
1 0.23238932291666667 0.388876953125 0.04945963541666667 0.0275146484375
1 0.24238281250000002 0.401650390625 0.053059895833333336 0.0280029296875
1 0.24876953125 0.4149169921875 0.04749348958333333 0.0289892578125
1 0.30002604166666663 0.410986328125 0.052408854166666664 0.022109375
1 0.28905598958333334 0.423388671875 0.05207682291666666 0.018916015625
1 0.33867838541666667 0.4125830078125 0.040618489583333334 0.03611328125
1 0.37913411458333335 0.4158984375 0.04356119791666666 0.0339013671875
1 0.41041015625 0.422900390625 0.027513020833333332 0.041025390625
1 0.46117838541666667 0.4337060546875 0.047167968750000004 0.03021484375
1 0.44611328125 0.42486328125 0.047167968750000004 0.0297265625
1 0.4382552083333333 0.395751953125 0.03341145833333333 0.0373388671875
1 0.46069010416666667 0.396123046875 0.039635416666666666 0.03611328125
1 0.47346354166666665 0.385927734375 0.04094401041666667 0.0348828125
1 0.4931184895833333 0.3813818359375 0.039635416666666666 0.035126953125
1 0.5119466145833333 0.37634765625 0.03668619791666667 0.036357421875
1 0.38568359375 0.3666455078125 0.04618489583333333 0.0194091796875
1 0.40779296875 0.3643115234375 0.043893229166666665 0.0304638671875
1 0.4382552083333333 0.359765625 0.020305989583333333 0.041025390625
1 0.4718229166666667 0.3579248046875 0.05600911458333333 0.0211279296875
1 0.34735677083333333 0.381875 0.0501171875 0.02677734375
1 0.36193359374999995 0.39169921875 0.048476562499999994 0.0277587890625
1 0.39337890625 0.3926806640625 0.029479166666666667 0.037587890625
1 0.2676041666666667 0.3816259765625 0.037994791666666666 0.0366015625
1 0.29806640624999997 0.388505859375 0.03930338541666666 0.0336572265625
1 0.30068359375000003 0.36787109375 0.04781901041666667 0.0311962890625
1 0.3544010416666667 0.3521484375 0.028821614583333335 0.0405322265625
1 0.33671223958333335 0.345146484375 0.031445312499999996 0.04078125
1 0.2849609375 0.32955078125 0.054375 0.0243212890625
1 0.31149088541666664 0.321689453125 0.043893229166666665 0.035126953125
1 0.30592447916666665 0.2958935546875 0.04323567708333333 0.0356201171875
1 0.3773307291666667 0.30572265625 0.03602864583333334 0.0400439453125
1 0.27759114583333333 0.2930712890625 0.028496093750000003 0.042744140625
1 0.26055989583333333 0.297861328125 0.03046223958333333 0.041025390625
1 0.23222656249999998 0.324267578125 0.0340625 0.0422509765625
1 0.34162760416666665 0.2554833984375 0.04913411458333333 0.0309521484375
1 0.21814453125 0.2479931640625 0.04454427083333334 0.0356201171875
1 0.24680338541666666 0.2691162109375 0.04618489583333333 0.0331640625
1 0.2764453125 0.21310546875 0.04520182291666667 0.03611328125
1 0.3119856770833333 0.195791015625 0.04291015625 0.0388134765625
1 0.4628190104166667 0.273662109375 0.03209635416666667 0.0417626953125
1 0.5140755208333333 0.309404296875 0.023255208333333333 0.0425
1 0.54470703125 0.3067041015625 0.04913411458333333 0.0321826171875
1 0.5705794270833333 0.310263671875 0.040618489583333334 0.0383203125
1 0.6359244791666666 0.3226708984375 0.05339192708333334 0.0213720703125
1 0.6354361979166666 0.3377783203125 0.054375 0.0216162109375
1 0.5956380208333333 0.3371630859375 0.03373697916666667 0.0405322265625
1 0.5738541666666667 0.334091796875 0.037337239583333334 0.0383203125
1 0.45414062499999996 0.3360595703125 0.0468359375 0.0324267578125
1 0.47641276041666664 0.3316357421875 0.04421875 0.0314453125
1 0.52013671875 0.34109375 0.04126953125 0.0356201171875
1 0.5404427083333333 0.3461328125 0.04126953125 0.0353759765625
1 0.51326171875 0.4032470703125 0.054375 0.02333984375
1 0.4927864583333333 0.434443359375 0.0212890625 0.0405322265625
1 0.5227604166666667 0.4230224609375 0.04192708333333334 0.0343896484375
1 0.5871223958333334 0.4081591796875 0.05470052083333333 0.0144921875
1 0.6218424479166667 0.407421875 0.028496093750000003 0.0400439453125
1 0.6608203125 0.4168798828125 0.05339192708333334 0.018671875
1 0.69275390625 0.4491845703125 0.0340625 0.0390576171875
1 0.6670442708333333 0.4431640625 0.028496093750000003 0.039794921875
1 0.6516471354166666 0.4543408203125 0.027838541666666664 0.0400439453125
1 0.6285546875 0.44783203125 0.0229296875 0.039794921875
1 0.5930143229166667 0.42400390625 0.05339192708333334 0.0211279296875
1 0.593671875 0.43935546875 0.04945963541666667 0.021865234375
1 0.5935091145833333 0.45458984375 0.05175130208333333 0.022353515625
1 0.5571484375 0.426337890625 0.023580729166666665 0.041025390625
1 0.52357421875 0.442919921875 0.0501171875 0.024072265625
1 0.5342252604166667 0.455078125 0.053059895833333336 0.0198974609375
1 0.7222330729166666 0.5218994140625 0.037337239583333334 0.0390576171875
1 0.6708072916666666 0.475224609375 0.04454427083333334 0.0331640625
1 0.6781770833333334 0.49033203125 0.045527343750000004 0.033408203125
1 0.6778515625 0.5099853515625 0.04487630208333334 0.032919921875
1 0.6844010416666667 0.524599609375 0.05076822916666667 0.0311962890625
1 0.6922591145833333 0.53798828125 0.048151041666666665 0.0289892578125
1 0.6770312500000001 0.5619384765625 0.048476562499999994 0.0292333984375
1 0.6901302083333333 0.572626953125 0.04585286458333334 0.0304638671875
1 0.6968489583333333 0.5893310546875 0.0468359375 0.0314453125
1 0.6542643229166667 0.5834375 0.039635416666666666 0.033408203125
1 0.74267578125 0.2767236328125 0.055123697916666665 0.018671875
