1 0.560546875 0.421142578125 0.048014322916666664 0.0299853515625
1 0.4557291666666667 0.5190380859375 0.03540364583333334 0.03732421875
1 0.5709635416666666 0.63671875 0.052167968749999995 0.024091796875
1 0.4085286458333333 0.49853515625 0.048749999999999995 0.0184765625
1 0.6347721354166667 0.465576171875 0.047558593749999996 0.03048828125
1 0.3541666666666667 0.253662109375 0.028990885416666667 0.0410791015625
1 0.6022135416666666 0.5221337890625 0.025247395833333335 0.039326171875
1 0.4847005208333333 0.5009765625 0.049765625 0.026259765625
1 0.3610026041666667 0.4833984375 0.052734375 0.01751953125
1 0.5667317708333334 0.5087841796875 0.04642578125 0.0317041015625
1 0.3509114583333333 0.3115234375 0.03098307291666667 0.038330078125
1 0.6165364583333334 0.4423828125 0.04830078125 0.0292529296875
1 0.4534505208333333 0.41455078125 0.052734375 0.0248876953125
1 0.5874609375000001 0.4943017578125 0.055501302083333336 0.0152490234375
1 0.4641927083333333 0.4716796875 0.03574869791666666 0.0367724609375
1 0.4889322916666667 0.474609375 0.039388020833333336 0.03802734375
1 0.4469401041666667 0.4829150390625 0.027584635416666666 0.03931640625
1 0.5814973958333333 0.625 0.05467447916666667 0.0250390625
1 0.6279296875 0.54638671875 0.054563802083333335 0.0164013671875
1 0.5615234375 0.575517578125 0.0317578125 0.0379052734375
1 0.4788411458333333 0.408935546875 0.05224609375 0.026259765625
1 0.5706315104166667 0.5939208984375 0.032975260416666666 0.0379638671875
1 0.6490950520833333 0.53076171875 0.053593749999999996 0.015126953125
1 0.6217447916666666 0.5625 0.0517578125 0.0172412109375
1 0.31201171875 0.62744140625 0.022115885416666665 0.0398583984375
1 0.412109375 0.51318359375 0.04984375 0.0178515625
1 0.62109375 0.5029296875 0.022220052083333334 0.0391845703125
1 0.5940755208333334 0.599609375 0.02072265625 0.0377490234375
1 0.66015625 0.56005859375 0.029440104166666665 0.03955078125
1 0.45237630208333335 0.445068359375 0.05262369791666666 0.0243359375
1 0.4055989583333333 0.33056640625 0.028769531249999997 0.04025390625
1 0.4554036458333333 0.5480078125 0.03721354166666666 0.0386962890625
1 0.64453125 0.5029296875 0.028606770833333333 0.0367138671875
1 0.3857421875 0.53369140625 0.04858723958333333 0.02546875
1 0.3282877604166667 0.607421875 0.03369140625 0.03927734375
1 0.3408203125 0.64990234375 0.053144531249999995 0.027587890625
1 0.6144791666666667 0.425205078125 0.047727864583333335 0.0327392578125
1 0.4537760416666667 0.430419921875 0.04809895833333333 0.02400390625
1 0.3683854166666667 0.4702978515625 0.05106119791666667 0.0229638671875
1 0.5182291666666666 0.53173828125 0.020104166666666666 0.0396435546875
1 0.4814453125 0.543623046875 0.0193359375 0.0399169921875
1 0.41047526041666665 0.4553125 0.03354166666666667 0.038095703125
1 0.6608072916666666 0.477294921875 0.050904947916666665 0.0159619140625
1 0.3583984375 0.2890625 0.048665364583333336 0.02810546875
1 0.3146158854166667 0.318603515625 0.029153645833333335 0.0401025390625
1 0.34375 0.6318359375 0.04740234375 0.028974609375
1 0.4990234375 0.53466796875 0.019563802083333335 0.03802734375
1 0.5913606770833334 0.4201611328125 0.045605468749999996 0.0333154296875
1 0.6163216145833333 0.576494140625 0.05235677083333334 0.01890625
1 0.6299869791666667 0.6023779296875 0.042845052083333335 0.0347509765625
1 0.2877278645833333 0.6593310546875 0.05336588541666667 0.019951171875
1 0.5302669270833333 0.5624951171875 0.05293619791666667 0.01490234375
1 0.3362630208333333 0.68408203125 0.051191406249999995 0.023330078125
1 0.5540364583333334 0.46240234375 0.019869791666666668 0.0389697265625
1 0.5528450520833333 0.548505859375 0.05245442708333333 0.0167236328125
1 0.57498046875 0.393232421875 0.04123697916666667 0.035029296875
1 0.57421875 0.45703125 0.01867838541666667 0.04193359375
1 0.54537109375 0.5154638671875 0.048951822916666665 0.027451171875
1 0.5532812500000001 0.53515625 0.05395182291666667 0.016982421875
1 0.4606119791666667 0.389892578125 0.05033203125 0.02859375
1 0.2610677083333333 0.669921875 0.051106770833333336 0.0218212890625
1 0.3232421875 0.6943359375 0.05244791666666667 0.0227197265625
1 0.3460286458333333 0.60107421875 0.03466796875 0.04025390625
1 0.5442708333333334 0.407958984375 0.049680989583333335 0.027529296875
1 0.2939453125 0.62548828125 0.022115885416666665 0.04052734375
1 0.5227864583333334 0.580078125 0.05224609375 0.020341796875
1 0.414296875 0.3002685546875 0.025188802083333333 0.040234375
1 0.3544921875 0.36962890625 0.047037760416666664 0.030625
1 0.6711914062500001 0.72900390625 0.05222005208333333 0.0285498046875
1 0.3792317708333333 0.363037109375 0.047200520833333336 0.03125
1 0.34038411458333334 0.5494775390625 0.04045572916666667 0.036396484375
1 0.431640625 0.33251953125 0.02516927083333333 0.040009765625
1 0.525390625 0.716796875 0.04044921875 0.0368359375
1 0.6857617187499999 0.4267578125 0.05703125 0.01646484375
1 0.6809895833333334 0.4130859375 0.05395833333333333 0.0163427734375
1 0.38544270833333333 0.3083984375 0.03714192708333333 0.038505859375
1 0.6499739583333334 0.774677734375 0.05544921875 0.0259033203125
1 0.5543619791666666 0.72216796875 0.02025390625 0.0413232421875
1 0.5209440104166666 0.5908203125 0.05307942708333333 0.0161572265625
1 0.5377604166666666 0.68994140625 0.051393229166666665 0.0224169921875
1 0.67544921875 0.788076171875 0.054778645833333334 0.019599609375
1 0.32916666666666666 0.3088671875 0.033502604166666665 0.0418115234375
1 0.7311197916666666 0.279052734375 0.03871744791666667 0.0379052734375
1 0.4476953125 0.5642822265625 0.03637369791666666 0.0376953125
1 0.4580078125 0.63232421875 0.04911458333333333 0.027802734375
1 0.75 0.28369140625 0.040364583333333336 0.038115234375
1 0.5875651041666666 0.5543798828125 0.028483072916666668 0.039443359375
1 0.3466927083333333 0.6624267578125 0.05079427083333333 0.02857421875
1 0.42365234375 0.4668994140625 0.03350911458333333 0.0381884765625
1 0.61708984375 0.4580859375 0.048743489583333334 0.031005859375
