1 0.3772786458333333 0.2330322265625 0.053059895833333336 0.0212841796875
1 0.5416666666666666 0.6806640625 0.03595052083333333 0.0383935546875
1 0.5419010416666666 0.26806640625 0.04615885416666667 0.0347607421875
1 0.592421875 0.234599609375 0.03986979166666667 0.0378369140625
1 0.4423828125 0.8037109375 0.0448828125 0.0289306640625
1 0.6305338541666666 0.22216796875 0.03212239583333334 0.0423291015625
1 0.5315755208333334 0.29638671875 0.04443359375 0.028974609375
1 0.3798828125 0.296630859375 0.04931640625 0.0272216796875
1 0.5709635416666666 0.690927734375 0.020651041666666665 0.0400439453125
1 0.5862630208333334 0.25390625 0.045286458333333335 0.0335400390625
1 0.6080729166666666 0.220703125 0.032063802083333336 0.04248046875
1 0.5322265625 0.66455078125 0.03835286458333333 0.0391845703125
1 0.6298828125 0.307861328125 0.048665364583333336 0.0306689453125
1 0.5382877604166666 0.80888671875 0.046503906250000004 0.03076171875
1 0.4860026041666667 0.66015625 0.019114583333333334 0.0426318359375
1 0.3525390625 0.2115478515625 0.04809895833333333 0.0374755859375
1 0.6959635416666666 0.26220703125 0.025065104166666668 0.0435205078125
1 0.31080729166666665 0.35044921875 0.054498697916666665 0.0214013671875
1 0.5045572916666666 0.671875 0.019869791666666668 0.0408349609375
1 0.43568359375000004 0.307626953125 0.041666666666666664 0.03630859375
1 0.5013020833333334 0.79833984375 0.03200520833333333 0.03732421875
1 0.6953125 0.2210693359375 0.03521484375 0.04123046875
1 0.5930989583333334 0.67724609375 0.0223828125 0.0406787109375
1 0.47690104166666664 0.2728173828125 0.03759114583333333 0.038564453125
1 0.32177734375 0.229248046875 0.046959635416666666 0.0360107421875
1 0.2734375 0.279052734375 0.022115885416666665 0.043212890625
1 0.6751302083333334 0.2607421875 0.02080078125 0.042177734375
1 0.7779947916666666 0.2509765625 0.044355468749999995 0.0367724609375
1 0.4462890625 0.277099609375 0.0414453125 0.0333251953125
1 0.4525911458333333 0.2296533203125 0.049654947916666664 0.029697265625
1 0.3772786458333333 0.280029296875 0.051393229166666665 0.0236962890625
1 0.4440690104166667 0.78337890625 0.04651692708333333 0.03259765625
1 0.4153645833333333 0.275634765625 0.023072916666666665 0.042236328125
1 0.23209635416666666 0.258056640625 0.022988281250000003 0.0411376953125
1 0.45061848958333334 0.73517578125 0.022395833333333334 0.0404248046875
1 0.5791015625 0.75390625 0.03481119791666667 0.0364990234375
1 0.2562044270833333 0.2411572265625 0.04830729166666667 0.034189453125
1 0.4264322916666667 0.6806640625 0.04512369791666667 0.03216796875
1 0.6588541666666666 0.66015625 0.028118489583333333 0.0391259765625
1 0.3191731770833333 0.300048828125 0.04128255208333333 0.038603515625
1 0.7369791666666666 0.70263671875 0.035279947916666665 0.03802734375
1 0.6829427083333334 0.302734375 0.052369791666666665 0.024658203125
1 0.31201171875 0.36669921875 0.052571614583333336 0.0201416015625
1 0.7259114583333334 0.365478515625 0.03257161458333333 0.041474609375
1 0.5784505208333334 0.2802734375 0.036783854166666664 0.04193359375
1 0.2530924479166667 0.2705078125 0.021627604166666665 0.04248046875
1 0.22326171875 0.5092529296875 0.04255208333333333 0.03576171875
1 0.6825390625000001 0.31939453125 0.05340494791666667 0.02046875
1 0.7578125 0.32666015625 0.0478515625 0.031083984375
1 0.5638020833333334 0.218505859375 0.02048828125 0.0433642578125
1 0.3720703125 0.2496337890625 0.05643880208333333 0.0213623046875
1 0.3336588541666667 0.79181640625 0.04764973958333333 0.0270703125
1 0.625 0.6906005859375 0.03407552083333334 0.03880859375
1 0.47311848958333336 0.317392578125 0.03791666666666667 0.03791015625
1 0.5026041666666666 0.2347412109375 0.038411458333333336 0.0426318359375
1 0.4964192708333333 0.2117919921875 0.03998046875 0.038603515625
1 0.4684244791666667 0.7316162109375 0.021627604166666665 0.0410986328125
1 0.46875 0.205078125 0.054772135416666666 0.029755859375
1 0.478203125 0.76513671875 0.04720703125 0.0270703125
1 0.37546223958333336 0.343759765625 0.05108723958333333 0.028984375
1 0.49132812499999995 0.7377880859375 0.02611328125 0.0403955078125
1 0.6647460937499999 0.738935546875 0.0517578125 0.028486328125
1 0.5055338541666666 0.39892578125 0.0223828125 0.04046875
1 0.4059244791666667 0.3955078125 0.029726562499999998 0.0411376953125
1 0.7272135416666666 0.73486328125 0.050618489583333336 0.0301513671875
1 0.6412760416666666 0.366455078125 0.052734375 0.0246142578125
1 0.3701171875 0.77572265625 0.022031250000000002 0.0409912109375
1 0.3232421875 0.259521484375 0.04740234375 0.0373828125
1 0.2918294270833333 0.301025390625 0.02080078125 0.042021484375
1 0.6829427083333334 0.2059326171875 0.03501302083333333 0.0440966796875
1 0.6393229166666666 0.266845703125 0.051191406249999995 0.0263525390625
1 0.5233919270833333 0.7695263671875 0.04987630208333333 0.028662109375
1 0.55646484375 0.376064453125 0.041666666666666664 0.0359765625
1 0.64453125 0.76171875 0.048951822916666665 0.0230712890625
1 0.64453125 0.6904296875 0.03540364583333334 0.0362841796875
1 0.5423177083333334 0.64013671875 0.05224609375 0.0186181640625
1 0.7050651041666667 0.40380859375 0.05078776041666667 0.0292041015625
1 0.7356770833333334 0.306640625 0.053834635416666665 0.019990234375
1 0.22591145833333334 0.298828125 0.0415234375 0.0401611328125
1 0.7740885416666666 0.303466796875 0.03440104166666667 0.0426318359375
1 0.2522786458333333 0.318603515625 0.04044921875 0.03689453125
1 0.5003255208333334 0.307373046875 0.02482421875 0.0455322265625
1 0.5799674479166667 0.1949169921875 0.02264973958333333 0.0425732421875
1 0.2937825520833333 0.7177734375 0.024921875 0.0403125
1 0.7272135416666666 0.5978466796875 0.032311197916666666 0.0388623046875
1 0.74609375 0.4052734375 0.03481119791666667 0.041689453125
1 0.450859375 0.667978515625 0.052656249999999995 0.018798828125
1 0.4462890625 0.252685546875 0.05224609375 0.0219873046875
1 0.64453125 0.79443359375 0.03135416666666666 0.0393359375
1 0.7916666666666666 0.3056640625 0.030924479166666668 0.04193359375
1 0.5615234375 0.2939453125 0.04370442708333333 0.0365625
1 0.26025390625 0.64501953125 0.025696614583333333 0.03955078125
1 0.5234635416666666 0.738759765625 0.036217447916666666 0.037060546875
1 0.31201171875 0.69677734375 0.026959635416666666 0.040771484375
1 0.7669270833333334 0.4150390625 0.04128255208333333 0.0379638671875
1 0.392578125 0.378173828125 0.03521484375 0.0416259765625
1 0.4586588541666667 0.35888671875 0.051881510416666665 0.0157177734375
1 0.728515625 0.24853515625 0.052734375 0.0201708984375
1 0.4788411458333333 0.484619140625 0.024212239583333333 0.038115234375
1 0.5416666666666666 0.2333984375 0.022988281250000003 0.04193359375
1 0.770625 0.5982958984375 0.03927734375 0.036279296875
1 0.3662109375 0.634765625 0.01940755208333333 0.04025390625
1 0.4772135416666667 0.79296875 0.028444010416666665 0.041474609375
1 0.22526692708333332 0.407646484375 0.039602864583333335 0.0376806640625
1 0.7272135416666666 0.5185546875 0.027955729166666665 0.0403125
1 0.4251302083333333 0.377685546875 0.03293619791666667 0.0445263671875
1 0.7493489583333334 0.50634765625 0.02854166666666667 0.042724609375
1 0.27978515625 0.373291015625 0.04121744791666667 0.0389111328125
1 0.7415364583333334 0.377685546875 0.03194010416666667 0.0425732421875
1 0.4003580729166667 0.7849658203125 0.0439453125 0.03390625
1 0.6080729166666666 0.315673828125 0.047486979166666665 0.0318603515625
1 0.22102864583333334 0.64404296875 0.023255208333333333 0.04025390625
1 0.3014322916666667 0.7734375 0.021360677083333335 0.0410791015625
1 0.25543619791666666 0.732421875 0.05638020833333333 0.0191943359375
1 0.740234375 0.289794921875 0.051881510416666665 0.0184765625
1 0.28271484375 0.771982421875 0.01978515625 0.0422412109375
1 0.26806640625 0.7470703125 0.053346354166666665 0.022294921875
1 0.29162760416666667 0.4310205078125 0.035351562499999996 0.0385546875
1 0.41971354166666663 0.761044921875 0.04495442708333333 0.031591796875
1 0.6411197916666667 0.434814453125 0.05397135416666667 0.0165234375
1 0.7040364583333334 0.7768603515625 0.04895833333333333 0.030615234375
1 0.7710677083333333 0.37783203125 0.03315755208333333 0.0408154296875
1 0.3876953125 0.75390625 0.04296875 0.040986328125
1 0.5804036458333334 0.6533203125 0.04931640625 0.0179150390625
1 0.7102539062500001 0.7622021484375 0.04885416666666667 0.0297314453125
1 0.3430989583333333 0.298583984375 0.03407552083333334 0.0389697265625
1 0.693359375 0.7001953125 0.03440104166666667 0.036162109375
1 0.4086783854166667 0.73193359375 0.045572916666666664 0.0337841796875
1 0.7369791666666666 0.26220703125 0.05054036458333333 0.018583984375
1 0.734375 0.216552734375 0.052734375 0.0193505859375
1 0.5950520833333334 0.7939453125 0.021868489583333334 0.0406201171875
1 0.7237760416666666 0.339599609375 0.05322916666666667 0.02337890625
1 0.4021223958333333 0.630859375 0.05082682291666666 0.0153662109375
1 0.38121093749999996 0.80322265625 0.053828125000000004 0.01890625
1 0.525390625 0.515625 0.052571614583333336 0.0160205078125
1 0.3006184895833333 0.1895751953125 0.053671875 0.0197607421875
1 0.40736328125000004 0.2135888671875 0.03305989583333333 0.0431201171875
1 0.5491796875 0.1927490234375 0.04249348958333333 0.0401025390625
1 0.5752083333333333 0.7926318359375 0.022591145833333336 0.04015625
1 0.7291666666666666 0.232666015625 0.04756510416666667 0.018935546875
1 0.6835807291666667 0.7869482421875 0.038378906250000004 0.0363916015625
1 0.4397786458333333 0.4150390625 0.05224609375 0.0158984375
1 0.5104622395833334 0.33642578125 0.05262369791666666 0.01744140625
1 0.7421875 0.275634765625 0.051679687499999995 0.018095703125
1 0.26416015625 0.77587890625 0.0194921875 0.0403125
1 0.7486979166666666 0.5751953125 0.053346354166666665 0.019912109375
1 0.4527994791666667 0.385498046875 0.03395833333333333 0.0389111328125
1 0.47880859375 0.573740234375 0.05227213541666667 0.020302734375
1 0.4983723958333333 0.71142578125 0.05347005208333333 0.020693359375
1 0.4143880208333333 0.60107421875 0.05293619791666667 0.0157763671875
1 0.7369791666666666 0.55859375 0.05444661458333333 0.019560546875
1 0.5396549479166667 0.3193408203125 0.05643880208333333 0.01775390625
1 0.6624348958333334 0.7880859375 0.036009114583333335 0.040009765625
1 0.28017578125000003 0.2022412109375 0.05544921875 0.023408203125
1 0.7691145833333333 0.35001953125 0.05402994791666666 0.0256396484375
1 0.4501822916666667 0.6530322265625 0.051679687499999995 0.01771484375
1 0.7141927083333334 0.69921875 0.03568359375 0.0372021484375
1 0.7740885416666666 0.451171875 0.024029947916666666 0.0327783203125
1 0.3776041666666667 0.701171875 0.047200520833333336 0.0313134765625
1 0.34389973958333336 0.73162109375 0.04719401041666666 0.0295068359375
1 0.4573567708333333 0.343994140625 0.050416666666666665 0.0156005859375
1 0.515625 0.487060546875 0.049967447916666664 0.015126953125
1 0.24658203125 0.37939453125 0.046510416666666665 0.03021484375
1 0.25759114583333337 0.34572265625 0.053561197916666664 0.020419921875
1 0.5162760416666666 0.50146484375 0.049967447916666664 0.016220703125
1 0.6743229166666667 0.7032763671875 0.03688802083333333 0.0373193359375
1 0.6751822916666667 0.7264404296875 0.04975911458333334 0.0263818359375
1 0.7180794270833334 0.7492822265625 0.05147786458333333 0.029599609375
1 0.5606510416666667 0.7475146484375 0.03860677083333333 0.0382861328125
1 0.53962890625 0.7459033203125 0.03774739583333333 0.0376416015625
1 0.5555013020833334 0.7894970703125 0.021445312499999997 0.041181640625
1 0.5233268229166667 0.78595703125 0.048040364583333335 0.028955078125
1 0.4326041666666667 0.7713232421875 0.0458984375 0.034423828125
1 0.41888020833333334 0.74365234375 0.0458984375 0.0324951171875
1 0.33501953125 0.77630859375 0.04889973958333333 0.028955078125
1 0.33737630208333336 0.76134765625 0.04932942708333333 0.02734375
1 0.34294921875 0.747353515625 0.04847005208333333 0.0270263671875
1 0.3086328125 0.734482421875 0.021022135416666667 0.040537109375
1 0.3519596354166667 0.7188818359375 0.04847005208333333 0.02798828125
1 0.36397135416666665 0.70810546875 0.0458984375 0.0308837890625
1 0.25694661458333334 0.7179150390625 0.057480468750000006 0.01705078125
1 0.25994791666666667 0.702470703125 0.05662109375 0.01640625
1 0.27453125 0.684619140625 0.05319010416666667 0.02251953125
1 0.25994791666666667 0.674482421875 0.05319010416666667 0.023486328125
1 0.24150390624999998 0.64552734375 0.0248828125 0.04021484375
1 0.29619791666666667 0.6624169921875 0.0476171875 0.028955078125
1 0.3298697916666667 0.684619140625 0.0248828125 0.0418212890625
1 0.39850260416666666 0.7196875 0.0471875 0.0315283203125
1 0.4229557291666666 0.7005419921875 0.052330729166666666 0.0202685546875
1 0.3875651041666666 0.68091796875 0.05276041666666667 0.0196240234375
1 0.35432291666666665 0.6722314453125 0.029166666666666664 0.03892578125
1 0.38348958333333333 0.654052734375 0.03860677083333333 0.03474609375
1 0.4057942708333333 0.6575927734375 0.04031901041666667 0.0360302734375
1 0.309921875 0.651318359375 0.05018880208333334 0.0267041015625
1 0.23485677083333334 0.6180224609375 0.055338541666666664 0.017373046875
1 0.21984375 0.594375 0.0458984375 0.033779296875
1 0.27389322916666664 0.6268701171875 0.026165364583333333 0.04021484375
1 0.29083333333333333 0.6183447265625 0.024023437499999998 0.039892578125
1 0.31099609375 0.624619140625 0.020592447916666666 0.040859375
1 0.32965494791666666 0.6312109375 0.021875000000000002 0.0424658203125
1 0.3470247395833333 0.6366796875 0.0231640625 0.040537109375
1 0.33394531250000004 0.6040283203125 0.05018880208333334 0.0267041015625
1 0.40171874999999996 0.615771484375 0.05276041666666667 0.0147998046875
1 0.45061848958333334 0.638935546875 0.05447916666666667 0.016083984375
1 0.49930989583333335 0.6371630859375 0.04289713541666667 0.033134765625
1 0.4516927083333333 0.623974609375 0.05576171875 0.0176953125
1 0.46391927083333334 0.6106201171875 0.05276041666666667 0.0199462890625
1 0.517109375 0.6210791015625 0.05190104166666667 0.0209130859375
1 0.5085286458333333 0.6054736328125 0.05104817708333333 0.021875
1 0.4729296875 0.5914794921875 0.05190104166666667 0.021552734375
1 0.23056640625 0.5744287109375 0.032174479166666665 0.03892578125
1 0.26723958333333336 0.5990380859375 0.050618489583333336 0.028310546875
1 0.25330078125 0.5765185546875 0.02530598958333333 0.039248046875
1 0.27088541666666666 0.568798828125 0.022734375 0.039892578125
1 0.29018880208333336 0.567353515625 0.021022135416666667 0.040859375
1 0.3077799479166667 0.5829541015625 0.032174479166666665 0.039892578125
1 0.33244140625 0.5734619140625 0.030885416666666665 0.0382861328125
1 0.3476692708333333 0.579736328125 0.033886718749999996 0.039892578125
1 0.36547526041666667 0.586171875 0.03174479166666667 0.039248046875
1 0.3824153645833333 0.591640625 0.03474609375 0.0386083984375
1 0.42681640625 0.5866552734375 0.05319010416666667 0.0151220703125
1 0.39678385416666667 0.5665478515625 0.04889973958333333 0.0270263671875
1 0.42766927083333334 0.5646142578125 0.044609375 0.029599609375
1 0.44139973958333334 0.55544921875 0.04546875 0.0305615234375
1 0.45384114583333335 0.545634765625 0.0471875 0.0315283203125
1 0.24514973958333333 0.5256884765625 0.05619140625 0.018017578125
1 0.22263020833333333 0.5470849609375 0.04975911458333334 0.0312060546875
1 0.2563020833333333 0.5467626953125 0.05190104166666667 0.02798828125
1 0.30498697916666667 0.5470849609375 0.03774739583333333 0.0369970703125
1 0.322578125 0.5375927734375 0.030885416666666665 0.039248046875
1 0.35303385416666666 0.5470849609375 0.04203776041666666 0.033134765625
1 0.37469401041666667 0.5400048828125 0.04932942708333333 0.02927734375
1 0.41222656249999995 0.5300341796875 0.05319010416666667 0.023486328125
1 0.39121093749999997 0.5171630859375 0.04546875 0.035068359375
1 0.35131510416666667 0.5205419921875 0.052330729166666666 0.02380859375
1 0.36740234375 0.5025244140625 0.053619791666666666 0.016728515625
1 0.3828450520833333 0.4891748046875 0.05447916666666667 0.01833984375
1 0.43646484375 0.5137841796875 0.05276041666666667 0.0205908203125
1 0.44526041666666666 0.50091796875 0.052330729166666666 0.016083984375
1 0.44139973958333334 0.4857958984375 0.052330729166666666 0.017373046875
1 0.47035156250000004 0.523115234375 0.027024739583333332 0.039892578125
1 0.4881575520833333 0.528583984375 0.0231640625 0.039892578125
1 0.515390625 0.5448291015625 0.033886718749999996 0.0376416015625
1 0.5370572916666666 0.595986328125 0.05490885416666667 0.0202685546875
1 0.5610807291666667 0.6125537109375 0.05319010416666667 0.016728515625
1 0.5827408854166667 0.6241357421875 0.05104817708333333 0.017373046875
1 0.5938932291666666 0.6366796875 0.05276041666666667 0.018017578125
1 0.6217773437499999 0.65099609375 0.03131510416666667 0.0382861328125
1 0.64365234375 0.6490673828125 0.030455729166666667 0.04021484375
1 0.7395247395833334 0.611103515625 0.03259765625 0.0395703125
1 0.7011328125 0.607724609375 0.02530598958333333 0.041181640625
1 0.6749674479166666 0.6228466796875 0.03131510416666667 0.0386083984375
1 0.7043489583333334 0.5729833984375 0.03603515625 0.0366748046875
1 0.6833333333333332 0.583759765625 0.0231640625 0.04150390625
1 0.6642447916666666 0.594375 0.020162760416666665 0.0395703125
1 0.6406510416666666 0.6225244140625 0.053619791666666666 0.0193017578125
1 0.6299283854166667 0.6078857421875 0.05190104166666667 0.0267041015625
1 0.608046875 0.5983984375 0.04160807291666666 0.0328173828125
1 0.6468684895833333 0.5757177734375 0.0223046875 0.04021484375
1 0.6636002604166666 0.5478857421875 0.025735677083333335 0.041181640625
1 0.6284244791666667 0.5641357421875 0.0223046875 0.04150390625
1 0.59796875 0.5819873046875 0.04289713541666667 0.0341015625
1 0.6046158854166667 0.5515869140625 0.03560546875 0.0395703125
1 0.64171875 0.5366259765625 0.025735677083333335 0.0386083984375
1 0.5525 0.5720166015625 0.03345703125 0.0386083984375
1 0.5756640625 0.5689599609375 0.025735677083333335 0.040859375
1 0.5565755208333333 0.54724609375 0.04847005208333333 0.0270263671875
1 0.5484244791666667 0.5329296875 0.0476171875 0.029921875
1 0.58767578125 0.5158740234375 0.05147786458333333 0.022197265625
1 0.6683203125 0.518291015625 0.05147786458333333 0.02251953125
1 0.6970572916666667 0.53646484375 0.03603515625 0.0382861328125
1 0.6914778645833333 0.50783203125 0.054049479166666664 0.021552734375
1 0.6966276041666667 0.493515625 0.052330729166666666 0.0244482421875
1 0.7170052083333333 0.4853125 0.05104817708333333 0.02798828125
1 0.7294466145833334 0.4738916015625 0.05190104166666667 0.0270263671875
1 0.7455273437500001 0.4438134765625 0.039466145833333334 0.0376416015625
1 0.7288020833333334 0.449921875 0.03860677083333333 0.0369970703125
1 0.6406510416666666 0.50091796875 0.04074869791666667 0.03474609375
1 0.6226302083333334 0.4952880859375 0.039036458333333336 0.035712890625
1 0.60912109375 0.4857958984375 0.03860677083333333 0.0366748046875
1 0.5681575520833334 0.4964111328125 0.05104817708333333 0.0263818359375
1 0.5475651041666666 0.472763671875 0.026165364583333333 0.03892578125
1 0.6925520833333333 0.4598974609375 0.05018880208333334 0.0312060546875
1 0.6593098958333333 0.4602197265625 0.04975911458333334 0.029921875
1 0.6325 0.455712890625 0.05104817708333333 0.02798828125
1 0.58595703125 0.474375 0.050618489583333336 0.0260595703125
1 0.5941080729166667 0.4520166015625 0.04546875 0.0302392578125
1 0.6715364583333333 0.404560546875 0.03731770833333333 0.0376416015625
1 0.65544921875 0.411640625 0.03774739583333333 0.0376416015625
1 0.688046875 0.3608056640625 0.0471875 0.0305615234375
1 0.6685286458333333 0.378017578125 0.057050781249999995 0.016728515625
1 0.6951302083333334 0.4285302734375 0.04847005208333333 0.0328173828125
1 0.49673177083333336 0.4653662109375 0.046328125 0.0305615234375
1 0.5730859375 0.4476708984375 0.04203776041666666 0.034423828125
1 0.5612890625 0.437216796875 0.04246744791666667 0.0341015625
1 0.60890625 0.4230615234375 0.05447916666666667 0.021875
1 0.6110481770833334 0.4063330078125 0.05104817708333333 0.0231640625
1 0.6005403645833333 0.393623046875 0.052330729166666666 0.0202685546875
1 0.5702994791666667 0.385419921875 0.04332682291666667 0.035390625
1 0.5602213541666666 0.416787109375 0.043756510416666665 0.033779296875
1 0.5306184895833334 0.4166259765625 0.03174479166666667 0.0386083984375
1 0.5284765625 0.4520166015625 0.030885416666666665 0.039248046875
1 0.50595703125 0.438662109375 0.026165364583333333 0.0395703125
1 0.4780729166666667 0.4349658203125 0.03989583333333333 0.03345703125
1 0.4780729166666667 0.400703125 0.022734375 0.040859375
1 0.46134765625 0.4616650390625 0.03131510416666667 0.0366748046875
1 0.4208072916666667 0.471640625 0.054049479166666664 0.016083984375
1 0.42917317708333336 0.4565185546875 0.05190104166666667 0.016083984375
1 0.43710937499999997 0.44171875 0.05319010416666667 0.016083984375
1 0.4330338541666667 0.4278857421875 0.05447916666666667 0.0147998046875
1 0.22434244791666666 0.474052734375 0.03603515625 0.03892578125
1 0.24729166666666666 0.47501953125 0.04160807291666666 0.035712890625
1 0.251796875 0.5002734375 0.03259765625 0.0373193359375
1 0.27517578125000003 0.512822265625 0.027024739583333332 0.0386083984375
1 0.2944791666666667 0.50912109375 0.02530598958333333 0.0395703125
1 0.3135677083333333 0.4980224609375 0.021445312499999997 0.039892578125
1 0.331796875 0.4975390625 0.020162760416666665 0.03892578125
1 0.38155598958333337 0.4650439453125 0.045039062500000004 0.0318505859375
1 0.35238932291666664 0.4687451171875 0.027024739583333332 0.040537109375
1 0.277109375 0.4745361328125 0.019733072916666667 0.040537109375
1 0.29662760416666667 0.4693896484375 0.021022135416666667 0.040537109375
1 0.31635416666666666 0.4578076171875 0.020162760416666665 0.039892578125
1 0.33608723958333336 0.4571630859375 0.02359375 0.039248046875
1 0.23613932291666664 0.443330078125 0.039036458333333336 0.0373193359375
1 0.25608723958333335 0.4397900390625 0.03431640625 0.0379638671875
1 0.2741015625 0.4364111328125 0.03431640625 0.03892578125
1 0.30348958333333337 0.4175927734375 0.03474609375 0.0379638671875
1 0.3862760416666667 0.4438134765625 0.05276041666666667 0.024130859375
1 0.38027343750000003 0.430458984375 0.05104817708333333 0.0263818359375
1 0.34552734375 0.427724609375 0.05104817708333333 0.0247705078125
1 0.34059244791666665 0.4132470703125 0.05319010416666667 0.022841796875
1 0.3744791666666667 0.40279296875 0.03603515625 0.0373193359375
1 0.32858072916666664 0.3978076171875 0.05490885416666667 0.01640625
1 0.33051432291666666 0.383330078125 0.055338541666666664 0.0151220703125
1 0.35839192708333334 0.37013671875 0.0458984375 0.0305615234375
1 0.26745442708333333 0.405849609375 0.046757812499999996 0.02927734375
1 0.2571614583333333 0.3941064453125 0.0476171875 0.029599609375
1 0.23570963541666667 0.3691748046875 0.05018880208333334 0.02927734375
1 0.36161458333333335 0.3545361328125 0.048040364583333335 0.0302392578125
1 0.31378255208333333 0.336357421875 0.053619791666666666 0.023486328125
1 0.3260091145833333 0.32509765625 0.05319010416666667 0.022841796875
1 0.3776953125 0.328798828125 0.04932942708333333 0.028310546875
1 0.3952864583333333 0.319951171875 0.04932942708333333 0.02927734375
1 0.4484765625 0.319306640625 0.039036458333333336 0.0369970703125
1 0.49287109375 0.36322265625 0.03603515625 0.0379638671875
1 0.5168945312500001 0.360966796875 0.03688802083333333 0.0373193359375
1 0.5361979166666667 0.3651513671875 0.03345703125 0.039248046875
1 0.5720182291666667 0.347939453125 0.05104817708333333 0.0247705078125
1 0.5812369791666666 0.33265625 0.05490885416666667 0.017373046875
1 0.6243489583333334 0.339736328125 0.05276041666666667 0.0263818359375
1 0.6267057291666667 0.3553369140625 0.05319010416666667 0.0254150390625
1 0.6856901041666666 0.3349072265625 0.05447916666666667 0.0244482421875
1 0.5207552083333333 0.2467578125 0.021445312499999997 0.0431103515625
1 0.49330078125000004 0.2792529296875 0.03688802083333333 0.040537109375
1 0.38027343750000003 0.26236328125 0.05276041666666667 0.023486328125
1 0.33158203125 0.2158740234375 0.046328125 0.0341015625
1 0.26595703125 0.2295458984375 0.048040364583333335 0.0363525390625
1 0.28997395833333334 0.2261669921875 0.04546875 0.035390625
1 0.3060611979166667 0.2694384765625 0.04847005208333333 0.035068359375
1 0.26659505208333334 0.31013671875 0.03989583333333333 0.0379638671875
