1 0.6292317708333334 0.548828125 0.07820963541666666 0.0280615234375
1 0.5628255208333334 0.54296875 0.04642578125 0.057373046875
1 0.6611328125 0.63916015625 0.07967447916666666 0.0305615234375
1 0.6901041666666666 0.6201171875 0.07678385416666667 0.035400390625
1 0.6490885416666666 0.50244140625 0.0605859375 0.0552978515625
1 0.21663411458333334 0.359619140625 0.07486979166666667 0.0380224609375
1 0.6637369791666666 0.6611328125 0.0801171875 0.028486328125
1 0.5234375 0.5302734375 0.03826822916666667 0.0592041015625
1 0.5042317708333334 0.5615234375 0.06477864583333333 0.04708984375
1 0.5094401041666666 0.48046875 0.07430338541666666 0.0442822265625
1 0.6946614583333334 0.55908203125 0.053059895833333336 0.056337890625
1 0.322265625 0.52001953125 0.07291666666666667 0.030380859375
1 0.6867447916666666 0.49072265625 0.07332682291666666 0.0435205078125
1 0.2744140625 0.384765625 0.04902994791666667 0.055205078125
1 0.5530598958333334 0.5908203125 0.03293619791666667 0.0589892578125
1 0.6233723958333334 0.3779296875 0.07649739583333333 0.0413232421875
1 0.662109375 0.430908203125 0.07637369791666666 0.04296875
1 0.2599283854166667 0.485595703125 0.052167968749999995 0.0523388671875
1 0.6253255208333334 0.56787109375 0.07694661458333334 0.0253759765625
1 0.6920572916666666 0.417236328125 0.065390625 0.05203125
1 0.7076822916666666 0.603515625 0.07389322916666667 0.038759765625
1 0.2884114583333333 0.453125 0.05375 0.0538037109375
1 0.24593098958333334 0.309814453125 0.052167968749999995 0.0558154296875
1 0.6087239583333334 0.60888671875 0.07580729166666667 0.0282763671875
1 0.2900390625 0.35205078125 0.07853515625 0.0312060546875
1 0.6692708333333334 0.45947265625 0.07865234375 0.0373828125
1 0.529296875 0.6171875 0.03735677083333334 0.0604248046875
1 0.5042317708333334 0.64990234375 0.0801171875 0.0316796875
1 0.7408854166666666 0.64208984375 0.0692578125 0.04568359375
1 0.6061197916666666 0.5205078125 0.07967447916666666 0.02224609375
1 0.1943359375 0.323486328125 0.05537760416666667 0.0549951171875
1 0.4820963541666667 0.5146484375 0.058678385416666666 0.0537109375
1 0.3076171875 0.38916015625 0.055585937499999995 0.05490234375
1 0.6253255208333334 0.59130859375 0.07995442708333333 0.0283349609375
1 0.6666666666666666 0.351318359375 0.056236979166666666 0.057373046875
1 0.4990234375 0.61083984375 0.04272786458333333 0.0589892578125
1 0.7118033854166667 0.5382470703125 0.05912109375 0.056123046875
1 0.24576822916666666 0.39013671875 0.050130208333333336 0.055419921875
1 0.3753255208333333 0.395263671875 0.0692578125 0.04296875
1 0.7532552083333334 0.59326171875 0.06404947916666666 0.0560302734375
1 0.36328125 0.462890625 0.06697916666666666 0.05072265625
1 0.21402994791666666 0.306884765625 0.052656249999999995 0.0570703125
1 0.7864583333333334 0.83447265625 0.07792317708333334 0.0432763671875
1 0.5882161458333334 0.4990234375 0.08130208333333333 0.022109375
1 0.3172200520833333 0.5439453125 0.07637369791666666 0.02630859375
1 0.32177734375 0.5771484375 0.07779947916666667 0.0237255859375
1 0.16487630208333334 0.74365234375 0.07499348958333334 0.03271484375
1 0.2737630208333333 0.5185546875 0.03886067708333333 0.0558154296875
1 0.3538411458333333 0.73193359375 0.050904947916666665 0.056337890625
1 0.3727213541666667 0.525390625 0.03623697916666666 0.058349609375
1 0.24283854166666666 0.5439453125 0.05423828125 0.053984375
1 0.1943359375 0.389404296875 0.07267578125 0.0357373046875
1 0.28662109375 0.9072265625 0.04902994791666667 0.058779296875
1 0.8235677083333334 0.79931640625 0.08618489583333333 0.025556640625
1 0.3263346354166667 0.7275390625 0.048463541666666665 0.0565478515625
1 0.22200520833333334 0.88134765625 0.047200520833333336 0.06076171875
1 0.4065755208333333 0.720703125 0.0405078125 0.0586572265625
1 0.19791666666666666 0.85498046875 0.033776041666666666 0.0629296875
1 0.6295572916666666 0.400146484375 0.07401692708333334 0.0398583984375
1 0.3074869791666667 0.4374951171875 0.05129557291666667 0.0556298828125
