1 0.4033203125 0.5654296875 0.06990885416666666 0.035830078125
1 0.29248046875 0.5712890625 0.06709635416666666 0.0423291015625
1 0.6100260416666666 0.49072265625 0.07609375 0.02650390625
1 0.6705729166666666 0.5830078125 0.06746744791666666 0.0459619140625
1 0.5764973958333334 0.449462890625 0.07470703125 0.0240478515625
1 0.2001953125 0.65673828125 0.061608072916666666 0.0459619140625
1 0.6393229166666666 0.45751953125 0.05716796875 0.0501416015625
1 0.5358072916666666 0.491455078125 0.07792317708333334 0.02302734375
1 0.5397135416666666 0.425048828125 0.074140625 0.0274365234375
1 0.349609375 0.430419921875 0.07173828125 0.0368359375
1 0.3006184895833333 0.5439453125 0.050130208333333336 0.0491357421875
1 0.5514322916666666 0.7451171875 0.07238932291666667 0.035615234375
1 0.6412760416666666 0.406982421875 0.05293619791666667 0.0549951171875
1 0.4967447916666667 0.471923828125 0.06429036458333333 0.0464794921875
1 0.5764973958333334 0.41064453125 0.06709635416666666 0.0398583984375
1 0.5791015625 0.469482421875 0.07348958333333333 0.0215771484375
1 0.6128971354166667 0.51220703125 0.07820963541666666 0.02546875
1 0.5244140625 0.392578125 0.0702734375 0.04296875
1 0.6240234375 0.380615234375 0.07002604166666666 0.0440087890625
1 0.6673177083333334 0.42822265625 0.03595052083333333 0.059326171875
1 0.484375 0.4287109375 0.049479166666666664 0.0516650390625
1 0.4915364583333333 0.3779296875 0.06372395833333333 0.0505078125
1 0.3146158854166667 0.36572265625 0.040201822916666664 0.05685546875
1 0.5524088541666666 0.6728515625 0.028867187500000002 0.05685546875
1 0.29443359375 0.4794921875 0.060911458333333335 0.0460205078125
1 0.2674153645833333 0.46923828125 0.06034505208333333 0.04611328125
1 0.4401041666666667 0.5556640625 0.07002604166666666 0.0411376953125
1 0.6311848958333334 0.3515625 0.07080078125 0.04486328125
1 0.2635091145833333 0.814453125 0.05684244791666667 0.04931640625
1 0.24298828125000002 0.80236328125 0.060078125 0.0496923828125
