1 0.6991080729166667 0.798828125 0.05076171875 0.0231494140625
1 0.33203125 0.2386474609375 0.0409765625 0.0382373046875
1 0.2823893229166667 0.73779296875 0.026490885416666665 0.0379638671875
1 0.4192708333333333 0.7392578125 0.04732421875 0.029814453125
1 0.3779296875 0.8076171875 0.0512890625 0.0256640625
1 0.4156901041666667 0.7900390625 0.0517578125 0.0173779296875
1 0.7083333333333334 0.75732421875 0.05224609375 0.0276318359375
1 0.435546875 0.5068359375 0.021119791666666665 0.042021484375
1 0.6637369791666666 0.79541015625 0.020169270833333332 0.0413818359375
1 0.7441341145833333 0.2559716796875 0.052571614583333336 0.0271142578125
1 0.5265494791666666 0.784794921875 0.042317708333333336 0.0359765625
1 0.4762369791666667 0.31884765625 0.041914062499999995 0.04025390625
1 0.533203125 0.479736328125 0.05054036458333333 0.0178515625
1 0.4837239583333333 0.8036474609375 0.019713541666666667 0.0425732421875
1 0.3339713541666667 0.801865234375 0.05517578125 0.016845703125
1 0.556640625 0.79638671875 0.020169270833333332 0.0406787109375
1 0.3136393229166667 0.268310546875 0.04667317708333333 0.0347607421875
1 0.4215494791666667 0.26806640625 0.053834635416666665 0.0224169921875
1 0.4505208333333333 0.74658203125 0.051679687499999995 0.0180224609375
1 0.4713541666666667 0.77783203125 0.049680989583333335 0.0210888671875
1 0.28564453125 0.642578125 0.021119791666666665 0.0398583984375
1 0.5022786458333334 0.798486328125 0.02192057291666667 0.0423974609375
1 0.4807942708333333 0.7177734375 0.050904947916666665 0.0215771484375
1 0.4000651041666667 0.388427734375 0.030520833333333334 0.0397021484375
1 0.7579622395833333 0.267958984375 0.05472005208333333 0.0255810546875
1 0.3623046875 0.274169921875 0.030169270833333334 0.0396435546875
1 0.3408203125 0.76025390625 0.05033203125 0.01646484375
1 0.3046875 0.59521484375 0.021790364583333333 0.042021484375
1 0.3378580729166667 0.576171875 0.05250651041666667 0.0190576171875
1 0.4586588541666667 0.495849609375 0.025696614583333333 0.0398583984375
1 0.4156901041666667 0.50830078125 0.02170572916666667 0.04123046875
1 0.2615885416666667 0.3733154296875 0.033639322916666665 0.0389892578125
1 0.51953125 0.251953125 0.0312890625 0.0399462890625
1 0.6100260416666666 0.27001953125 0.04642578125 0.03271484375
1 0.4833984375 0.466064453125 0.054361979166666664 0.0156005859375
1 0.4228515625 0.37451171875 0.022220052083333334 0.0410791015625
1 0.443359375 0.311279296875 0.0449609375 0.0390625
1 0.2701822916666667 0.76513671875 0.05375 0.0176416015625
1 0.49262369791666666 0.195166015625 0.04490234375 0.0364208984375
1 0.48828125 0.270751953125 0.03871744791666667 0.0382373046875
1 0.31011067708333334 0.2167822265625 0.041276041666666666 0.0388916015625
1 0.4358723958333333 0.337158203125 0.051881510416666665 0.0238671875
1 0.5452148437500001 0.668525390625 0.052057291666666665 0.0206884765625
1 0.26734375 0.3352978515625 0.04339192708333334 0.0357177734375
1 0.693359375 0.6376953125 0.04732421875 0.01751953125
1 0.3268229166666667 0.314697265625 0.04809895833333333 0.0312060546875
1 0.7259114583333334 0.64453125 0.05025390625 0.0290380859375
1 0.5798046875 0.6641015625 0.05036458333333333 0.02716796875
1 0.349609375 0.30419921875 0.043053385416666666 0.03494140625
1 0.712890625 0.66796875 0.046959635416666666 0.02685546875
1 0.2638346354166667 0.6015625 0.052734375 0.01583984375
1 0.2932942708333333 0.305908203125 0.025592447916666667 0.041689453125
1 0.5709635416666666 0.3017578125 0.053671875 0.018876953125
1 0.4354752604166667 0.280029296875 0.052597656250000006 0.024541015625
1 0.32574869791666666 0.72095703125 0.037200520833333334 0.038046875
1 0.6083984375 0.29443359375 0.049401041666666666 0.0247509765625
1 0.4420572916666667 0.3857421875 0.02025390625 0.0406787109375
1 0.45001302083333333 0.8144775390625 0.05025390625 0.0281103515625
1 0.5869140625 0.2337646484375 0.03407552083333334 0.0413232421875
1 0.23893229166666666 0.336669921875 0.027220052083333335 0.041689453125
1 0.380859375 0.278076171875 0.03163411458333334 0.0393359375
1 0.5305989583333334 0.6982421875 0.03513671875 0.0355517578125
1 0.6868489583333334 0.59521484375 0.021542968750000002 0.0390625
1 0.7707617187500001 0.294921875 0.05447916666666667 0.02517578125
1 0.7006705729166667 0.209580078125 0.04585286458333334 0.03775390625
1 0.337890625 0.7880859375 0.05244791666666667 0.0148388671875
1 0.7552083333333334 0.33349609375 0.053346354166666665 0.01771484375
1 0.30419921875 0.72216796875 0.03293619791666667 0.0359521484375
1 0.705078125 0.4794921875 0.019713541666666667 0.039794921875
1 0.6624348958333334 0.29296875 0.048014322916666664 0.0343017578125
1 0.482421875 0.7509765625 0.03407552083333334 0.0377490234375
1 0.751953125 0.56787109375 0.028216145833333334 0.0416259765625
1 0.7585286458333332 0.4229248046875 0.041412760416666666 0.036494140625
1 0.6136067708333334 0.2384814453125 0.026796874999999998 0.042021484375
1 0.759765625 0.3623046875 0.055585937499999995 0.0205712890625
1 0.7494986979166667 0.34814453125 0.056940104166666665 0.0171044921875
1 0.5208333333333334 0.296630859375 0.044270833333333336 0.037109375
1 0.3753255208333333 0.779296875 0.02033203125 0.0408349609375
1 0.2932942708333333 0.1964111328125 0.021282552083333333 0.04486328125
1 0.6998697916666666 0.6953125 0.046061197916666664 0.030791015625
1 0.6686197916666666 0.58984375 0.021119791666666665 0.03927734375
1 0.6861979166666666 0.47900390625 0.020403645833333334 0.0399462890625
1 0.6393229166666666 0.260009765625 0.027792968749999997 0.0437646484375
1 0.4251302083333333 0.22509765625 0.039225260416666664 0.04046875
1 0.4222005208333333 0.251953125 0.051679687499999995 0.023193359375
1 0.4208984375 0.197265625 0.03684244791666667 0.040009765625
1 0.7424739583333334 0.2230078125 0.05275390625 0.0317431640625
1 0.3007682291666667 0.7934814453125 0.03259765625 0.0412890625
1 0.5768229166666666 0.259521484375 0.021868489583333334 0.0423876953125
1 0.724609375 0.484375 0.02033203125 0.0379638671875
1 0.5520833333333334 0.2420654296875 0.0326953125 0.04052734375
1 0.5572916666666666 0.220703125 0.03560546875 0.04443359375
1 0.302421875 0.754501953125 0.026946614583333334 0.03923828125
1 0.6494140625 0.5830078125 0.02001953125 0.0406787109375
1 0.6705729166666666 0.6787109375 0.048014322916666664 0.023466796875
1 0.34057291666666667 0.5908203125 0.05171875 0.0190576171875
1 0.32079427083333334 0.1847900390625 0.04345703125 0.040009765625
1 0.7799479166666666 0.23095703125 0.02482421875 0.0445263671875
1 0.51171875 0.73095703125 0.02352213541666667 0.0398583984375
1 0.3561197916666667 0.2091064453125 0.03098307291666667 0.03759765625
1 0.7838541666666666 0.57470703125 0.0405859375 0.0352783203125
1 0.47261718750000004 0.219765625 0.036048177083333334 0.039873046875
1 0.7161458333333334 0.43212890625 0.046875 0.035341796875
1 0.7434895833333334 0.46337890625 0.021542968750000002 0.0394287109375
1 0.20491536458333334 0.46337890625 0.03244791666666667 0.0399462890625
1 0.4200130208333333 0.773818359375 0.05367838541666667 0.0167236328125
1 0.24869791666666666 0.71875 0.053671875 0.0161572265625
1 0.21305338541666666 0.362060546875 0.044108072916666664 0.0362255859375
1 0.7395833333333334 0.52880859375 0.04658854166666667 0.0341796875
1 0.5163151041666666 0.582900390625 0.050618489583333336 0.026123046875
1 0.5751953125 0.7958984375 0.020957031249999997 0.04177734375
1 0.76171875 0.465087890625 0.021035156250000003 0.0409228515625
1 0.4029947916666667 0.3115234375 0.03407552083333334 0.03662109375
1 0.2775065104166667 0.2427978515625 0.05395833333333333 0.023466796875
1 0.32590494791666663 0.8157275390625 0.056315104166666664 0.01912109375
1 0.24468749999999997 0.66896484375 0.05001302083333333 0.02751953125
1 0.3912760416666667 0.296875 0.03574869791666666 0.040009765625
1 0.5166015625 0.38037109375 0.052167968749999995 0.0172412109375
1 0.5445963541666666 0.2685546875 0.04321614583333333 0.0338427734375
1 0.7734375 0.6201171875 0.047037760416666664 0.03314453125
1 0.7018229166666666 0.78369140625 0.050618489583333336 0.023330078125
1 0.24576822916666666 0.73314453125 0.05416015625 0.0164697265625
1 0.2521158854166667 0.61572265625 0.05517578125 0.0151904296875
1 0.45865234375 0.2078955078125 0.036569010416666665 0.041591796875
1 0.6995572916666667 0.3754150390625 0.044583333333333336 0.0350048828125
1 0.529296875 0.205810546875 0.02048828125 0.0455322265625
1 0.28271484375 0.79052734375 0.02931640625 0.0394287109375
1 0.25634765625 0.282470703125 0.052167968749999995 0.0240478515625
1 0.5022786458333334 0.2371826171875 0.0321875 0.0436083984375
1 0.72234375 0.5786572265625 0.041874999999999996 0.0339599609375
1 0.6868489583333334 0.294921875 0.045983072916666666 0.03271484375
1 0.5097591145833333 0.34689453125 0.055390625 0.0187060546875
1 0.30243489583333333 0.5394921875 0.053574218750000006 0.0202099609375
1 0.6412760416666666 0.64306640625 0.024127604166666667 0.0428173828125
1 0.64453125 0.2086181640625 0.025494791666666666 0.0440087890625
1 0.2731119791666667 0.2042236328125 0.021119791666666665 0.042177734375
1 0.7448502604166666 0.380869140625 0.05804036458333334 0.0236865234375
1 0.5780403645833333 0.685439453125 0.05274739583333333 0.0161279296875
1 0.26220703125 0.79150390625 0.028645833333333332 0.0393359375
1 0.4684244791666667 0.29150390625 0.05098307291666667 0.02037109375
1 0.28125 0.55712890625 0.049765625 0.019990234375
1 0.64453125 0.796875 0.020403645833333334 0.0430322265625
1 0.7955729166666666 0.333984375 0.0224609375 0.0399462890625
1 0.6888020833333334 0.256591796875 0.050703124999999995 0.0309619140625
1 0.20865885416666666 0.5615234375 0.03224609375 0.040009765625
1 0.21533203125 0.326171875 0.024173177083333334 0.0397021484375
1 0.4491145833333334 0.798173828125 0.05033203125 0.0264599609375
1 0.6783854166666666 0.6611328125 0.0478515625 0.0171826171875
1 0.775390625 0.488525390625 0.04472005208333333 0.03634765625
1 0.7066210937499999 0.544833984375 0.03990885416666667 0.037099609375
1 0.2530924479166667 0.202392578125 0.022910156249999997 0.0445849609375
1 0.4895833333333333 0.61083984375 0.0508203125 0.014228515625
1 0.6705729166666666 0.71142578125 0.027890625000000002 0.038818359375
1 0.5322265625 0.1767578125 0.055097656249999995 0.016787109375
1 0.7596484375 0.39154296875 0.05248697916666667 0.0251611328125
1 0.7033658854166666 0.7700927734375 0.05354166666666666 0.0255810546875
1 0.5322330729166667 0.8099462890625 0.04362630208333334 0.0339111328125
1 0.43962890625 0.76072265625 0.05354166666666666 0.0157666015625
1 0.38866536458333334 0.755517578125 0.049179687500000006 0.0249853515625
1 0.3406770833333333 0.7747021484375 0.05552083333333333 0.0157666015625
1 0.3375065104166666 0.7456982421875 0.05473307291666666 0.0166552734375
1 0.2713802083333333 0.6653955078125 0.04440755208333333 0.034072265625
1 0.25646484375 0.69056640625 0.057291666666666664 0.0167822265625
1 0.252734375 0.7037890625 0.057291666666666664 0.0167822265625
1 0.30358723958333333 0.6852294921875 0.022037760416666666 0.0401708984375
1 0.33053385416666664 0.683955078125 0.031191406249999998 0.0386474609375
1 0.35037109375 0.69755859375 0.0464453125 0.0307666015625
1 0.3588411458333333 0.710908203125 0.048476562499999994 0.0264453125
1 0.36782552083333336 0.7354443359375 0.05220703125 0.022626953125
1 0.3881705729166667 0.725654296875 0.05085286458333333 0.020341796875
1 0.40766276041666666 0.7144677734375 0.05322265625 0.021357421875
1 0.4361393229166666 0.7077294921875 0.051191406249999995 0.022626953125
1 0.4385091145833333 0.6926025390625 0.052545572916666665 0.020849609375
1 0.4490234375 0.6806494140625 0.051191406249999995 0.021357421875
1 0.46309244791666665 0.6693359375 0.05152994791666667 0.022626953125
1 0.40325520833333334 0.6861181640625 0.030852864583333334 0.0389013671875
1 0.38613281250000003 0.6805224609375 0.029153645833333335 0.0383935546875
1 0.4095247395833333 0.6589111328125 0.050175781249999996 0.0246630859375
1 0.36240234374999997 0.6709912109375 0.04271484375 0.034072265625
1 0.4915690104166666 0.6992138671875 0.05220703125 0.021357421875
1 0.49834635416666667 0.6805224609375 0.04949869791666667 0.02873046875
1 0.48427734375000003 0.6591650390625 0.05186848958333334 0.021611328125
1 0.4869921875 0.6371728515625 0.03763020833333333 0.034072265625
1 0.53173828125 0.6517919921875 0.05186848958333334 0.0165283203125
1 0.5290299479166667 0.6374267578125 0.05322265625 0.0167822265625
1 0.5790299479166666 0.648359375 0.050175781249999996 0.0284765625
1 0.6217513020833333 0.6431494140625 0.023053385416666666 0.04296875
1 0.5973372395833333 0.6301806640625 0.030514322916666666 0.0394091796875
1 0.5647916666666667 0.627001953125 0.0474609375 0.0284765625
1 0.5151302083333333 0.62484375 0.05458333333333334 0.0180517578125
1 0.4520703125 0.647470703125 0.048476562499999994 0.02923828125
1 0.4471549479166667 0.6292919921875 0.04475260416666666 0.0330517578125
1 0.4376627604166667 0.61759765625 0.04339192708333334 0.0315283203125
1 0.40359375 0.6304345703125 0.02542317708333333 0.0383935546875
1 0.40766276041666666 0.6032275390625 0.04237630208333334 0.033818359375
1 0.30646484375 0.641494140625 0.023053385416666666 0.04068359375
1 0.32240234375 0.6153076171875 0.021015625 0.04068359375
1 0.32291015625 0.655986328125 0.0294921875 0.04220703125
1 0.3452864583333333 0.6458203125 0.026106770833333334 0.0396630859375
1 0.3744401041666667 0.640986328125 0.04102213541666667 0.034580078125
1 0.37833984375 0.6170849609375 0.04136067708333333 0.034580078125
1 0.3542708333333333 0.61212890625 0.046783854166666666 0.0317822265625
1 0.3744075520833334 0.579541015625 0.023763020833333332 0.03890625
1 0.26877604166666663 0.5868212890625 0.053033854166666665 0.01869140625
1 0.27891927083333334 0.5712841796875 0.05419270833333333 0.019345703125
1 0.24081380208333333 0.57595703125 0.034192708333333335 0.0378173828125
1 0.22849609375000002 0.5622607421875 0.03216796875 0.038251953125
1 0.2134309895833333 0.48423828125 0.0304296875 0.039990234375
1 0.22009765625 0.5109716796875 0.036223958333333334 0.0386865234375
1 0.2328450520833333 0.521513671875 0.03854166666666667 0.038037109375
1 0.25095703125 0.5271630859375 0.03767578125 0.0362939453125
1 0.26385416666666667 0.53857421875 0.0373828125 0.0360791015625
1 0.33065104166666665 0.554658203125 0.05042317708333333 0.0273828125
1 0.36730468749999995 0.55248046875 0.04665364583333333 0.0308642578125
1 0.32702473958333333 0.525966796875 0.03912109375 0.0343408203125
1 0.35093749999999996 0.52759765625 0.03708984375 0.0336865234375
1 0.37585937500000005 0.5245556640625 0.04578776041666666 0.029775390625
1 0.397734375 0.5053173828125 0.021731770833333334 0.03912109375
1 0.3444140625 0.5048828125 0.048391927083333335 0.0173876953125
1 0.36440755208333336 0.49521484375 0.0478125 0.0267333984375
1 0.28442708333333333 0.514228515625 0.03912109375 0.03564453125
1 0.29369791666666667 0.4966259765625 0.03448567708333333 0.0386865234375
1 0.30920572916666667 0.4834765625 0.02666015625 0.038037109375
1 0.3252864583333333 0.475 0.02869140625 0.039775390625
1 0.35615234375 0.4746728515625 0.04868489583333333 0.02869140625
1 0.3674544270833333 0.4650048828125 0.04578776041666666 0.0293408203125
1 0.38020182291666665 0.4545703125 0.047526041666666664 0.02890625
1 0.24530598958333336 0.4924951171875 0.03970052083333333 0.03564453125
1 0.25631510416666664 0.48076171875 0.04201822916666667 0.0334716796875
1 0.2611002604166667 0.463154296875 0.04173177083333333 0.033037109375
1 0.27587890625 0.4550048828125 0.03999348958333333 0.0345556640625
1 0.2906575520833333 0.446748046875 0.04115234375 0.034990234375
1 0.31963541666666667 0.4481591796875 0.04694661458333333 0.0299951171875
1 0.40498046875 0.547265625 0.02753255208333333 0.0386865234375
1 0.4286002604166667 0.5424853515625 0.03651041666666666 0.0373828125
1 0.40802083333333333 0.5746533203125 0.05158203125 0.0252099609375
1 0.4317838541666667 0.582802734375 0.04115234375 0.0328173828125
1 0.4451171875 0.5927978515625 0.04173177083333333 0.033251953125
1 0.47322265625 0.5883447265625 0.03708984375 0.03564453125
1 0.47453125 0.56345703125 0.054772135416666666 0.016298828125
1 0.4541015625 0.5387890625 0.03013671875 0.0395556640625
1 0.48626302083333334 0.54900390625 0.05158203125 0.019560546875
1 0.4927864583333333 0.5357470703125 0.05071614583333334 0.0199951171875
1 0.50814453125 0.59638671875 0.05071614583333334 0.0260791015625
1 0.5256770833333334 0.57095703125 0.047526041666666664 0.0273828125
1 0.5358203125 0.559765625 0.0463671875 0.028037109375
1 0.5407486979166667 0.5449853515625 0.04520833333333333 0.0284716796875
1 0.5574088541666666 0.6072509765625 0.048391927083333335 0.02869140625
1 0.5663932291666667 0.5946484375 0.04723307291666667 0.029560546875
1 0.6166731770833334 0.612470703125 0.04810546875 0.0260791015625
1 0.6324674479166666 0.6035595703125 0.04955078125 0.0282568359375
1 0.6578190104166667 0.635615234375 0.02202473958333333 0.0402099609375
1 0.6918684895833334 0.6207275390625 0.0553515625 0.01521484375
1 0.7238932291666668 0.6047509765625 0.05563802083333333 0.0167333984375
1 0.7418619791666666 0.6196435546875 0.04984375 0.0317333984375
1 0.7567838541666667 0.594970703125 0.05013671875 0.0293408203125
1 0.6305794270833334 0.573671875 0.02202473958333333 0.039775390625
1 0.6721679687500001 0.5622607421875 0.04955078125 0.026513671875
1 0.7835872395833333 0.5533544921875 0.044628906249999996 0.033037109375
1 0.77880859375 0.53455078125 0.04607421875 0.034990234375
1 0.7492513020833332 0.5178173828125 0.043756510416666665 0.034990234375
1 0.6914388020833333 0.5291162109375 0.0283984375 0.0393408203125
1 0.6686848958333332 0.5168408203125 0.021731770833333334 0.041728515625
1 0.6495638020833333 0.5178173828125 0.026953124999999998 0.0384716796875
1 0.6366666666666666 0.531728515625 0.03013671875 0.0393408203125
1 0.6144986979166667 0.5449853515625 0.022890624999999998 0.0402099609375
1 0.5985611979166666 0.579541015625 0.045494791666666666 0.029775390625
1 0.5817513020833334 0.5712841796875 0.045494791666666666 0.031513671875
1 0.5833463541666667 0.551396484375 0.04578776041666666 0.0326025390625
1 0.4919140625 0.52162109375 0.05013671875 0.0217333984375
1 0.49220703125 0.50140625 0.04317708333333333 0.033037109375
1 0.49959635416666665 0.4854345703125 0.049264322916666665 0.02890625
1 0.5279947916666666 0.5048828125 0.030716145833333333 0.0378173828125
1 0.5452408854166667 0.5067333984375 0.03158854166666667 0.038037109375
1 0.55828125 0.5231396484375 0.02753255208333333 0.038251953125
1 0.5758138020833333 0.5323779296875 0.03361328125 0.0376025390625
1 0.6097135416666667 0.51759765625 0.04173177083333333 0.0336865234375
1 0.6534765625 0.4856494140625 0.047526041666666664 0.0310791015625
1 0.6005859375 0.4956494140625 0.053033854166666665 0.0215185546875
1 0.5816080729166667 0.48 0.044628906249999996 0.033251953125
1 0.5826236979166667 0.4601123046875 0.04665364583333333 0.0299951171875
1 0.61681640625 0.4679345703125 0.03680338541666667 0.03564453125
1 0.6398567708333334 0.4678271484375 0.03303385416666667 0.038037109375
1 0.6697005208333334 0.4525048828125 0.03361328125 0.0378173828125
1 0.7091145833333333 0.4464208984375 0.04520833333333333 0.0352099609375
1 0.7307031249999999 0.42044921875 0.040859374999999996 0.035859375
1 0.6623111979166666 0.4177294921875 0.025214843749999997 0.041728515625
1 0.6304361979166667 0.4421826171875 0.05419270833333333 0.0197802734375
1 0.6221744791666667 0.4281640625 0.05100260416666667 0.0234716796875
1 0.6069661458333333 0.4157763671875 0.04955078125 0.0299951171875
1 0.5739257812499999 0.432509765625 0.025214843749999997 0.0404248046875
1 0.5549479166666667 0.4328369140625 0.026080729166666667 0.0393408203125
1 0.53654296875 0.438271484375 0.026953124999999998 0.038037109375
1 0.5339388020833333 0.464130859375 0.05013671875 0.016298828125
1 0.49380208333333336 0.450439453125 0.05274088541666667 0.0149951171875
1 0.49887369791666664 0.4335986328125 0.05129557291666667 0.0191259765625
1 0.49640625 0.4184912109375 0.0533203125 0.0215185546875
1 0.5211848958333333 0.409580078125 0.04955078125 0.0184716796875
1 0.5172721354166666 0.3939306640625 0.05100260416666667 0.0149951171875
1 0.5547981770833333 0.39599609375 0.029270833333333333 0.039990234375
1 0.5908789062500001 0.3981689453125 0.030716145833333333 0.040859375
1 0.4427994791666667 0.4634814453125 0.04347005208333333 0.0323828125
1 0.45091145833333335 0.44033203125 0.052161458333333334 0.0156494140625
1 0.44873697916666666 0.4260986328125 0.051875000000000004 0.016298828125
1 0.4155598958333333 0.4455517578125 0.03825520833333333 0.0373828125
1 0.40078125000000003 0.419794921875 0.05274088541666667 0.0189111328125
1 0.46134114583333335 0.3903466796875 0.021445312499999997 0.040859375
1 0.48003255208333334 0.3871923828125 0.024049479166666665 0.041513671875
1 0.5245182291666667 0.36708984375 0.05274088541666667 0.0182568359375
1 0.37759765625 0.43609375 0.04694661458333333 0.02890625
1 0.3741145833333333 0.4106689453125 0.05158203125 0.022822265625
1 0.34470703125 0.4305517578125 0.029270833333333333 0.0404248046875
1 0.32180989583333336 0.4194677734375 0.026953124999999998 0.040859375
1 0.30007812500000003 0.4133837890625 0.022311197916666668 0.041728515625
1 0.28051432291666667 0.4097998046875 0.020865885416666664 0.0410791015625
1 0.2626953125 0.4157763671875 0.02347005208333333 0.0412939453125
1 0.2447265625 0.4277294921875 0.024049479166666665 0.040859375
1 0.22922526041666666 0.447939453125 0.022604166666666665 0.0404248046875
1 0.2128515625 0.4245751953125 0.03912109375 0.038037109375
1 0.20401041666666667 0.4083837890625 0.04231119791666666 0.0360791015625
1 0.22965494791666666 0.38904296875 0.036223958333333334 0.0378173828125
1 0.24342447916666665 0.3778466796875 0.03361328125 0.0393408203125
1 0.28182291666666665 0.371220703125 0.0304296875 0.040859375
1 0.30934895833333337 0.352421875 0.04491536458333333 0.031513671875
1 0.3163020833333333 0.3665478515625 0.048391927083333335 0.03064453125
1 0.3231119791666667 0.380673828125 0.047526041666666664 0.0302099609375
1 0.34151692708333337 0.388388671875 0.04607421875 0.0304296875
1 0.3590494791666667 0.3964306640625 0.04694661458333333 0.029560546875
1 0.38614583333333335 0.3606787109375 0.03912109375 0.036728515625
1 0.36455729166666667 0.3539404296875 0.03767578125 0.0376025390625
1 0.27979166666666666 0.3259033203125 0.0443359375 0.036728515625
1 0.2571875 0.3021044921875 0.048391927083333335 0.031298828125
1 0.4546809895833333 0.3472021484375 0.0533203125 0.022822265625
1 0.4700390625 0.36013671875 0.05447916666666667 0.0182568359375
1 0.5214778645833333 0.3269921875 0.05361328125 0.0241259765625
1 0.5566861979166667 0.327861328125 0.04057291666666667 0.0362939453125
1 0.5785611979166666 0.3284033203125 0.04201822916666667 0.036513671875
1 0.5626236979166667 0.369482421875 0.03158854166666667 0.0395556640625
1 0.5866796875 0.359482421875 0.025214843749999997 0.039990234375
1 0.6062369791666666 0.324384765625 0.031875 0.0402099609375
1 0.6184114583333333 0.343076171875 0.029557291666666666 0.0402099609375
1 0.6414453125 0.3256884765625 0.0304296875 0.0402099609375
1 0.6236263020833334 0.366875 0.0463671875 0.0317333984375
1 0.6353645833333333 0.38404296875 0.045494791666666666 0.0326025390625
1 0.65796875 0.3873046875 0.04607421875 0.0334716796875
1 0.6628906250000001 0.346767578125 0.02869140625 0.04064453125
1 0.68462890625 0.354267578125 0.022311197916666668 0.0421630859375
1 0.7056380208333333 0.3404638671875 0.024342447916666666 0.0410791015625
1 0.7805468750000001 0.3061279296875 0.05419270833333333 0.0258642578125
1 0.7730143229166666 0.2780908203125 0.054772135416666666 0.0241259765625
1 0.7447591145833333 0.2392919921875 0.05100260416666667 0.02869140625
1 0.7156315104166667 0.2181005859375 0.04665364583333333 0.0371630859375
1 0.6779622395833332 0.2063671875 0.04491536458333333 0.0393408203125
1 0.30819010416666665 0.2852587890625 0.04723307291666667 0.034990234375
1 0.3274609375 0.2588525390625 0.04347005208333333 0.0369482421875
1 0.3442708333333333 0.226142578125 0.038834635416666666 0.03890625
1 0.39092447916666667 0.238642578125 0.03767578125 0.0404248046875
1 0.4491731770833333 0.1882177734375 0.03767578125 0.041728515625
1 0.48655598958333335 0.2299462890625 0.034192708333333335 0.04259765625
1 0.7171940104166666 0.5588134765625 0.03850911458333333 0.0371630859375
