1 0.4605533854166666 0.6898046875 0.042115885416666665 0.03515625
1 0.55357421875 0.6862939453125 0.04490885416666667 0.033359375
1 0.5304947916666667 0.6670703125 0.03344401041666666 0.0384521484375
1 0.4742838541666667 0.6749951171875 0.03236979166666667 0.0379052734375
1 0.3564453125 0.62060546875 0.044518229166666666 0.03390625
1 0.5123697916666666 0.732421875 0.039609375 0.03732421875
1 0.5247395833333334 0.57568359375 0.034609375 0.0374755859375
1 0.5009765625 0.62646484375 0.03989583333333333 0.0348193359375
1 0.51767578125 0.6794580078125 0.0330859375 0.0388818359375
1 0.5442708333333334 0.65673828125 0.028157552083333332 0.0382373046875
1 0.4827473958333333 0.56640625 0.03350911458333333 0.03689453125
1 0.5881119791666667 0.5267041015625 0.031933593749999996 0.0378759765625
1 0.5811588541666667 0.68607421875 0.03516276041666667 0.03751953125
1 0.5039908854166667 0.4046533203125 0.05248697916666667 0.0224853515625
1 0.6018880208333334 0.3759765625 0.027630208333333333 0.0384521484375
1 0.525390625 0.54736328125 0.04902994791666667 0.0253759765625
1 0.5543619791666666 0.392333984375 0.0448828125 0.0330810546875
1 0.49537109375 0.675859375 0.031953125 0.0382373046875
1 0.4645182291666667 0.451171875 0.050618489583333336 0.0269189453125
1 0.4125390625 0.4618603515625 0.04911458333333333 0.0289306640625
1 0.3658854166666667 0.406005859375 0.04544921875 0.0343017578125
1 0.4326171875 0.39599609375 0.047936197916666666 0.0280615234375
1 0.6194661458333334 0.38525390625 0.02902994791666667 0.0403759765625
1 0.5550130208333334 0.368408203125 0.04128255208333333 0.034697265625
1 0.556640625 0.57275390625 0.02072265625 0.0401611328125
1 0.5403645833333334 0.61083984375 0.048216145833333335 0.032900390625
1 0.4518229166666667 0.52490234375 0.031412760416666664 0.03515625
1 0.33903645833333335 0.5955517578125 0.04080078125 0.03400390625
1 0.43256510416666666 0.5303466796875 0.029088541666666665 0.0393701171875
1 0.5539388020833333 0.49080078125 0.04641276041666667 0.033349609375
1 0.5810546875 0.49365234375 0.047200520833333336 0.03271484375
1 0.3541666666666667 0.544921875 0.052858072916666665 0.0227197265625
1 0.4694010416666667 0.5185546875 0.03540364583333334 0.035615234375
1 0.5808138020833333 0.6494140625 0.03579427083333333 0.0382373046875
1 0.4632161458333333 0.6171875 0.02272786458333333 0.0398583984375
1 0.6389973958333334 0.34521484375 0.030455729166666667 0.04025390625
1 0.38671875 0.382080078125 0.04370442708333333 0.0345458984375
1 0.56208984375 0.65234375 0.0344140625 0.0386962890625
1 0.36828124999999995 0.6296630859375 0.04492838541666667 0.0340771484375
1 0.6516927083333334 0.5654296875 0.052656249999999995 0.0193505859375
1 0.5751953125 0.5791015625 0.019869791666666668 0.0375390625
1 0.3606770833333333 0.58251953125 0.049401041666666666 0.0283837890625
1 0.5556640625 0.74267578125 0.02056640625 0.0406201171875
1 0.55162109375 0.5289990234375 0.05251953125 0.0220068359375
1 0.5188802083333334 0.37451171875 0.02370442708333333 0.0399462890625
1 0.3642578125 0.6689453125 0.04463541666666667 0.0328369140625
1 0.4685286458333333 0.4320166015625 0.04953125 0.0287255859375
1 0.5691666666666667 0.405380859375 0.051386718750000004 0.0269873046875
1 0.42362630208333335 0.40990234375 0.052382812499999994 0.03125
1 0.5091145833333334 0.513671875 0.026653645833333333 0.0378125
1 0.4912109375 0.389404296875 0.04443359375 0.0335400390625
1 0.6529947916666666 0.359375 0.03188151041666667 0.04025390625
1 0.5797526041666666 0.4716796875 0.0478515625 0.021943359375
1 0.6103515625 0.5048828125 0.028444010416666665 0.0394921875
1 0.5179036458333334 0.417724609375 0.05126953125 0.0204150390625
1 0.669921875 0.366943359375 0.033326822916666665 0.0403125
1 0.443359375 0.6403564453125 0.020104166666666666 0.040419921875
1 0.5830078125 0.362060546875 0.020891927083333334 0.040771484375
1 0.4580794270833333 0.3483642578125 0.025455729166666666 0.041708984375
1 0.40927734374999997 0.427490234375 0.05361328125 0.016220703125
1 0.57421875 0.740234375 0.021282552083333333 0.04052734375
1 0.5009765625 0.3447265625 0.021197916666666667 0.0401025390625
1 0.6614583333333334 0.3291015625 0.03389322916666667 0.034365234375
1 0.515625 0.444580078125 0.042890624999999995 0.033720703125
1 0.5367838541666666 0.340087890625 0.045735677083333336 0.033203125
1 0.32373046875 0.62890625 0.02272786458333333 0.0403759765625
1 0.4602864583333333 0.72705078125 0.048216145833333335 0.021865234375
1 0.5071614583333334 0.75048828125 0.039609375 0.03494140625
1 0.478515625 0.6474609375 0.049479166666666664 0.02162109375
1 0.5885416666666666 0.33203125 0.04074869791666667 0.035673828125
1 0.4752604166666667 0.338623046875 0.025247395833333335 0.0411376953125
1 0.5774739583333334 0.4560546875 0.052571614583333336 0.0227685546875
1 0.4560546875 0.38037109375 0.052734375 0.0165869140625
1 0.4384765625 0.345947265625 0.021197916666666667 0.0416259765625
1 0.3662109375 0.316162109375 0.030924479166666668 0.0396435546875
1 0.3518880208333333 0.56201171875 0.05126953125 0.0184326171875
1 0.6875 0.327880859375 0.04067057291666667 0.035673828125
1 0.6227213541666666 0.33251953125 0.02638671875 0.04025390625
1 0.5621744791666666 0.343505859375 0.04296875 0.0312060546875
1 0.5426432291666666 0.771484375 0.0321875 0.0389697265625
1 0.5416666666666666 0.51708984375 0.04642578125 0.023193359375
1 0.4944661458333333 0.607421875 0.03835286458333333 0.028974609375
1 0.5284700520833333 0.7259423828125 0.0383203125 0.0377197265625
1 0.4532291666666666 0.703642578125 0.04510416666666667 0.0332275390625
1 0.386171875 0.6356884765625 0.0403125 0.0332275390625
1 0.5484244791666667 0.59796875 0.04390625 0.0326318359375
1 0.49852864583333334 0.559052734375 0.03512369791666667 0.037421875
1 0.42429036458333336 0.47388671875 0.045501302083333334 0.0305322265625
1 0.5767643229166667 0.41865234375 0.05188802083333333 0.0248486328125
1 0.37878906250000005 0.3959033203125 0.04390625 0.0350244140625
