1 0.6640625 0.5 0.05293619791666667 0.056123046875
1 0.7174479166666666 0.55712890625 0.08027994791666666 0.0302734375
1 0.6803385416666666 0.45654296875 0.03005208333333333 0.0582275390625
1 0.2698567708333333 0.8154296875 0.03263671875 0.0562451171875
1 0.6354166666666666 0.54052734375 0.056764322916666665 0.0505078125
1 0.498046875 0.5068359375 0.042317708333333336 0.0545947265625
1 0.5576171875 0.49951171875 0.04837890625 0.05349609375
1 0.2275390625 0.818359375 0.05684244791666667 0.0492236328125
1 0.5364583333333334 0.4873046875 0.04463541666666667 0.055419921875
1 0.6031901041666666 0.591796875 0.028606770833333333 0.057802734375
1 0.6604817708333334 0.55615234375 0.043294270833333336 0.056123046875
1 0.4462890625 0.38427734375 0.03123046875 0.058349609375
1 0.2265625 0.875 0.07043619791666667 0.0359521484375
1 0.67578125 0.82568359375 0.034016927083333336 0.0586572265625
1 0.6256510416666666 0.46142578125 0.07373046875 0.0281689453125
1 0.611328125 0.488037109375 0.06600260416666666 0.0452587890625
1 0.6595052083333334 0.312744140625 0.06490234375 0.053193359375
1 0.759765625 0.80419921875 0.040201822916666664 0.0574951171875
1 0.22884114583333334 0.8466796875 0.06490234375 0.0445849609375
1 0.6409505208333334 0.410400390625 0.055097656249999995 0.0551171875
1 0.2921549479166667 0.80322265625 0.03421875 0.0559375
1 0.7877604166666666 0.80029296875 0.038125 0.059111328125
1 0.55859375 0.59716796875 0.04565755208333333 0.0572802734375
1 0.5979492187500001 0.517265625 0.07940104166666666 0.0233740234375
1 0.3889973958333333 0.404052734375 0.07568359375 0.025908203125
1 0.388671875 0.499267578125 0.04321614583333333 0.0555126953125
1 0.4729817708333333 0.3818359375 0.03383463541666667 0.0589892578125
1 0.68359375 0.2294921875 0.05737630208333333 0.06076171875
1 0.5436197916666666 0.281005859375 0.033125 0.0614306640625
1 0.4352213541666667 0.71533203125 0.04667317708333333 0.0551171875
