1 0.5380859375 0.367431640625 0.053144531249999995 0.01751953125
1 0.4742838541666667 0.381103515625 0.046263020833333335 0.0313720703125
1 0.4065755208333333 0.336669921875 0.050703124999999995 0.028701171875
1 0.5549479166666667 0.351416015625 0.05494140625 0.0203125
1 0.4462890625 0.33984375 0.050130208333333336 0.0193798828125
1 0.5777994791666666 0.341064453125 0.0517578125 0.0202490234375
1 0.3162434895833333 0.56298828125 0.0478515625 0.02748046875
1 0.634765625 0.37646484375 0.023255208333333333 0.0413232421875
1 0.5540364583333334 0.32470703125 0.054361979166666664 0.016923828125
1 0.474609375 0.5779296875 0.024537760416666665 0.0406787109375
1 0.4459635416666667 0.3544921875 0.05025390625 0.0200634765625
1 0.4938151041666667 0.43603515625 0.05033203125 0.0149560546875
1 0.4967447916666667 0.40673828125 0.02170572916666667 0.040009765625
1 0.6647135416666666 0.642578125 0.049967447916666664 0.026201171875
1 0.6149088541666666 0.37548828125 0.02468098958333333 0.04296875
1 0.607421875 0.330322265625 0.05293619791666667 0.0210107421875
1 0.3302408854166667 0.53271484375 0.052571614583333336 0.02091796875
1 0.6663411458333334 0.31494140625 0.0405859375 0.0383935546875
1 0.5299479166666666 0.414306640625 0.0449609375 0.031982421875
1 0.5255143229166667 0.63212890625 0.05296875 0.01810546875
1 0.35859375 0.5666015625 0.044570312499999994 0.0334765625
1 0.35546875 0.54833984375 0.04809895833333333 0.0316796875
1 0.53822265625 0.61669921875 0.05479166666666666 0.0153662109375
1 0.5618489583333334 0.30517578125 0.052656249999999995 0.024658203125
1 0.39967447916666665 0.58544921875 0.04697916666666666 0.0349169921875
1 0.4739583333333333 0.4501953125 0.05147135416666667 0.015126953125
1 0.44492187499999997 0.471533203125 0.026295572916666666 0.0392333984375
1 0.3922526041666667 0.55185546875 0.02712239583333333 0.0393896484375
1 0.4131575520833333 0.3173828125 0.05608723958333334 0.0190869140625
1 0.3551432291666667 0.61865234375 0.05147135416666667 0.0161572265625
1 0.5637369791666667 0.63427734375 0.035208333333333335 0.0374755859375
1 0.5986328125 0.388671875 0.026751302083333334 0.0408349609375
1 0.5159505208333334 0.38916015625 0.03389322916666667 0.0362841796875
1 0.2989908854166667 0.587890625 0.049967447916666664 0.0288720703125
1 0.5319010416666666 0.441162109375 0.029544270833333334 0.038818359375
1 0.5279947916666666 0.59423828125 0.044355468749999995 0.0300439453125
1 0.4142578125 0.5615185546875 0.026184895833333333 0.0409228515625
1 0.6259765625 0.3037109375 0.03871744791666667 0.03802734375
1 0.416015625 0.369140625 0.04931640625 0.023955078125
1 0.6295572916666666 0.3486328125 0.0508203125 0.0182666015625
1 0.5543619791666666 0.4296875 0.02370442708333333 0.0372607421875
1 0.3594466145833333 0.5884765625 0.055800781249999994 0.0190185546875
1 0.6477864583333334 0.30810546875 0.03930989583333334 0.03732421875
1 0.4967447916666667 0.60341796875 0.0562109375 0.0178369140625
1 0.466796875 0.40478515625 0.04557942708333334 0.0308544921875
1 0.46673177083333334 0.4773486328125 0.024166666666666666 0.0406298828125
1 0.4537760416666667 0.5712890625 0.019869791666666668 0.0413818359375
1 0.5706380208333334 0.374267578125 0.0449609375 0.033720703125
1 0.3932291666666667 0.61640625 0.028990885416666667 0.0397021484375
1 0.4596354166666667 0.42919921875 0.042643229166666664 0.0325341796875
1 0.41796875 0.53466796875 0.044270833333333336 0.031435546875
1 0.3307291666666667 0.292236328125 0.022115885416666665 0.04123046875
1 0.48411458333333335 0.4764208984375 0.020130208333333333 0.04033203125
1 0.3224283854166667 0.250244140625 0.044355468749999995 0.0347607421875
1 0.3489583333333333 0.3011279296875 0.022031250000000002 0.0424072265625
1 0.4313151041666667 0.425048828125 0.025839843749999997 0.038759765625
1 0.5006510416666666 0.341064453125 0.04809895833333333 0.026201171875
1 0.4860026041666667 0.5400439453125 0.02146484375 0.03861328125
1 0.6002604166666666 0.30322265625 0.042890624999999995 0.031494140625
1 0.39947916666666666 0.378466796875 0.053828125000000004 0.02544921875
1 0.4635416666666667 0.611328125 0.03350911458333333 0.03662109375
1 0.3567708333333333 0.396484375 0.03440104166666667 0.0391259765625
1 0.3668619791666667 0.308759765625 0.021868489583333334 0.0429052734375
1 0.28616536458333336 0.61162109375 0.05567057291666667 0.018369140625
1 0.2976888020833333 0.54140625 0.05760416666666667 0.0204150390625
1 0.3111979166666667 0.290283203125 0.0223828125 0.0408349609375
1 0.4114583333333333 0.48291015625 0.05098307291666667 0.0161572265625
1 0.5702473958333333 0.66689453125 0.05001953125 0.02748046875
1 0.6429036458333334 0.277099609375 0.051595052083333336 0.0239111328125
1 0.2880859375 0.642578125 0.052734375 0.0173046875
1 0.6731770833333334 0.463134765625 0.050130208333333336 0.0286572265625
1 0.4677734375 0.529296875 0.01978515625 0.038115234375
1 0.4013671875 0.295654296875 0.049765625 0.02748046875
1 0.3408203125 0.52080078125 0.053059895833333336 0.0233203125
1 0.3723958333333333 0.63671875 0.04984375 0.024931640625
1 0.3514388020833333 0.60419921875 0.05293619791666667 0.01740234375
1 0.43157552083333334 0.29208984375 0.03916666666666666 0.0368359375
1 0.28789713541666667 0.62890625 0.05556640625 0.0160986328125
1 0.5576171875 0.7275390625 0.023359375 0.0411376953125
1 0.525390625 0.7177734375 0.024453125000000003 0.0411376953125
1 0.302734375 0.51513671875 0.04014973958333334 0.0375634765625
1 0.43794921875000004 0.53115234375 0.04192057291666667 0.034560546875
1 0.421875 0.50830078125 0.05147135416666667 0.0176416015625
1 0.2936197916666667 0.263427734375 0.0508203125 0.0166650390625
1 0.6946614583333334 0.25341796875 0.02463541666666667 0.041533203125
1 0.4348958333333333 0.57373046875 0.02335286458333333 0.0427783203125
1 0.6455078125 0.7254931640625 0.042597656250000004 0.0363818359375
1 0.673828125 0.77783203125 0.052167968749999995 0.0211181640625
1 0.3003515625 0.572060546875 0.04957682291666667 0.0301416015625
1 0.4600520833333333 0.3722412109375 0.04957682291666667 0.032880859375
