1 0.3733723958333333 0.0582275390625 0.06526692708333333 0.0589892578125
1 0.27197265625 0.2013134765625 0.07265624999999999 0.03923828125
1 0.4280989583333333 0.11125 0.061197916666666664 0.0604541015625
1 0.61328125 0.9130859375 0.06266276041666667 0.0599658203125
1 0.30255208333333333 0.4055224609375 0.03832682291666666 0.0606494140625
1 0.37416015625000004 0.3370751953125 0.06082682291666667 0.0554296875
1 0.3528645833333333 0.383056640625 0.06673177083333333 0.0430322265625
1 0.24490885416666666 0.597626953125 0.07672526041666666 0.027138671875
1 0.37158203125 0.1279541015625 0.0691796875 0.050166015625
1 0.3723958333333333 0.86865234375 0.0386328125 0.059755859375
1 0.6422526041666666 0.85693359375 0.07458333333333333 0.04025390625
1 0.4495442708333333 0.51318359375 0.06490234375 0.0477001953125
1 0.296875 0.455810546875 0.07307942708333333 0.0357373046875
1 0.4215494791666667 0.634765625 0.07637369791666666 0.037109375
1 0.3245442708333333 0.266650390625 0.04520833333333333 0.0607861328125
1 0.5185546875 0.740234375 0.074140625 0.0369873046875
1 0.6438802083333334 0.78857421875 0.0663671875 0.0498681640625
1 0.2765299479166667 0.398408203125 0.03498697916666667 0.0612939453125
1 0.3473307291666667 0.2117919921875 0.07995442708333333 0.024521484375
1 0.4573567708333333 0.5537109375 0.060911458333333335 0.052431640625
1 0.5042317708333334 0.5441552734375 0.03163411458333334 0.061748046875
1 0.31548177083333334 0.9511865234375 0.06374348958333333 0.0513330078125
1 0.4466145833333333 0.611328125 0.057942708333333336 0.0511767578125
1 0.3873697916666667 0.57421875 0.06901041666666667 0.0431201171875
1 0.28759765625 0.2447509765625 0.044270833333333336 0.0589892578125
1 0.23506510416666668 0.3821337890625 0.06774739583333333 0.04568359375
1 0.32884114583333335 0.5597802734375 0.07213541666666666 0.043291015625
1 0.20686848958333334 0.295166015625 0.04614583333333333 0.0562451171875
1 0.4078776041666667 0.53740234375 0.06611979166666666 0.05013671875
1 0.19986979166666666 0.81103515625 0.03975260416666667 0.055205078125
1 0.26276041666666666 0.254521484375 0.04617838541666667 0.05828125
1 0.8346354166666666 0.9013671875 0.08190755208333333 0.038759765625
1 0.3408203125 0.442626953125 0.07922526041666667 0.028974609375
1 0.3489583333333333 0.412109375 0.07458333333333333 0.0340283203125
1 0.8307291666666666 0.8779296875 0.08341796875 0.0382373046875
1 0.3670638020833333 0.307216796875 0.06615234375 0.0510498046875
1 0.3854752604166667 0.0830078125 0.0644140625 0.0618896484375
1 0.2882486979166667 0.1341552734375 0.07625651041666666 0.047607421875
1 0.14274088541666666 0.335693359375 0.07430338541666666 0.03662109375
1 0.19401041666666666 0.1998486328125 0.07055989583333333 0.04486328125
1 0.7623697916666666 0.724609375 0.08544921875 0.0283349609375
1 0.3032486979166667 0.335615234375 0.06604166666666667 0.0500830078125
1 0.3990494791666667 0.361962890625 0.03707682291666667 0.061962890625
1 0.6692708333333334 0.89013671875 0.0770703125 0.04177734375
1 0.15677734375 0.28755859375 0.047311197916666665 0.0581298828125
1 0.5413411458333334 0.490478515625 0.044270833333333336 0.05349609375
1 0.3214518229166667 0.090087890625 0.061848958333333336 0.0586572265625
1 0.19654947916666665 0.2314208984375 0.060911458333333335 0.0551611328125
1 0.24674479166666666 0.4249755859375 0.031106770833333335 0.061376953125
1 0.2659505208333333 0.1744384765625 0.07332682291666666 0.040009765625
1 0.20768229166666666 0.923828125 0.071328125 0.0255126953125
1 0.6015625 0.7529296875 0.07552083333333333 0.0342431640625
1 0.20166015625 0.4384765625 0.07080078125 0.0399462890625
1 0.5791861979166667 0.6491943359375 0.07098307291666667 0.0462890625
1 0.6305989583333333 0.5986328125 0.04487630208333334 0.0582275390625
1 0.58103515625 0.588017578125 0.066484375 0.0539453125
1 0.3193359375 0.58935546875 0.06978515625 0.027587890625
1 0.24479166666666666 0.273681640625 0.0478515625 0.0535888671875
1 0.24967447916666666 0.57568359375 0.07483072916666667 0.0292529296875
1 0.6024283854166667 0.7744140625 0.07746093750000001 0.0334765625
1 0.6564192708333333 0.54345703125 0.070546875 0.0521240234375
1 0.60521484375 0.8140771484375 0.06878255208333334 0.0484521484375
1 0.6526302083333334 0.493876953125 0.06888671875 0.049775390625
1 0.3911458333333333 0.5999462890625 0.07387369791666666 0.038359375
1 0.6630859375 0.69970703125 0.045735677083333336 0.059541015625
1 0.22802734375 0.81201171875 0.041829427083333336 0.057587890625
1 0.4287109375 0.0733056640625 0.058268229166666664 0.0614306640625
1 0.693359375 0.85888671875 0.041666666666666664 0.0659814453125
1 0.13785807291666666 0.375244140625 0.049967447916666664 0.05490234375
1 0.5221354166666666 0.7646484375 0.07499348958333334 0.03634765625
1 0.552734375 0.5400390625 0.06848307291666667 0.0518505859375
1 0.2488671875 0.61865234375 0.07798828125 0.027265625
1 0.751953125 0.69677734375 0.08296875 0.032958984375
1 0.5635481770833334 0.47236328125 0.0459375 0.0578564453125
1 0.4534505208333333 0.5810546875 0.05981770833333333 0.0518505859375
1 0.6507161458333334 0.6201171875 0.04419270833333333 0.0589013671875
1 0.6985677083333334 0.71044921875 0.043131510416666664 0.059111328125
1 0.8151041666666666 0.85791015625 0.08219401041666667 0.0332666015625
1 0.18564453125 0.2855419921875 0.04690755208333333 0.0570947265625
1 0.20817057291666666 0.466796875 0.07430338541666666 0.03515625
1 0.2521158854166667 0.3095703125 0.07442057291666666 0.03955078125
1 0.40234375 0.6493603515625 0.07853515625 0.0385009765625
1 0.22916666666666666 0.869140625 0.030169270833333334 0.06130859375
1 0.4945377604166667 0.667099609375 0.043131510416666664 0.05939453125
1 0.7037760416666666 0.919921875 0.07955078125 0.029375
1 0.5374739583333333 0.6115283203125 0.055703125 0.0589013671875
1 0.3929036458333333 0.89697265625 0.036497395833333335 0.060517578125
1 0.345703125 0.84375 0.06502604166666666 0.049501953125
1 0.7334440104166666 0.7496630859375 0.08235677083333333 0.034697265625
1 0.3603515625 0.236572265625 0.07763671875 0.0283349609375
1 0.20247395833333334 0.487060546875 0.07527994791666666 0.0360107421875
1 0.15625 0.8515625 0.059895833333333336 0.0533154296875
1 0.3440755208333333 0.18896484375 0.08130208333333333 0.02427734375
1 0.4456380208333333 0.365234375 0.051191406249999995 0.0571923828125
1 0.2820638020833333 0.47412109375 0.0780859375 0.033203125
1 0.662109375 0.81982421875 0.04544921875 0.0571923828125
1 0.17692057291666666 0.87744140625 0.03554036458333334 0.0615234375
1 0.08406901041666666 0.3642578125 0.04544921875 0.057802734375
1 0.4970703125 0.70751953125 0.06966145833333333 0.042177734375
1 0.8873697916666666 0.876953125 0.04121744791666667 0.0686669921875
1 0.6559244791666666 0.45072265625 0.03916015625 0.060625
1 0.20524088541666666 0.966796875 0.07307942708333333 0.026201171875
1 0.6236979166666666 0.4411865234375 0.038125 0.0627001953125
1 0.5309244791666666 0.6651318359375 0.03212239583333334 0.059150390625
1 0.5540364583333334 0.72314453125 0.05611328125 0.05685546875
1 0.20133463541666666 0.40966796875 0.06490234375 0.0451953125
1 0.214921875 0.3408203125 0.07804036458333334 0.03314453125
1 0.50255859375 0.6156689453125 0.03908203125 0.0602099609375
1 0.25536458333333334 0.937958984375 0.04944661458333333 0.059111328125
1 0.6783463541666667 0.6269384765625 0.044283854166666664 0.0595703125
1 0.5100911458333334 0.78369140625 0.07820963541666666 0.0334765625
1 0.19466145833333334 0.94482421875 0.07694661458333334 0.0252685546875
1 0.6051432291666666 0.521484375 0.06392578125 0.051455078125
1 0.3074544270833333 0.771484375 0.07238932291666667 0.0362255859375
1 0.3125 0.9013671875 0.031106770833333335 0.0596630859375
1 0.38106119791666665 0.2720654296875 0.08013671875 0.034609375
1 0.5059830729166667 0.4668310546875 0.040501302083333336 0.0578515625
1 0.7259114583333334 0.9560546875 0.071328125 0.0555126953125
1 0.423828125 0.88916015625 0.036985677083333335 0.0622265625
1 0.2569986979166667 0.8984375 0.068359375 0.035341796875
1 0.3570963541666667 0.52978515625 0.07637369791666666 0.022841796875
1 0.6002604166666666 0.6982421875 0.04931640625 0.0564599609375
1 0.7298177083333334 0.876953125 0.03236979166666667 0.0642724609375
1 0.67578125 0.41650390625 0.041914062499999995 0.0604248046875
1 0.29150390625 0.7265625 0.051393229166666665 0.0542919921875
1 0.6285807291666666 0.6943359375 0.04764973958333333 0.058134765625
1 0.2685677083333333 0.8558935546875 0.06208333333333333 0.054306640625
1 0.3587239583333333 0.1663818359375 0.08056640625 0.024521484375
1 0.1533203125 0.79052734375 0.05591145833333333 0.0492236328125
1 0.11287760416666666 0.82666015625 0.04014322916666666 0.0551171875
1 0.5927734375 0.435302734375 0.03643880208333333 0.0584423828125
1 0.8372395833333334 0.8203125 0.0692578125 0.057373046875
1 0.4742838541666667 0.087890625 0.05375 0.0616455078125
1 0.20279947916666666 0.8828125 0.032063802083333336 0.0628076171875
1 0.3505859375 0.74462890625 0.043619791666666664 0.0598779296875
1 0.7200520833333334 0.466552734375 0.04419270833333333 0.0633544921875
1 0.7682291666666666 0.95263671875 0.049401041666666666 0.0648828125
1 0.1630859375 0.380126953125 0.05126953125 0.0542919921875
1 0.578125 0.71337890625 0.052167968749999995 0.053408203125
1 0.693359375 0.47705078125 0.04067057291666667 0.0622265625
1 0.7571614583333334 0.8291015625 0.07609375 0.0450146484375
1 0.7100260416666666 0.6266455078125 0.04641927083333333 0.0630517578125
1 0.80078125 0.95458984375 0.051393229166666665 0.0650048828125
1 0.703125 0.404541015625 0.047200520833333336 0.059541015625
1 0.3414713541666667 0.89013671875 0.03281901041666666 0.064208984375
1 0.15592447916666666 0.82080078125 0.06079427083333333 0.0494091796875
1 0.4703776041666667 0.129638671875 0.058470052083333335 0.0594189453125
1 0.3577473958333333 0.955078125 0.03389322916666667 0.0623193359375
1 0.794921875 0.8173828125 0.0692578125 0.0551171875
1 0.63814453125 0.3902880859375 0.03755859375 0.06166015625
1 0.6298828125 0.0372021484375 0.08251953125 0.04193359375
1 0.11409505208333333 0.369140625 0.046959635416666666 0.057373046875
1 0.09662109375 0.3153955078125 0.06895833333333333 0.046533203125
1 0.6528906250000001 0.0562548828125 0.0834765625 0.0422509765625
1 0.7747395833333334 0.7646484375 0.08158203125 0.0316162109375
1 0.14201171875 0.90625 0.07255208333333334 0.032470703125
1 0.6751302083333334 0.242431640625 0.059694010416666665 0.0604248046875
1 0.6028645833333334 0.1057763671875 0.05195963541666667 0.065126953125
1 0.69921875 0.1096826171875 0.04321614583333333 0.0676904296875
1 0.22981770833333334 0.6904296875 0.05904296875 0.0516650390625
1 0.703125 0.0648828125 0.08406901041666666 0.0433642578125
1 0.18319661458333333 0.1790771484375 0.07186197916666666 0.045439453125
1 0.6416015625 0.1028466796875 0.044108072916666664 0.0669580078125
1 0.6656901041666666 0.114990234375 0.042805989583333336 0.0647607421875
1 0.7259114583333334 0.117373046875 0.044518229166666666 0.0681787109375
1 0.5550130208333334 0.0699462890625 0.033567708333333335 0.0686669921875
1 0.30204427083333335 0.1129345703125 0.07220703125 0.047109375
1 0.2735677083333333 0.1516796875 0.07397135416666667 0.0444677734375
1 0.23013020833333334 0.2291748046875 0.05636067708333333 0.056796875
1 0.2857356770833333 0.319365234375 0.06736328125 0.0478466796875
1 0.2148046875 0.368046875 0.07093098958333334 0.046171875
1 0.31875000000000003 0.3519873046875 0.06557942708333334 0.0481787109375
1 0.46819661458333334 0.49619140625 0.06914713541666666 0.0455029296875
1 0.6303645833333333 0.5070654296875 0.06692057291666667 0.05119140625
1 0.5906575520833334 0.536845703125 0.06602213541666667 0.0518603515625
1 0.5654557291666666 0.6052685546875 0.06290364583333334 0.05353515625
1 0.6303645833333333 0.898701171875 0.0678125 0.057548828125
1 0.28863932291666666 0.8443310546875 0.058886718750000004 0.057216796875
1 0.28038411458333334 0.944873046875 0.047734374999999996 0.05888671875
1 0.6557356770833334 0.22548828125 0.06292317708333334 0.058681640625
