1 0.16284505208333333 0.260009765625 0.07552083333333333 0.0321044921875
1 0.64412109375 0.4282568359375 0.06967447916666666 0.0506640625
1 0.6363932291666666 0.381103515625 0.06966145833333333 0.049775390625
1 0.669921875 0.24658203125 0.07983723958333333 0.0372607421875
1 0.7220052083333334 0.34619140625 0.07625651041666666 0.048125
1 0.5638020833333334 0.386962890625 0.053346354166666665 0.056337890625
1 0.18408203125 0.2919921875 0.06872395833333333 0.0452587890625
1 0.3626302083333333 0.70703125 0.05497395833333333 0.0589013671875
1 0.3125 0.6962890625 0.052083333333333336 0.0562451171875
1 0.5849609375 0.36767578125 0.048463541666666665 0.0580126953125
1 0.7083333333333334 0.379638671875 0.07291666666666667 0.050810546875
1 0.2610677083333333 0.7294921875 0.07080078125 0.0431201171875
1 0.25830078125 0.67919921875 0.048828125 0.056640625
1 0.666015625 0.29052734375 0.051191406249999995 0.0609765625
1 0.28076171875 0.6923828125 0.048216145833333335 0.0548095703125
1 0.6272786458333334 0.50830078125 0.06966145833333333 0.0482177734375
1 0.6782552083333333 0.4612646484375 0.07091145833333333 0.0488134765625
1 0.6881510416666666 0.303955078125 0.0546484375 0.0615234375
1 0.63671875 0.28955078125 0.04740234375 0.060517578125
1 0.25048828125 0.64599609375 0.07108723958333334 0.0435205078125
1 0.6627604166666666 0.5146484375 0.06709635416666666 0.0467236328125
1 0.556640625 0.50830078125 0.07666015625 0.0357373046875
1 0.2255859375 0.83740234375 0.05244791666666667 0.057802734375
1 0.2991536458333333 0.84765625 0.04712239583333333 0.0611865234375
1 0.3040364583333333 0.7587890625 0.05195963541666667 0.0565478515625
1 0.3616536458333333 0.61181640625 0.05517578125 0.0545947265625
1 0.3284505208333333 0.47314453125 0.03440104166666667 0.058349609375
1 0.71484375 0.46630859375 0.06949869791666667 0.0516650390625
1 0.30126953125 0.6435546875 0.04067057291666667 0.056640625
1 0.5973307291666666 0.314208984375 0.03275390625 0.062685546875
1 0.3287760416666667 0.61328125 0.05347005208333333 0.05203125
1 0.5719401041666666 0.287109375 0.03684244791666667 0.06396484375
1 0.152265625 0.2998046875 0.06709635416666666 0.0445263671875
1 0.193359375 0.81201171875 0.0439453125 0.0577099609375
1 0.2682291666666667 0.3671875 0.029726562499999998 0.06076171875
1 0.15625 0.82080078125 0.04911458333333333 0.058564453125
1 0.6650390625 0.5419921875 0.07552083333333333 0.04177734375
1 0.27880859375 0.436279296875 0.07609375 0.021865234375
1 0.2752278645833333 0.83642578125 0.041829427083333336 0.0604248046875
1 0.7916666666666666 0.66943359375 0.08764973958333333 0.0276318359375
1 0.3746744791666667 0.57958984375 0.06624348958333333 0.0455322265625
1 0.3450520833333333 0.86083984375 0.05814453125 0.0592041015625
1 0.3019205729166667 0.474853515625 0.03643880208333333 0.059541015625
1 0.13981119791666666 0.80029296875 0.049401041666666666 0.058779296875
1 0.5719401041666666 0.8798828125 0.03513671875 0.0642724609375
1 0.781640625 0.6904296875 0.08529296874999999 0.0237744140625
1 0.18440755208333334 0.85498046875 0.07552083333333333 0.024794921875
1 0.21402994791666666 0.3564453125 0.029824218750000003 0.0608544921875
1 0.728515625 0.147705078125 0.08341796875 0.03689453125
1 0.24039713541666666 0.359619140625 0.02902994791666667 0.0606396484375
1 0.77734375 0.712890625 0.08358072916666666 0.0235595703125
1 0.4225260416666667 0.783203125 0.0634765625 0.052705078125
1 0.3048502604166667 0.884765625 0.0517578125 0.0559375
1 0.6110026041666666 0.6020654296875 0.039609375 0.0609765625
1 0.2506966145833333 0.74833984375 0.07186848958333333 0.0423974609375
1 0.23502604166666666 0.80908203125 0.0448828125 0.0491357421875
1 0.33953776041666667 0.69642578125 0.05588541666666667 0.056728515625
1 0.6124609375 0.42208984375 0.06660807291666666 0.049111328125
1 0.67625 0.433310546875 0.07112630208333333 0.0520751953125
1 0.7129361979166666 0.3120166015625 0.057578125 0.0609619140625
