1 0.5013020833333334 0.51904296875 0.0458984375 0.0294189453125
1 0.4544270833333333 0.492431640625 0.039609375 0.0348828125
1 0.28689453125000003 0.31607421875 0.051881510416666665 0.0290625
1 0.4954427083333333 0.382080078125 0.0439453125 0.037109375
1 0.60697265625 0.5650390625 0.053619791666666666 0.0188134765625
1 0.5776041666666667 0.49345703125 0.043131510416666664 0.0333251953125
1 0.5774739583333334 0.5751953125 0.052858072916666665 0.0190869140625
1 0.64662109375 0.7771484375 0.05158203125 0.022685546875
1 0.55625 0.51806640625 0.042076822916666666 0.0332666015625
1 0.6205729166666667 0.52802734375 0.04677734375 0.03326171875
1 0.6590494791666667 0.540234375 0.0495703125 0.029677734375
1 0.46604817708333335 0.353759765625 0.05504557291666667 0.0167236328125
1 0.5208984375 0.7054736328125 0.048476562499999994 0.0293310546875
1 0.458984375 0.329833984375 0.04419270833333333 0.0340283203125
1 0.6690104166666666 0.79052734375 0.055800781249999994 0.018125
1 0.47532552083333335 0.495791015625 0.042154947916666664 0.0357373046875
1 0.47259114583333334 0.74609375 0.05126953125 0.022158203125
1 0.6014322916666667 0.5501953125 0.053307291666666666 0.0191943359375
1 0.2530924479166667 0.357177734375 0.03533854166666667 0.040009765625
1 0.4300130208333333 0.484111328125 0.042154947916666664 0.0350439453125
1 0.34426432291666664 0.33978515625 0.05381510416666666 0.0227490234375
1 0.26302734375 0.3377197265625 0.05106119791666667 0.0325146484375
1 0.33670572916666663 0.31076171875 0.052923177083333335 0.02455078125
1 0.4313151041666667 0.36328125 0.021035156250000003 0.0396435546875
1 0.6442057291666666 0.349853515625 0.051595052083333336 0.02427734375
1 0.5393880208333334 0.71611328125 0.05255859375 0.0259228515625
1 0.3382161458333333 0.32568359375 0.052656249999999995 0.0234228515625
1 0.48899739583333335 0.67265625 0.027174479166666668 0.04205078125
1 0.5040364583333333 0.68759765625 0.02736328125 0.0410791015625
1 0.255859375 0.6416015625 0.05375 0.0227978515625
1 0.4867122395833334 0.3982080078125 0.04197916666666667 0.0361376953125
1 0.28717447916666666 0.6576171875 0.047766927083333334 0.0298291015625
1 0.3625 0.5130908203125 0.038411458333333336 0.0378125
1 0.56626953125 0.68623046875 0.05174479166666667 0.0273779296875
1 0.4186197916666667 0.3359375 0.03684244791666667 0.0374755859375
1 0.263671875 0.6640625 0.048665364583333336 0.0285498046875
1 0.455078125 0.45849609375 0.04028645833333334 0.0332666015625
1 0.5628255208333334 0.430419921875 0.041139322916666665 0.0362841796875
1 0.48118489583333335 0.7294921875 0.05326171875 0.0213330078125
1 0.2932942708333333 0.361328125 0.053059895833333336 0.0176416015625
1 0.47779947916666665 0.5390625 0.05075520833333333 0.0241845703125
1 0.4596354166666667 0.37890625 0.03188151041666667 0.038330078125
1 0.5517578125 0.4482421875 0.03293619791666667 0.03802734375
1 0.3184635416666667 0.2857568359375 0.052656249999999995 0.022841796875
1 0.6050130208333333 0.5888671875 0.052929687499999996 0.0244140625
1 0.3269856770833333 0.5625 0.02638671875 0.0383935546875
1 0.5346028645833333 0.4568017578125 0.03202473958333333 0.0394482421875
1 0.5003255208333334 0.45849609375 0.04756510416666667 0.0267626953125
1 0.3427734375 0.369873046875 0.03076171875 0.0406201171875
1 0.3649088541666667 0.55908203125 0.02370442708333333 0.0398583984375
1 0.322734375 0.26861328125 0.052819010416666666 0.0227294921875
1 0.2830403645833333 0.2841796875 0.02146484375 0.042021484375
1 0.30276692708333336 0.5322265625 0.04419921875 0.03533203125
1 0.47147786458333335 0.715625 0.05378255208333333 0.024755859375
1 0.508828125 0.3519921875 0.04777994791666667 0.0344287109375
1 0.5266927083333334 0.6747998046875 0.0278515625 0.0406201171875
1 0.28064453125 0.2526953125 0.0476171875 0.0337255859375
1 0.646484375 0.502734375 0.05195963541666667 0.023515625
1 0.69921875 0.393310546875 0.055097656249999995 0.0159619140625
1 0.28380859375 0.2186279296875 0.04053385416666667 0.0384130859375
1 0.47198567708333333 0.4127294921875 0.03333333333333333 0.039453125
1 0.30908203125 0.1949462890625 0.0405859375 0.0397021484375
1 0.683203125 0.51484375 0.05494140625 0.02208984375
1 0.3178515625 0.254150390625 0.053795572916666666 0.024931640625
1 0.31854817708333333 0.3010107421875 0.05427083333333333 0.024169921875
1 0.466796875 0.68701171875 0.026184895833333333 0.0389111328125
1 0.3177083333333333 0.65625 0.028990885416666667 0.038330078125
1 0.5983203125 0.5227490234375 0.04791666666666666 0.031162109375
1 0.71875 0.33447265625 0.054563802083333335 0.0244287109375
1 0.345703125 0.5615234375 0.023255208333333333 0.0389111328125
1 0.3056640625 0.215576171875 0.042154947916666664 0.038330078125
1 0.26002604166666665 0.2182275390625 0.043059895833333334 0.0382568359375
1 0.5817708333333333 0.6955078125 0.04875651041666667 0.028115234375
1 0.3828125 0.526171875 0.022031250000000002 0.0401708984375
1 0.3372395833333333 0.6572265625 0.02742838541666667 0.0394287109375
1 0.48145182291666666 0.5130419921875 0.04517578125 0.035224609375
1 0.30078125 0.38720703125 0.053834635416666665 0.0172412109375
1 0.35882161458333334 0.27203125 0.033177083333333336 0.0427197265625
1 0.5777994791666666 0.6533203125 0.019713541666666667 0.0394921875
1 0.6406184895833333 0.5319384765625 0.04705078125 0.0300634765625
1 0.7115885416666666 0.31982421875 0.051679687499999995 0.0257568359375
1 0.2805989583333333 0.62451171875 0.053834635416666665 0.016982421875
1 0.2955729166666667 0.71142578125 0.02463541666666667 0.04046875
1 0.28461588541666666 0.3311376953125 0.051634114583333335 0.03154296875
1 0.31365885416666667 0.5444677734375 0.04175130208333333 0.0367919921875
1 0.34549479166666663 0.5074755859375 0.03966145833333334 0.0364013671875
1 0.5670377604166666 0.5066943359375 0.04227213541666667 0.034833984375
1 0.5845182291666667 0.4789013671875 0.04279296875 0.034833984375
1 0.5075195312499999 0.3731689453125 0.044830729166666666 0.0353466796875
1 0.4730338541666667 0.32 0.045598958333333335 0.0353466796875
