1 0.3551432291666667 0.406982421875 0.023984375000000002 0.040986328125
1 0.7252604166666666 0.36279296875 0.052858072916666665 0.0267041015625
1 0.3245442708333333 0.4189453125 0.0278515625 0.0384521484375
1 0.4306640625 0.411376953125 0.043619791666666664 0.0377490234375
1 0.4124348958333333 0.38916015625 0.04658854166666667 0.0337841796875
1 0.4108072916666667 0.477294921875 0.02580078125 0.0397021484375
1 0.3720703125 0.42822265625 0.053346354166666665 0.0266552734375
1 0.44140625 0.4375 0.04984375 0.0263525390625
1 0.7203190104166667 0.341796875 0.05416015625 0.0166650390625
1 0.7115885416666666 0.56201171875 0.05244791666666667 0.019638671875
1 0.3909505208333333 0.439208984375 0.048463541666666665 0.025556640625
1 0.59498046875 0.7429443359375 0.02775390625 0.040068359375
1 0.3717447916666667 0.333984375 0.050703124999999995 0.0205712890625
1 0.4697265625 0.369873046875 0.027220052083333335 0.0406201171875
1 0.33203125 0.391357421875 0.02645182291666667 0.042724609375
1 0.5640755208333333 0.477734375 0.041595052083333334 0.0327294921875
1 0.5944010416666666 0.2744140625 0.04512369791666667 0.0391259765625
1 0.3880208333333333 0.50537109375 0.023072916666666665 0.0428759765625
1 0.3483072916666667 0.5185546875 0.022220052083333334 0.0396435546875
1 0.4215494791666667 0.51220703125 0.020891927083333334 0.04193359375
1 0.52734375 0.272705078125 0.052571614583333336 0.021240234375
1 0.4427083333333333 0.2093505859375 0.054036458333333336 0.0239111328125
1 0.25048828125 0.297119140625 0.03263671875 0.0413232421875
1 0.5208333333333334 0.374755859375 0.027265625 0.0377490234375
1 0.43548177083333334 0.2346630859375 0.04845052083333334 0.03228515625
1 0.416015625 0.31787109375 0.03338541666666667 0.04052734375
1 0.4501953125 0.33447265625 0.0312890625 0.0431201171875
1 0.3987630208333333 0.263671875 0.043867187499999995 0.0386962890625
1 0.5266927083333334 0.2271728515625 0.053548177083333336 0.0185400390625
1 0.5445963541666666 0.2587890625 0.052571614583333336 0.021455078125
1 0.470703125 0.40478515625 0.036783854166666664 0.0369873046875
1 0.5406901041666666 0.80712890625 0.05005208333333333 0.0247509765625
1 0.4912109375 0.280029296875 0.03428385416666666 0.0413232421875
1 0.5940755208333334 0.365234375 0.053834635416666665 0.0167236328125
1 0.503046875 0.2406201171875 0.06001953125 0.02267578125
1 0.29052734375 0.27099609375 0.0517578125 0.0212109375
1 0.7291666666666666 0.4375 0.061608072916666666 0.0181298828125
1 0.30029296875 0.3623046875 0.05326171875 0.0222021484375
1 0.3759765625 0.401611328125 0.025592447916666667 0.0416259765625
1 0.3019205729166667 0.217529296875 0.05444661458333333 0.0165234375
1 0.5201822916666666 0.298828125 0.027727864583333334 0.04123046875
1 0.24788411458333334 0.56591796875 0.022805989583333335 0.0389111328125
1 0.5660807291666666 0.347900390625 0.028990885416666667 0.0389697265625
1 0.4934895833333333 0.36767578125 0.020891927083333334 0.040771484375
1 0.27587890625 0.237060546875 0.053548177083333336 0.0231005859375
1 0.3284505208333333 0.26806640625 0.0326953125 0.042236328125
1 0.3551432291666667 0.462646484375 0.024355468749999998 0.0396435546875
1 0.7096354166666666 0.3251953125 0.055299479166666665 0.021865234375
1 0.62890625 0.35888671875 0.027161458333333333 0.03802734375
1 0.4371744791666667 0.254638671875 0.045983072916666666 0.0295849609375
1 0.5543619791666666 0.3203125 0.052167968749999995 0.015126953125
1 0.3133138020833333 0.69677734375 0.0258984375 0.03927734375
1 0.5550130208333334 0.74072265625 0.024453125000000003 0.042021484375
1 0.2890885416666667 0.3001953125 0.05462239583333334 0.023486328125
1 0.27654296875 0.3916552734375 0.046471354166666666 0.0305322265625
1 0.3203125 0.23779296875 0.04634765625 0.0282763671875
1 0.3043619791666667 0.4261767578125 0.02317057291666667 0.0408349609375
1 0.4942708333333334 0.32880859375 0.048476562499999994 0.0308544921875
1 0.5374348958333334 0.74462890625 0.024173177083333334 0.0394287109375
1 0.4352213541666667 0.360107421875 0.03871744791666667 0.04052734375
1 0.5361328125 0.5322265625 0.050130208333333336 0.02064453125
1 0.2926432291666667 0.317138671875 0.052571614583333336 0.0207666015625
1 0.4905598958333333 0.712890625 0.02638671875 0.0403759765625
1 0.6759114583333333 0.354189453125 0.035279947916666665 0.0411376953125
1 0.2529296875 0.259765625 0.031171875 0.0389111328125
1 0.45703125 0.292236328125 0.030924479166666668 0.04046875
1 0.5992838541666666 0.30615234375 0.05423828125 0.025419921875
1 0.2931315104166667 0.71875 0.023886718749999997 0.0390625
1 0.3515625 0.353515625 0.05025390625 0.025419921875
1 0.3824869791666667 0.2119140625 0.050703124999999995 0.027265625
1 0.613671875 0.648720703125 0.04537109375 0.029921875
1 0.6165364583333334 0.68359375 0.02080078125 0.0401025390625
1 0.632421875 0.285009765625 0.04718098958333333 0.03083984375
1 0.4752604166666667 0.28662109375 0.03407552083333334 0.0445263671875
1 0.353515625 0.367919921875 0.04756510416666667 0.0243359375
1 0.4674609375 0.7024365234375 0.04589192708333333 0.0320068359375
1 0.24169921875 0.63916015625 0.0312890625 0.039794921875
1 0.3873697916666667 0.360595703125 0.02638671875 0.0420849609375
1 0.6477864583333334 0.2369384765625 0.024355468749999998 0.043095703125
1 0.6650390625 0.6298828125 0.021035156250000003 0.0425732421875
1 0.2980143229166667 0.346923828125 0.05224609375 0.0204150390625
1 0.3525390625 0.272705078125 0.029889322916666666 0.04123046875
1 0.4879557291666667 0.252685546875 0.051881510416666665 0.0213330078125
1 0.7389322916666666 0.40869140625 0.022988281250000003 0.0372021484375
1 0.3795572916666667 0.30859375 0.043867187499999995 0.033203125
1 0.4794921875 0.79150390625 0.026751302083333334 0.038759765625
1 0.7298177083333334 0.59814453125 0.050416666666666665 0.027373046875
1 0.4684244791666667 0.7353515625 0.021119791666666665 0.0403125
1 0.25244140625 0.330322265625 0.03798177083333334 0.04046875
1 0.6859375 0.251171875 0.020540364583333335 0.04275390625
1 0.5289713541666666 0.6780322265625 0.02170572916666667 0.0398095703125
1 0.6447916666666667 0.5961083984375 0.02542317708333333 0.0403466796875
1 0.2503255208333333 0.4755859375 0.029479166666666667 0.0391259765625
1 0.2591145833333333 0.52099609375 0.052369791666666665 0.022890625
1 0.4139908854166667 0.22927734375 0.04849609375 0.0343408203125
1 0.5270182291666666 0.7080078125 0.052656249999999995 0.019716796875
1 0.5315755208333334 0.349365234375 0.05224609375 0.0152490234375
1 0.7174479166666666 0.277197265625 0.05510416666666667 0.01998046875
1 0.7200520833333334 0.383544921875 0.051595052083333336 0.0156689453125
1 0.5914713541666666 0.336669921875 0.028645833333333332 0.0416259765625
1 0.474609375 0.1973876953125 0.054036458333333336 0.01876953125
1 0.6829427083333334 0.29248046875 0.03989583333333333 0.0428759765625
1 0.3086653645833333 0.734169921875 0.0234375 0.0397900390625
1 0.37109375 0.775517578125 0.022565104166666666 0.0421044921875
1 0.3375651041666667 0.45751953125 0.024778645833333335 0.0413232421875
1 0.4983723958333333 0.79150390625 0.029257812499999997 0.0379638671875
1 0.5794270833333334 0.39208984375 0.055097656249999995 0.019501953125
1 0.2669270833333333 0.56787109375 0.022805989583333335 0.04025390625
1 0.5598958333333334 0.77685546875 0.03076171875 0.0360107421875
1 0.6647786458333333 0.2527197265625 0.023776041666666668 0.0418115234375
1 0.35612630208333335 0.2354736328125 0.0502734375 0.02978515625
1 0.6083984375 0.337001953125 0.02736328125 0.0409619140625
1 0.3804817708333333 0.6492333984375 0.03278645833333333 0.0378515625
1 0.44477213541666666 0.800986328125 0.050429687499999994 0.0285791015625
1 0.2542317708333333 0.7353515625 0.055501302083333336 0.019423828125
1 0.7194010416666666 0.6201171875 0.05293619791666667 0.02162109375
1 0.48515625 0.220458984375 0.050442708333333336 0.0309130859375
1 0.7180989583333334 0.408447265625 0.024029947916666666 0.0381787109375
1 0.5026041666666666 0.7470703125 0.049680989583333335 0.023818359375
1 0.2643229166666667 0.74853515625 0.054361979166666664 0.02337890625
1 0.6516927083333334 0.67529296875 0.051106770833333336 0.018984375
1 0.5669270833333333 0.296875 0.04764322916666667 0.0318603515625
1 0.7161458333333334 0.310546875 0.058470052083333335 0.026259765625
1 0.34438802083333336 0.7463916015625 0.05057942708333333 0.024716796875
1 0.3860677083333333 0.75146484375 0.04160807291666666 0.041533203125
1 0.23763020833333334 0.59228515625 0.04443359375 0.03390625
1 0.44300781250000004 0.7838916015625 0.04736979166666667 0.0295849609375
1 0.7584635416666666 0.4183935546875 0.02463541666666667 0.040673828125
1 0.22265625 0.64208984375 0.030397135416666665 0.03927734375
1 0.22135416666666666 0.5166015625 0.03147135416666667 0.0390625
1 0.7265625 0.52978515625 0.027792968749999997 0.03662109375
1 0.5771484375 0.2218017578125 0.03448567708333333 0.04248046875
1 0.27662109375 0.6857373046875 0.05149739583333333 0.0259423828125
1 0.3017578125 0.7734375 0.020957031249999997 0.040771484375
1 0.3346354166666667 0.78994140625 0.048216145833333335 0.0257275390625
1 0.2451171875 0.4389892578125 0.022988281250000003 0.042138671875
1 0.7272135416666666 0.29130859375 0.05518229166666667 0.0229931640625
1 0.5475260416666666 0.6771533203125 0.023619791666666667 0.0400390625
1 0.33625 0.77451171875 0.05126302083333333 0.0264453125
1 0.3817903645833333 0.80400390625 0.05478515625 0.021865234375
1 0.7486979166666666 0.31298828125 0.028281249999999997 0.0420849609375
1 0.6736067708333334 0.74072265625 0.04960286458333333 0.025712890625
1 0.5901692708333334 0.79150390625 0.036705729166666666 0.038603515625
1 0.4177734375 0.697265625 0.05151041666666667 0.0212109375
1 0.5830078125 0.7734375 0.03200520833333333 0.031083984375
1 0.6194661458333334 0.224853515625 0.0386328125 0.040009765625
1 0.6500651041666666 0.6610546875 0.054075520833333335 0.0183203125
1 0.2936197916666667 0.33447265625 0.052167968749999995 0.02091796875
1 0.7591145833333334 0.3740234375 0.021542968750000002 0.0430322265625
1 0.24039713541666666 0.40380859375 0.040201822916666664 0.0345458984375
1 0.33098958333333334 0.3122607421875 0.03830078125 0.03943359375
1 0.2830403645833333 0.77392578125 0.02056640625 0.04025390625
1 0.7265625 0.65478515625 0.0546484375 0.0260009765625
1 0.7247591145833333 0.72412109375 0.054492187500000004 0.021865234375
1 0.65501953125 0.7578125 0.05178385416666667 0.019716796875
1 0.3994140625 0.78369140625 0.041666666666666664 0.0347607421875
1 0.5393880208333334 0.640625 0.04858723958333333 0.0160986328125
1 0.26416015625 0.77685546875 0.019641927083333333 0.0403759765625
1 0.2561848958333333 0.7216796875 0.054361979166666664 0.016982421875
1 0.5338541666666666 0.334716796875 0.05347005208333333 0.015302734375
1 0.2581380208333333 0.70654296875 0.053671875 0.016279296875
1 0.724609375 0.70166015625 0.047037760416666664 0.0338427734375
1 0.4497265625 0.6304736328125 0.05321614583333333 0.01859375
1 0.6751302083333334 0.7255859375 0.05033203125 0.025712890625
1 0.4798177083333333 0.76416015625 0.04960286458333333 0.0182958984375
1 0.3644921875 0.7056689453125 0.0457421875 0.031806640625
1 0.5256380208333333 0.7681201171875 0.0414453125 0.0348095703125
1 0.712890625 0.767578125 0.05005208333333333 0.0272216796875
1 0.3450520833333333 0.73046875 0.04537109375 0.0299853515625
1 0.6234765624999999 0.72482421875 0.053795572916666666 0.019853515625
1 0.24803385416666668 0.3726220703125 0.04722005208333333 0.033212890625
1 0.6553450520833334 0.7830908203125 0.04944661458333333 0.0294287109375
1 0.7350260416666666 0.466796875 0.055299479166666665 0.0237255859375
1 0.4498697916666667 0.7370947265625 0.021868489583333334 0.0421484375
1 0.6775911458333334 0.7756103515625 0.050377604166666666 0.025185546875
1 0.3515625 0.31005859375 0.03615234375 0.0379638671875
1 0.5776692708333333 0.37841796875 0.0540234375 0.02001953125
1 0.72265625 0.73828125 0.052369791666666665 0.0212841796875
1 0.44720703125 0.64404296875 0.052890625 0.0158984375
1 0.30541666666666667 0.200927734375 0.054062500000000006 0.016982421875
1 0.4904296875 0.662666015625 0.02175130208333333 0.041220703125
1 0.6044010416666666 0.451201171875 0.04764973958333333 0.0271044921875
1 0.5220572916666667 0.7848193359375 0.04317708333333333 0.034775390625
1 0.6413020833333333 0.792861328125 0.04984375 0.031298828125
1 0.6291341145833333 0.7412451171875 0.052161458333333334 0.021953125
1 0.5747981770833334 0.737548828125 0.02579427083333333 0.0393408203125
1 0.5747981770833334 0.692451171875 0.04317708333333333 0.034775390625
1 0.588125 0.702880859375 0.043756510416666665 0.03390625
1 0.6255078125 0.710380859375 0.05129557291666667 0.02021484375
1 0.5211848958333333 0.723857421875 0.051875000000000004 0.0215185546875
1 0.712265625 0.6651708984375 0.05267578125 0.024560546875
1 0.7097460937500001 0.6932568359375 0.0416796875 0.03435546875
1 0.6921093749999999 0.6870751953125 0.0416796875 0.0336669921875
1 0.65123046875 0.6931689453125 0.050156250000000006 0.0259375
1 0.69634765625 0.6429296875 0.046953125000000005 0.0302294921875
1 0.6832942708333333 0.6193115234375 0.02083984375 0.0400244140625
1 0.69646484375 0.595693359375 0.043515625 0.032978515625
1 0.6956640625 0.5741357421875 0.054739583333333335 0.0194091796875
1 0.66291015625 0.59234375 0.024505208333333334 0.0393359375
1 0.6773111979166666 0.710869140625 0.05047526041666667 0.0250439453125
1 0.6449544270833333 0.635439453125 0.020970052083333333 0.038828125
1 0.61634765625 0.6282568359375 0.04659505208333333 0.030673828125
1 0.5978385416666666 0.6205908203125 0.04529947916666666 0.030869140625
1 0.5786848958333334 0.6149609375 0.045820312499999995 0.0304833984375
1 0.5606966145833333 0.606123046875 0.048151041666666665 0.0271826171875
1 0.5302799479166667 0.6253466796875 0.05255208333333333 0.01630859375
1 0.49934244791666665 0.6368017578125 0.03572265625 0.037275390625
1 0.5793359375 0.6541748046875 0.02537109375 0.0397998046875
1 0.5641927083333333 0.66630859375 0.024075520833333332 0.0396044921875
1 0.5113802083333333 0.6786376953125 0.021484375 0.0413525390625
1 0.4649153645833333 0.6823291015625 0.037792968749999996 0.03552734375
1 0.3378125 0.76056640625 0.04918619791666667 0.0250439453125
1 0.43242838541666667 0.7714404296875 0.043750000000000004 0.0304833984375
1 0.41909505208333336 0.76095703125 0.04348958333333333 0.031259765625
1 0.41896484375 0.7424169921875 0.04271484375 0.0333935546875
1 0.4101692708333333 0.7293115234375 0.044785156250000006 0.0331982421875
1 0.39826171875 0.7186328125 0.04529947916666666 0.0316455078125
1 0.3536067708333333 0.717373046875 0.04659505208333333 0.030673828125
1 0.3783268229166667 0.6964013671875 0.04322916666666667 0.0322265625
1 0.38557291666666665 0.677763671875 0.05306640625 0.021357421875
1 0.42207682291666665 0.6767919921875 0.04322916666666667 0.0349462890625
1 0.4360546875 0.6671826171875 0.0416796875 0.0335888671875
1 0.3325065104166667 0.6834912109375 0.02200520833333333 0.0413525390625
1 0.3536067708333333 0.665244140625 0.02537109375 0.0390234375
1 0.27232421875 0.6719384765625 0.05125651041666667 0.0271826171875
1 0.3018359375 0.6566015625 0.045039062500000004 0.0314501953125
1 0.3159440104166667 0.6467041015625 0.046334635416666665 0.0302880859375
1 0.4014973958333334 0.65359375 0.0408984375 0.03552734375
1 0.4171549479166667 0.623115234375 0.04685546875 0.0297021484375
1 0.40796875 0.611171875 0.044524739583333334 0.030673828125
1 0.3708203125 0.62796875 0.028216145833333334 0.0401904296875
1 0.35037109375 0.6302001953125 0.029772135416666665 0.0396044921875
1 0.33444661458333336 0.62447265625 0.0284765625 0.0386328125
1 0.31865885416666667 0.6153466796875 0.026920572916666666 0.0397998046875
1 0.29988932291666665 0.613115234375 0.025625 0.040380859375
1 0.27659505208333335 0.622529296875 0.03132161458333333 0.0378564453125
1 0.26623697916666667 0.6444677734375 0.03184244791666666 0.0386328125
1 0.23828125 0.6118505859375 0.0499609375 0.0265966796875
1 0.28358072916666666 0.5897216796875 0.05306640625 0.0223291015625
1 0.32059895833333335 0.5767138671875 0.02044921875 0.040576171875
1 0.346484375 0.5930224609375 0.03494791666666667 0.03552734375
1 0.45223307291666665 0.606416015625 0.044524739583333334 0.0300927734375
1 0.47125651041666666 0.6013671875 0.04271484375 0.0320361328125
1 0.49028645833333334 0.596318359375 0.041419270833333334 0.0331982421875
1 0.5329947916666666 0.6037939453125 0.04607421875 0.0283447265625
1 0.528984375 0.588359375 0.045820312499999995 0.0297021484375
1 0.28526692708333334 0.5632177734375 0.021223958333333334 0.0396044921875
1 0.30649088541666664 0.554482421875 0.0243359375 0.0396044921875
1 0.23556640625 0.541083984375 0.045559895833333336 0.0330029296875
1 0.2754296875 0.538271484375 0.054361979166666664 0.0215478515625
1 0.32979166666666665 0.53322265625 0.020188802083333336 0.0397998046875
1 0.346484375 0.5561328125 0.032877604166666664 0.0378564453125
1 0.3618880208333333 0.564287109375 0.03209635416666667 0.0378564453125
1 0.37224609375 0.5800146484375 0.03209635416666667 0.0382470703125
1 0.3899739583333333 0.58505859375 0.03235677083333333 0.0390234375
1 0.40951822916666664 0.586611328125 0.034166666666666665 0.037080078125
1 0.47216145833333334 0.5700146484375 0.04400390625 0.0298974609375
1 0.5011588541666666 0.5681689453125 0.0284765625 0.0401904296875
1 0.5270442708333333 0.571083984375 0.0408984375 0.0335888671875
1 0.43993489583333334 0.5763232421875 0.03805338541666667 0.03591796875
1 0.36771484374999996 0.512548828125 0.022519531250000002 0.038828125
1 0.38557291666666665 0.5465234375 0.030807291666666667 0.038828125
1 0.40356770833333333 0.5290478515625 0.020188802083333336 0.03921875
1 0.41741536458333334 0.551572265625 0.03391276041666667 0.03611328125
1 0.43695963541666666 0.5533154296875 0.0346875 0.0368896484375
1 0.47436197916666667 0.5502099609375 0.05203125 0.020966796875
1 0.47966796875 0.534775390625 0.05022135416666667 0.0203857421875
1 0.52548828125 0.5454541015625 0.05125651041666667 0.0199951171875
1 0.25368489583333337 0.5031298828125 0.054876302083333335 0.014560546875
1 0.2984700520833333 0.5198291015625 0.044524739583333334 0.0304833984375
1 0.30195963541666665 0.5036181640625 0.04685546875 0.030673828125
1 0.31736328125 0.49439453125 0.04348958333333333 0.0335888671875
1 0.34001302083333335 0.486240234375 0.049440104166666665 0.0258203125
1 0.26934895833333333 0.476337890625 0.027180989583333332 0.0390234375
1 0.29238281250000003 0.469541015625 0.027180989583333332 0.0390234375
1 0.3168489583333333 0.4577001953125 0.027955729166666665 0.0394140625
1 0.26391276041666667 0.438671875 0.020970052083333333 0.040576171875
1 0.2837109375 0.4362451171875 0.022779947916666668 0.040380859375
1 0.28681640625 0.4055712890625 0.048151041666666665 0.0302880859375
1 0.26520182291666666 0.38072265625 0.04685546875 0.0314501953125
1 0.41327473958333333 0.4074169921875 0.0416796875 0.03552734375
1 0.39399088541666666 0.4638134765625 0.022779947916666668 0.040380859375
1 0.3726302083333333 0.473427734375 0.02044921875 0.0397998046875
1 0.43229817708333335 0.466630859375 0.026406250000000003 0.0382470703125
1 0.45818359375 0.457119140625 0.03209635416666667 0.0382470703125
1 0.4526171875 0.48419921875 0.04840494791666666 0.0271826171875
1 0.44459635416666665 0.5161376953125 0.028216145833333334 0.0378564453125
1 0.4615494791666667 0.51060546875 0.028990885416666667 0.038828125
1 0.4782486979166667 0.502451171875 0.02614583333333333 0.038828125
1 0.4986979166666667 0.50720703125 0.02666015625 0.0382470703125
1 0.5164322916666667 0.5028369140625 0.025885416666666664 0.03921875
1 0.537265625 0.50759765625 0.025625 0.0386328125
1 0.5587565104166666 0.5133251953125 0.02614583333333333 0.03921875
1 0.5763541666666666 0.5094384765625 0.028216145833333334 0.0384423828125
1 0.5951236979166666 0.5081787109375 0.026920572916666666 0.0390234375
1 0.4874348958333334 0.472841796875 0.04400390625 0.030869140625
1 0.6120768229166667 0.5988427734375 0.05099609375 0.0254345703125
1 0.56056640625 0.5760302734375 0.029251302083333333 0.0399951171875
1 0.5777799479166666 0.57234375 0.0284765625 0.0396044921875
1 0.5960286458333334 0.5683642578125 0.03132161458333333 0.0394140625
1 0.6081966145833334 0.54642578125 0.023040364583333334 0.0397998046875
1 0.57298828125 0.5423486328125 0.046334635416666665 0.0297021484375
1 0.62541015625 0.573994140625 0.03106119791666667 0.0382470703125
1 0.6615234375 0.5634130859375 0.04892578125 0.027958984375
1 0.6989257812499999 0.5353564453125 0.038828125 0.0366943359375
1 0.6595833333333333 0.5455517578125 0.04918619791666667 0.0298974609375
1 0.6404231770833334 0.54021484375 0.045559895833333336 0.0297021484375
1 0.685078125 0.518955078125 0.05047526041666667 0.0267919921875
1 0.6448242187500001 0.5201171875 0.048665364583333336 0.030673828125
1 0.6313671875 0.5108984375 0.04607421875 0.0304833984375
1 0.6136328125 0.4919677734375 0.023040364583333334 0.040380859375
1 0.5917578125 0.476240234375 0.04348958333333333 0.0314501953125
1 0.6657942708333333 0.495556640625 0.04296875 0.0331982421875
1 0.7223567708333333 0.4917724609375 0.03546223958333333 0.03921875
1 0.7031966145833333 0.4875 0.036497395833333335 0.037275390625
1 0.6701953125000001 0.47798828125 0.041419270833333334 0.0349462890625
1 0.6980208333333334 0.4627490234375 0.03132161458333333 0.0390234375
1 0.6833984375000001 0.4499365234375 0.031582031249999996 0.0413525390625
1 0.6302018229166667 0.469736328125 0.03184244791666666 0.0390234375
1 0.6396484375 0.447119140625 0.027955729166666665 0.0380517578125
1 0.6572526041666666 0.440517578125 0.030026041666666666 0.03921875
1 0.6858528645833334 0.4220751953125 0.04736979166666667 0.030673828125
1 0.6698046875 0.4005224609375 0.05255208333333333 0.0221337890625
1 0.6492252604166667 0.4109130859375 0.05073567708333334 0.024658203125
1 0.6201041666666667 0.4150830078125 0.049440104166666665 0.026015625
1 0.6021158854166667 0.424111328125 0.048665364583333336 0.0262109375
1 0.5823111979166666 0.4320751953125 0.049440104166666665 0.0234912109375
1 0.56224609375 0.4433349609375 0.03934895833333333 0.033974609375
1 0.54568359375 0.4721630859375 0.04348958333333333 0.034169921875
1 0.5346809895833333 0.4594482421875 0.040123697916666666 0.033974609375
1 0.49442708333333335 0.4591552734375 0.04400390625 0.0326171875
1 0.5038736979166667 0.4464404296875 0.044785156250000006 0.0300927734375
1 0.5153971354166667 0.4356640625 0.04659505208333333 0.0298974609375
1 0.5201822916666666 0.421103515625 0.045820312499999995 0.02951171875
1 0.5636718749999999 0.4125634765625 0.0499609375 0.027568359375
1 0.4830338541666667 0.417802734375 0.03365234375 0.037275390625
1 0.5253580729166667 0.40294921875 0.05255208333333333 0.021162109375
1 0.5410221354166667 0.3760595703125 0.0284765625 0.040771484375
1 0.40951822916666664 0.3567431640625 0.026920572916666666 0.0397998046875
1 0.6849739583333333 0.3753662109375 0.03131510416666667 0.03953125
1 0.6427018229166667 0.3847607421875 0.0521875 0.0258349609375
1 0.6596614583333333 0.34875 0.03392578125 0.03953125
1 0.6514453125 0.324384765625 0.02896484375 0.042861328125
1 0.6331770833333333 0.319296875 0.02739583333333333 0.0409033203125
1 0.67349609375 0.304814453125 0.03444661458333333 0.0389453125
1 0.5569791666666667 0.285244140625 0.04723307291666667 0.0322900390625
1 0.6380078125 0.2698779296875 0.0464453125 0.0324853515625
1 0.60525390625 0.2358251953125 0.03888020833333333 0.038359375
1 0.5961263020833333 0.2524609375 0.03783854166666666 0.038359375
1 0.5559375 0.246591796875 0.05401692708333333 0.023095703125
1 0.48861328125 0.3125439453125 0.05036458333333333 0.0309228515625
1 0.42128906250000003 0.29013671875 0.05296875 0.0225048828125
1 0.387890625 0.295126953125 0.04723307291666667 0.034443359375
1 0.4359049479166666 0.32076171875 0.03000651041666667 0.03875
1 0.44255859375 0.2688037109375 0.0464453125 0.0322900390625
1 0.37641276041666666 0.267041015625 0.042532552083333335 0.035029296875
1 0.36819010416666664 0.22369140625 0.050104166666666665 0.03013671875
1 0.28677734375 0.2549072265625 0.05479817708333334 0.0228955078125
1 0.29291015625 0.286025390625 0.05349609375 0.0228955078125
1 0.74119140625 0.4518408203125 0.05618489583333333 0.016708984375
