1 0.7432942708333333 0.124208984375 0.08877604166666668 0.0350048828125
1 0.6494856770833334 0.1903759765625 0.07649739583333333 0.04681640625
1 0.72998046875 0.1738671875 0.08861979166666667 0.0372705078125
1 0.6998697916666666 0.2191162109375 0.057942708333333336 0.0602099609375
1 0.7376302083333334 0.21142578125 0.06079427083333333 0.06244140625
1 0.5240885416666666 0.2208251953125 0.052858072916666665 0.0611865234375
1 0.5511067708333334 0.292724609375 0.03886067708333333 0.0623193359375
1 0.29150390625 0.2271728515625 0.0692578125 0.0386962890625
1 0.51171875 0.1405029296875 0.07552083333333333 0.0369873046875
1 0.71484375 0.1553955078125 0.08764973958333333 0.0340869140625
1 0.5774739583333334 0.1531982421875 0.07360677083333333 0.052705078125
1 0.6402994791666666 0.147216796875 0.08235677083333333 0.0440966796875
1 0.2630208333333333 0.314208984375 0.058470052083333335 0.052705078125
1 0.6803385416666666 0.33935546875 0.06860677083333333 0.0523388671875
1 0.3336588541666667 0.2744140625 0.0712109375 0.0440966796875
1 0.6321614583333334 0.270263671875 0.054563802083333335 0.0596630859375
1 0.34185546875 0.2529736328125 0.07447265625 0.0466943359375
1 0.36895182291666667 0.200947265625 0.05733723958333333 0.0573974609375
1 0.20377604166666666 0.280517578125 0.07197916666666666 0.0384521484375
1 0.6796875 0.266845703125 0.07820963541666666 0.0501416015625
1 0.6598046875 0.45263671875 0.08235677083333333 0.03173828125
1 0.20328776041666666 0.319091796875 0.061848958333333336 0.045107421875
1 0.5944010416666666 0.2239990234375 0.04642578125 0.061767578125
1 0.5146484375 0.1873779296875 0.050416666666666665 0.0604248046875
1 0.7122395833333334 0.108583984375 0.08512369791666667 0.040771484375
1 0.75 0.68017578125 0.08406901041666666 0.0325927734375
1 0.2591145833333333 0.25634765625 0.06746744791666666 0.048037109375
1 0.5517838541666666 0.935810546875 0.07346354166666667 0.0513330078125
1 0.7454427083333334 0.6562158203125 0.08634765625 0.0318017578125
1 0.57421875 0.313720703125 0.03975260416666667 0.0616455078125
1 0.58984375 0.623046875 0.06660807291666666 0.04779296875
1 0.48993489583333333 0.3075927734375 0.07541666666666667 0.039814453125
1 0.2109375 0.355224609375 0.04128255208333333 0.0592041015625
1 0.5029296875 0.58251953125 0.038411458333333336 0.0552978515625
1 0.4501953125 0.564912109375 0.043053385416666666 0.0600830078125
1 0.47393229166666667 0.5759228515625 0.04677083333333334 0.056435546875
1 0.3831380208333333 0.34521484375 0.030455729166666667 0.0614306640625
1 0.5305989583333334 0.580078125 0.03916666666666666 0.0558154296875
1 0.5878645833333334 0.5808349609375 0.04158203125 0.0605615234375
1 0.23291015625 0.77587890625 0.03163411458333334 0.0579248046875
1 0.6725260416666666 0.486083984375 0.07678385416666667 0.0374755859375
1 0.169921875 0.363525390625 0.03916666666666666 0.0599658203125
1 0.41147135416666664 0.61423828125 0.06427734375000001 0.0508544921875
1 0.32177734375 0.333984375 0.06990885416666666 0.044677734375
1 0.2932942708333333 0.2039794921875 0.07348958333333333 0.0406787109375
1 0.6546419270833334 0.7011572265625 0.08216145833333334 0.041474609375
1 0.3889973958333333 0.771484375 0.03521484375 0.0602099609375
1 0.5631510416666666 0.2418212890625 0.0576171875 0.0559375
1 0.3019205729166667 0.382080078125 0.03188151041666667 0.059111328125
1 0.66796875 0.29833984375 0.08040364583333333 0.03802734375
1 0.5667317708333334 0.770771484375 0.0321875 0.0658544921875
1 0.38505859375 0.285888671875 0.05149739583333333 0.0589013671875
1 0.548828125 0.616416015625 0.040201822916666664 0.05943359375
1 0.14477864583333333 0.3017578125 0.06490234375 0.049775390625
1 0.2849934895833333 0.46337890625 0.074140625 0.0332666015625
1 0.2849934895833333 0.615234375 0.07307942708333333 0.0383935546875
1 0.10791015625 0.34033203125 0.04345703125 0.0570703125
1 0.2763671875 0.415283203125 0.07360677083333333 0.0354931640625
1 0.4293619791666667 0.5495166015625 0.042565104166666666 0.0607275390625
1 0.6276041666666666 0.403564453125 0.07967447916666666 0.0267041015625
1 0.72265625 0.810546875 0.039388020833333336 0.0604248046875
1 0.7617252604166667 0.781708984375 0.03857421875 0.064814453125
1 0.37921875 0.57787109375 0.06276692708333333 0.05294921875
1 0.27392578125 0.374755859375 0.030800781250000003 0.0615234375
1 0.4524739583333333 0.62353515625 0.07197916666666666 0.0379052734375
1 0.7037760416666666 0.380859375 0.06575520833333333 0.05251953125
1 0.2665885416666667 0.574443359375 0.07175130208333333 0.0376953125
1 0.6379947916666667 0.6152294921875 0.03493489583333333 0.0612451171875
1 0.18131510416666666 0.87158203125 0.07430338541666666 0.0305615234375
1 0.18782552083333334 0.890625 0.07723307291666666 0.0286572265625
1 0.7252604166666666 0.85205078125 0.08414713541666667 0.034697265625
1 0.6576106770833333 0.8994287109375 0.0724609375 0.052578125
1 0.20735677083333334 0.416015625 0.08027994791666666 0.0250390625
1 0.4677734375 0.272216796875 0.07161458333333333 0.04779296875
1 0.7291666666666666 0.2763671875 0.0419921875 0.065126953125
1 0.49411458333333336 0.5314892578125 0.06861979166666667 0.0451708984375
1 0.6650390625 0.859375 0.04028645833333334 0.0640869140625
1 0.6015494791666667 0.70798828125 0.06033203125 0.0592138671875
1 0.5384049479166667 0.766328125 0.03000651041666667 0.064228515625
1 0.21907552083333334 0.3935546875 0.07735026041666666 0.02685546875
1 0.20458984375 0.78662109375 0.030455729166666667 0.058779296875
1 0.13561848958333333 0.4279736328125 0.060917968749999996 0.049794921875
1 0.24348958333333334 0.3515625 0.03169921875 0.0599658203125
1 0.5999348958333334 0.4462890625 0.056516927083333335 0.0567626953125
1 0.3304036458333333 0.3798828125 0.030455729166666667 0.057802734375
1 0.21077473958333334 0.443359375 0.07214192708333333 0.031435546875
1 0.4195963541666667 0.451171875 0.07723307291666666 0.0313720703125
1 0.19970703125 0.482421875 0.07552083333333333 0.031494140625
1 0.6090299479166666 0.4888330078125 0.06848307291666667 0.0521240234375
1 0.3505859375 0.54052734375 0.0791015625 0.04123046875
1 0.6686263020833333 0.4313916015625 0.08146484375 0.034609375
1 0.6061197916666666 0.8798828125 0.0336328125 0.065126953125
1 0.5660611979166666 0.5571484375 0.035071614583333334 0.061162109375
1 0.20345052083333334 0.90966796875 0.073203125 0.029482421875
1 0.3375651041666667 0.600078125 0.03005208333333333 0.0600390625
1 0.20947265625 0.4619140625 0.07307942708333333 0.0316162109375
1 0.2972005208333333 0.9443359375 0.048463541666666665 0.058564453125
1 0.6927083333333334 0.67041015625 0.03345052083333334 0.0609765625
1 0.6468098958333334 0.740947265625 0.03383463541666667 0.0634521484375
1 0.2682291666666667 0.432861328125 0.07279296875 0.0325341796875
1 0.7701822916666666 0.71630859375 0.07197916666666666 0.053984375
1 0.3681640625 0.5205078125 0.07214192708333333 0.03634765625
1 0.2708333333333333 0.59521484375 0.07442057291666666 0.0378125
1 0.45462890624999996 0.2374267578125 0.08389973958333334 0.026201171875
1 0.14908854166666666 0.371826171875 0.03975260416666667 0.0569775390625
1 0.41768880208333337 0.4975927734375 0.07406901041666666 0.03931640625
1 0.7252604166666666 0.87451171875 0.07893880208333333 0.032412109375
1 0.16333333333333333 0.243408203125 0.06860677083333333 0.0423876953125
1 0.5654296875 0.6552734375 0.07307942708333333 0.0237255859375
1 0.5501302083333334 0.8916015625 0.03029296875 0.061767578125
1 0.3639322916666667 0.7900390625 0.0317578125 0.0592041015625
1 0.49639322916666667 0.72923828125 0.057539062499999995 0.0574267578125
1 0.6790364583333334 0.51025390625 0.07442057291666666 0.0423876953125
1 0.6165364583333334 0.9240185546875 0.07130208333333334 0.047216796875
1 0.630859375 0.84228515625 0.030800781250000003 0.060087890625
1 0.24690755208333334 0.93310546875 0.052167968749999995 0.0579248046875
1 0.38944661458333335 0.5097216796875 0.07564453125 0.041513671875
1 0.6305338541666666 0.331787109375 0.08113932291666666 0.0365625
1 0.728515625 0.8974609375 0.0801171875 0.035888671875
1 0.3551432291666667 0.361328125 0.028769531249999997 0.0604248046875
1 0.5894856770833333 0.810546875 0.0804296875 0.03494140625
1 0.7018229166666666 0.78099609375 0.03900390625 0.0624609375
1 0.7154947916666666 0.7216796875 0.04028645833333334 0.0611865234375
1 0.7871028645833333 0.797626953125 0.04031901041666667 0.0625830078125
1 0.4300130208333333 0.3583984375 0.056764322916666665 0.0567626953125
1 0.171875 0.496826171875 0.07881510416666666 0.032958984375
1 0.7287825520833334 0.6240087890625 0.08960937499999999 0.0269921875
1 0.48860026041666665 0.916728515625 0.06154947916666667 0.058203125
1 0.09790364583333333 0.38525390625 0.074140625 0.034609375
1 0.4208984375 0.7892822265625 0.029889322916666666 0.0631298828125
1 0.5208333333333334 0.87939453125 0.03123046875 0.062685546875
1 0.3263346354166667 0.638671875 0.07197916666666666 0.0393359375
1 0.740234375 0.7468359375 0.0409765625 0.062001953125
1 0.4915364583333333 0.873046875 0.034752604166666666 0.0618896484375
1 0.3336588541666667 0.55712890625 0.07173828125 0.038544921875
1 0.3170572916666667 0.150146484375 0.05244791666666667 0.0630517578125
1 0.4957682291666667 0.416259765625 0.073203125 0.0436083984375
1 0.08027994791666666 0.303955078125 0.048216145833333335 0.0574951171875
1 0.24853515625 0.890625 0.06685546875 0.04638671875
1 0.5152799479166666 0.70994140625 0.06392578125 0.055205078125
1 0.6246940104166666 0.7683349609375 0.03731119791666667 0.0630078125
1 0.5953776041666666 0.76611328125 0.034544270833333335 0.0610986328125
1 0.482421875 0.3408203125 0.07881510416666666 0.0271142578125
1 0.68228515625 0.3971875 0.06430989583333334 0.054775390625
1 0.6790364583333334 0.74951171875 0.034342447916666664 0.0589013671875
1 0.822265625 0.7856298828125 0.040891927083333335 0.0644189453125
1 0.3606770833333333 0.1588134765625 0.065390625 0.0552978515625
1 0.5042317708333334 0.78271484375 0.048216145833333335 0.0609765625
1 0.4778645833333333 0.1761474609375 0.03466796875 0.064638671875
1 0.17496744791666666 0.818359375 0.0751171875 0.031435546875
1 0.7486979166666666 0.60302734375 0.0868359375 0.0292041015625
1 0.5791015625 0.8955078125 0.030520833333333334 0.0596630859375
1 0.22921223958333334 0.262998046875 0.06995442708333334 0.0469287109375
1 0.32373046875 0.9541015625 0.04642578125 0.0558154296875
1 0.07527994791666666 0.429931640625 0.03369140625 0.0586572265625
1 0.3684895833333333 0.4501953125 0.027955729166666665 0.0559375
1 0.40687500000000004 0.64990234375 0.08110026041666667 0.0244775390625
1 0.11206380208333333 0.2440185546875 0.06660807291666666 0.04708984375
1 0.4134114583333333 0.82958984375 0.06860677083333333 0.0504150390625
1 0.6637369791666666 0.95263671875 0.06913411458333334 0.0484912109375
1 0.18961588541666666 0.84375 0.07186197916666666 0.03396484375
1 0.1415234375 0.841796875 0.0508203125 0.0580126953125
1 0.18391927083333334 0.6572265625 0.07597005208333334 0.02427734375
1 0.04732421875 0.416015625 0.03244791666666667 0.057373046875
1 0.5423177083333334 0.513896484375 0.032727864583333335 0.0628173828125
1 0.17041015625 0.56494140625 0.07145182291666667 0.0410791015625
1 0.6218424479166667 0.9481884765625 0.071484375 0.0481787109375
1 0.6552864583333333 0.216884765625 0.07583333333333334 0.052314453125
1 0.13192057291666667 0.53857421875 0.058027343749999995 0.0465380859375
1 0.2722265625 0.9362109375 0.04986979166666666 0.058486328125
1 0.6428645833333334 0.6681201171875 0.07330078125 0.0495263671875
1 0.3800390625 0.60943359375 0.062734375 0.0510107421875
1 0.14527994791666668 0.4509423828125 0.06471354166666667 0.0549755859375
1 0.11655598958333334 0.415283203125 0.05876953125 0.0549755859375
1 0.13537109375 0.2832958984375 0.06471354166666667 0.04853515625
1 0.15980468750000001 0.3187060546875 0.06867838541666667 0.052001953125
1 0.28395833333333337 0.3026123046875 0.06207682291666666 0.0564599609375
1 0.3202734375 0.28998046875 0.07395833333333333 0.0480419921875
1 0.3517578125 0.22095703125 0.05740885416666667 0.0575390625
1 0.6301888020833334 0.17359375 0.08194010416666667 0.044228515625
