1 0.4925130208333333 0.52587890625 0.03806640625 0.0359521484375
1 0.5081380208333334 0.48046875 0.036640625 0.03662109375
1 0.3776041666666667 0.62158203125 0.023886718749999997 0.0403759765625
1 0.4163411458333333 0.54638671875 0.028281249999999997 0.0373828125
1 0.4388020833333333 0.57568359375 0.05054036458333333 0.02072265625
1 0.3665885416666667 0.5655126953125 0.052597656250000006 0.024951171875
1 0.44184244791666666 0.4227685546875 0.048463541666666665 0.0309130859375
1 0.4498697916666667 0.448486328125 0.0332421875 0.0394921875
1 0.44021484375 0.3983154296875 0.05447265625 0.02263671875
1 0.3475455729166667 0.5904541015625 0.05382161458333334 0.0225537109375
1 0.49560546875 0.45609375 0.04931640625 0.0301171875
1 0.4736328125 0.440673828125 0.030800781250000003 0.0403125
1 0.37625 0.487548828125 0.05274739583333333 0.0219873046875
1 0.48383463541666666 0.316689453125 0.04014973958333334 0.039296875
1 0.5850716145833333 0.311240234375 0.048040364583333335 0.0335791015625
1 0.33274088541666663 0.3448046875 0.04212239583333333 0.0378955078125
1 0.6009114583333334 0.35302734375 0.022910156249999997 0.0418408203125
1 0.3069661458333333 0.6298828125 0.023802083333333335 0.0379052734375
1 0.382109375 0.556396484375 0.05329427083333333 0.0251171875
1 0.48260416666666667 0.499755859375 0.04716145833333333 0.0300439453125
1 0.38671875 0.53076171875 0.04740234375 0.032470703125
1 0.5013020833333334 0.4305029296875 0.03886067708333333 0.0364599609375
1 0.45193359375 0.301552734375 0.036914062500000004 0.0410888671875
1 0.3858528645833333 0.364013671875 0.04377604166666666 0.0356787109375
1 0.38671875 0.453369140625 0.03554036458333334 0.03802734375
1 0.3581315104166667 0.345537109375 0.042675781249999996 0.0379248046875
1 0.404296875 0.45849609375 0.031048177083333333 0.0376904296875
1 0.3421223958333333 0.619140625 0.048951822916666665 0.0204931640625
1 0.5286458333333334 0.438232421875 0.021542968750000002 0.0384521484375
1 0.3709309895833333 0.441201171875 0.03526041666666666 0.03947265625
1 0.5206184895833333 0.5781640625 0.040579427083333335 0.0333447265625
1 0.4501953125 0.557333984375 0.04345052083333333 0.030849609375
1 0.3993033854166667 0.3745947265625 0.04458984375 0.0355029296875
1 0.5569661458333334 0.451416015625 0.04074869791666667 0.0348193359375
1 0.5887565104166667 0.330361328125 0.0491015625 0.02955078125
1 0.4651692708333333 0.311728515625 0.03780598958333333 0.0401123046875
1 0.38872395833333334 0.5896826171875 0.048665364583333336 0.028955078125
1 0.33311848958333334 0.570068359375 0.05201822916666667 0.0275927734375
1 0.4874674479166667 0.6101904296875 0.04468098958333333 0.029736328125
1 0.5203971354166667 0.4002294921875 0.034023437499999996 0.03833984375
1 0.487578125 0.5923681640625 0.04543619791666667 0.0304638671875
1 0.45919921875 0.53076171875 0.032486979166666666 0.0371728515625
1 0.4401041666666667 0.5189208984375 0.021035156250000003 0.0401904296875
1 0.3381640625 0.6024169921875 0.05276041666666667 0.0223095703125
1 0.6178385416666666 0.296142578125 0.042890624999999995 0.034423828125
1 0.5797526041666666 0.3603515625 0.025208333333333333 0.04025390625
1 0.4022330729166667 0.5044775390625 0.051419270833333336 0.0185888671875
1 0.5358072916666666 0.3916015625 0.03383463541666667 0.0373828125
1 0.6220703125 0.3323583984375 0.0234375 0.0418212890625
1 0.427734375 0.587890625 0.053346354166666665 0.02162109375
1 0.6458333333333334 0.31982421875 0.028216145833333334 0.04025390625
1 0.4759114583333333 0.40087890625 0.021360677083333335 0.0401025390625
1 0.4443359375 0.491455078125 0.049401041666666666 0.0182666015625
1 0.4265950520833333 0.374755859375 0.04707682291666667 0.0316162109375
1 0.443359375 0.4755859375 0.051881510416666665 0.020341796875
1 0.6673177083333334 0.32421875 0.03554036458333334 0.0373828125
1 0.37380859375 0.352783203125 0.04290364583333334 0.03544921875
1 0.4300130208333333 0.3024072265625 0.034016927083333336 0.0413720703125
1 0.4947916666666667 0.401611328125 0.022220052083333334 0.0398583984375
1 0.5794270833333334 0.75341796875 0.025735677083333335 0.0418408203125
1 0.5120442708333334 0.76513671875 0.03871744791666667 0.037109375
1 0.4814453125 0.373046875 0.052083333333333336 0.02009765625
1 0.681640625 0.292724609375 0.045820312499999995 0.0283837890625
1 0.4876302083333333 0.34716796875 0.054036458333333336 0.023193359375
1 0.5419921875 0.75146484375 0.028118489583333333 0.0390625
1 0.37890625 0.312255859375 0.045983072916666666 0.031083984375
1 0.416015625 0.28955078125 0.03005208333333333 0.04177734375
1 0.5602213541666666 0.751953125 0.026751302083333334 0.0403125
1 0.7018229166666666 0.30908203125 0.04014322916666666 0.0384521484375
1 0.3427734375 0.6337890625 0.04911458333333333 0.0193505859375
1 0.5087890625 0.276123046875 0.052167968749999995 0.0181884765625
1 0.5493684895833334 0.2781982421875 0.04942708333333334 0.0333740234375
1 0.5535416666666667 0.2948779296875 0.050201822916666666 0.0339453125
1 0.3577473958333333 0.65087890625 0.051191406249999995 0.0159619140625
1 0.3707682291666667 0.393798828125 0.04740234375 0.0333251953125
1 0.5390039062499999 0.7786865234375 0.05315755208333334 0.0175634765625
1 0.41645182291666666 0.4178466796875 0.049140625 0.027265625
1 0.6057942708333334 0.65380859375 0.052858072916666665 0.0211181640625
1 0.5831705729166666 0.6145849609375 0.05200520833333333 0.0235986328125
1 0.6617838541666666 0.286376953125 0.050904947916666665 0.0274365234375
1 0.5875651041666666 0.59423828125 0.048216145833333335 0.022890625
1 0.3333333333333333 0.307861328125 0.05244791666666667 0.02037109375
1 0.529296875 0.2607421875 0.05423828125 0.0223681640625
1 0.2649739583333333 0.68994140625 0.04634765625 0.033388671875
1 0.5166015625 0.79150390625 0.051679687499999995 0.016787109375
1 0.5922330729166666 0.54296875 0.05228515625 0.02875
1 0.46440755208333334 0.249267578125 0.03634765625 0.0422998046875
1 0.50244140625 0.58447265625 0.04763020833333333 0.033955078125
1 0.32158854166666667 0.3313623046875 0.04722005208333333 0.03337890625
1 0.5701822916666667 0.3028662109375 0.0461328125 0.0358251953125
