1 0.2991536458333333 0.63134765625 0.03595052083333333 0.0564599609375
1 0.3473307291666667 0.5234375 0.05737630208333333 0.0499560546875
1 0.6231575520833333 0.60400390625 0.06975911458333334 0.042177734375
1 0.279296875 0.61669921875 0.03806640625 0.056123046875
1 0.5286458333333334 0.433837890625 0.06949869791666667 0.03125
1 0.455078125 0.43408203125 0.07552083333333333 0.032958984375
1 0.4788411458333333 0.403076171875 0.07552083333333333 0.029921875
1 0.3727213541666667 0.56103515625 0.05375 0.05251953125
1 0.4840494791666667 0.462890625 0.07067708333333333 0.0295849609375
1 0.3525390625 0.63232421875 0.030924479166666668 0.057373046875
1 0.23746744791666666 0.6875 0.06335286458333333 0.0462060546875
1 0.4365234375 0.4765625 0.054361979166666664 0.05154296875
1 0.56640625 0.419189453125 0.07067708333333333 0.0367138671875
1 0.4033203125 0.412841796875 0.07067708333333333 0.033662109375
1 0.3076171875 0.5302734375 0.03712890625 0.0555126953125
1 0.5296223958333334 0.47412109375 0.042805989583333336 0.0564599609375
1 0.6790364583333334 0.564453125 0.073203125 0.0354931640625
1 0.4104817708333333 0.53662109375 0.03908203125 0.056337890625
1 0.2236328125 0.64794921875 0.03741536458333333 0.0571923828125
1 0.2693684895833333 0.7958984375 0.06978515625 0.03265625
1 0.5654296875 0.490234375 0.042565104166666666 0.0557275390625
1 0.4127604166666667 0.68359375 0.039225260416666664 0.056640625
1 0.4527994791666667 0.6708984375 0.03623697916666666 0.0579248046875
1 0.6383463541666666 0.51806640625 0.0751171875 0.02546875
1 0.3753255208333333 0.876953125 0.045286458333333335 0.0546875
1 0.3528645833333333 0.86669921875 0.04512369791666667 0.0567626953125
1 0.20719401041666666 0.416748046875 0.05981770833333333 0.049775390625
1 0.6647135416666666 0.417236328125 0.07955078125 0.02859375
1 0.63671875 0.1484375 0.04756510416666667 0.060302734375
1 0.3646158854166666 0.537333984375 0.05692057291666667 0.0494970703125
