1 0.3463541666666667 0.1468505859375 0.07238932291666667 0.0264599609375
1 0.32177734375 0.392333984375 0.0625390625 0.0416259765625
1 0.6507161458333334 0.87548828125 0.07552083333333333 0.0383935546875
1 0.3619791666666667 0.420654296875 0.06811848958333333 0.03802734375
1 0.2931315104166667 0.36474609375 0.06624348958333333 0.04025390625
1 0.68359375 0.4411083984375 0.056516927083333335 0.049775390625
1 0.5877734375 0.3520556640625 0.052571614583333336 0.05359375
1 0.3860677083333333 0.1300048828125 0.07637369791666666 0.0268115234375
1 0.3629557291666667 0.327880859375 0.06990885416666666 0.0396435546875
1 0.4384765625 0.487060546875 0.073203125 0.0270068359375
1 0.36333333333333334 0.3051025390625 0.06551432291666666 0.0372607421875
1 0.33955078125 0.4615625 0.051842447916666666 0.0523486328125
1 0.4791666666666667 0.58544921875 0.044518229166666666 0.052919921875
1 0.7189648437499999 0.437412109375 0.06221354166666667 0.0518408203125
1 0.16780598958333334 0.76953125 0.07499348958333334 0.02484375
1 0.3857421875 0.229482421875 0.07552083333333333 0.0271142578125
1 0.3902994791666667 0.252685546875 0.07055989583333333 0.031494140625
1 0.6220703125 0.47119140625 0.06372395833333333 0.0440966796875
1 0.7057291666666666 0.372802734375 0.07649739583333333 0.0288720703125
1 0.61599609375 0.407958984375 0.05198567708333333 0.0512939453125
1 0.3600260416666667 0.2130126953125 0.08027994791666666 0.023955078125
1 0.2635091145833333 0.3251953125 0.07609375 0.029541015625
1 0.6712239583333334 0.476806640625 0.06600260416666666 0.0298779296875
1 0.24462890625 0.363525390625 0.048665364583333336 0.0518505859375
1 0.22281901041666666 0.291015625 0.03849609375 0.05560546875
1 0.3824869791666667 0.364013671875 0.07442057291666666 0.0313134765625
1 0.677734375 0.390625 0.07609375 0.0309130859375
1 0.7222265625 0.31306640625 0.07738932291666667 0.0369189453125
1 0.3802083333333333 0.5810546875 0.060911458333333335 0.048310546875
1 0.16430989583333333 0.74853515625 0.07597005208333334 0.0264599609375
1 0.63400390625 0.3680810546875 0.07236328125000001 0.0365283203125
1 0.3971354166666667 0.342041015625 0.06966145833333333 0.0292529296875
1 0.3337109375 0.26443359375 0.05323567708333333 0.049990234375
1 0.3593424479166667 0.3966748046875 0.06602213541666667 0.0399072265625
1 0.4280598958333333 0.445068359375 0.07637369791666666 0.0244775390625
1 0.3841145833333333 0.48193359375 0.04902994791666667 0.05072265625
1 0.2392578125 0.249755859375 0.0312890625 0.053896484375
1 0.5319010416666666 0.5927734375 0.056028645833333335 0.052919921875
1 0.18310546875 0.7880859375 0.07348958333333333 0.02484375
1 0.3084309895833333 0.5046923828125 0.041829427083333336 0.0545556640625
1 0.4319661458333333 0.54931640625 0.07092447916666667 0.03515625
1 0.7662760416666666 0.8466796875 0.033567708333333335 0.0599658203125
1 0.2716471354166667 0.2861328125 0.07307942708333333 0.0244775390625
1 0.2563932291666667 0.422880859375 0.06034505208333333 0.0472509765625
1 0.4661458333333333 0.253662109375 0.027890625000000002 0.056640625
1 0.5745442708333334 0.329833984375 0.05326171875 0.0548095703125
1 0.3212890625 0.54736328125 0.06278645833333334 0.0477001953125
1 0.4596354166666667 0.62353515625 0.06990885416666666 0.03125
1 0.443359375 0.42724609375 0.072265625 0.0256640625
1 0.7135416666666666 0.8525390625 0.07922526041666667 0.029541015625
1 0.4557291666666667 0.340576171875 0.05497395833333333 0.0467236328125
1 0.4205729166666667 0.46533203125 0.07092447916666667 0.0219873046875
1 0.28728515625 0.303173828125 0.07293619791666667 0.0281103515625
1 0.6422526041666666 0.54833984375 0.0780859375 0.0244287109375
1 0.6455078125 0.51513671875 0.060911458333333335 0.04876953125
1 0.31911458333333337 0.165390625 0.07400390625 0.035478515625
1 0.7265625 0.2705078125 0.03554036458333334 0.058134765625
1 0.7376302083333334 0.8779296875 0.07763671875 0.03396484375
1 0.5169270833333334 0.5380859375 0.058919270833333336 0.0526123046875
1 0.2138671875 0.362060546875 0.0419921875 0.0551171875
1 0.79296875 0.84912109375 0.03200520833333333 0.0622265625
1 0.4541015625 0.6416015625 0.07458333333333333 0.0303369140625
1 0.20192057291666665 0.417724609375 0.07540364583333332 0.0215283203125
1 0.3948567708333333 0.1748046875 0.06978515625 0.035400390625
1 0.4267578125 0.51025390625 0.07014973958333333 0.028017578125
1 0.2830598958333333 0.2206591796875 0.07103515625 0.03310546875
1 0.2913411458333333 0.58056640625 0.052656249999999995 0.0511767578125
1 0.4397786458333333 0.23779296875 0.0278515625 0.0602099609375
1 0.7330729166666666 0.397216796875 0.06429036458333333 0.042177734375
1 0.6559244791666666 0.29443359375 0.06372395833333333 0.04123046875
1 0.681640625 0.336669921875 0.055097656249999995 0.046904296875
1 0.6168619791666666 0.6197265625 0.046263020833333335 0.056435546875
1 0.63400390625 0.3310546875 0.06700520833333333 0.0453271484375
1 0.18636067708333334 0.3583984375 0.044108072916666664 0.0542919921875
1 0.29534505208333334 0.1804931640625 0.07328776041666667 0.0365966796875
1 0.283203125 0.253173828125 0.057291666666666664 0.0452587890625
1 0.29355468749999997 0.4562158203125 0.04820963541666667 0.0531884765625
1 0.4072265625 0.28857421875 0.03350911458333333 0.0579248046875
1 0.4971028645833333 0.51921875 0.05306640625 0.0518896484375
1 0.5042317708333334 0.324462890625 0.049680989583333335 0.05560546875
1 0.849609375 0.84326171875 0.07995442708333333 0.0276953125
1 0.7122395833333334 0.83154296875 0.07483072916666667 0.030625
1 0.4736328125 0.513134765625 0.048749999999999995 0.0525537109375
1 0.5087890625 0.280029296875 0.07332682291666666 0.0313720703125
1 0.7447916666666666 0.34814453125 0.07649739583333333 0.03314453125
1 0.5139973958333334 0.23681640625 0.06949869791666667 0.03927734375
1 0.7532552083333334 0.7548828125 0.07779947916666667 0.026259765625
1 0.7154947916666666 0.66650390625 0.07649739583333333 0.0261083984375
1 0.7309505208333333 0.1256396484375 0.07103515625 0.0475390625
1 0.564453125 0.63671875 0.03493489583333333 0.0477001953125
1 0.8430989583333334 0.87158203125 0.07568359375 0.035400390625
1 0.684921875 0.5098193359375 0.04306640625 0.0557470703125
1 0.5678190104166666 0.405595703125 0.058828125 0.050595703125
1 0.4313151041666667 0.390625 0.03916666666666666 0.0544140625
1 0.6549479166666666 0.68798828125 0.037473958333333335 0.057587890625
1 0.3811848958333333 0.18994140625 0.07291666666666667 0.0313134765625
1 0.4148958333333333 0.158203125 0.07225911458333333 0.0344873046875
1 0.5923697916666667 0.674638671875 0.07259114583333333 0.031435546875
1 0.6486002604166666 0.8014208984375 0.06799479166666667 0.04958984375
1 0.29958984375000003 0.335380859375 0.06748046875000001 0.03896484375
1 0.6296419270833333 0.4317919921875 0.05340494791666667 0.051904296875
1 0.23486328125 0.45654296875 0.0663671875 0.045595703125
1 0.6012369791666666 0.71630859375 0.07666015625 0.0283349609375
1 0.7109375 0.90478515625 0.060911458333333335 0.0571923828125
1 0.7994791666666666 0.7919921875 0.04248046875 0.0559375
1 0.7076822916666666 0.68798828125 0.07763671875 0.0247021484375
1 0.6458333333333334 0.6064453125 0.053059895833333336 0.0537109375
1 0.18896484375 0.321533203125 0.07279296875 0.028017578125
1 0.7513020833333334 0.70166015625 0.07307942708333333 0.0428759765625
1 0.7102864583333334 0.64208984375 0.074140625 0.035341796875
1 0.5941341145833333 0.6329052734375 0.044557291666666665 0.054873046875
1 0.7408854166666666 0.32763671875 0.07649739583333333 0.034423828125
1 0.4456380208333333 0.291748046875 0.05517578125 0.0541064453125
1 0.6611328125 0.26220703125 0.047936197916666666 0.0562451171875
1 0.5970052083333334 0.50341796875 0.0702734375 0.0223681640625
1 0.4632161458333333 0.116943359375 0.07666015625 0.0305029296875
1 0.7317708333333334 0.7314453125 0.07637369791666666 0.0271142578125
1 0.5647786458333334 0.302490234375 0.05352864583333333 0.05591796875
1 0.22865234375 0.3984375 0.0753515625 0.0204150390625
1 0.2745768229166667 0.5283203125 0.06266276041666667 0.04958984375
1 0.6028645833333334 0.6943359375 0.0770703125 0.028701171875
1 0.2596028645833333 0.5830078125 0.053834635416666665 0.0496826171875
1 0.6076106770833333 0.82591796875 0.069375 0.048583984375
1 0.19632161458333333 0.714306640625 0.0581640625 0.0479443359375
1 0.7682291666666666 0.9150390625 0.06034505208333333 0.05251953125
1 0.740234375 0.7978515625 0.07837239583333333 0.022841796875
1 0.1783203125 0.80908203125 0.07841796875 0.0265478515625
1 0.7005208333333334 0.275634765625 0.036295572916666664 0.05685546875
1 0.7486979166666666 0.7763671875 0.074140625 0.0231494140625
1 0.26787760416666667 0.2052734375 0.0715234375 0.032841796875
1 0.17447916666666666 0.294189453125 0.0712109375 0.0369873046875
1 0.31805989583333333 0.2494091796875 0.056289062499999994 0.049765625
1 0.5836588541666666 0.4619140625 0.04074869791666667 0.05560546875
1 0.6809895833333334 0.2265625 0.07539713541666666 0.0283837890625
1 0.8187565104166666 0.729072265625 0.06027994791666667 0.056171875
1 0.48828125 0.37353515625 0.030638020833333335 0.056640625
1 0.4586588541666667 0.1513671875 0.05326171875 0.0526123046875
1 0.537109375 0.68603515625 0.042076822916666666 0.05685546875
1 0.7897135416666666 0.73486328125 0.05859375 0.053193359375
1 0.8118489583333334 0.69189453125 0.06673177083333333 0.05224609375
1 0.7428385416666666 0.481689453125 0.053671875 0.053408203125
1 0.24267578125 0.732421875 0.05517578125 0.05224609375
1 0.4964192708333333 0.15576171875 0.05416015625 0.0544140625
1 0.2801106770833333 0.71240234375 0.03784505208333334 0.053193359375
1 0.6790364583333334 0.774931640625 0.03305989583333333 0.0608837890625
1 0.148359375 0.69921875 0.04345703125 0.0552978515625
1 0.7024739583333334 0.0982666015625 0.0405078125 0.06244140625
1 0.17464192708333334 0.83642578125 0.07214192708333333 0.0348828125
1 0.5009765625 0.87548828125 0.052369791666666665 0.051455078125
1 0.19464843750000002 0.6875 0.05861979166666667 0.0507177734375
1 0.7610677083333334 0.6456640625 0.03989583333333333 0.05912109375
1 0.8489583333333334 0.82177734375 0.08130208333333333 0.028017578125
1 0.19156901041666666 0.52734375 0.06901041666666667 0.0413818359375
1 0.7923177083333334 0.083740234375 0.045572916666666664 0.061982421875
1 0.3522135416666667 0.71337890625 0.0576171875 0.0513623046875
1 0.1826171875 0.66650390625 0.057493489583333335 0.05251953125
1 0.5374348958333334 0.8447265625 0.03770182291666666 0.0579248046875
1 0.7356770833333334 0.082275390625 0.041139322916666665 0.0631103515625
1 0.3009440104166667 0.6953125 0.036295572916666664 0.0548095703125
1 0.6162109375 0.2958984375 0.054772135416666666 0.0334765625
1 0.767578125 0.0723876953125 0.04463541666666667 0.06396484375
1 0.5201822916666666 0.759765625 0.035481770833333336 0.0602099609375
1 0.6255013020833333 0.86177734375 0.07509765624999999 0.037548828125
1 0.643203125 0.82400390625 0.07021484374999999 0.048994140625
1 0.6685416666666667 0.596650390625 0.056171875 0.0558642578125
1 0.5552864583333333 0.595966796875 0.05800130208333334 0.0480810546875
1 0.4514973958333333 0.5874951171875 0.054335937499999994 0.05037109375
1 0.39471354166666667 0.5977978515625 0.05922526041666667 0.0480810546875
1 0.5259830729166667 0.5572705078125 0.05800130208333334 0.0467041015625
1 0.7270703125 0.465 0.055716145833333335 0.0540771484375
1 0.6656119791666667 0.424853515625 0.054082031249999996 0.05326171875
1 0.21932291666666667 0.724541015625 0.05845052083333333 0.050390625
1 0.3425 0.5565673828125 0.06227213541666667 0.0454736328125
1 0.35834635416666666 0.571728515625 0.06117838541666667 0.0454736328125
1 0.33157552083333336 0.4883544921875 0.051347656250000005 0.05162109375
1 0.2775 0.4346826171875 0.06117838541666667 0.0483447265625
1 0.377734375 0.4350927734375 0.0671875 0.0409716796875
1 0.29934895833333336 0.379990234375 0.07210286458333333 0.0405615234375
1 0.7467317708333333 0.1413427734375 0.07429036458333334 0.0483447265625
1 0.3577473958333333 0.2862353515625 0.07090494791666667 0.041494140625
