1 0.6064453125 0.25 0.048749999999999995 0.058564453125
1 0.5660807291666666 0.333251953125 0.06746744791666666 0.0423876953125
1 0.5729166666666666 0.2880859375 0.0692578125 0.04486328125
1 0.3740234375 0.306640625 0.07267578125 0.03634765625
1 0.6966145833333334 0.263671875 0.0663671875 0.048037109375
1 0.6868489583333334 0.60595703125 0.07820963541666666 0.0242333984375
1 0.6940104166666666 0.3583984375 0.03224609375 0.059755859375
1 0.6840559895833334 0.58544921875 0.08108723958333333 0.0234228515625
1 0.6875 0.564453125 0.07666015625 0.0256640625
1 0.33203125 0.341552734375 0.07043619791666667 0.035400390625
1 0.6302083333333334 0.334716796875 0.07389322916666667 0.035888671875
1 0.6142578125 0.376220703125 0.07723307291666666 0.0318017578125
1 0.24767578125 0.758515625 0.061152343750000004 0.0477001953125
1 0.3277994791666667 0.278076171875 0.044029947916666666 0.0560302734375
1 0.5764973958333334 0.3896484375 0.07067708333333333 0.0367138671875
1 0.482421875 0.368408203125 0.04443359375 0.0558154296875
1 0.4895833333333333 0.2939453125 0.07173828125 0.038818359375
1 0.6487630208333334 0.40087890625 0.069375 0.0418408203125
1 0.4332682291666667 0.466796875 0.039674479166666665 0.0545947265625
1 0.7298177083333334 0.298828125 0.062421874999999995 0.0531005859375
1 0.6334635416666666 0.359619140625 0.074140625 0.0325927734375
1 0.2880859375 0.59765625 0.03493489583333333 0.053896484375
1 0.5986328125 0.307861328125 0.0712109375 0.0283837890625
1 0.5934244791666666 0.57470703125 0.06611979166666666 0.0403759765625
1 0.3505859375 0.265625 0.041914062499999995 0.058779296875
1 0.3440755208333333 0.47607421875 0.07173828125 0.0277392578125
1 0.541015625 0.36279296875 0.073203125 0.0330810546875
1 0.30712890625 0.288818359375 0.04544921875 0.0571923828125
1 0.63671875 0.251708984375 0.04544921875 0.057587890625
1 0.6637369791666666 0.294921875 0.04902994791666667 0.0596630859375
1 0.27783203125 0.890625 0.0283203125 0.0599658203125
1 0.6455078125 0.54931640625 0.05643880208333333 0.049501953125
1 0.3727213541666667 0.454833984375 0.07267578125 0.02224609375
1 0.7265625 0.5419921875 0.08027994791666666 0.021650390625
1 0.61328125 0.5302734375 0.03395833333333333 0.0546875
1 0.6842447916666666 0.30810546875 0.04911458333333333 0.0594189453125
1 0.31494791666666666 0.49431640625 0.07645182291666668 0.0248828125
1 0.4059244791666667 0.325439453125 0.06404947916666666 0.045869140625
1 0.28564453125 0.81494140625 0.052858072916666665 0.050322265625
1 0.29248046875 0.7451171875 0.045983072916666666 0.052705078125
1 0.24869791666666666 0.7890625 0.056516927083333335 0.052705078125
1 0.7571614583333334 0.732421875 0.07255208333333334 0.0397021484375
1 0.6796875 0.40869140625 0.07186197916666666 0.0428173828125
1 0.11385416666666666 0.37841796875 0.055787760416666665 0.049501953125
1 0.21923828125 0.748046875 0.06551432291666666 0.0435205078125
1 0.716796875 0.521484375 0.07983723958333333 0.023330078125
1 0.3779296875 0.26318359375 0.039609375 0.0586572265625
1 0.5319010416666666 0.70068359375 0.055501302083333336 0.0496826171875
1 0.6373697916666666 0.2132568359375 0.07637369791666666 0.0296484375
1 0.4361979166666667 0.5576171875 0.044518229166666666 0.0516650390625
1 0.3330078125 0.78955078125 0.03609375 0.0562451171875
1 0.14656901041666667 0.345458984375 0.053548177083333336 0.053408203125
1 0.6461588541666666 0.1917724609375 0.07666015625 0.0276953125
1 0.20751953125 0.79443359375 0.0283203125 0.0560302734375
1 0.22867838541666666 0.7158203125 0.06128255208333333 0.046630859375
1 0.3232421875 0.43896484375 0.05781901041666667 0.0447705078125
1 0.5804036458333334 0.681640625 0.06685546875 0.0431201171875
1 0.7513020833333334 0.7080078125 0.07238932291666667 0.0416259765625
1 0.26956380208333336 0.7991162109375 0.0603125 0.0504541015625
1 0.128515625 0.3613671875 0.057532552083333334 0.053935546875
