1 0.5615690104166667 0.69353515625 0.03225911458333333 0.0586474609375
1 0.6545703125 0.625439453125 0.046966145833333334 0.056796875
1 0.5985091145833333 0.60892578125 0.06751302083333334 0.044912109375
1 0.5380403645833333 0.610908203125 0.07338541666666666 0.0233349609375
1 0.4737565104166667 0.59021484375 0.0598828125 0.0488720703125
1 0.4364778645833333 0.6150927734375 0.07103515625 0.0387451171875
1 0.38775390625 0.5941796875 0.06633463541666666 0.040947265625
1 0.4141731770833333 0.583388671875 0.06751302083333334 0.03962890625
1 0.40888671875 0.5587353515625 0.06986328125 0.0387451171875
1 0.3425520833333333 0.5519091796875 0.07103515625 0.0383056640625
1 0.33961588541666665 0.5325341796875 0.07103515625 0.041826171875
1 0.45233072916666667 0.535400390625 0.044029947916666666 0.055478515625
1 0.4969466145833333 0.5712841796875 0.06986328125 0.0356640625
1 0.4925455729166666 0.531435546875 0.03404947916666667 0.0537158203125
1 0.521015625 0.5360595703125 0.03228515625 0.0585595703125
1 0.5433203125 0.49533203125 0.033463541666666666 0.056357421875
1 0.5151432291666667 0.4618701171875 0.07455729166666666 0.03169921875
1 0.7091666666666666 0.5195458984375 0.07631510416666666 0.04138671875
1 0.70505859375 0.54244140625 0.07397135416666667 0.0405078125
1 0.6715950520833333 0.5514697265625 0.07631510416666666 0.0391845703125
1 0.6721809895833334 0.5737060546875 0.07514322916666667 0.036103515625
1 0.6263932291666666 0.580966796875 0.07279296875 0.0356640625
1 0.5706184895833334 0.5741455078125 0.0598828125 0.0493115234375
1 0.5638736979166666 0.5475048828125 0.05694661458333333 0.0488720703125
1 0.6111263020833334 0.383056640625 0.04461588541666667 0.055478515625
1 0.59263671875 0.4026513671875 0.047552083333333335 0.056796875
1 0.56357421875 0.404189453125 0.04578776041666666 0.057236328125
1 0.5389192708333334 0.411455078125 0.04461588541666667 0.0585595703125
1 0.5066341145833334 0.4079345703125 0.04109375 0.0585595703125
1 0.47875 0.40771484375 0.0416796875 0.0589990234375
