1 0.392578125 0.70458984375 0.03188151041666667 0.0396435546875
1 0.5325520833333334 0.58837890625 0.04740234375 0.024521484375
1 0.537109375 0.6044921875 0.0448828125 0.027587890625
1 0.6061197916666666 0.611328125 0.043378906249999995 0.02748046875
1 0.5944010416666666 0.58447265625 0.044108072916666664 0.02880859375
1 0.4898177083333333 0.541064453125 0.03966796875 0.0339892578125
1 0.4039713541666667 0.6298828125 0.044029947916666666 0.0277392578125
1 0.4449869791666667 0.62744140625 0.048749999999999995 0.023193359375
1 0.5055338541666666 0.56787109375 0.04014322916666666 0.0328369140625
1 0.5780143229166667 0.555234375 0.05199869791666667 0.0180224609375
1 0.3606770833333333 0.6923828125 0.028769531249999997 0.038603515625
1 0.4990234375 0.40185546875 0.052167968749999995 0.029921875
1 0.50390625 0.387451171875 0.04756510416666667 0.026611328125
1 0.5940755208333334 0.5302734375 0.03595052083333333 0.0350634765625
1 0.5341796875 0.5634765625 0.04520833333333333 0.019453125
1 0.5364583333333334 0.53125 0.049192708333333335 0.0150146484375
1 0.3938802083333333 0.37939453125 0.04248046875 0.0347607421875
1 0.3896484375 0.5009765625 0.05224609375 0.0160986328125
1 0.3365885416666667 0.455322265625 0.049765625 0.026201171875
1 0.4052734375 0.6044921875 0.030455729166666667 0.0337841796875
1 0.486328125 0.521484375 0.036640625 0.0354931640625
1 0.5279947916666666 0.50146484375 0.05195963541666667 0.0160986328125
1 0.4085286458333333 0.40625 0.03005208333333333 0.038330078125
1 0.5073502604166666 0.3640966796875 0.03586588541666667 0.03654296875
1 0.3302408854166667 0.671875 0.030865885416666666 0.0382373046875
1 0.5387369791666666 0.5458984375 0.050904947916666665 0.015078125
1 0.6770833333333334 0.60302734375 0.05147135416666667 0.0163427734375
1 0.5634765625 0.430908203125 0.032063802083333336 0.0382373046875
1 0.4098307291666667 0.5615234375 0.05054036458333333 0.0217431640625
1 0.369140625 0.51416015625 0.052167968749999995 0.015302734375
1 0.4427083333333333 0.60009765625 0.028157552083333332 0.03494140625
1 0.46611979166666667 0.4165966796875 0.045286458333333335 0.0317333984375
1 0.337890625 0.423583984375 0.047200520833333336 0.0264599609375
1 0.4967447916666667 0.59619140625 0.030638020833333335 0.0360107421875
1 0.4127604166666667 0.54638671875 0.049765625 0.0192724609375
1 0.4176432291666667 0.6923828125 0.028014322916666667 0.0383935546875
1 0.4078776041666667 0.456298828125 0.021360677083333335 0.0378125
1 0.2646484375 0.385498046875 0.054772135416666666 0.0193505859375
1 0.2847591145833333 0.3996142578125 0.05587890625 0.01611328125
1 0.5361328125 0.66015625 0.021282552083333333 0.038818359375
1 0.4498697916666667 0.45556640625 0.02352213541666667 0.038759765625
1 0.43026041666666665 0.46953125 0.025781250000000002 0.03861328125
1 0.6399739583333334 0.53466796875 0.03147135416666667 0.0372607421875
1 0.4235611979166667 0.3579345703125 0.028281249999999997 0.0403857421875
1 0.38484375 0.4875048828125 0.051842447916666666 0.0164111328125
1 0.4934895833333333 0.6649560546875 0.029440104166666665 0.037919921875
1 0.5478515625 0.399169921875 0.021197916666666667 0.0413818359375
1 0.3720703125 0.56689453125 0.030397135416666665 0.0360107421875
1 0.5693359375 0.6240234375 0.029095052083333333 0.038330078125
1 0.3600260416666667 0.63916015625 0.04419270833333333 0.0264599609375
1 0.4576822916666667 0.67724609375 0.03493489583333333 0.03634765625
1 0.6376953125 0.61474609375 0.0262890625 0.036162109375
1 0.5302734375 0.42724609375 0.0224609375 0.038759765625
1 0.5849609375 0.6630859375 0.03448567708333333 0.037109375
1 0.3616536458333333 0.60595703125 0.050130208333333336 0.01583984375
1 0.4837239583333333 0.61669921875 0.0448828125 0.027373046875
1 0.5442708333333334 0.353515625 0.03871744791666667 0.03705078125
1 0.3328450520833333 0.43896484375 0.050703124999999995 0.0231494140625
1 0.38671875 0.363525390625 0.04074869791666667 0.0350048828125
1 0.42828125 0.407490234375 0.028072916666666666 0.03798828125
1 0.6162109375 0.509765625 0.04931640625 0.0147314453125
1 0.5182291666666666 0.65380859375 0.023359375 0.03927734375
1 0.62109375 0.53564453125 0.032063802083333336 0.03634765625
1 0.3434244791666667 0.685546875 0.02854166666666667 0.0373828125
1 0.357421875 0.402587890625 0.029544270833333334 0.0360107421875
1 0.689453125 0.630859375 0.0448828125 0.0298779296875
1 0.5354817708333334 0.51708984375 0.049401041666666666 0.0160205078125
1 0.3707682291666667 0.7099609375 0.02902994791666667 0.033720703125
1 0.7076822916666666 0.5751953125 0.05126953125 0.020966796875
1 0.5348307291666666 0.488525390625 0.048463541666666665 0.0184765625
1 0.4397786458333333 0.34423828125 0.025592447916666667 0.0393359375
1 0.4619140625 0.5205078125 0.03466796875 0.03390625
1 0.3909505208333333 0.72900390625 0.05033203125 0.02337890625
1 0.7135416666666666 0.64990234375 0.050703124999999995 0.0264111328125
1 0.5143229166666666 0.71728515625 0.03395833333333333 0.0368359375
1 0.4609375 0.34814453125 0.02001953125 0.03955078125
1 0.52896484375 0.3634765625 0.03598958333333333 0.0375439453125
1 0.3655598958333333 0.62060546875 0.04911458333333333 0.0193505859375
1 0.3253580729166667 0.75146484375 0.049479166666666664 0.0190576171875
1 0.3987630208333333 0.669921875 0.03421875 0.0280615234375
1 0.6276041666666666 0.2271728515625 0.04128255208333333 0.0377490234375
1 0.5806640625 0.57443359375 0.04694661458333333 0.0289208984375
1 0.7278645833333334 0.69873046875 0.03953125 0.0367138671875
1 0.6181640625 0.247802734375 0.03877604166666667 0.038818359375
1 0.3610026041666667 0.75439453125 0.023802083333333335 0.0389111328125
1 0.6057942708333334 0.59521484375 0.041666666666666664 0.02533203125
1 0.23128255208333334 0.26708984375 0.050618489583333336 0.031142578125
1 0.6591796875 0.2401123046875 0.03835286458333333 0.0377490234375
1 0.4930729166666667 0.4137109375 0.04880859375 0.0283154296875
1 0.4593294270833333 0.43201171875 0.043092447916666665 0.0334619140625
