1 0.4396744791666667 0.4990234375 0.07620442708333333 0.025087890625
1 0.3238932291666667 0.296875 0.046751302083333335 0.0549951171875
1 0.5546875 0.394287109375 0.0702734375 0.043701171875
1 0.5716145833333334 0.30224609375 0.06172526041666667 0.0494091796875
1 0.4983723958333333 0.499267578125 0.032877604166666664 0.055205078125
1 0.3450520833333333 0.283935546875 0.0439453125 0.0574951171875
1 0.3883463541666667 0.378662109375 0.05126953125 0.05251953125
1 0.5973307291666666 0.29150390625 0.061848958333333336 0.052919921875
1 0.2657877604166667 0.3271484375 0.07067708333333333 0.03927734375
1 0.2853190104166667 0.355224609375 0.043867187499999995 0.0552978515625
1 0.30419921875 0.454345703125 0.059694010416666665 0.045869140625
1 0.4222005208333333 0.4189453125 0.07267578125 0.0230712890625
1 0.42986328125 0.478515625 0.07517578125 0.0246142578125
1 0.3359375 0.43798828125 0.0576171875 0.0492236328125
1 0.3987630208333333 0.437744140625 0.07609375 0.02140625
1 0.43971354166666665 0.4593603515625 0.08059895833333333 0.0240625
1 0.3362630208333333 0.372802734375 0.07279296875 0.0218212890625
1 0.6041666666666666 0.335693359375 0.07401692708333334 0.03173828125
1 0.3229166666666667 0.393798828125 0.071328125 0.0210400390625
1 0.2801106770833333 0.89501953125 0.033776041666666666 0.0560302734375
1 0.2833658854166667 0.28271484375 0.051106770833333336 0.0546875
1 0.24967447916666666 0.3740234375 0.033567708333333335 0.053193359375
1 0.5677083333333334 0.4124853515625 0.06526692708333333 0.042314453125
1 0.619140625 0.235107421875 0.06229817708333333 0.0511767578125
1 0.3649088541666667 0.5302734375 0.03159505208333333 0.0541064453125
1 0.3424479166666667 0.515625 0.0326953125 0.0538037109375
1 0.46875 0.322509765625 0.07055989583333333 0.038759765625
1 0.2693684895833333 0.69140625 0.056516927083333335 0.05203125
1 0.5003255208333334 0.85986328125 0.03466796875 0.0618896484375
1 0.5804036458333334 0.94482421875 0.033776041666666666 0.0621044921875
