1 0.13102213541666666 0.164794921875 0.07332682291666666 0.023818359375
1 0.09497395833333333 0.30517578125 0.071328125 0.0322265625
1 0.14501953125 0.3515625 0.068359375 0.03216796875
1 0.8229166666666666 0.138916015625 0.06685546875 0.0530078125
1 0.09009114583333333 0.90283203125 0.053059895833333336 0.056337890625
1 0.09953125 0.32568359375 0.07458333333333333 0.0334765625
1 0.25390625 0.381103515625 0.06575520833333333 0.03927734375
1 0.23990885416666666 0.2037353515625 0.041666666666666664 0.0552978515625
1 0.21077473958333334 0.2047119140625 0.0458984375 0.0528271484375
1 0.19352213541666666 0.423828125 0.07580729166666667 0.0249951171875
1 0.4495442708333333 0.41748046875 0.05737630208333333 0.0465380859375
1 0.09057942708333333 0.286865234375 0.07080078125 0.03173828125
1 0.21688802083333333 0.30013671875 0.07173828125 0.036162109375
1 0.515625 0.36572265625 0.0478515625 0.05224609375
1 0.15014973958333333 0.2802734375 0.027792968749999997 0.051455078125
1 0.4938151041666667 0.6279296875 0.06722005208333333 0.0350048828125
1 0.31516927083333335 0.611123046875 0.06872395833333333 0.035830078125
1 0.3450520833333333 0.73681640625 0.06453776041666666 0.040771484375
1 0.4332682291666667 0.5771484375 0.054772135416666666 0.0484912109375
1 0.2724609375 0.66796875 0.043619791666666664 0.0541064453125
1 0.22242838541666665 0.6078076171875 0.044355468749999995 0.053408203125
1 0.5325520833333334 0.404541015625 0.03169921875 0.0542919921875
1 0.3981119791666667 0.57861328125 0.05684244791666667 0.047607421875
1 0.4466145833333333 0.5400390625 0.06722005208333333 0.04046875
1 0.13810546875 0.2239990234375 0.07197916666666666 0.0246142578125
1 0.18180338541666666 0.205810546875 0.046061197916666664 0.053193359375
1 0.08813802083333333 0.25634765625 0.06001953125 0.0477001953125
1 0.4700520833333333 0.5712890625 0.03383463541666667 0.055205078125
1 0.5579427083333334 0.57080078125 0.07067708333333333 0.035888671875
1 0.490234375 0.439697265625 0.05054036458333333 0.0453515625
1 0.4840494791666667 0.366943359375 0.046875 0.05251953125
1 0.2732747395833333 0.73779296875 0.04544921875 0.0509033203125
1 0.5934244791666666 0.3857421875 0.05716796875 0.0504150390625
1 0.5296223958333334 0.6015625 0.07389322916666667 0.0264111328125
1 0.3987630208333333 0.76123046875 0.02931640625 0.0559375
1 0.43450520833333334 0.4978515625 0.07185546875 0.0298095703125
1 0.17578125 0.2607421875 0.028118489583333333 0.056123046875
1 0.7955729166666666 0.101259765625 0.07214192708333333 0.047880859375
1 0.5517578125 0.38037109375 0.03777994791666667 0.0545068359375
1 0.7317708333333334 0.7900390625 0.06848307291666667 0.0492236328125
1 0.4049479166666667 0.53759765625 0.048014322916666664 0.04611328125
1 0.23860677083333334 0.283203125 0.07108723958333334 0.027529296875
1 0.55025390625 0.65908203125 0.05065104166666667 0.0555810546875
1 0.4231770833333333 0.6123046875 0.07332682291666666 0.0382373046875
1 0.09024739583333334 0.3653759765625 0.06873046875 0.038076171875
1 0.5026041666666666 0.56494140625 0.02732421875 0.0541064453125
1 0.2275390625 0.260498046875 0.073203125 0.0225830078125
1 0.18063151041666667 0.3700146484375 0.066484375 0.04203125
1 0.4557291666666667 0.441162109375 0.06026041666666667 0.0489501953125
1 0.25181640625 0.5672802734375 0.06316406249999999 0.0429931640625
1 0.11678385416666666 0.20263671875 0.07458333333333333 0.02337890625
1 0.6598307291666666 0.57421875 0.06787109375 0.04296875
1 0.703125 0.5478515625 0.057701822916666666 0.0462939453125
1 0.4736328125 0.3359375 0.04136067708333333 0.0541064453125
1 0.2776953125 0.5350537109375 0.07485677083333334 0.023984375
1 0.12427083333333333 0.184326171875 0.072265625 0.02224609375
1 0.22102864583333334 0.240966796875 0.0692578125 0.0219140625
1 0.8365885416666666 0.89013671875 0.06949869791666667 0.0484033203125
1 0.6822916666666666 0.7763671875 0.030924479166666668 0.0551171875
1 0.2986653645833333 0.70166015625 0.07186197916666666 0.027802734375
1 0.46432942708333336 0.5087890625 0.0696875 0.03287109375
1 0.7569140624999999 0.768759765625 0.07988932291666666 0.0312548828125
1 0.29248046875 0.51318359375 0.0702734375 0.030107421875
1 0.27587890625 0.60595703125 0.06453776041666666 0.0471484375
1 0.3346354166666667 0.39306640625 0.06197265625 0.045107421875
1 0.11694661458333333 0.3955078125 0.07470703125 0.027802734375
1 0.3196614583333333 0.6572265625 0.06673177083333333 0.04248046875
1 0.7330729166666666 0.81640625 0.06966145833333333 0.0484033203125
1 0.22412109375 0.681640625 0.06722005208333333 0.0443408203125
1 0.13029296875 0.931640625 0.049401041666666666 0.0598779296875
1 0.5891927083333334 0.64892578125 0.03493489583333333 0.0555126953125
1 0.4261067708333333 0.7490234375 0.026894531250000003 0.0579248046875
1 0.18196614583333334 0.87451171875 0.0702734375 0.0428173828125
1 0.8209635416666666 0.7666015625 0.07442057291666666 0.0447705078125
1 0.22298177083333334 0.409912109375 0.07067708333333333 0.02580078125
1 0.5843098958333334 0.3505859375 0.07527994791666666 0.0343017578125
1 0.3059895833333333 0.74072265625 0.04520833333333333 0.0498681640625
1 0.22021484375 0.74560546875 0.043619791666666664 0.0537109375
1 0.24918619791666666 0.7431640625 0.046751302083333335 0.0537109375
1 0.2703450520833333 0.86328125 0.053144531249999995 0.0496826171875
1 0.20751953125 0.1688232421875 0.06978515625 0.021865234375
1 0.6861979166666666 0.6890625 0.035130208333333336 0.060537109375
1 0.2509765625 0.921875 0.04248046875 0.0545947265625
1 0.2849934895833333 0.2314453125 0.054361979166666664 0.05251953125
1 0.337890625 0.82080078125 0.053059895833333336 0.04958984375
1 0.6061197916666666 0.5402392578125 0.026796874999999998 0.0556689453125
1 0.28662109375 0.2685546875 0.053059895833333336 0.0516650390625
1 0.22819010416666666 0.87548828125 0.04756510416666667 0.0510888671875
1 0.7571614583333334 0.22119140625 0.0702734375 0.040009765625
1 0.8795572916666666 0.888671875 0.07678385416666667 0.047607421875
1 0.6190690104166666 0.7526318359375 0.07373697916666667 0.0389111328125
1 0.21875 0.6572265625 0.06611979166666666 0.0442822265625
1 0.3430989583333333 0.7747998046875 0.030638020833333335 0.056123046875
1 0.2745768229166667 0.93505859375 0.041139322916666665 0.059541015625
1 0.22086588541666666 0.1485595703125 0.07401692708333334 0.021455078125
1 0.5110677083333334 0.30859375 0.03944661458333334 0.0577099609375
1 0.7571614583333334 0.0977197265625 0.06624348958333333 0.04611328125
1 0.15625 0.93359375 0.04764973958333333 0.058134765625
1 0.4059244791666667 0.64111328125 0.07067708333333333 0.028701171875
1 0.3707682291666667 0.80224609375 0.028867187500000002 0.0560302734375
1 0.6124283854166667 0.71142578125 0.0793359375 0.023818359375
1 0.22119140625 0.9248046875 0.0449609375 0.05349609375
1 0.6604817708333334 0.6015625 0.06722005208333333 0.0354931640625
1 0.3177083333333333 0.56005859375 0.044108072916666664 0.048310546875
1 0.1337890625 0.25244140625 0.061360677083333336 0.0433642578125
1 0.3795572916666667 0.85498046875 0.04911458333333333 0.0530078125
1 0.7153645833333333 0.256640625 0.06989583333333334 0.03919921875
1 0.5908203125 0.73193359375 0.07373046875 0.02302734375
1 0.5013020833333334 0.92041015625 0.029947916666666668 0.0609765625
1 0.5571028645833334 0.51630859375 0.07388671875 0.02650390625
1 0.8547916666666667 0.8345703125 0.086953125 0.0301513671875
1 0.4733072916666667 0.89892578125 0.028378906250000002 0.0602099609375
1 0.8736979166666666 0.81689453125 0.08699869791666666 0.0284423828125
1 0.5162760416666666 0.64306640625 0.06799479166666667 0.038544921875
1 0.3056640625 0.218505859375 0.049401041666666666 0.0545947265625
1 0.5315755208333334 0.94091796875 0.030703124999999998 0.0634765625
1 0.17704427083333332 0.3273388671875 0.07108723958333334 0.0394287109375
1 0.6383463541666666 0.2427978515625 0.05716796875 0.0471484375
1 0.8020833333333334 0.794140625 0.08428385416666667 0.0237255859375
1 0.43482421875 0.89861328125 0.04942057291666666 0.058818359375
1 0.18522135416666666 0.93310546875 0.048216145833333335 0.0569775390625
1 0.26953125 0.82177734375 0.04044921875 0.057802734375
1 0.6119791666666666 0.3349609375 0.06722005208333333 0.03689453125
1 0.5784505208333334 0.499755859375 0.07173828125 0.02595703125
1 0.3948567708333333 0.24072265625 0.06477864583333333 0.0431201171875
1 0.7552083333333334 0.1658935546875 0.07214192708333333 0.0352783203125
1 0.4143880208333333 0.4619189453125 0.03188151041666667 0.0569189453125
1 0.2471354166666667 0.4876513671875 0.05853515625 0.0489697265625
1 0.3359375 0.42041015625 0.06103515625 0.0391259765625
1 0.24397786458333334 0.81982421875 0.038411458333333336 0.0582275390625
1 0.4527994791666667 0.775390625 0.045983072916666666 0.0552978515625
1 0.4303385416666667 0.666015625 0.07214192708333333 0.0290380859375
1 0.8118489583333334 0.84716796875 0.06649088541666666 0.0496826171875
1 0.7446549479166666 0.1932568359375 0.07666666666666667 0.036337890625
1 0.218046875 0.8116015625 0.0394140625 0.05619140625
1 0.20035807291666666 0.443359375 0.07267578125 0.021865234375
1 0.19596354166666666 0.75244140625 0.04223958333333333 0.0528271484375
1 0.3794270833333333 0.5220849609375 0.03826822916666667 0.0538427734375
1 0.7682291666666666 0.70947265625 0.07067708333333333 0.0379052734375
1 0.685546875 0.2098388671875 0.029095052083333333 0.0565478515625
1 0.8743489583333334 0.74609375 0.07186197916666666 0.0477001953125
1 0.884765625 0.8603515625 0.08309244791666666 0.0316162109375
1 0.4586588541666667 0.71435546875 0.035279947916666665 0.056337890625
1 0.6710286458333333 0.8122607421875 0.08077473958333332 0.0391455078125
1 0.349609375 0.23779296875 0.02736328125 0.0565478515625
1 0.7994791666666666 0.0689111328125 0.07649739583333333 0.025712890625
1 0.3994140625 0.1982421875 0.034609375 0.0562451171875
1 0.7233072916666666 0.71533203125 0.04083333333333333 0.05251953125
1 0.3240559895833333 0.275634765625 0.027591145833333334 0.055419921875
1 0.5973307291666666 0.190673828125 0.0576171875 0.0457763671875
1 0.2864583333333333 0.47802734375 0.045735677083333336 0.03396484375
1 0.7351627604166667 0.132861328125 0.07876302083333334 0.0261962890625
1 0.4306640625 0.1748046875 0.028867187500000002 0.0572802734375
1 0.8880208333333334 0.79638671875 0.08085286458333334 0.02517578125
1 0.6391276041666667 0.4972705078125 0.02888671875 0.0569384765625
1 0.7044270833333334 0.62451171875 0.054772135416666666 0.0555126953125
1 0.833984375 0.92919921875 0.07837239583333333 0.029541015625
1 0.4537760416666667 0.93994140625 0.07568359375 0.0237255859375
1 0.724609375 0.305908203125 0.06649088541666666 0.0423291015625
1 0.9309895833333334 0.91015625 0.035481770833333336 0.0631103515625
1 0.7942708333333334 0.04681640625 0.07649739583333333 0.0225830078125
1 0.21826171875 0.9619140625 0.07568359375 0.025908203125
1 0.5755208333333334 0.95751953125 0.039388020833333336 0.0623193359375
1 0.11537760416666666 0.9068017578125 0.05494140625 0.0571728515625
1 0.17513020833333334 0.8540087890625 0.075546875 0.0370849609375
1 0.84095703125 0.75408203125 0.07485677083333334 0.04841796875
1 0.8011067708333334 0.89302734375 0.06888671875 0.052060546875
1 0.70951171875 0.840380859375 0.08089192708333333 0.0273974609375
1 0.36115234375 0.72041015625 0.06680338541666667 0.03875
1 0.2382421875 0.697705078125 0.07254557291666668 0.0403173828125
1 0.30921875 0.6362548828125 0.06836588541666667 0.03875
1 0.45718098958333336 0.6170751953125 0.06784505208333333 0.03953125
1 0.5492903645833334 0.553271484375 0.07045572916666666 0.03953125
1 0.6795052083333334 0.558359375 0.06471354166666667 0.04814453125
1 0.191015625 0.389072265625 0.06576171875 0.042275390625
1 0.20693359375 0.3188134765625 0.06732421875 0.03875
1 0.11742838541666667 0.3389697265625 0.07306640625000001 0.032880859375
1 0.08011067708333333 0.235244140625 0.05897135416666666 0.0501025390625
1 0.7987565104166667 0.1276025390625 0.065234375 0.0555810546875
1 0.26538411458333333 0.5849755859375 0.06836588541666667 0.0504931640625
