1 0.4772135416666667 0.5966796875 0.07214192708333333 0.026962890625
1 0.716796875 0.62744140625 0.03395833333333333 0.0577099609375
1 0.357421875 0.6005859375 0.03623697916666666 0.055205078125
1 0.4430338541666667 0.583984375 0.07279296875 0.0352783203125
1 0.3111979166666667 0.6298828125 0.050416666666666665 0.0517578125
1 0.498046875 0.41845703125 0.074140625 0.024931640625
1 0.4308268229166667 0.6194677734375 0.07594401041666667 0.0234228515625
1 0.7137044270833334 0.73681640625 0.07983723958333333 0.02880859375
1 0.3308919270833333 0.595703125 0.03501302083333333 0.0548095703125
1 0.4466145833333333 0.5126953125 0.061848958333333336 0.0438525390625
1 0.4541015625 0.6435546875 0.07527994791666666 0.023515625
1 0.5520833333333334 0.451416015625 0.074140625 0.03314453125
1 0.30908203125 0.57568359375 0.0376171875 0.0537109375
1 0.4430338541666667 0.5625 0.06978515625 0.034365234375
1 0.13192057291666667 0.359375 0.06416666666666666 0.0475146484375
1 0.4449869791666667 0.416259765625 0.029889322916666666 0.055205078125
1 0.5192057291666666 0.4384765625 0.07332682291666666 0.03216796875
1 0.3990885416666667 0.2861328125 0.046875 0.0560302734375
1 0.4202473958333333 0.54931640625 0.07145182291666667 0.03271484375
1 0.1591015625 0.40251953125 0.061360677083333336 0.045546875
1 0.380859375 0.615234375 0.037473958333333335 0.05490234375
1 0.5055338541666666 0.615234375 0.07092447916666667 0.0267626953125
1 0.5188802083333334 0.5625 0.02931640625 0.0533154296875
1 0.4156901041666667 0.25927734375 0.0644140625 0.0501416015625
1 0.2819010416666667 0.5771484375 0.03513671875 0.053984375
1 0.2838541666666667 0.6318359375 0.048749999999999995 0.0521240234375
1 0.6686197916666666 0.6136083984375 0.06792317708333333 0.0467724609375
1 0.7122395833333334 0.5693359375 0.0419921875 0.056337890625
1 0.5725911458333334 0.5625 0.03305989583333333 0.0555126953125
1 0.6279296875 0.39599609375 0.03741536458333333 0.0574951171875
1 0.3958333333333333 0.5126953125 0.07173828125 0.0302734375
1 0.5400390625 0.48583984375 0.06453776041666666 0.042724609375
1 0.4925130208333333 0.556640625 0.028645833333333332 0.05154296875
1 0.3990885416666667 0.4912109375 0.07279296875 0.03021484375
1 0.24039713541666666 0.58740234375 0.028828125 0.05419921875
1 0.2587890625 0.640625 0.050904947916666665 0.05072265625
1 0.654296875 0.56689453125 0.042402343749999995 0.0560302734375
1 0.6598307291666666 0.43212890625 0.07751302083333333 0.02970703125
1 0.3424479166666667 0.303955078125 0.054036458333333336 0.053408203125
1 0.3623046875 0.283203125 0.05643880208333333 0.0530078125
1 0.7415364583333334 0.7587890625 0.08056640625 0.0260009765625
1 0.6449153645833333 0.651650390625 0.0705859375 0.044423828125
1 0.5120442708333334 0.3974609375 0.07279296875 0.02267578125
1 0.66015625 0.38818359375 0.03076171875 0.0599658203125
1 0.6585286458333334 0.4521484375 0.07779947916666667 0.030439453125
1 0.4915364583333333 0.50439453125 0.03975260416666667 0.052431640625
1 0.6925455729166666 0.69970703125 0.0634765625 0.05154296875
1 0.6790364583333334 0.560546875 0.0419921875 0.0565478515625
1 0.3720703125 0.2352294921875 0.06774739583333333 0.0450146484375
1 0.6705208333333333 0.7491064453125 0.0673046875 0.0477392578125
1 0.5472005208333334 0.55224609375 0.03005208333333333 0.0558154296875
1 0.75 0.68896484375 0.06787109375 0.0545947265625
1 0.5865885416666666 0.61279296875 0.06514322916666666 0.0413232421875
1 0.638671875 0.1607666015625 0.040201822916666664 0.059326171875
1 0.6488151041666667 0.690712890625 0.051705729166666665 0.0567626953125
1 0.12060546875 0.377607421875 0.06650390625000001 0.0467626953125
1 0.14893880208333335 0.3442919921875 0.06409505208333334 0.0509814453125
1 0.7308789062500001 0.7045361328125 0.062350260416666664 0.054111328125
1 0.769375 0.6755419921875 0.06784505208333333 0.050068359375
1 0.65322265625 0.6295458984375 0.07001953125 0.047626953125
