1 0.6214192708333334 0.267822265625 0.047200520833333336 0.05419921875
1 0.7513020833333334 0.35107421875 0.06384114583333333 0.048037109375
1 0.7959635416666666 0.148017578125 0.07552083333333333 0.040771484375
1 0.775390625 0.196044921875 0.07238932291666667 0.0409228515625
1 0.79296875 0.281494140625 0.07751302083333333 0.03216796875
1 0.8157552083333334 0.1121826171875 0.07055989583333333 0.0413232421875
1 0.5764973958333334 0.25244140625 0.05395833333333333 0.0513623046875
1 0.6510416666666666 0.26708984375 0.04512369791666667 0.0530078125
1 0.2716471354166667 0.5947265625 0.02805338541666667 0.051943359375
1 0.7591145833333334 0.413330078125 0.07186197916666666 0.0373828125
1 0.27734375 0.27294921875 0.07014973958333333 0.0312060546875
1 0.26123046875 0.338134765625 0.06197265625 0.042236328125
1 0.7890625 0.2259521484375 0.0751171875 0.0391845703125
1 0.5927734375 0.419921875 0.06286458333333333 0.042724609375
1 0.2693684895833333 0.5244140625 0.03849609375 0.05349609375
1 0.4228515625 0.48583984375 0.0326953125 0.0530078125
1 0.546875 0.25927734375 0.05326171875 0.0506005859375
1 0.498046875 0.38134765625 0.07279296875 0.0211181640625
1 0.359375 0.34228515625 0.056236979166666666 0.04681640625
1 0.3388671875 0.404541015625 0.07255208333333334 0.0257568359375
1 0.5836588541666666 0.337646484375 0.043867187499999995 0.0531005859375
1 0.7682291666666666 0.31298828125 0.06949869791666667 0.0447705078125
1 0.3997395833333333 0.34228515625 0.043053385416666666 0.0517578125
1 0.771484375 0.135986328125 0.0712109375 0.038603515625
1 0.744140625 0.269287109375 0.07186197916666666 0.0354931640625
1 0.34942057291666667 0.6345703125 0.07579427083333333 0.0210693359375
1 0.3919270833333333 0.50048828125 0.029824218750000003 0.05251953125
1 0.8177083333333334 0.25537109375 0.07499348958333334 0.0274365234375
1 0.2972005208333333 0.5830078125 0.02938151041666667 0.0544140625
1 0.4143880208333333 0.423583984375 0.0702734375 0.0364990234375
1 0.5826822916666666 0.5869140625 0.06872395833333333 0.02029296875
1 0.24641927083333334 0.37646484375 0.06660807291666666 0.0359521484375
1 0.24544270833333334 0.59765625 0.02902994791666667 0.053408203125
1 0.7213541666666666 0.3203125 0.044270833333333336 0.056337890625
1 0.4326171875 0.400390625 0.07291666666666667 0.022978515625
1 0.42031250000000003 0.53623046875 0.075390625 0.021669921875
1 0.6744791666666666 0.42236328125 0.03908203125 0.0548095703125
1 0.3411458333333333 0.4326171875 0.06811848958333333 0.03396484375
1 0.5361263020833333 0.6216748046875 0.07231770833333333 0.0393017578125
1 0.6116536458333334 0.317626953125 0.04248046875 0.056640625
1 0.2965494791666667 0.544921875 0.0625390625 0.0406201171875
1 0.6090494791666666 0.2294921875 0.07279296875 0.0266552734375
1 0.5235677083333333 0.403662109375 0.07431640625000001 0.028974609375
1 0.20263671875 0.425537109375 0.06709635416666666 0.031923828125
1 0.7877604166666666 0.351318359375 0.06103515625 0.048583984375
1 0.3356119791666667 0.4765625 0.06913411458333334 0.0316796875
1 0.22916666666666666 0.303466796875 0.049192708333333335 0.0509033203125
1 0.1884765625 0.396728515625 0.06966145833333333 0.0355517578125
1 0.6744791666666666 0.25634765625 0.046263020833333335 0.0551171875
1 0.3177083333333333 0.34375 0.028281249999999997 0.05419921875
1 0.3245442708333333 0.4951171875 0.07552083333333333 0.0340283203125
1 0.5833333333333334 0.5673828125 0.06966145833333333 0.02044921875
1 0.5338541666666666 0.326416015625 0.0414453125 0.053193359375
1 0.39569661458333333 0.62646484375 0.0558203125 0.051689453125
1 0.4345703125 0.5576171875 0.07197916666666666 0.021240234375
1 0.3473307291666667 0.45849609375 0.061848958333333336 0.0315576171875
1 0.18961588541666666 0.44189453125 0.06990885416666666 0.0296484375
1 0.6429036458333334 0.4091796875 0.03466796875 0.05349609375
1 0.74609375 0.3955078125 0.07470703125 0.034609375
1 0.2765299479166667 0.307373046875 0.048828125 0.0518505859375
1 0.3453776041666667 0.30517578125 0.06323567708333333 0.038544921875
1 0.3811848958333333 0.4287109375 0.07067708333333333 0.0372021484375
1 0.6650390625 0.380126953125 0.06774739583333333 0.0403125
1 0.4501953125 0.501953125 0.046751302083333335 0.047607421875
1 0.75390625 0.5576171875 0.07470703125 0.03216796875
1 0.5221354166666666 0.56591796875 0.051595052083333336 0.0472412109375
1 0.3759765625 0.68115234375 0.07527994791666666 0.0239111328125
1 0.21426432291666667 0.55712890625 0.07496744791666667 0.0213330078125
1 0.6272786458333334 0.46044921875 0.057942708333333336 0.04046875
1 0.35546875 0.57373046875 0.03440104166666667 0.05224609375
1 0.4996744791666667 0.434814453125 0.04272786458333333 0.0516650390625
1 0.3645833333333333 0.81494140625 0.06913411458333334 0.04486328125
1 0.3175455729166667 0.6552734375 0.06860677083333333 0.03390625
1 0.5406901041666666 0.477294921875 0.06734375 0.022294921875
1 0.4371744791666667 0.34619140625 0.05395833333333333 0.04568359375
1 0.4192708333333333 0.379150390625 0.07442057291666666 0.022158203125
1 0.3782552083333333 0.74267578125 0.07238932291666667 0.0420849609375
1 0.5989583333333334 0.394775390625 0.05814453125 0.045595703125
1 0.7421875 0.5400390625 0.07360677083333333 0.030107421875
1 0.46196614583333334 0.733017578125 0.06942708333333333 0.042861328125
1 0.33251953125 0.78955078125 0.07470703125 0.0372021484375
1 0.31787109375 0.6806640625 0.062174479166666664 0.0433642578125
1 0.43273437499999995 0.633984375 0.057701822916666666 0.051943359375
1 0.6432291666666666 0.498779296875 0.07527994791666666 0.0284423828125
1 0.60806640625 0.5247119140625 0.057291666666666664 0.050771484375
1 0.4954427083333333 0.36083984375 0.06384114583333333 0.019013671875
1 0.3860677083333333 0.658203125 0.07002604166666666 0.02595703125
1 0.4716796875 0.43603515625 0.041914062499999995 0.0510888671875
1 0.3470052083333333 0.85986328125 0.0605859375 0.055205078125
1 0.5749283854166667 0.4516015625 0.06311197916666667 0.04943359375
1 0.5963541666666666 0.775390625 0.07186197916666666 0.03173828125
1 0.5924479166666666 0.48828125 0.07291666666666667 0.0309619140625
1 0.4108072916666667 0.7294921875 0.06901041666666667 0.044189453125
1 0.6790364583333334 0.5810546875 0.0595703125 0.0489501953125
1 0.53345703125 0.6759716796875 0.04694661458333333 0.0559716796875
1 0.6753841145833334 0.6421875 0.07761067708333333 0.0259130859375
1 0.685546875 0.5224609375 0.07458333333333333 0.02546875
1 0.8209635416666666 0.304443359375 0.059446614583333335 0.05072265625
1 0.67578125 0.46337890625 0.06787109375 0.038115234375
1 0.4860026041666667 0.66943359375 0.06404947916666666 0.04443359375
1 0.5442708333333334 0.82421875 0.06526692708333333 0.049775390625
1 0.4996744791666667 0.556640625 0.053671875 0.045869140625
1 0.8248697916666666 0.20263671875 0.0458984375 0.0552978515625
1 0.8040364583333334 0.49755859375 0.056966145833333336 0.051455078125
1 0.2931315104166667 0.42529296875 0.030455729166666667 0.0551171875
1 0.7994791666666666 0.52978515625 0.06103515625 0.04779296875
1 0.3994140625 0.85205078125 0.047037760416666664 0.055205078125
1 0.3001302083333333 0.6232421875 0.06738932291666667 0.0396728515625
1 0.5582682291666666 0.728515625 0.071328125 0.033662109375
1 0.63671875 0.58349609375 0.029479166666666667 0.0558154296875
1 0.6790364583333334 0.84912109375 0.045983072916666666 0.06076171875
1 0.5296223958333334 0.4384765625 0.04296875 0.0523388671875
1 0.5764973958333334 0.54296875 0.07161458333333333 0.0267626953125
1 0.27392578125 0.67529296875 0.04419270833333333 0.05224609375
1 0.4847005208333333 0.640625 0.0663671875 0.0306689453125
1 0.7545572916666666 0.59521484375 0.04764973958333333 0.0545068359375
1 0.49388020833333335 0.5143505859375 0.07043619791666667 0.033671875
1 0.7428385416666666 0.49267578125 0.07442057291666666 0.0325927734375
1 0.6350911458333334 0.81884765625 0.036705729166666666 0.0546875
1 0.4635416666666667 0.466552734375 0.06453776041666666 0.0438525390625
1 0.3219401041666667 0.51513671875 0.0692578125 0.029482421875
1 0.5520833333333334 0.5126953125 0.07043619791666667 0.0352197265625
1 0.7298177083333334 0.5068359375 0.0702734375 0.029814453125
1 0.4993489583333333 0.7685546875 0.046263020833333335 0.0579248046875
1 0.7975260416666666 0.6953125 0.04512369791666667 0.056337890625
1 0.580078125 0.791015625 0.07568359375 0.03173828125
1 0.7180989583333334 0.73486328125 0.07373046875 0.0384521484375
1 0.6009830729166666 0.8414111328125 0.06036458333333333 0.053212890625
1 0.62109375 0.87890625 0.07267578125 0.0278466796875
1 0.73046875 0.6455078125 0.04005859375 0.0521240234375
1 0.65873046875 0.8365234375 0.05180338541666666 0.055322265625
1 0.3492838541666667 0.77490234375 0.06746744791666666 0.0350048828125
1 0.5820247395833333 0.63916015625 0.054121093749999995 0.0513671875
1 0.763671875 0.6337890625 0.042565104166666666 0.056640625
1 0.7447916666666666 0.100341796875 0.028867187500000002 0.0602099609375
1 0.7486979166666666 0.67919921875 0.073203125 0.0352783203125
1 0.6673177083333334 0.7080078125 0.07108723958333334 0.0328369140625
1 0.6637369791666666 0.6181640625 0.072265625 0.0258642578125
1 0.6338541666666667 0.7423779296875 0.07529296875000001 0.03484375
1 0.744140625 0.70263671875 0.07723307291666666 0.0375390625
1 0.4654231770833333 0.6900341796875 0.06977213541666667 0.0371435546875
1 0.4755859375 0.605859375 0.0580859375 0.0485498046875
1 0.59361328125 0.7529296875 0.07778645833333334 0.03228515625
1 0.7923177083333334 0.58154296875 0.04544921875 0.05349609375
1 0.8151041666666666 0.71435546875 0.04463541666666667 0.0592041015625
1 0.3243098958333333 0.71630859375 0.07656249999999999 0.0255126953125
1 0.6474609375 0.72509765625 0.07332682291666666 0.0305029296875
1 0.77734375 0.73486328125 0.056028645833333335 0.0546875
1 0.4241536458333333 0.7666015625 0.069375 0.0318017578125
1 0.5490234374999999 0.6039990234375 0.07160156250000001 0.037119140625
1 0.7194010416666666 0.607421875 0.0419921875 0.0526123046875
1 0.41328776041666665 0.596484375 0.07382812500000001 0.02900390625
1 0.7194010416666666 0.140869140625 0.03005208333333333 0.059111328125
1 0.6881510416666666 0.7822265625 0.05224609375 0.0549951171875
1 0.5526627604166666 0.70693359375 0.07392578125 0.036240234375
1 0.7174479166666666 0.779296875 0.0546484375 0.0555126953125
1 0.7174479166666666 0.837890625 0.03244791666666667 0.0589892578125
1 0.7923177083333334 0.63525390625 0.0410546875 0.060302734375
1 0.6302083333333334 0.9013671875 0.07470703125 0.0279541015625
1 0.7877604166666666 0.86474609375 0.0644140625 0.052705078125
1 0.6800911458333333 0.67021484375 0.07267578125 0.04048828125
1 0.6580078125000001 0.7821240234375 0.051595052083333336 0.0551171875
1 0.4563802083333333 0.7822265625 0.056236979166666666 0.0564599609375
1 0.5227864583333334 0.7724609375 0.043782552083333336 0.0574951171875
1 0.59916015625 0.6874072265625 0.06656901041666667 0.04302734375
1 0.7649739583333334 0.76123046875 0.056516927083333335 0.0544140625
1 0.19319661458333334 0.2359619140625 0.03440104166666667 0.055205078125
1 0.5208528645833334 0.832744140625 0.063671875 0.0504931640625
1 0.33662109375 0.879326171875 0.063671875 0.0512744140625
1 0.3804622395833333 0.8288330078125 0.06471354166666667 0.0465771484375
1 0.3543684895833333 0.7527001953125 0.06888671875 0.038359375
1 0.7421354166666667 0.7703125 0.05845052083333333 0.054013671875
1 0.47675130208333333 0.717080078125 0.07045572916666666 0.038359375
1 0.6408854166666667 0.677548828125 0.07514973958333333 0.0352294921875
1 0.23563802083333332 0.5227392578125 0.05479817708333334 0.052060546875
1 0.7750130208333333 0.427626953125 0.07932942708333333 0.03953125
1 0.19779947916666665 0.380654296875 0.06993489583333333 0.0364013671875
1 0.22650390625000003 0.349736328125 0.07306640625000001 0.0301416015625
1 0.8097200520833333 0.16458984375 0.07671875 0.0410986328125
1 0.7455273437500001 0.245224609375 0.07776041666666667 0.0301416015625
