1 0.76953125 0.26220703125 0.023255208333333333 0.038759765625
1 0.5808919270833334 0.29015625 0.04960286458333333 0.0280126953125
1 0.5424869791666667 0.361455078125 0.044726562500000004 0.0337744140625
1 0.7884114583333334 0.260498046875 0.025104166666666667 0.038544921875
1 0.7272135416666666 0.2578125 0.022031250000000002 0.04123046875
1 0.5751953125 0.68701171875 0.03886067708333333 0.0360107421875
1 0.6468098958333334 0.703125 0.03574869791666666 0.037109375
1 0.6276041666666666 0.279052734375 0.05195963541666667 0.019423828125
1 0.3528645833333333 0.298583984375 0.056315104166666664 0.0257568359375
1 0.2255859375 0.65478515625 0.024029947916666666 0.04046875
1 0.3113606770833333 0.271728515625 0.049680989583333335 0.029814453125
1 0.3250325520833333 0.7596240234375 0.025696614583333333 0.0397021484375
1 0.55490234375 0.749755859375 0.051881510416666665 0.02291015625
1 0.4634895833333333 0.790029296875 0.028632812499999997 0.0404443359375
1 0.5551497395833334 0.7828564453125 0.048014322916666664 0.029814453125
1 0.49423828124999997 0.74873046875 0.039954427083333334 0.03568359375
1 0.4638671875 0.230712890625 0.04512369791666667 0.032412109375
1 0.626953125 0.263671875 0.054563802083333335 0.02029296875
1 0.5693359375 0.267822265625 0.0508203125 0.029375
1 0.29813802083333335 0.70849609375 0.044921875 0.031083984375
1 0.5049934895833333 0.7782568359375 0.03451822916666667 0.038603515625
1 0.22623697916666666 0.461669921875 0.04160807291666666 0.0365625
1 0.349609375 0.77587890625 0.02658854166666667 0.0384521484375
1 0.5166015625 0.240234375 0.025208333333333333 0.0426318359375
1 0.251953125 0.313720703125 0.047486979166666665 0.0340283203125
1 0.6214192708333334 0.73876953125 0.03098307291666667 0.0383935546875
1 0.44040364583333336 0.784853515625 0.021542968750000002 0.0408642578125
1 0.3916015625 0.367431640625 0.047486979166666665 0.0165234375
1 0.23860677083333334 0.33203125 0.03275390625 0.041533203125
1 0.35179036458333335 0.7281298828125 0.041692708333333335 0.0342431640625
1 0.6992447916666666 0.6683447265625 0.035670572916666664 0.038310546875
1 0.7695442708333333 0.69998046875 0.054498697916666665 0.0231005859375
1 0.3811848958333333 0.3115234375 0.04756510416666667 0.028017578125
1 0.71337890625 0.4361572265625 0.036640625 0.038173828125
1 0.681640625 0.25 0.03389322916666667 0.039794921875
1 0.498046875 0.2420654296875 0.025553385416666668 0.0431591796875
1 0.6945052083333333 0.281005859375 0.04981119791666667 0.03203125
1 0.3761393229166667 0.38037109375 0.05412760416666667 0.016787109375
1 0.447265625 0.2998046875 0.052369791666666665 0.030732421875
1 0.4664713541666667 0.25146484375 0.0419921875 0.0375390625
1 0.27733723958333334 0.306513671875 0.05380859375 0.0318505859375
1 0.5479166666666667 0.7347412109375 0.050429687499999994 0.0240185546875
1 0.6686197916666666 0.7353515625 0.03486979166666667 0.03662109375
1 0.7669270833333334 0.394892578125 0.04931640625 0.0300244140625
1 0.3837890625 0.21630859375 0.026041666666666668 0.041474609375
1 0.2615559895833333 0.545166015625 0.04016927083333333 0.036103515625
1 0.2931315104166667 0.3896484375 0.03684244791666667 0.0372021484375
1 0.4176432291666667 0.229248046875 0.056445312500000004 0.0166650390625
1 0.6171875 0.2342529296875 0.053834635416666665 0.0242333984375
1 0.4051953125 0.7862255859375 0.0487890625 0.02650390625
1 0.7455924479166667 0.7154638671875 0.053561197916666664 0.01875
1 0.4886067708333333 0.1947021484375 0.027057291666666667 0.0413232421875
1 0.525390625 0.7666015625 0.03159505208333333 0.0375390625
1 0.3990885416666667 0.4605712890625 0.053027343750000004 0.018583984375
1 0.65203125 0.6216748046875 0.05392578125 0.0165087890625
1 0.1982421875 0.5764208984375 0.024960937500000002 0.0421484375
1 0.6467578125 0.7334619140625 0.03560546875 0.03689453125
1 0.7384049479166667 0.6749658203125 0.025084635416666667 0.0395703125
1 0.22021484375 0.497314453125 0.04830729166666667 0.03365234375
1 0.3759765625 0.287353515625 0.05195963541666667 0.0219140625
1 0.650390625 0.2117919921875 0.056243489583333334 0.0217431640625
1 0.6829427083333334 0.306640625 0.048463541666666665 0.0156689453125
1 0.3909505208333333 0.337890625 0.020104166666666666 0.038818359375
1 0.5732421875 0.3603515625 0.020891927083333334 0.0394921875
1 0.24854166666666666 0.3652392578125 0.04542317708333333 0.0359912109375
1 0.5636328125 0.4005126953125 0.052819010416666666 0.018583984375
1 0.6748046875 0.3968505859375 0.052408854166666664 0.021923828125
1 0.2565104166666667 0.583984375 0.021360677083333335 0.0394287109375
1 0.6959635416666666 0.2354736328125 0.036497395833333335 0.04046875
1 0.2760416666666667 0.5869140625 0.0234375 0.038330078125
1 0.5319010416666666 0.387451171875 0.026002604166666665 0.038759765625
1 0.7747395833333334 0.301513671875 0.027467447916666665 0.0409228515625
1 0.7463802083333334 0.6255908203125 0.047890625 0.03064453125
1 0.4928385416666667 0.28759765625 0.04154296875 0.035185546875
1 0.732421875 0.6015625 0.027265625 0.0372021484375
1 0.5966731770833333 0.254150390625 0.05591145833333333 0.0211181640625
1 0.6438802083333334 0.306396484375 0.030520833333333334 0.04025390625
1 0.5989583333333334 0.7236328125 0.02658854166666667 0.041474609375
1 0.5356184895833334 0.6366357421875 0.05347005208333333 0.0165869140625
1 0.7018229166666666 0.6142578125 0.042402343749999995 0.0318017578125
1 0.7486979166666666 0.261962890625 0.0223828125 0.043701171875
1 0.71875 0.7041015625 0.052369791666666665 0.018935546875
1 0.2659505208333333 0.2626953125 0.049192708333333335 0.034365234375
1 0.38759765625000003 0.7720361328125 0.05296223958333333 0.01751953125
1 0.47127604166666665 0.812939453125 0.045813802083333334 0.0301904296875
1 0.7402408854166667 0.472421875 0.04621744791666666 0.032216796875
1 0.4222005208333333 0.2147216796875 0.05423828125 0.0157177734375
1 0.6458333333333334 0.64697265625 0.02025390625 0.0383935546875
1 0.25341796875 0.6943359375 0.036985677083333335 0.031435546875
1 0.3113606770833333 0.77587890625 0.026549479166666667 0.0397021484375
1 0.6559244791666666 0.2349853515625 0.04272786458333333 0.0360107421875
1 0.7259114583333334 0.51220703125 0.02516927083333333 0.038115234375
1 0.3092447916666667 0.63916015625 0.049479166666666664 0.016923828125
1 0.4752604166666667 0.461669921875 0.02033203125 0.038330078125
1 0.4671223958333333 0.1966552734375 0.026653645833333333 0.040771484375
1 0.3994140625 0.72998046875 0.02146484375 0.038115234375
1 0.66552734375 0.26416015625 0.031145833333333334 0.0422705078125
1 0.6686197916666666 0.75927734375 0.0439453125 0.0327783203125
1 0.23014322916666666 0.6171875 0.028769531249999997 0.0379052734375
1 0.7591145833333334 0.6591796875 0.03623697916666666 0.0372021484375
1 0.2589518229166667 0.1942138671875 0.03635416666666667 0.0406201171875
1 0.5233984375 0.712353515625 0.05102213541666667 0.024951171875
1 0.5061848958333334 0.2010498046875 0.029153645833333335 0.0406201171875
1 0.39823567708333335 0.75732421875 0.051705729166666665 0.0173779296875
1 0.3006184895833333 0.189208984375 0.026751302083333334 0.04046875
1 0.75390625 0.23388671875 0.05244791666666667 0.018720703125
1 0.5393880208333334 0.27587890625 0.029544270833333334 0.041533203125
1 0.4256184895833333 0.1978759765625 0.05591796875 0.0173046875
1 0.2726236979166667 0.62744140625 0.052167968749999995 0.0147314453125
1 0.779296875 0.68896484375 0.050703124999999995 0.023603515625
1 0.7213541666666666 0.5478515625 0.030397135416666665 0.0375390625
1 0.5930989583333334 0.35888671875 0.021627604166666665 0.0381787109375
1 0.4091796875 0.339111328125 0.020104166666666666 0.042021484375
1 0.6559244791666666 0.67529296875 0.048014322916666664 0.023193359375
1 0.744140625 0.7294921875 0.049479166666666664 0.0191943359375
1 0.4915364583333333 0.6513671875 0.019114583333333334 0.0408349609375
1 0.5104166666666666 0.389404296875 0.026692708333333332 0.0382373046875
1 0.7350260416666666 0.337041015625 0.05319661458333333 0.0256787109375
1 0.5279947916666666 0.67041015625 0.01940755208333333 0.0375390625
1 0.21744791666666666 0.5784912109375 0.021868489583333334 0.041171875
1 0.7845052083333334 0.3359375 0.042076822916666666 0.0350634765625
1 0.4345703125 0.2567041015625 0.030130208333333335 0.0418994140625
1 0.6783854166666666 0.64892578125 0.024778645833333335 0.0384521484375
1 0.2786458333333333 0.1912841796875 0.032311197916666666 0.0403125
1 0.7141927083333334 0.64501953125 0.045286458333333335 0.0276318359375
1 0.4283854166666667 0.347900390625 0.019941406249999998 0.040771484375
1 0.7864583333333334 0.7265625 0.03953125 0.036162109375
1 0.30712890625 0.32861328125 0.027467447916666665 0.0420849609375
1 0.6214192708333334 0.306396484375 0.03224609375 0.0397021484375
1 0.28369140625 0.33935546875 0.021542968750000002 0.0417822265625
1 0.5380859375 0.2303466796875 0.021542968750000002 0.0431201171875
1 0.4104817708333333 0.25927734375 0.03135416666666666 0.0423291015625
1 0.2936197916666667 0.77880859375 0.028704427083333334 0.0376904296875
1 0.6259765625 0.64599609375 0.018821614583333333 0.038603515625
1 0.6197916666666666 0.77783203125 0.025104166666666667 0.0391845703125
1 0.42400390625 0.8072509765625 0.02317057291666667 0.040771484375
1 0.779296875 0.61962890625 0.02033203125 0.038818359375
1 0.21028645833333334 0.6201171875 0.030800781250000003 0.03955078125
1 0.4378255208333333 0.452880859375 0.0183203125 0.0406201171875
1 0.7942708333333334 0.30224609375 0.028932291666666665 0.038330078125
1 0.7141927083333334 0.75 0.02902994791666667 0.0383935546875
1 0.6070703125 0.6522509765625 0.019186197916666665 0.0406591796875
1 0.4576822916666667 0.45556640625 0.02025390625 0.041533203125
1 0.6402994791666666 0.19873046875 0.055501302083333336 0.0224169921875
1 0.24007161458333334 0.19873046875 0.038125 0.0394287109375
1 0.3232421875 0.2156982421875 0.021953125 0.03927734375
1 0.333984375 0.257568359375 0.056516927083333335 0.0181591796875
1 0.23551432291666666 0.2220458984375 0.05147135416666667 0.02580078125
1 0.7975260416666666 0.288330078125 0.021627604166666665 0.019423828125
1 0.5632356770833333 0.7623486328125 0.0553515625 0.020625
1 0.5644661458333333 0.794873046875 0.04936197916666666 0.030146484375
1 0.59337890625 0.7485986328125 0.03526041666666666 0.0391357421875
1 0.5745182291666667 0.7095947265625 0.033496093750000004 0.0367578125
1 0.6210546875 0.7029833984375 0.0278515625 0.0393994140625
1 0.5420833333333334 0.720966796875 0.05253255208333333 0.0251220703125
1 0.35186848958333333 0.748466796875 0.040195312500000004 0.0351708984375
1 0.38130859375000004 0.7319384765625 0.02080078125 0.04072265625
1 0.4267903645833333 0.7311474609375 0.03561197916666667 0.037548828125
1 0.4389518229166667 0.7443701171875 0.030319010416666667 0.0396630859375
1 0.483203125 0.7360400390625 0.03772786458333333 0.0356982421875
1 0.50453125 0.7027197265625 0.04513020833333333 0.0325244140625
1 0.4867252604166667 0.6776025390625 0.04618489583333333 0.0309375
1 0.46891927083333335 0.7176611328125 0.029615885416666668 0.038076171875
1 0.4574609375 0.7036474609375 0.03208333333333333 0.0396630859375
1 0.4544661458333333 0.6619970703125 0.02397786458333333 0.0393994140625
1 0.43877604166666667 0.6770703125 0.029967447916666667 0.0378125
1 0.4285546875 0.695185546875 0.03208333333333333 0.0391357421875
1 0.4139192708333333 0.7031201171875 0.030319010416666667 0.0391357421875
1 0.3761979166666667 0.70576171875 0.05006510416666667 0.02802734375
1 0.3286002604166667 0.703251953125 0.054296875 0.020361328125
1 0.3478125 0.691220703125 0.05182942708333333 0.02115234375
1 0.2621354166666667 0.6783935546875 0.040546875 0.034638671875
1 0.2899934895833333 0.681171875 0.04125 0.03384765625
1 0.37372395833333333 0.682626953125 0.05147786458333333 0.0187744140625
1 0.37284505208333335 0.6678173828125 0.05253255208333333 0.0182470703125
1 0.38007161458333333 0.6547265625 0.054296875 0.0179833984375
1 0.33159505208333334 0.667685546875 0.041953125 0.0354345703125
1 0.3144921875 0.6617333984375 0.04301432291666666 0.033583984375
1 0.2838216145833333 0.6565771484375 0.054296875 0.0216845703125
1 0.259140625 0.648515625 0.04936197916666666 0.03041015625
1 0.41374348958333335 0.6626611328125 0.03208333333333333 0.0391357421875
1 0.5096419270833333 0.6597509765625 0.02150390625 0.04125
1 0.54578125 0.671123046875 0.02115234375 0.04072265625
1 0.59408203125 0.6754833984375 0.03526041666666666 0.0378125
1 0.5697591145833333 0.645341796875 0.021861979166666667 0.040458984375
1 0.5896744791666667 0.63357421875 0.02080078125 0.0417822265625
1 0.7062239583333333 0.56046875 0.04009765625 0.0359375
1 0.7024739583333334 0.581982421875 0.03651041666666666 0.03642578125
1 0.6860091145833334 0.59017578125 0.03422526041666667 0.0386279296875
1 0.6664518229166666 0.5953076171875 0.027057291666666667 0.0396044921875
1 0.6467317708333333 0.5948193359375 0.022819010416666664 0.0391162109375
1 0.6263606770833333 0.5910302734375 0.021842447916666664 0.041318359375
1 0.6090820312499999 0.6077783203125 0.021842447916666664 0.0400927734375
1 0.5799088541666667 0.580517578125 0.04237630208333334 0.0320263671875
1 0.5768098958333333 0.5964111328125 0.047265625 0.029580078125
1 0.5574153645833334 0.61193359375 0.05345703125 0.01466796875
1 0.531171875 0.59921875 0.04466145833333333 0.0293359375
1 0.5108007812500001 0.6218359375 0.052154947916666666 0.0158935546875
1 0.7024739583333334 0.5231884765625 0.029986979166666667 0.0381396484375
1 0.6775325520833334 0.536142578125 0.02509765625 0.04107421875
1 0.6576497395833333 0.55240234375 0.027057291666666667 0.0388720703125
1 0.6379296875 0.551181640625 0.028033854166666667 0.0393603515625
1 0.6125065104166666 0.5682958984375 0.035859375 0.0374072265625
1 0.5794205729166667 0.561201171875 0.04921875 0.026650390625
1 0.5714322916666666 0.542744140625 0.0482421875 0.0239599609375
1 0.5724088541666666 0.5277099609375 0.0482421875 0.0261572265625
1 0.5800716145833333 0.5137744140625 0.04596354166666666 0.028115234375
1 0.6079427083333333 0.53919921875 0.027382812500000003 0.0388720703125
1 0.6305924479166667 0.520498046875 0.047265625 0.028359375
1 0.6948111979166667 0.496904296875 0.029661458333333335 0.0398486328125
1 0.6677539062500001 0.5103515625 0.03162109375 0.0378955078125
1 0.65537109375 0.49287109375 0.03162109375 0.0400927734375
1 0.6349934895833333 0.491650390625 0.03129557291666667 0.0391162109375
1 0.6816080729166667 0.472578125 0.026731770833333335 0.0405859375
1 0.6990494791666667 0.44703125 0.03422526041666667 0.0383837890625
1 0.7254557291666667 0.4641455078125 0.04596354166666666 0.0359375
1 0.746640625 0.4423876953125 0.047265625 0.0315380859375
1 0.7533268229166666 0.4258837890625 0.04432942708333334 0.034228515625
1 0.7631054687500001 0.41158203125 0.04759114583333333 0.0320263671875
1 0.71779296875 0.4044921875 0.026080729166666667 0.041318359375
1 0.6864973958333334 0.4187939453125 0.04563802083333333 0.034716796875
1 0.6692252604166667 0.4536328125 0.03194661458333333 0.0393603515625
1 0.6496614583333333 0.4530224609375 0.028684895833333335 0.0386279296875
1 0.6289648437500001 0.45509765625 0.029661458333333335 0.0383837890625
1 0.6085937499999999 0.4762451171875 0.04367838541666667 0.0322705078125
1 0.6014192708333334 0.490546875 0.04432942708333334 0.0315380859375
1 0.5862630208333334 0.499228515625 0.0453125 0.02982421875
1 0.5425846354166667 0.47966796875 0.05182942708333333 0.0190673828125
1 0.53720703125 0.4927490234375 0.05280598958333333 0.0183349609375
1 0.5323111979166667 0.5065625 0.052154947916666666 0.020048828125
1 0.5194401041666666 0.52123046875 0.05248046875 0.01564453125
1 0.5218815104166666 0.5352880859375 0.052154947916666666 0.0158935546875
1 0.54763671875 0.5605908203125 0.024772135416666664 0.0391162109375
1 0.5282421875 0.5608349609375 0.02509765625 0.0381396484375
1 0.49662109374999996 0.54763671875 0.04466145833333333 0.02982421875
1 0.5005338541666667 0.5676806640625 0.04596354166666666 0.02982421875
1 0.5010221354166667 0.5854052734375 0.04563802083333333 0.028115234375
1 0.48847005208333333 0.609853515625 0.04596354166666666 0.0300732421875
1 0.46581380208333334 0.6335693359375 0.03389973958333333 0.0374072265625
1 0.43631510416666663 0.6237890625 0.03553385416666666 0.03544921875
1 0.4092578125 0.638828125 0.053131510416666666 0.020537109375
1 0.39736328125000003 0.62232421875 0.05150390625 0.015400390625
1 0.35971354166666664 0.639560546875 0.051178385416666666 0.021513671875
1 0.34537109375 0.62427734375 0.055091145833333334 0.0158935546875
1 0.35759114583333335 0.6102197265625 0.052154947916666666 0.0161376953125
1 0.3173372395833333 0.5995849609375 0.029010416666666667 0.0393603515625
1 0.3016861979166667 0.6085107421875 0.03162109375 0.0381396484375
1 0.26599609375 0.612666015625 0.054765625000000005 0.0161376953125
1 0.3518880208333333 0.5681689453125 0.05182942708333333 0.01515625
1 0.34764973958333334 0.5827197265625 0.05444010416666667 0.0173583984375
1 0.35302734375 0.5955517578125 0.05150390625 0.0185791015625
1 0.46223307291666665 0.605576171875 0.04955078125 0.02640625
1 0.45636067708333333 0.5884619140625 0.05345703125 0.020048828125
1 0.45701171875 0.5737939453125 0.04955078125 0.022490234375
1 0.40893229166666667 0.6037451171875 0.05248046875 0.022734375
1 0.40501953125 0.5906640625 0.053131510416666666 0.0244482421875
1 0.39947916666666666 0.577216796875 0.051178385416666666 0.0244482421875
1 0.4029036458333333 0.5608349609375 0.05085286458333333 0.0259130859375
1 0.43990234375000004 0.555458984375 0.03553385416666666 0.0371630859375
1 0.46630208333333334 0.545068359375 0.021842447916666664 0.0403369140625
1 0.23649088541666666 0.58259765625 0.02249348958333333 0.0391162109375
1 0.2032421875 0.534677734375 0.0387890625 0.0396044921875
1 0.22247395833333336 0.5360205078125 0.03553385416666666 0.0378955078125
1 0.23958984375 0.542744140625 0.03846354166666666 0.0381396484375
1 0.24447916666666666 0.515361328125 0.054765625000000005 0.0254248046875
1 0.2865299479166667 0.5553369140625 0.054114583333333334 0.0256689453125
1 0.30283203124999997 0.5717138671875 0.03651041666666666 0.0369140625
1 0.32287760416666667 0.5423779296875 0.03748697916666666 0.03642578125
1 0.33624348958333333 0.53259765625 0.036184895833333335 0.0369140625
1 0.3543359375 0.528076171875 0.035859375 0.036181640625
1 0.38041015624999996 0.5345556640625 0.03455078125 0.0374072265625
1 0.28229166666666666 0.5170751953125 0.04042317708333334 0.035693359375
1 0.2591471354166667 0.494951171875 0.05280598958333333 0.0256689453125
1 0.2663216145833333 0.477958984375 0.05345703125 0.0249365234375
1 0.3178255208333333 0.5092529296875 0.05150390625 0.0234716796875
1 0.30527343749999997 0.4972705078125 0.05378255208333333 0.021513671875
1 0.3536783854166667 0.5013037109375 0.0378125 0.0369140625
1 0.3745442708333333 0.49763671875 0.03129557291666667 0.0369140625
1 0.4309375 0.536142578125 0.05085286458333333 0.0254248046875
1 0.41382161458333333 0.52685546875 0.04921875 0.0259130859375
1 0.40681640625 0.5140185546875 0.05085286458333333 0.0256689453125
1 0.46223307291666665 0.5180517578125 0.052154947916666666 0.020048828125
1 0.47836588541666664 0.506806640625 0.05182942708333333 0.020048828125
1 0.44951822916666667 0.493115234375 0.04042317708333334 0.033740234375
1 0.49189453125 0.4866357421875 0.04955078125 0.0251806640625
1 0.41284505208333333 0.4962939453125 0.051178385416666666 0.0244482421875
1 0.4195247395833333 0.476982421875 0.054765625000000005 0.0180908203125
1 0.3828580729166667 0.478447265625 0.04074869791666667 0.033740234375
1 0.24480468749999998 0.455341796875 0.04172526041666667 0.0374072265625
1 0.24268880208333332 0.43236328125 0.04791666666666666 0.0310498046875
1 0.28131510416666666 0.445810546875 0.04694010416666666 0.0300732421875
1 0.3015234375 0.451064453125 0.04759114583333333 0.0312939453125
1 0.30397135416666665 0.4745361328125 0.0368359375 0.036669921875
1 0.33722005208333333 0.4771044921875 0.05248046875 0.0198046875
1 0.34537109375 0.460234375 0.05052734375 0.022734375
1 0.34716145833333334 0.4448291015625 0.05345703125 0.0232275390625
1 0.39785156250000003 0.4456884765625 0.05378255208333333 0.0176025390625
1 0.4056705729166667 0.4327294921875 0.051178385416666666 0.0161376953125
1 0.24920572916666664 0.402412109375 0.03748697916666666 0.0391162109375
1 0.2656705729166667 0.4112158203125 0.03651041666666666 0.036181640625
1 0.28115234375000003 0.4213623046875 0.03553385416666666 0.03642578125
1 0.31651692708333334 0.4289404296875 0.052154947916666666 0.0242041015625
1 0.33591796875 0.420751953125 0.05052734375 0.0234716796875
1 0.3373828125 0.4043701171875 0.054114583333333334 0.022001953125
1 0.34748697916666665 0.392265625 0.052154947916666666 0.0198046875
1 0.3848111979166667 0.4178173828125 0.05248046875 0.0171142578125
1 0.43615234374999995 0.4230712890625 0.04955078125 0.0261572265625
1 0.48684244791666664 0.439453125 0.051178385416666666 0.0237158203125
1 0.5039518229166667 0.4294287109375 0.05085286458333333 0.0232275390625
1 0.5251432291666667 0.42013671875 0.05085286458333333 0.0217578125
1 0.45343098958333333 0.4148828125 0.04759114583333333 0.02640625
1 0.4754296875 0.4060791015625 0.04791666666666666 0.0249365234375
1 0.4710286458333333 0.388720703125 0.04889322916666666 0.0273828125
1 0.4253971354166666 0.39837890625 0.050201822916666666 0.029580078125
1 0.393125 0.3982568359375 0.04759114583333333 0.02787109375
1 0.43468749999999995 0.37515625 0.05378255208333333 0.026650390625
1 0.2661588541666667 0.3469189453125 0.023795572916666664 0.04205078125
1 0.32515625 0.3346923828125 0.029010416666666667 0.04107421875
1 0.33233072916666667 0.3592626953125 0.04139973958333334 0.033984375
1 0.34862630208333334 0.3657421875 0.04466145833333333 0.035205078125
1 0.36069010416666664 0.3362841796875 0.04270182291666667 0.03544921875
1 0.33233072916666667 0.3056005859375 0.05182942708333333 0.02787109375
1 0.28131510416666666 0.2923974609375 0.050201822916666666 0.02640625
1 0.29402994791666665 0.2802978515625 0.05150390625 0.028603515625
1 0.45440755208333333 0.3477734375 0.03651041666666666 0.0388720703125
1 0.48146484375 0.3637841796875 0.020859375 0.0405859375
1 0.5073763020833334 0.3554736328125 0.03357421875 0.0391162109375
1 0.5388346354166667 0.3392138671875 0.04498697916666666 0.0320263671875
1 0.54861328125 0.3263818359375 0.04563802083333333 0.0317822265625
1 0.5660546875 0.3184375 0.04661458333333333 0.0315380859375
1 0.5803971354166667 0.3073095703125 0.047265625 0.0303173828125
1 0.6133203125 0.3420263671875 0.04009765625 0.034228515625
1 0.64037109375 0.3372607421875 0.04791666666666666 0.0305615234375
1 0.6654752604166666 0.3296826171875 0.038138020833333335 0.0388720703125
1 0.6191861979166667 0.371611328125 0.03487630208333333 0.0386279296875
1 0.6470572916666667 0.375888671875 0.03846354166666666 0.03544921875
1 0.6653125 0.36953125 0.04302734375 0.0369140625
1 0.5936002604166667 0.3892138671875 0.05541666666666667 0.0176025390625
1 0.47591796875 0.32185546875 0.05280598958333333 0.0242041015625
1 0.48944661458333333 0.334814453125 0.05248046875 0.0232275390625
1 0.46076171875 0.309755859375 0.04791666666666666 0.0312939453125
1 0.51650390625 0.45595703125 0.04205078125 0.0332470703125
1 0.5453515624999999 0.45033203125 0.029335937500000003 0.0391162109375
1 0.5618164062500001 0.45509765625 0.029010416666666667 0.0388720703125
1 0.5787630208333333 0.462431640625 0.030970052083333335 0.0393603515625
1 0.6113606770833333 0.442509765625 0.04074869791666667 0.0371630859375
1 0.5808854166666667 0.4308935546875 0.05280598958333333 0.0183349609375
1 0.576484375 0.4154931640625 0.053131510416666666 0.0193115234375
1 0.6281510416666667 0.41537109375 0.05150390625 0.0244482421875
1 0.6268489583333333 0.40021484375 0.0482421875 0.0259130859375
1 0.6547200520833333 0.420380859375 0.047265625 0.0315380859375
1 0.7699479166666667 0.3783349609375 0.05280598958333333 0.0246923828125
1 0.7637565104166667 0.360732421875 0.054114583333333334 0.0251806640625
1 0.7262695312499999 0.3573095703125 0.039114583333333335 0.0374072265625
1 0.7027994791666666 0.35767578125 0.04042317708333334 0.036669921875
1 0.6923697916666667 0.3708740234375 0.04302734375 0.035693359375
1 0.7484375 0.3247900390625 0.05085286458333333 0.0251806640625
1 0.7018229166666666 0.323447265625 0.0462890625 0.035205078125
1 0.73572265625 0.3051123046875 0.05280598958333333 0.0259130859375
1 0.7384895833333333 0.289462890625 0.053131510416666666 0.0239599609375
