1 0.6638346354166667 0.755205078125 0.05692708333333333 0.052607421875
1 0.2820638020833333 0.73681640625 0.053144531249999995 0.052431640625
1 0.23889973958333333 0.8318310546875 0.05286458333333333 0.053369140625
1 0.63435546875 0.7487255859375 0.06099609375 0.051845703125
1 0.2607877604166667 0.8409716796875 0.05274088541666667 0.055673828125
1 0.30684244791666665 0.729306640625 0.051894531249999994 0.0524560546875
1 0.3766276041666667 0.87255859375 0.03835286458333333 0.0589013671875
1 0.333984375 0.86328125 0.0414453125 0.0580126953125
1 0.4749348958333333 0.71728515625 0.049765625 0.05685546875
1 0.3382161458333333 0.71728515625 0.03305989583333333 0.0562451171875
1 0.5908203125 0.720703125 0.05859375 0.04958984375
1 0.3084309895833333 0.86669921875 0.036295572916666664 0.058134765625
1 0.5810546875 0.9111328125 0.050130208333333336 0.0577099609375
1 0.5758463541666666 0.65283203125 0.054850260416666664 0.0443408203125
1 0.353515625 0.44775390625 0.0595703125 0.04876953125
1 0.3753255208333333 0.7236328125 0.04067057291666667 0.056123046875
1 0.6246744791666666 0.873046875 0.043294270833333336 0.059755859375
1 0.341796875 0.630859375 0.048951822916666665 0.0517578125
1 0.3059895833333333 0.68212890625 0.03212239583333334 0.057802734375
1 0.5442708333333334 0.91357421875 0.057942708333333336 0.05072265625
1 0.5319010416666666 0.8623046875 0.041666666666666664 0.057802734375
1 0.13102213541666666 0.345458984375 0.03635416666666667 0.0531005859375
1 0.6477864583333334 0.7119140625 0.06746744791666666 0.04123046875
1 0.31494140625 0.625 0.04537109375 0.0523388671875
1 0.5771484375 0.60400390625 0.031171875 0.0545068359375
1 0.5677083333333334 0.4521484375 0.045286458333333335 0.05126953125
1 0.7005208333333334 0.411376953125 0.0415234375 0.0533154296875
1 0.13908203125 0.4375 0.03440104166666667 0.052705078125
1 0.7565104166666666 0.455078125 0.07792317708333334 0.0386962890625
1 0.203125 0.455810546875 0.04858723958333333 0.0506005859375
1 0.8001302083333334 0.281005859375 0.05781901041666667 0.0494091796875
1 0.10620442708333333 0.345703125 0.03826822916666667 0.0526123046875
1 0.3395182291666667 0.2313232421875 0.030800781250000003 0.05560546875
1 0.20475260416666666 0.424560546875 0.06587890625 0.035888671875
1 0.744140625 0.6328125 0.055787760416666665 0.050810546875
1 0.6288671875 0.459736328125 0.06197265625 0.04783203125
1 0.53515625 0.53662109375 0.06197265625 0.0442822265625
1 0.7916666666666666 0.46240234375 0.07108723958333334 0.0413232421875
1 0.7233072916666666 0.399658203125 0.0439453125 0.05490234375
1 0.4381510416666667 0.884765625 0.029479166666666667 0.0572802734375
1 0.447265625 0.70556640625 0.04520833333333333 0.0560302734375
1 0.4371744791666667 0.08154296875 0.04830078125 0.0562451171875
1 0.5921223958333334 0.8662109375 0.038209635416666665 0.059755859375
1 0.6959635416666666 0.64111328125 0.06872395833333333 0.0457763671875
1 0.5595703125 0.55078125 0.07014973958333333 0.04193359375
1 0.64453125 0.2095947265625 0.03826822916666667 0.05419921875
1 0.4583333333333333 0.53076171875 0.07197916666666666 0.0330224609375
1 0.623046875 0.2198486328125 0.03877604166666667 0.0564599609375
1 0.7135416666666666 0.26171875 0.02902994791666667 0.058349609375
1 0.29296875 0.61767578125 0.04858723958333333 0.052431640625
1 0.27197265625 0.346923828125 0.039225260416666664 0.0545947265625
1 0.2503255208333333 0.56103515625 0.056764322916666665 0.0469970703125
1 0.6494140625 0.26611328125 0.041666666666666664 0.056640625
1 0.3538411458333333 0.8154296875 0.056516927083333335 0.0517578125
1 0.7473958333333334 0.33447265625 0.07401692708333334 0.03955078125
1 0.6627604166666666 0.42919921875 0.0625390625 0.04248046875
1 0.5403645833333334 0.6259765625 0.0410546875 0.05490234375
1 0.685546875 0.2607421875 0.02712239583333333 0.056337890625
1 0.3512369791666667 0.408203125 0.07267578125 0.029921875
1 0.6383463541666666 0.5830078125 0.053144531249999995 0.0517578125
1 0.689453125 0.6728515625 0.07442057291666666 0.0322900390625
1 0.37795572916666664 0.6442138671875 0.057428385416666665 0.0521484375
1 0.6051432291666666 0.423828125 0.06787109375 0.0368359375
1 0.748046875 0.389404296875 0.045820312499999995 0.055419921875
1 0.5406901041666666 0.447021484375 0.045735677083333336 0.049501953125
1 0.7578125 0.4306640625 0.07430338541666666 0.0335986328125
1 0.2843424479166667 0.5615234375 0.049765625 0.0518505859375
1 0.3175455729166667 0.2213134765625 0.03595052083333333 0.0558154296875
1 0.16235677083333333 0.426025390625 0.03318359375 0.0499560546875
1 0.5091145833333334 0.446044921875 0.051881510416666665 0.0451953125
1 0.6106770833333334 0.272216796875 0.026998697916666665 0.0557275390625
1 0.3430989583333333 0.306396484375 0.07092447916666667 0.02029296875
1 0.6744791666666666 0.53953125 0.04370442708333333 0.054423828125
1 0.4557291666666667 0.5751953125 0.07470703125 0.033720703125
1 0.5091145833333334 0.369384765625 0.06774739583333333 0.0403125
1 0.7122395833333334 0.55810546875 0.043294270833333336 0.0535888671875
1 0.4098307291666667 0.6728515625 0.04712239583333333 0.0544140625
1 0.275390625 0.6728515625 0.03345052083333334 0.05560546875
1 0.4752604166666667 0.315673828125 0.06587890625 0.0372021484375
1 0.18896484375 0.234375 0.04837890625 0.0526123046875
1 0.7740885416666666 0.2406005859375 0.06685546875 0.0464794921875
1 0.6018880208333334 0.402099609375 0.07055989583333333 0.03689453125
1 0.27197265625 0.3828125 0.06872395833333333 0.0235595703125
1 0.3059895833333333 0.432373046875 0.031412760416666664 0.051943359375
1 0.13403645833333333 0.277099609375 0.058919270833333336 0.0403759765625
1 0.4931640625 0.87841796875 0.030800781250000003 0.0592041015625
1 0.45703125 0.75439453125 0.07161458333333333 0.034609375
1 0.27978515625 0.283935546875 0.060468749999999995 0.0484033203125
1 0.7682291666666666 0.3720703125 0.04544921875 0.0558154296875
1 0.6057682291666667 0.348427734375 0.05128255208333333 0.0520068359375
1 0.5595703125 0.849609375 0.036497395833333335 0.0582275390625
1 0.5610286458333333 0.368408203125 0.07214192708333333 0.0333251953125
1 0.7044270833333334 0.173828125 0.0692578125 0.0401611328125
1 0.7265625 0.859375 0.029661458333333335 0.062685546875
1 0.5569661458333334 0.57177734375 0.068359375 0.035830078125
1 0.7740885416666666 0.79345703125 0.07552083333333333 0.0372607421875
1 0.27685546875 0.2490234375 0.044029947916666666 0.0484033203125
1 0.13403645833333333 0.206787109375 0.061360677083333336 0.0431201171875
1 0.2794596354166667 0.205810546875 0.04740234375 0.0528271484375
1 0.6866796875 0.190146484375 0.076875 0.036787109375
1 0.48828125 0.060302734375 0.052369791666666665 0.0549951171875
1 0.6634114583333334 0.34814453125 0.07332682291666666 0.0368359375
1 0.3551432291666667 0.67724609375 0.06673177083333333 0.0389111328125
1 0.4635416666666667 0.8701171875 0.029889322916666666 0.0599658203125
1 0.5589192708333334 0.309814453125 0.056640625 0.0499560546875
1 0.5224869791666666 0.4140966796875 0.07207682291666666 0.0263671875
1 0.4710286458333333 0.5595703125 0.06823567708333333 0.03396484375
1 0.8138020833333334 0.78466796875 0.07499348958333334 0.04025390625
1 0.15836588541666666 0.3476123046875 0.03318359375 0.052314453125
1 0.5908203125 0.5126953125 0.07332682291666666 0.03173828125
1 0.19840494791666666 0.196533203125 0.069375 0.02859375
1 0.6321614583333334 0.64501953125 0.07267578125 0.0338427734375
1 0.6549479166666666 0.398681640625 0.06697916666666666 0.045869140625
1 0.5247395833333334 0.3935546875 0.07197916666666666 0.024794921875
1 0.6149088541666666 0.94677734375 0.052858072916666665 0.0535888671875
1 0.6998697916666666 0.8466796875 0.03029296875 0.060517578125
1 0.4869791666666667 0.12494140625 0.047200520833333336 0.0545947265625
1 0.09560546874999999 0.2988916015625 0.06586588541666667 0.0461376953125
1 0.6458333333333334 0.83203125 0.03035807291666667 0.0558154296875
1 0.7018229166666666 0.2210693359375 0.07145182291666667 0.02595703125
1 0.4404296875 0.5908203125 0.07307942708333333 0.0316162109375
1 0.5904947916666666 0.21240234375 0.03741536458333333 0.0565478515625
1 0.5094401041666666 0.34130859375 0.061158854166666665 0.03802734375
1 0.6764322916666666 0.309814453125 0.06799479166666667 0.044677734375
1 0.4436848958333333 0.1451416015625 0.06311197916666667 0.0453515625
1 0.6490885416666666 0.162109375 0.06563151041666666 0.04638671875
1 0.673828125 0.6171875 0.07666015625 0.0298779296875
1 0.18489583333333334 0.386474609375 0.07186197916666666 0.0247021484375
1 0.5090885416666667 0.525732421875 0.05858723958333333 0.0482080078125
1 0.6705729166666666 0.853515625 0.029440104166666665 0.059541015625
1 0.20768229166666666 0.364013671875 0.07067708333333333 0.0242333984375
1 0.23665364583333334 0.22607421875 0.04136067708333333 0.0530078125
1 0.2080078125 0.173583984375 0.07161458333333333 0.0256640625
1 0.4459635416666667 0.108583984375 0.050416666666666665 0.0546875
1 0.22721354166666666 0.404052734375 0.072265625 0.025712890625
1 0.5940755208333334 0.6875 0.07108723958333334 0.0268115234375
1 0.4586588541666667 0.343017578125 0.04658854166666667 0.053984375
1 0.7838541666666666 0.149169921875 0.07779947916666667 0.0231005859375
1 0.65439453125 0.561162109375 0.05370442708333333 0.0531103515625
1 0.47271484375 0.6133642578125 0.07483723958333334 0.0373974609375
1 0.53515625 0.275634765625 0.07014973958333333 0.027177734375
1 0.83984375 0.254150390625 0.0517578125 0.0560302734375
1 0.7779947916666666 0.1912841796875 0.07637369791666666 0.0244287109375
1 0.11108723958333333 0.381591796875 0.07401692708333334 0.0237255859375
1 0.21761067708333334 0.31005859375 0.07267578125 0.0232373046875
1 0.3736979166666667 0.2193603515625 0.047773437499999995 0.0551171875
1 0.12801432291666667 0.4716796875 0.0712109375 0.029921875
1 0.13264973958333334 0.235595703125 0.06709635416666666 0.030791015625
1 0.3324479166666667 0.1700390625 0.059381510416666665 0.0499365234375
1 0.4078776041666667 0.5222265625 0.026549479166666667 0.053671875
1 0.7682291666666666 0.1678466796875 0.08544921875 0.02400390625
1 0.16813151041666666 0.313720703125 0.05517578125 0.049775390625
1 0.7102864583333334 0.5185546875 0.06978515625 0.0341796875
1 0.7135416666666666 0.59521484375 0.07161458333333333 0.033203125
1 0.7591145833333334 0.12744140625 0.07458333333333333 0.0248876953125
1 0.2644856770833333 0.18359375 0.046751302083333335 0.0505078125
1 0.20589192708333334 0.345703125 0.0702734375 0.0225390625
1 0.20149739583333334 0.269775390625 0.07267578125 0.0217431640625
1 0.7659635416666667 0.494384765625 0.08126953125 0.027529296875
1 0.4541015625 0.484619140625 0.072265625 0.032958984375
1 0.4606119791666667 0.505859375 0.06649088541666666 0.0333251953125
1 0.7389322916666666 0.106142578125 0.07307942708333333 0.0237255859375
1 0.30682942708333333 0.154033203125 0.04782552083333333 0.0540576171875
1 0.20361328125 0.28857421875 0.07483072916666667 0.0220361328125
1 0.6197916666666666 0.0960107421875 0.040201822916666664 0.0570703125
1 0.2451171875 0.60546875 0.07055989583333333 0.026552734375
1 0.216796875 0.2340087890625 0.042076822916666666 0.05154296875
1 0.7936197916666666 0.0999755859375 0.05912109375 0.04958984375
1 0.7682291666666666 0.70458984375 0.0780859375 0.0292529296875
1 0.4251302083333333 0.69189453125 0.04642578125 0.052431640625
1 0.2724609375 0.9375 0.02938151041666667 0.06130859375
1 0.427734375 0.470458984375 0.07002604166666666 0.040986328125
1 0.30232421875 0.2940087890625 0.054147135416666665 0.0482275390625
1 0.7625846354166667 0.223359375 0.06317057291666667 0.0456884765625
1 0.7360742187499999 0.31642578125 0.07332682291666666 0.035537109375
1 0.587734375 0.461103515625 0.0473828125 0.05076171875
1 0.11337239583333332 0.2622802734375 0.07106770833333333 0.035537109375
1 0.7794986979166666 0.263037109375 0.06419921875 0.0481494140625
1 0.6158333333333333 0.5902734375 0.05706380208333334 0.051123046875
1 0.6492447916666667 0.4724560546875 0.06583984375 0.0456689453125
