1 0.6416015625 0.35205078125 0.04984375 0.020341796875
1 0.43779296875 0.61181640625 0.04713541666666667 0.0285693359375
1 0.3580729166666667 0.69140625 0.02634765625 0.0379638671875
1 0.4944661458333333 0.484375 0.04520833333333333 0.0287646484375
1 0.38335286458333334 0.5761181640625 0.024908854166666664 0.03833984375
1 0.5364583333333334 0.474853515625 0.043294270833333336 0.0276953125
1 0.4166276041666667 0.5901708984375 0.026959635416666666 0.039267578125
1 0.6653645833333334 0.4404296875 0.04931640625 0.023603515625
1 0.3919270833333333 0.70263671875 0.025696614583333333 0.0384521484375
1 0.4365234375 0.585283203125 0.028600260416666665 0.0387353515625
1 0.6520963541666667 0.4026171875 0.03380208333333334 0.0369287109375
1 0.5634765625 0.43505859375 0.019941406249999998 0.0383935546875
1 0.46856770833333333 0.6165380859375 0.031041666666666665 0.0397412109375
1 0.6481119791666666 0.33251953125 0.051393229166666665 0.016279296875
1 0.40190755208333334 0.57736328125 0.027317708333333333 0.0391015625
1 0.4326171875 0.63037109375 0.04248046875 0.026064453125
1 0.6341145833333334 0.5146484375 0.050904947916666665 0.026611328125
1 0.4742838541666667 0.459716796875 0.04902994791666667 0.0232861328125
1 0.3661393229166667 0.6229931640625 0.05088541666666666 0.0224951171875
1 0.5364583333333334 0.493408203125 0.04223958333333333 0.031923828125
1 0.41017578125 0.5134521484375 0.02414713541666667 0.0405859375
1 0.3619791666666667 0.50439453125 0.0409765625 0.035400390625
1 0.6881510416666666 0.38818359375 0.038209635416666665 0.0367138671875
1 0.4287109375 0.6591796875 0.027955729166666665 0.038759765625
1 0.3818359375 0.478515625 0.03595052083333333 0.035341796875
1 0.3909505208333333 0.6689453125 0.04223958333333333 0.0283837890625
1 0.6393229166666666 0.423095703125 0.04740234375 0.027587890625
1 0.3616536458333333 0.58251953125 0.022643229166666667 0.0359521484375
1 0.681640625 0.34375 0.026796874999999998 0.0420849609375
1 0.5146484375 0.410400390625 0.03466796875 0.0354931640625
1 0.4091796875 0.450927734375 0.045820312499999995 0.031494140625
1 0.5826822916666666 0.42529296875 0.02025390625 0.0393359375
1 0.6344401041666666 0.3798828125 0.03735677083333334 0.0375390625
1 0.4700520833333333 0.53466796875 0.0223828125 0.03759765625
1 0.5880338541666666 0.355224609375 0.04291015625 0.035615234375
1 0.3234049479166667 0.67724609375 0.026490885416666665 0.038544921875
1 0.4934895833333333 0.45166015625 0.04658854166666667 0.022841796875
1 0.3802083333333333 0.432373046875 0.034342447916666664 0.03689453125
1 0.4000651041666667 0.470458984375 0.042565104166666666 0.03396484375
1 0.6529947916666666 0.31640625 0.053671875 0.016982421875
1 0.6681119791666666 0.3922265625 0.034752604166666666 0.0381201171875
1 0.39825520833333333 0.63666015625 0.024173177083333334 0.0388720703125
1 0.33979166666666666 0.5256591796875 0.04279296875 0.033720703125
1 0.3365885416666667 0.50146484375 0.034544270833333335 0.02908203125
1 0.5445963541666666 0.4384765625 0.018899739583333335 0.0367724609375
1 0.4729817708333333 0.494140625 0.048014322916666664 0.029814453125
1 0.44876953124999996 0.5348193359375 0.026028645833333332 0.0382861328125
1 0.55287109375 0.5313916015625 0.05543619791666667 0.0163427734375
1 0.35272135416666667 0.6076904296875 0.055625 0.01646484375
1 0.4316080729166667 0.5208837890625 0.020651041666666665 0.03927734375
1 0.33984375 0.6845703125 0.026549479166666667 0.0382373046875
1 0.6012369791666666 0.32470703125 0.04740234375 0.02880859375
1 0.5310677083333334 0.5434033203125 0.05488932291666667 0.0173681640625
1 0.6959635416666666 0.415771484375 0.05147135416666667 0.0232373046875
1 0.3916015625 0.5244140625 0.02056640625 0.03927734375
1 0.37020182291666665 0.7067626953125 0.027623697916666665 0.0409716796875
1 0.3636067708333333 0.6376953125 0.04830078125 0.0247021484375
1 0.4124348958333333 0.69921875 0.021197916666666667 0.04046875
1 0.6393229166666666 0.54541015625 0.042890624999999995 0.0293115234375
1 0.5680338541666666 0.50244140625 0.0224609375 0.0390625
1 0.4684244791666667 0.56689453125 0.046959635416666666 0.0248876953125
1 0.3623046875 0.4287109375 0.03448567708333333 0.0372021484375
1 0.6025911458333334 0.5397021484375 0.05166015625 0.01603515625
1 0.3909505208333333 0.72900390625 0.049192708333333335 0.0236962890625
1 0.4609375 0.427490234375 0.02317057291666667 0.035673828125
1 0.37205078125 0.5405712890625 0.024589843750000003 0.037734375
1 0.6162109375 0.25634765625 0.045983072916666666 0.0345458984375
1 0.6822916666666666 0.4541015625 0.04902994791666667 0.0322900390625
1 0.6189388020833334 0.523310546875 0.04987630208333333 0.02458984375
1 0.6354166666666666 0.463134765625 0.05195963541666667 0.02232421875
1 0.6153450520833333 0.374130859375 0.03948567708333333 0.0362255859375
1 0.6383463541666666 0.283203125 0.036985677083333335 0.0396435546875
1 0.3258463541666667 0.74609375 0.048828125 0.020966796875
1 0.35880208333333335 0.478515625 0.03878255208333333 0.0355224609375
1 0.318359375 0.369140625 0.020403645833333334 0.0383935546875
1 0.5564583333333334 0.5751953125 0.05192708333333334 0.026484375
1 0.6634114583333334 0.279296875 0.028216145833333334 0.0428173828125
1 0.6572265625 0.23876953125 0.030579427083333333 0.0401611328125
1 0.4954427083333333 0.697265625 0.024309895833333334 0.0401025390625
1 0.337890625 0.355224609375 0.021360677083333335 0.0401025390625
1 0.7122395833333334 0.64892578125 0.050130208333333336 0.0272216796875
1 0.4618815104166667 0.501953125 0.04901041666666667 0.0268017578125
1 0.36328125 0.755859375 0.0234375 0.0383935546875
1 0.3046875 0.56591796875 0.052369791666666665 0.0156005859375
1 0.6321614583333334 0.2178955078125 0.0223828125 0.042236328125
1 0.7278645833333334 0.69921875 0.03908203125 0.03634765625
1 0.23453776041666666 0.27197265625 0.044270833333333336 0.0360107421875
1 0.5973046875 0.3690380859375 0.04029296875 0.037109375
1 0.5287434895833333 0.4172265625 0.037161458333333335 0.037041015625
1 0.621015625 0.2715673828125 0.04520833333333333 0.036728515625
