1 0.13053385416666666 0.172607421875 0.07108723958333334 0.022080078125
1 0.09146484375000001 0.305908203125 0.07761067708333333 0.02880859375
1 0.10697265625 0.3432470703125 0.073203125 0.03216796875
1 0.08927734375 0.271484375 0.04931640625 0.0528271484375
1 0.2794596354166667 0.57275390625 0.036497395833333335 0.0506005859375
1 0.5478515625 0.67724609375 0.03908203125 0.0577099609375
1 0.10733072916666668 0.3232421875 0.07192057291666666 0.0294189453125
1 0.21516927083333334 0.20654296875 0.038209635416666665 0.0546875
1 0.24055989583333334 0.204345703125 0.041139322916666665 0.056640625
1 0.6168619791666666 0.47412109375 0.05708984375 0.048857421875
1 0.18196614583333334 0.345458984375 0.06888671875 0.0390625
1 0.20393880208333334 0.326904296875 0.0712109375 0.03515625
1 0.18343098958333334 0.87890625 0.07014973958333333 0.0382373046875
1 0.318359375 0.671875 0.07401692708333334 0.025908203125
1 0.2713216145833333 0.65087890625 0.07014973958333333 0.0229345703125
1 0.6815755208333334 0.35458984375 0.06892578125 0.0413720703125
1 0.6705729166666666 0.478271484375 0.041829427083333336 0.0518505859375
1 0.21614583333333334 0.92626953125 0.04830078125 0.0545068359375
1 0.3610026041666667 0.5673828125 0.033326822916666665 0.0530078125
1 0.728515625 0.2490234375 0.053834635416666665 0.050810546875
1 0.5807291666666666 0.6884765625 0.033567708333333335 0.05685546875
1 0.5406901041666666 0.72705078125 0.058919270833333336 0.0437646484375
1 0.3828125 0.58447265625 0.03338541666666667 0.0530078125
1 0.21761067708333334 0.2454833984375 0.07002604166666666 0.027177734375
1 0.49177734375 0.47712890625 0.05716796875 0.049775390625
1 0.6220703125 0.410888671875 0.053144531249999995 0.05154296875
1 0.515625 0.5908203125 0.05347005208333333 0.051455078125
1 0.6460546875000001 0.2180810546875 0.07791015625 0.0269091796875
1 0.3063151041666667 0.765625 0.03770182291666666 0.055419921875
1 0.11637369791666667 0.212890625 0.0751171875 0.02140625
1 0.5804036458333334 0.5830078125 0.061484375 0.0465380859375
1 0.4858528645833333 0.7430810546875 0.07132161458333333 0.0421240234375
1 0.31930338541666664 0.6983251953125 0.07087239583333334 0.0379443359375
1 0.2711588541666667 0.81884765625 0.056640625 0.047880859375
1 0.4700520833333333 0.70556640625 0.05737630208333333 0.052705078125
1 0.21370442708333334 0.30908203125 0.07483072916666667 0.034423828125
1 0.3548177083333333 0.61865234375 0.06477864583333333 0.039794921875
1 0.22900390625 0.29150390625 0.06872395833333333 0.034609375
1 0.3330078125 0.572265625 0.035279947916666665 0.052431640625
1 0.15438151041666667 0.58203125 0.0278515625 0.0542919921875
1 0.5784505208333334 0.765625 0.07373046875 0.035830078125
1 0.5843098958333334 0.74462890625 0.07214192708333333 0.0332666015625
1 0.4254557291666667 0.59423828125 0.03554036458333334 0.052705078125
1 0.5592447916666666 0.2181396484375 0.035279947916666665 0.0577099609375
1 0.21956380208333334 0.1483154296875 0.07389322916666667 0.021484375
1 0.22493489583333334 0.64013671875 0.057493489583333335 0.047333984375
1 0.3372395833333333 0.447265625 0.06465494791666666 0.0389697265625
1 0.7975260416666666 0.1041259765625 0.07145182291666667 0.047880859375
1 0.7623697916666666 0.2083740234375 0.07373046875 0.0325341796875
1 0.759765625 0.1585693359375 0.07332682291666666 0.03271484375
1 0.12964192708333333 0.356689453125 0.06575520833333333 0.029375
1 0.5540364583333334 0.6162109375 0.051393229166666665 0.053408203125
1 0.22249348958333334 0.267578125 0.0712109375 0.0321044921875
1 0.3177083333333333 0.7294921875 0.06774739583333333 0.0276318359375
1 0.12182942708333333 0.2685546875 0.04074869791666667 0.0542919921875
1 0.5797526041666666 0.791015625 0.06872395833333333 0.041689453125
1 0.22314453125 0.7626953125 0.042402343749999995 0.0565478515625
1 0.4625651041666667 0.578125 0.0448828125 0.0491357421875
1 0.20589192708333334 0.59228515625 0.02902994791666667 0.05490234375
1 0.5763671874999999 0.4862451171875 0.07326171875 0.03361328125
1 0.4602864583333333 0.46826171875 0.046959635416666666 0.0511767578125
1 0.341796875 0.42431640625 0.06429036458333333 0.0389697265625
1 0.34292317708333336 0.649267578125 0.0737109375 0.0258837890625
1 0.07955078125 0.247802734375 0.047773437499999995 0.0518505859375
1 0.1748046875 0.264892578125 0.036295572916666664 0.0548095703125
1 0.18277994791666666 0.5693359375 0.030638020833333335 0.0545947265625
1 0.24381510416666666 0.57763671875 0.0508203125 0.04904296875
1 0.3714192708333333 0.79150390625 0.0751171875 0.0241845703125
1 0.7571614583333334 0.71337890625 0.073203125 0.0281689453125
1 0.3668619791666667 0.732421875 0.033326822916666665 0.0551171875
1 0.39763671875 0.6337890625 0.036744791666666665 0.0545654296875
1 0.19856770833333334 0.75390625 0.039388020833333336 0.0541064453125
1 0.18131510416666666 0.20654296875 0.04370442708333333 0.0549951171875
1 0.12443359375 0.193359375 0.07108723958333334 0.020888671875
1 0.794921875 0.9404296875 0.06872395833333333 0.0531005859375
1 0.58146484375 0.428369140625 0.04815755208333333 0.0544091796875
1 0.7543229166666667 0.1905908203125 0.07842447916666666 0.032392578125
1 0.5338541666666666 0.7890625 0.07002604166666666 0.0450146484375
1 0.18670572916666664 0.384375 0.071171875 0.0299267578125
1 0.2669270833333333 0.6181640625 0.055703125 0.0484912109375
1 0.23361328125 0.8819921875 0.06899088541666666 0.0434521484375
1 0.2801106770833333 0.23388671875 0.036640625 0.0559375
1 0.13590494791666666 0.2313232421875 0.06990885416666666 0.020888671875
1 0.8001302083333334 0.55615234375 0.04658854166666667 0.0555126953125
1 0.587890625 0.5087890625 0.07014973958333333 0.0267626953125
1 0.7434895833333334 0.88623046875 0.04712239583333333 0.0614306640625
1 0.20882161458333334 0.1693115234375 0.07002604166666666 0.0225830078125
1 0.24853515625 0.9208984375 0.046959635416666666 0.0538037109375
1 0.3727213541666667 0.7685546875 0.07348958333333333 0.0276953125
1 0.15249348958333334 0.3715673828125 0.07484375 0.0304443359375
1 0.720703125 0.391845703125 0.07197916666666666 0.0298779296875
1 0.5869140625 0.38671875 0.0605859375 0.0506005859375
1 0.5201822916666666 0.693359375 0.029095052083333333 0.056337890625
1 0.5836588541666666 0.24072265625 0.036705729166666666 0.0577099609375
1 0.54296875 0.81884765625 0.06848307291666667 0.0432763671875
1 0.30514322916666664 0.57158203125 0.035768229166666665 0.0526806640625
1 0.3206380208333333 0.474365234375 0.06624348958333333 0.0372607421875
1 0.8033854166666666 0.884765625 0.05375 0.06076171875
1 0.12231770833333333 0.93408203125 0.04740234375 0.0574951171875
1 0.2353515625 0.81787109375 0.061848958333333336 0.0474267578125
1 0.2696940104166667 0.9345703125 0.043619791666666664 0.0574951171875
1 0.4680989583333333 0.1751708984375 0.049765625 0.0533154296875
1 0.6263020833333334 0.254150390625 0.05591145833333333 0.0484912109375
1 0.21728515625 0.544921875 0.042643229166666664 0.048125
1 0.8024283854166666 0.12818359375 0.06551432291666666 0.0513134765625
1 0.2387174479166667 0.52736328125 0.04415364583333333 0.053046875
1 0.3919270833333333 0.2432861328125 0.05444661458333333 0.0505078125
1 0.5192057291666666 0.4936669921875 0.03871744791666667 0.0524267578125
1 0.2255859375 0.71142578125 0.05293619791666667 0.04904296875
1 0.15145182291666667 0.93408203125 0.04960286458333333 0.0579248046875
1 0.748046875 0.56298828125 0.07470703125 0.0340283203125
1 0.6928580729166667 0.486474609375 0.04376302083333333 0.0545263671875
1 0.623046875 0.71533203125 0.05147135416666667 0.051455078125
1 0.7552278645833334 0.7365771484375 0.07930989583333332 0.0378125
1 0.4130859375 0.73583984375 0.045820312499999995 0.057802734375
1 0.30859375 0.493896484375 0.06490234375 0.0348193359375
1 0.1454296875 0.280859375 0.033776041666666666 0.055546875
1 0.2696940104166667 0.274658203125 0.04136067708333333 0.0541064453125
1 0.763671875 0.2427978515625 0.053346354166666665 0.051943359375
1 0.2744140625 0.77099609375 0.031171875 0.0565478515625
1 0.7395833333333334 0.52197265625 0.07637369791666666 0.0291455078125
1 0.2613932291666667 0.6845703125 0.053346354166666665 0.0501416015625
1 0.6790364583333334 0.2335205078125 0.06477864583333333 0.0389697265625
1 0.8528645833333334 0.81591796875 0.072265625 0.0489501953125
1 0.2421875 0.771484375 0.039225260416666664 0.057587890625
1 0.3541666666666667 0.2420654296875 0.051393229166666665 0.05126953125
1 0.619140625 0.2841796875 0.07092447916666667 0.0332666015625
1 0.17985026041666666 0.93359375 0.04960286458333333 0.05490234375
1 0.1787109375 0.859375 0.07092447916666667 0.0381787109375
1 0.6822916666666666 0.269287109375 0.04512369791666667 0.0526123046875
1 0.737890625 0.54296875 0.0769921875 0.02859375
1 0.3961588541666667 0.197265625 0.04044921875 0.05560546875
1 0.7591145833333334 0.58251953125 0.074140625 0.0335986328125
1 0.7545572916666666 0.0975341796875 0.07238932291666667 0.0413818359375
1 0.3035481770833333 0.2193603515625 0.0405078125 0.0570703125
1 0.4098307291666667 0.49365234375 0.03147135416666667 0.0517578125
1 0.7330729166666666 0.134033203125 0.07002604166666666 0.0239111328125
1 0.79296875 0.67724609375 0.0336328125 0.0592041015625
1 0.6318359375 0.81494140625 0.028769531249999997 0.060087890625
1 0.7447916666666666 0.293212890625 0.073203125 0.0327783203125
1 0.845703125 0.90087890625 0.03281901041666666 0.0625634765625
1 0.8053385416666666 0.755859375 0.03712890625 0.0598779296875
1 0.4205729166666667 0.55810546875 0.062421874999999995 0.030732421875
1 0.8634700520833333 0.8580517578125 0.052571614583333336 0.0606396484375
1 0.10333984375 0.3872412109375 0.0676171875 0.041171875
1 0.7126953125000001 0.6197412109375 0.030299479166666667 0.059892578125
1 0.10888671875 0.90966796875 0.049192708333333335 0.05685546875
1 0.798828125 0.51171875 0.06205078125 0.0399462890625
1 0.7721354166666666 0.88330078125 0.04809895833333333 0.0610986328125
1 0.3064778645833333 0.2744140625 0.031822916666666666 0.055419921875
1 0.44027994791666664 0.7684912109375 0.0642578125 0.0491552734375
1 0.4303385416666667 0.173828125 0.029765625 0.0567626953125
1 0.7356770833333334 0.66943359375 0.027727864583333334 0.0542919921875
1 0.763671875 0.666015625 0.028932291666666665 0.057587890625
1 0.8014322916666666 0.0709228515625 0.07881510416666666 0.0258642578125
1 0.876953125 0.927734375 0.030579427083333333 0.065126953125
1 0.6653645833333334 0.63720703125 0.043053385416666666 0.052919921875
1 0.7838541666666666 0.828125 0.050703124999999995 0.0574951171875
1 0.716796875 0.8916015625 0.044518229166666666 0.0625634765625
1 0.7578125 0.442138671875 0.07625651041666666 0.0217724609375
1 0.6875 0.6943359375 0.05912109375 0.0479443359375
1 0.8209635416666666 0.83544921875 0.04756510416666667 0.060517578125
1 0.7109375 0.78466796875 0.043541666666666666 0.0564599609375
1 0.16634114583333334 0.417724609375 0.07161458333333333 0.021943359375
1 0.2138671875 0.962890625 0.07666015625 0.024794921875
1 0.7955729166666666 0.0494091796875 0.07597005208333334 0.02267578125
1 0.4814453125 0.2587890625 0.07238932291666667 0.022626953125
1 0.5285221354166666 0.8339697265625 0.06979166666666667 0.0420166015625
1 0.08269531249999999 0.9052197265625 0.0533203125 0.0603271484375
1 0.8224544270833333 0.9331640625 0.07214192708333333 0.0524951171875
1 0.7303190104166667 0.75076171875 0.07499348958333334 0.04125
1 0.45891927083333334 0.78279296875 0.06434895833333333 0.0465673828125
1 0.23736328124999997 0.69134765625 0.05475260416666666 0.05080078125
1 0.47839843750000005 0.67970703125 0.060397135416666664 0.0520751953125
1 0.5272265625 0.6104833984375 0.05531901041666667 0.051650390625
1 0.49419921875 0.5774609375 0.05475260416666666 0.0524951171875
1 0.6401171875 0.39330078125 0.05193359375 0.0533447265625
1 0.6302408854166667 0.456171875 0.05588541666666667 0.050380859375
1 0.8263997395833332 0.139921875 0.06548177083333333 0.0537646484375
1 0.7860416666666666 0.251689453125 0.05814453125 0.052919921875
