1 0.3155924479166667 0.52490234375 0.06600260416666666 0.0367138671875
1 0.4876302083333333 0.345947265625 0.061608072916666666 0.052431640625
1 0.5406901041666666 0.390380859375 0.06709635416666666 0.0439453125
1 0.4153645833333333 0.515625 0.07291666666666667 0.02546875
1 0.3743489583333333 0.411865234375 0.05497395833333333 0.048857421875
1 0.3948567708333333 0.595703125 0.07145182291666667 0.0340869140625
1 0.4111328125 0.329833984375 0.053548177083333336 0.05490234375
1 0.4033203125 0.448974609375 0.049479166666666664 0.0530078125
1 0.4016927083333333 0.61474609375 0.07161458333333333 0.031142578125
1 0.33154296875 0.607421875 0.06034505208333333 0.0477001953125
1 0.3388671875 0.496337890625 0.0702734375 0.0360107421875
1 0.22932942708333334 0.52392578125 0.06901041666666667 0.032412109375
1 0.53939453125 0.673046875 0.072265625 0.0409228515625
1 0.3717447916666667 0.37890625 0.06514322916666666 0.04681640625
1 0.4130859375 0.495361328125 0.07373046875 0.0261083984375
1 0.3958333333333333 0.63720703125 0.07348958333333333 0.026962890625
1 0.3388671875 0.6435546875 0.059895833333333336 0.0469970703125
1 0.599609375 0.427978515625 0.05643880208333333 0.0523388671875
1 0.6396484375 0.419677734375 0.03263671875 0.05966796875
1 0.3328450520833333 0.402587890625 0.03540364583333334 0.055419921875
1 0.3452473958333333 0.44388671875 0.06548828125 0.046689453125
1 0.5113932291666666 0.41552734375 0.038209635416666665 0.0546875
1 0.2890625 0.59814453125 0.02732421875 0.053896484375
1 0.5550130208333334 0.35498046875 0.074140625 0.0438525390625
1 0.4407552083333333 0.329833984375 0.051679687499999995 0.05349609375
1 0.6533203125 0.298583984375 0.07666015625 0.0303369140625
1 0.3333333333333333 0.58154296875 0.057493489583333335 0.0474267578125
1 0.3063151041666667 0.43603515625 0.03635416666666667 0.0544140625
1 0.26416015625 0.49951171875 0.03835286458333333 0.05349609375
1 0.21435546875 0.49853515625 0.07108723958333334 0.0308544921875
1 0.5016276041666666 0.626953125 0.07499348958333334 0.03634765625
1 0.5406901041666666 0.70703125 0.061158854166666665 0.0465380859375
1 0.5419921875 0.6044921875 0.06799479166666667 0.0436083984375
1 0.44609375 0.4315869140625 0.053346354166666665 0.0516650390625
1 0.4498697916666667 0.472900390625 0.07267578125 0.023603515625
1 0.6240234375 0.336669921875 0.07527994791666666 0.02650390625
1 0.5869140625 0.6953125 0.03383463541666667 0.0567626953125
1 0.5494791666666666 0.483154296875 0.0625390625 0.0432763671875
1 0.6171875 0.31298828125 0.07609375 0.028486328125
1 0.5548111979166667 0.4590771484375 0.06436197916666667 0.047578125
1 0.6783854166666666 0.343017578125 0.03263671875 0.058134765625
1 0.4254557291666667 0.53466796875 0.0702734375 0.025908203125
1 0.3111979166666667 0.64990234375 0.055787760416666665 0.0479443359375
1 0.36451822916666665 0.5632763671875 0.03389973958333333 0.05564453125
1 0.6263020833333334 0.361572265625 0.07568359375 0.023515625
1 0.4371744791666667 0.2724609375 0.074140625 0.0251318359375
1 0.6940104166666666 0.487060546875 0.07678385416666667 0.02140625
1 0.421875 0.2919921875 0.07255208333333334 0.0257568359375
1 0.47337890625 0.36416015625 0.059765624999999996 0.048466796875
1 0.5677083333333334 0.222412109375 0.052858072916666665 0.055419921875
1 0.5768229166666666 0.1904296875 0.07291666666666667 0.0393359375
1 0.2799479166666667 0.869140625 0.03005208333333333 0.060302734375
1 0.3024088541666667 0.7215771484375 0.034342447916666664 0.056337890625
1 0.7578059895833333 0.125244140625 0.07854166666666666 0.0438525390625
1 0.5794270833333334 0.14599609375 0.052734375 0.0570703125
1 0.5832552083333333 0.410849609375 0.06223958333333333 0.0509765625
1 0.5081380208333334 0.6103515625 0.058919270833333336 0.0332666015625
1 0.3095703125 0.420654296875 0.02565755208333333 0.02232421875
1 0.5187044270833333 0.6588818359375 0.07330078125 0.0349853515625
1 0.3518294270833333 0.465078125 0.061223958333333335 0.0428759765625
