1 0.4772135416666667 0.2274169921875 0.047037760416666664 0.033203125
1 0.74609375 0.2391357421875 0.04321614583333333 0.0369873046875
1 0.7076822916666666 0.2476806640625 0.050703124999999995 0.035400390625
1 0.45826171875 0.2721728515625 0.051106770833333336 0.0345458984375
1 0.5172526041666666 0.21435546875 0.0405078125 0.0364404296875
1 0.7544986979166667 0.3012646484375 0.04529947916666666 0.0332177734375
1 0.3818359375 0.3212890625 0.03568359375 0.0374755859375
1 0.5055338541666666 0.289794921875 0.052369791666666665 0.0212841796875
1 0.3111979166666667 0.279052734375 0.03236979166666667 0.04193359375
1 0.4895833333333333 0.26708984375 0.0508203125 0.02630859375
1 0.7962239583333334 0.3284619140625 0.05126953125 0.026083984375
1 0.2840169270833333 0.246337890625 0.05497395833333333 0.0247509765625
1 0.7105338541666667 0.3161181640625 0.051920572916666664 0.0267919921875
1 0.5950520833333334 0.38330078125 0.05054036458333333 0.023466796875
1 0.4686588541666667 0.323486328125 0.05490234375 0.022978515625
1 0.2657877604166667 0.22265625 0.047773437499999995 0.0367724609375
1 0.4833984375 0.25048828125 0.0478515625 0.0261083984375
1 0.619140625 0.3125 0.05293619791666667 0.022109375
1 0.5728385416666667 0.232646484375 0.04222005208333333 0.0377490234375
1 0.8001302083333334 0.29296875 0.04443359375 0.035615234375
1 0.6686197916666666 0.27978515625 0.02317057291666667 0.04296875
1 0.6630859375 0.2489013671875 0.050904947916666665 0.028017578125
1 0.6959635416666666 0.2220458984375 0.021790364583333333 0.0423291015625
1 0.7434895833333334 0.423828125 0.04370442708333333 0.0320458984375
1 0.7971223958333334 0.366962890625 0.047526041666666664 0.0350634765625
1 0.2647265625 0.42025390625 0.054036458333333336 0.0232861328125
1 0.6875 0.283447265625 0.021790364583333333 0.038603515625
1 0.6436197916666667 0.65791015625 0.05151041666666667 0.019013671875
1 0.5279947916666666 0.320068359375 0.025065104166666668 0.040986328125
1 0.5133463541666666 0.2401123046875 0.03448567708333333 0.03173828125
1 0.27939453124999997 0.6875 0.047936197916666666 0.0237255859375
1 0.3349609375 0.309814453125 0.02854166666666667 0.040009765625
1 0.7591145833333334 0.273681640625 0.053144531249999995 0.0354931640625
1 0.3362630208333333 0.265380859375 0.028645833333333332 0.04443359375
1 0.740234375 0.2142333984375 0.052369791666666665 0.0179150390625
1 0.44600911458333337 0.204462890625 0.05251953125 0.0231689453125
1 0.24397786458333334 0.201171875 0.055585937499999995 0.029482421875
1 0.6318359375 0.283203125 0.048749999999999995 0.0192431640625
1 0.5406901041666666 0.7072265625 0.0458984375 0.0321630859375
1 0.4127604166666667 0.1961669921875 0.05025390625 0.022294921875
1 0.3095703125 0.736328125 0.03554036458333334 0.0354931640625
1 0.39798828124999996 0.6940234375 0.051953124999999996 0.0232177734375
1 0.3397200520833333 0.68916015625 0.05172526041666667 0.0173779296875
1 0.4889322916666667 0.197265625 0.030579427083333333 0.0390625
1 0.7263020833333332 0.6578125 0.05299479166666667 0.0225341796875
1 0.4990234375 0.72705078125 0.05326171875 0.016845703125
1 0.6022135416666666 0.2374267578125 0.021790364583333333 0.0418408203125
1 0.7174479166666666 0.4765625 0.045820312499999995 0.02859375
1 0.2451171875 0.44921875 0.04345703125 0.0328369140625
1 0.3408203125 0.2049560546875 0.02736328125 0.0423876953125
1 0.3505859375 0.31689453125 0.028281249999999997 0.0411376953125
1 0.6416015625 0.4736328125 0.05126953125 0.0167236328125
1 0.40038411458333334 0.7080126953125 0.04787760416666667 0.0241162109375
1 0.7428385416666666 0.345947265625 0.02736328125 0.0391845703125
1 0.6465494791666667 0.70712890625 0.03741536458333333 0.03697265625
1 0.6608072916666666 0.2186279296875 0.05005208333333333 0.025712890625
1 0.3473307291666667 0.421142578125 0.021360677083333335 0.0450146484375
1 0.656875 0.205078125 0.05244791666666667 0.0283349609375
1 0.4446614583333333 0.234375 0.020651041666666665 0.0425732421875
1 0.3108984375 0.7052734375 0.052571614583333336 0.0191650390625
1 0.26123046875 0.190673828125 0.049680989583333335 0.0272216796875
1 0.771484375 0.382568359375 0.024251302083333332 0.04123046875
1 0.2976888020833333 0.23583984375 0.051679687499999995 0.0274365234375
1 0.3424479166666667 0.74658203125 0.03005208333333333 0.0391259765625
1 0.587890625 0.203125 0.04809895833333333 0.0289306640625
1 0.23876953125 0.256103515625 0.03194010416666667 0.04296875
1 0.796875 0.23828125 0.022115885416666665 0.0431201171875
1 0.7779947916666666 0.2335205078125 0.02272786458333333 0.0420849609375
1 0.3665364583333333 0.2156982421875 0.029824218750000003 0.0359521484375
1 0.7779947916666666 0.46826171875 0.04642578125 0.0321044921875
1 0.24186197916666666 0.5859375 0.03416015625 0.0347607421875
1 0.28125 0.26123046875 0.049765625 0.026552734375
1 0.23779296875 0.52099609375 0.03712890625 0.0391845703125
1 0.5663020833333333 0.68392578125 0.05227213541666667 0.0156005859375
1 0.3860677083333333 0.42724609375 0.021035156250000003 0.0391259765625
1 0.6828059895833333 0.720703125 0.052363281250000004 0.0272900390625
1 0.2666015625 0.5078125 0.052571614583333336 0.01994140625
1 0.4036458333333333 0.229248046875 0.02272786458333333 0.0425732421875
1 0.4261067708333333 0.2342529296875 0.020651041666666665 0.0420849609375
1 0.6227213541666666 0.233154296875 0.021197916666666667 0.0428759765625
1 0.6178385416666666 0.7001953125 0.04809895833333333 0.0292041015625
1 0.78892578125 0.2073681640625 0.05443359375 0.026435546875
1 0.4742838541666667 0.74169921875 0.055501302083333336 0.0160205078125
1 0.5452473958333334 0.279296875 0.02025390625 0.04123046875
1 0.37279947916666667 0.775390625 0.04142578125 0.034365234375
1 0.3030598958333333 0.20703125 0.0223828125 0.0425732421875
1 0.6334635416666666 0.7578125 0.027161458333333333 0.0394921875
1 0.3811848958333333 0.6585888671875 0.05328125 0.0213623046875
1 0.5651041666666666 0.27197265625 0.022115885416666665 0.0408349609375
1 0.6985677083333334 0.359130859375 0.024960937500000002 0.0413818359375
1 0.6223958333333334 0.447265625 0.04902994791666667 0.0157763671875
1 0.669921875 0.7470703125 0.051191406249999995 0.0158984375
1 0.5517578125 0.564453125 0.05005208333333333 0.01478515625
1 0.22341796875 0.467177734375 0.03205078125 0.0408984375
1 0.3108723958333333 0.4443359375 0.02048828125 0.038818359375
1 0.745703125 0.69453125 0.03767578125 0.0377294921875
1 0.26447265625 0.7281884765625 0.05225260416666667 0.0244140625
1 0.4837239583333333 0.7568359375 0.05375 0.0160986328125
1 0.743515625 0.50927734375 0.054277343750000005 0.0210400390625
1 0.3548177083333333 0.244873046875 0.021035156250000003 0.0420849609375
1 0.5862630208333334 0.51416015625 0.021627604166666665 0.0362255859375
1 0.23291015625 0.228515625 0.03293619791666667 0.0409228515625
1 0.69140625 0.184326171875 0.054772135416666666 0.01744140625
1 0.42664062500000005 0.7316357421875 0.028515625 0.0381787109375
1 0.6552734375 0.73291015625 0.05147135416666667 0.0166650390625
1 0.5504557291666666 0.7275390625 0.04712239583333333 0.0166650390625
1 0.45038411458333333 0.7650341796875 0.04938151041666666 0.0280029296875
1 0.5517578125 0.76806640625 0.039225260416666664 0.029921875
1 0.6317578125 0.2680908203125 0.053671875 0.0223388671875
1 0.8177083333333334 0.2425537109375 0.023619791666666667 0.043701171875
1 0.37890625 0.7431640625 0.022643229166666667 0.0382373046875
1 0.72265625 0.457763671875 0.05395833333333333 0.018095703125
1 0.3968098958333333 0.6123046875 0.048463541666666665 0.0156689453125
1 0.4348958333333333 0.1790771484375 0.055501302083333336 0.018798828125
1 0.619140625 0.77490234375 0.025553385416666668 0.0413818359375
1 0.4993489583333333 0.77294921875 0.048828125 0.0160205078125
1 0.2618815104166667 0.61962890625 0.05005208333333333 0.0232861328125
1 0.2615559895833333 0.1748046875 0.052571614583333336 0.027587890625
1 0.3269856770833333 0.76171875 0.035807291666666664 0.035341796875
1 0.2950846354166667 0.7646484375 0.03735677083333334 0.0334765625
1 0.5843098958333334 0.46533203125 0.021119791666666665 0.04193359375
1 0.5445963541666666 0.74267578125 0.04858723958333333 0.0166650390625
1 0.4596354166666667 0.78369140625 0.048951822916666665 0.0278466796875
1 0.3043619791666667 0.1767578125 0.05025390625 0.0287646484375
1 0.5618489583333334 0.314697265625 0.02072265625 0.0399462890625
1 0.3623046875 0.7958984375 0.030110677083333332 0.0386962890625
1 0.7591145833333334 0.18408203125 0.055501302083333336 0.02140625
1 0.28466796875 0.29962890625 0.022220052083333334 0.042431640625
1 0.6370442708333334 0.179931640625 0.05537760416666667 0.027265625
1 0.568359375 0.79443359375 0.048749999999999995 0.0160205078125
1 0.6705729166666666 0.77490234375 0.050130208333333336 0.0155419921875
1 0.396484375 0.75732421875 0.024173177083333334 0.03955078125
1 0.24479166666666666 0.29248046875 0.021360677083333335 0.0437646484375
1 0.6588541666666666 0.78759765625 0.05224609375 0.016845703125
1 0.26904296875 0.7607421875 0.03257161458333333 0.03689453125
1 0.7897135416666666 0.396240234375 0.02352213541666667 0.0389111328125
1 0.67630859375 0.7607421875 0.053619791666666666 0.0147314453125
1 0.5810546875 0.767578125 0.020957031249999997 0.0396435546875
1 0.29228515625 0.3433544921875 0.05173828125 0.023017578125
1 0.7330729166666666 0.1993408203125 0.05395833333333333 0.016982421875
1 0.2635091145833333 0.287841796875 0.021627604166666665 0.0436083984375
1 0.6018880208333334 0.7861328125 0.022910156249999997 0.0383935546875
1 0.6292317708333334 0.4599609375 0.04960286458333333 0.0149560546875
1 0.3430989583333333 0.80078125 0.026998697916666665 0.0386962890625
1 0.7994791666666666 0.50193359375 0.021627604166666665 0.0407080078125
1 0.3096744791666667 0.80921875 0.024479166666666666 0.0421484375
1 0.2888997395833333 0.807451171875 0.021197916666666667 0.039462890625
1 0.3269856770833333 0.802734375 0.025937500000000002 0.0389697265625
1 0.27774739583333335 0.717109375 0.05190104166666667 0.0244482421875
1 0.26059244791666664 0.6968408203125 0.05190104166666667 0.02380859375
1 0.2914778645833333 0.6765771484375 0.046757812499999996 0.0263818359375
1 0.34917317708333334 0.70810546875 0.0471875 0.029599609375
1 0.35775390625 0.7335205078125 0.0231640625 0.040537109375
1 0.2558723958333333 0.643759765625 0.03989583333333333 0.0360302734375
1 0.25565755208333335 0.6682080078125 0.043756510416666665 0.035390625
1 0.3290104166666667 0.6728759765625 0.054049479166666664 0.01833984375
1 0.32793619791666667 0.658720703125 0.053619791666666666 0.0202685546875
1 0.28504557291666666 0.6350732421875 0.038177083333333334 0.039248046875
1 0.29619791666666667 0.647783203125 0.03560546875 0.0369970703125
1 0.32622395833333334 0.63041015625 0.027024739583333332 0.03892578125
1 0.35174479166666667 0.628798828125 0.04289713541666667 0.035068359375
1 0.43389322916666667 0.698291015625 0.021875000000000002 0.0395703125
1 0.45083333333333336 0.715341796875 0.026595052083333334 0.0395703125
1 0.4870833333333333 0.7127685546875 0.055338541666666664 0.01833984375
1 0.58595703125 0.701025390625 0.048040364583333335 0.0321728515625
1 0.41072916666666665 0.6765771484375 0.05104817708333333 0.0205908203125
1 0.4652083333333333 0.6793115234375 0.0476171875 0.029921875
1 0.4909440104166667 0.6815625 0.04074869791666667 0.035068359375
1 0.5121744791666667 0.684619140625 0.03774739583333333 0.0360302734375
1 0.5713736979166667 0.6698193359375 0.054049479166666664 0.016083984375
1 0.7041341145833333 0.713251953125 0.05190104166666667 0.0244482421875
1 0.7290169270833333 0.6868701171875 0.03560546875 0.0386083984375
1 0.7112109375000001 0.68220703125 0.03259765625 0.0382861328125
1 0.6910546875 0.6820458984375 0.030885416666666665 0.041181640625
1 0.6721809895833334 0.6743212890625 0.026595052083333334 0.0386083984375
1 0.6374348958333333 0.6773779296875 0.05147786458333333 0.0260595703125
1 0.6011848958333333 0.6619384765625 0.04847005208333333 0.0318505859375
1 0.6934114583333333 0.6419921875 0.024453125000000003 0.040859375
1 0.7367382812500001 0.62703125 0.04074869791666667 0.0366748046875
1 0.7030598958333334 0.6164111328125 0.046328125 0.0308837890625
1 0.67625 0.6307275390625 0.021875000000000002 0.040859375
1 0.6545898437500001 0.629443359375 0.027454427083333333 0.0395703125
1 0.63228515625 0.6333056640625 0.030026041666666666 0.0395703125
1 0.60955078125 0.633466796875 0.03517578125 0.0379638671875
1 0.5951822916666667 0.6230078125 0.03989583333333333 0.034423828125
1 0.5638671875 0.6421484375 0.021875000000000002 0.041181640625
1 0.5469205729166667 0.6374853515625 0.021445312499999997 0.0395703125
1 0.506171875 0.6501953125 0.04203776041666666 0.035390625
1 0.47957682291666665 0.6481005859375 0.03603515625 0.0363525390625
1 0.45212239583333336 0.6588818359375 0.025735677083333335 0.039248046875
1 0.43367838541666665 0.6442431640625 0.020592447916666666 0.03892578125
1 0.4100846354166667 0.640703125 0.03174479166666667 0.03892578125
1 0.36526041666666664 0.6392578125 0.03989583333333333 0.0366748046875
1 0.29941406249999997 0.6046728515625 0.048040364583333335 0.02798828125
1 0.2685286458333333 0.5789306640625 0.0223046875 0.04021484375
1 0.24021484375000002 0.5570556640625 0.039466145833333334 0.035068359375
1 0.28375651041666666 0.553193359375 0.055338541666666664 0.01705078125
1 0.266171875 0.536787109375 0.04847005208333333 0.0318505859375
1 0.30284505208333334 0.53099609375 0.046328125 0.033779296875
1 0.3260091145833333 0.5345361328125 0.03860677083333333 0.0376416015625
1 0.3485286458333334 0.55271484375 0.05276041666666667 0.0205908203125
1 0.36632812499999995 0.5747509765625 0.04203776041666666 0.033134765625
1 0.33094401041666666 0.5716943359375 0.04847005208333333 0.027666015625
1 0.30284505208333334 0.5741064453125 0.04975911458333334 0.02734375
1 0.30198567708333335 0.5905126953125 0.048040364583333335 0.0254150390625
1 0.3390885416666667 0.6000048828125 0.02959635416666667 0.0379638671875
1 0.3886393229166667 0.595341796875 0.05319010416666667 0.023486328125
1 0.44697265625 0.6194677734375 0.026595052083333334 0.0395703125
1 0.4725 0.6230078125 0.022734375 0.0395703125
1 0.5138932291666667 0.624619140625 0.052330729166666666 0.0151220703125
1 0.5104622395833334 0.609013671875 0.05319010416666667 0.017373046875
1 0.5126041666666666 0.5905126953125 0.04975911458333334 0.024130859375
1 0.5364127604166666 0.5823095703125 0.0441796875 0.0302392578125
1 0.5653645833333333 0.60322265625 0.020592447916666666 0.040537109375
1 0.5853125 0.5948583984375 0.02359375 0.039248046875
1 0.6024739583333333 0.5860107421875 0.02530598958333333 0.04021484375
1 0.6241341145833333 0.597109375 0.021445312499999997 0.039248046875
1 0.64408203125 0.59501953125 0.02359375 0.0395703125
1 0.6627408854166666 0.5905126953125 0.0223046875 0.0421435546875
1 0.6801106770833334 0.583759765625 0.022734375 0.04021484375
1 0.6985611979166667 0.581826171875 0.021875000000000002 0.04021484375
1 0.7206510416666667 0.5929296875 0.03431640625 0.0373193359375
1 0.7418815104166666 0.594052734375 0.03131510416666667 0.0382861328125
1 0.7626888020833333 0.5942138671875 0.030885416666666665 0.040537109375
1 0.39721354166666667 0.56783203125 0.04031901041666667 0.0321728515625
1 0.4253125 0.5860107421875 0.02959635416666667 0.03892578125
1 0.45061848958333334 0.5829541015625 0.02359375 0.0386083984375
1 0.4759309895833333 0.5649365234375 0.0458984375 0.029599609375
1 0.40622395833333336 0.5539990234375 0.04031901041666667 0.03474609375
1 0.42123697916666664 0.5466015625 0.04203776041666666 0.0360302734375
1 0.4313151041666667 0.5314794921875 0.033886718749999996 0.0373193359375
1 0.4551236979166667 0.53228515625 0.03774739583333333 0.0369970703125
1 0.4909440104166667 0.5519091796875 0.036458333333333336 0.0369970703125
1 0.5096028645833334 0.54869140625 0.03603515625 0.0369970703125
1 0.54134765625 0.5393603515625 0.04975911458333334 0.0260595703125
1 0.5563606770833334 0.5287451171875 0.0471875 0.02927734375
1 0.59861328125 0.5515869140625 0.03989583333333333 0.033134765625
1 0.6202734375 0.54724609375 0.043756510416666665 0.0321728515625
1 0.6520182291666666 0.56509765625 0.05147786458333333 0.0260595703125
1 0.6397916666666666 0.54048828125 0.0476171875 0.0315283203125
1 0.6505143229166667 0.52955078125 0.04847005208333333 0.0308837890625
1 0.7071354166666667 0.557861328125 0.046757812499999996 0.0308837890625
1 0.7438151041666666 0.5622021484375 0.046328125 0.0312060546875
1 0.6996289062500001 0.5366259765625 0.050618489583333336 0.029599609375
1 0.7423111979166667 0.5433837890625 0.04847005208333333 0.0315283203125
1 0.7530338541666667 0.5318017578125 0.0458984375 0.0302392578125
1 0.23742838541666667 0.480810546875 0.032174479166666665 0.03892578125
1 0.2691731770833333 0.49416015625 0.05447916666666667 0.0193017578125
1 0.27517578125000003 0.480810546875 0.057910156250000004 0.01705078125
1 0.29040364583333333 0.4676171875 0.05490885416666667 0.0196240234375
1 0.27474609375 0.4397900390625 0.05447916666666667 0.018017578125
1 0.33780598958333335 0.455390625 0.04246744791666667 0.035712890625
1 0.30649088541666664 0.498984375 0.027024739583333332 0.039892578125
1 0.32772135416666665 0.491748046875 0.025735677083333335 0.0395703125
1 0.35432291666666665 0.505419921875 0.050618489583333336 0.0270263671875
1 0.35903645833333336 0.5263330078125 0.03774739583333333 0.0366748046875
1 0.3871354166666667 0.518291015625 0.019303385416666666 0.039892578125
1 0.40493489583333336 0.5107275390625 0.020592447916666666 0.03892578125
1 0.47528645833333333 0.5211865234375 0.04546875 0.027666015625
1 0.49780598958333333 0.51732421875 0.03989583333333333 0.03345703125
1 0.5149674479166667 0.5104052734375 0.039036458333333336 0.0363525390625
1 0.5662239583333334 0.491748046875 0.0231640625 0.04021484375
1 0.5486393229166667 0.49560546875 0.0248828125 0.0421435546875
1 0.528046875 0.4864404296875 0.020592447916666666 0.041181640625
1 0.5460611979166666 0.4558740234375 0.020592447916666666 0.040537109375
1 0.5259049479166666 0.4428466796875 0.0231640625 0.04150390625
1 0.50466796875 0.4766259765625 0.03731770833333333 0.0376416015625
1 0.49780598958333333 0.4571630859375 0.04074869791666667 0.035390625
1 0.47185546875 0.4763037109375 0.025735677083333335 0.04021484375
1 0.44998046875 0.4933544921875 0.029166666666666664 0.0376416015625
1 0.4287434895833333 0.4949658203125 0.03131510416666667 0.03892578125
1 0.41973307291666667 0.47373046875 0.033886718749999996 0.0395703125
1 0.40557942708333333 0.4635986328125 0.03302734375 0.040537109375
1 0.3671875 0.4854736328125 0.05490885416666667 0.017373046875
1 0.36526041666666664 0.4718017578125 0.05276041666666667 0.0176953125
1 0.37469401041666667 0.45458984375 0.05104817708333333 0.021875
1 0.3671875 0.4288525390625 0.0223046875 0.040537109375
1 0.32858072916666664 0.428369140625 0.020592447916666666 0.040859375
1 0.40408203125 0.4238623046875 0.0223046875 0.040859375
1 0.44161458333333337 0.455390625 0.02959635416666667 0.03892578125
1 0.4594140625 0.43833984375 0.019733072916666667 0.040859375
1 0.48085937500000003 0.4343212890625 0.026595052083333334 0.039248046875
1 0.49523437499999995 0.417431640625 0.039036458333333336 0.0369970703125
1 0.610625 0.48595703125 0.03302734375 0.04021484375
1 0.64322265625 0.503974609375 0.03989583333333333 0.035712890625
1 0.6610221354166667 0.49689453125 0.03603515625 0.0369970703125
1 0.6829036458333334 0.496572265625 0.03431640625 0.0382861328125
1 0.6822591145833333 0.4639208984375 0.05104817708333333 0.0244482421875
1 0.6515885416666667 0.434482421875 0.029166666666666664 0.0395703125
1 0.6756119791666667 0.4193603515625 0.029166666666666664 0.040859375
1 0.69041015625 0.4322314453125 0.02959635416666667 0.0395703125
1 0.7217252604166666 0.4159814453125 0.03989583333333333 0.0379638671875
1 0.7519661458333333 0.3867041015625 0.0223046875 0.041181640625
1 0.7172200520833334 0.379306640625 0.052330729166666666 0.027666015625
1 0.7152864583333334 0.3982861328125 0.05018880208333334 0.029599609375
1 0.6713216145833334 0.3920166015625 0.03517578125 0.0369970703125
1 0.6372200520833333 0.3961962890625 0.03131510416666667 0.0382861328125
1 0.6252083333333334 0.4169482421875 0.02530598958333333 0.041181640625
1 0.6039713541666667 0.4156591796875 0.021445312499999997 0.040537109375
1 0.5848828125 0.4227392578125 0.026165364583333333 0.039892578125
1 0.5647265625 0.4322314453125 0.021022135416666667 0.04021484375
1 0.5312630208333333 0.41646484375 0.046757812499999996 0.02798828125
1 0.5366276041666667 0.4035986328125 0.04975911458333334 0.0267041015625
1 0.5690104166666666 0.39458984375 0.053619791666666666 0.0202685546875
1 0.6035416666666666 0.3696533203125 0.05147786458333333 0.0199462890625
1 0.6114778645833333 0.3558203125 0.053619791666666666 0.0205908203125
1 0.5962500000000001 0.3382861328125 0.052330729166666666 0.0209130859375
1 0.6408658854166667 0.3477783203125 0.03774739583333333 0.0366748046875
1 0.5971093749999999 0.322685546875 0.05319010416666667 0.02380859375
1 0.6627408854166666 0.3693310546875 0.04975911458333334 0.0270263671875
1 0.7609700520833332 0.34279296875 0.026595052083333334 0.0395703125
1 0.7212955729166667 0.3474560546875 0.028736979166666666 0.0431103515625
1 0.6820442708333333 0.342470703125 0.04546875 0.035712890625
1 0.6706770833333334 0.330888671875 0.046757812499999996 0.035712890625
1 0.6601692708333333 0.318662109375 0.048040364583333335 0.035068359375
1 0.73544921875 0.3090087890625 0.04932942708333333 0.029921875
1 0.7852083333333333 0.3017724609375 0.046757812499999996 0.0341015625
1 0.6376497395833333 0.300322265625 0.053619791666666666 0.0202685546875
1 0.5467057291666667 0.340380859375 0.026165364583333333 0.0418212890625
1 0.5681575520833334 0.3608056640625 0.033886718749999996 0.03892578125
1 0.5355533854166666 0.3667578125 0.02959635416666667 0.041181640625
1 0.48065104166666667 0.34359375 0.055338541666666664 0.018662109375
1 0.49651692708333334 0.35919921875 0.053619791666666666 0.0189794921875
1 0.5010221354166667 0.3733544921875 0.052330729166666666 0.0176953125
1 0.4853645833333333 0.39185546875 0.05190104166666667 0.02380859375
1 0.45341145833333335 0.3884765625 0.03774739583333333 0.0363525390625
1 0.43775390625 0.423544921875 0.04332682291666667 0.033779296875
1 0.42445312500000004 0.4034375 0.02530598958333333 0.039892578125
1 0.45255208333333335 0.3657958984375 0.041178385416666664 0.0360302734375
1 0.40815104166666666 0.3867041015625 0.04074869791666667 0.0360302734375
1 0.37727213541666665 0.3921728515625 0.04332682291666667 0.035390625
1 0.3641861979166667 0.380751953125 0.04289713541666667 0.035712890625
1 0.3221484375 0.40150390625 0.046328125 0.0315283203125
1 0.26080729166666666 0.4056884765625 0.052330729166666666 0.0244482421875
1 0.25759114583333337 0.3883154296875 0.04932942708333333 0.0308837890625
1 0.25608723958333335 0.3696533203125 0.046328125 0.0308837890625
1 0.29726562500000003 0.3612890625 0.04889973958333333 0.0321728515625
1 0.30348958333333337 0.375927734375 0.0458984375 0.0312060546875
1 0.30927734375 0.39056640625 0.04889973958333333 0.029599609375
1 0.33608723958333336 0.3669189453125 0.030455729166666667 0.03892578125
1 0.35796875 0.354052734375 0.021875000000000002 0.0421435546875
1 0.38456380208333335 0.3501904296875 0.032174479166666665 0.0376416015625
1 0.3155013020833333 0.3032177734375 0.032174479166666665 0.040859375
1 0.3946419270833333 0.3075634765625 0.041178385416666664 0.035390625
1 0.42445312500000004 0.3596826171875 0.05018880208333334 0.027666015625
1 0.42337890624999996 0.34423828125 0.050618489583333336 0.028310546875
1 0.42766927083333334 0.32380859375 0.048040364583333335 0.029921875
1 0.4739973958333333 0.306435546875 0.05319010416666667 0.01705078125
1 0.50724609375 0.31560546875 0.02959635416666667 0.0437548828125
1 0.4085807291666667 0.298232421875 0.04246744791666667 0.035390625
1 0.42595703125 0.2914794921875 0.043756510416666665 0.035390625
1 0.44761718749999996 0.28359375 0.0458984375 0.029921875
1 0.32171875 0.2115283203125 0.026595052083333334 0.044716796875
1 0.5336263020833333 0.2071875 0.04203776041666666 0.0366748046875
1 0.6348567708333334 0.1978564453125 0.054049479166666664 0.028310546875
1 0.6573763020833333 0.237587890625 0.053619791666666666 0.0286328125
1 0.7219401041666668 0.284560546875 0.05490885416666667 0.029921875
1 0.7873502604166666 0.2667041015625 0.05104817708333333 0.027666015625
1 0.7191471354166666 0.26171875 0.045039062500000004 0.0376416015625
1 0.7957161458333334 0.3443994140625 0.05147786458333333 0.02734375
