1 0.6614583333333334 0.262451171875 0.025553385416666668 0.0399462890625
1 0.5928580729166667 0.434384765625 0.047936197916666666 0.0273291015625
1 0.3818359375 0.2141650390625 0.02468098958333333 0.04259765625
1 0.27307291666666667 0.3611376953125 0.030885416666666665 0.0394580078125
1 0.4447005208333333 0.8148486328125 0.0321875 0.0367138671875
1 0.59240234375 0.48384765625 0.046438802083333335 0.0265576171875
1 0.7569921875 0.7260791015625 0.034192708333333335 0.036611328125
1 0.7418489583333333 0.44955078125 0.04514322916666667 0.033330078125
1 0.35730468750000005 0.8208447265625 0.0316015625 0.0379541015625
1 0.49425781249999995 0.76728515625 0.057180989583333335 0.02986328125
1 0.2932942708333333 0.8099658203125 0.04732421875 0.0323193359375
1 0.5568294270833333 0.7632373046875 0.05311197916666666 0.0231640625
1 0.7865234375 0.5586962890625 0.03753255208333333 0.036259765625
1 0.33227864583333333 0.7979541015625 0.03259765625 0.0390380859375
1 0.46628255208333336 0.79296875 0.053105468749999996 0.02029296875
1 0.28771484375 0.7982666015625 0.05260416666666667 0.0321240234375
1 0.34161458333333333 0.815869140625 0.03253255208333333 0.04048828125
1 0.47975260416666665 0.6823193359375 0.04203125 0.03681640625
1 0.2696484375 0.7894775390625 0.047766927083333334 0.02751953125
1 0.3188020833333333 0.77416015625 0.053307291666666666 0.0207666015625
1 0.24888020833333332 0.769228515625 0.047766927083333334 0.0316748046875
1 0.2589192708333333 0.755986328125 0.04707682291666667 0.0321923828125
1 0.28466145833333334 0.7543310546875 0.04320963541666667 0.0320068359375
1 0.29303385416666666 0.7226318359375 0.03835286458333333 0.03544921875
1 0.31774739583333333 0.727900390625 0.019713541666666667 0.0403076171875
1 0.2827734375 0.706328125 0.0378125 0.0356494140625
1 0.24063802083333333 0.6819189453125 0.03835286458333333 0.0394970703125
1 0.25779296875 0.68677734375 0.03537760416666667 0.036259765625
1 0.28007161458333335 0.68556640625 0.0378125 0.0366650390625
1 0.32706380208333335 0.7034912109375 0.05131510416666666 0.021875
1 0.32004557291666663 0.6876904296875 0.052395833333333336 0.0206591796875
1 0.36960286458333336 0.6881982421875 0.05266276041666667 0.028154296875
1 0.3506966145833333 0.6746240234375 0.05698567708333333 0.01802734375
1 0.3212630208333333 0.6663232421875 0.053203125 0.023701171875
1 0.31315755208333335 0.6540673828125 0.0505078125 0.0271435546875
1 0.26224609375 0.6592333984375 0.0534765625 0.0257275390625
1 0.23375651041666667 0.6391796875 0.05590494791666667 0.01802734375
1 0.35798828125 0.72060546875 0.052122395833333335 0.017216796875
1 0.40350260416666667 0.73751953125 0.03889322916666667 0.0360546875
1 0.43145182291666667 0.7417724609375 0.04348307291666667 0.0332177734375
1 0.42267578125 0.76263671875 0.05185546875 0.018232421875
1 0.4538671875 0.7396484375 0.04294270833333333 0.0350439453125
1 0.4857356770833334 0.727900390625 0.03483723958333333 0.037880859375
1 0.45400390625000003 0.7193896484375 0.04213541666666667 0.034638671875
1 0.41227864583333335 0.7160498046875 0.0505078125 0.021064453125
1 0.41322265625000004 0.69548828125 0.04320963541666667 0.0342333984375
1 0.3716276041666667 0.79697265625 0.05185546875 0.0257275390625
1 0.42065104166666667 0.788466796875 0.04024088541666667 0.0358544921875
1 0.46710286458333333 0.7782373046875 0.05266276041666667 0.0198486328125
1 0.50099609375 0.742421875 0.04604166666666667 0.02658203125
1 0.5377604166666666 0.74515625 0.05067708333333334 0.021611328125
1 0.5934049479166666 0.7487548828125 0.026165364583333333 0.0407421875
1 0.5791666666666667 0.7332275390625 0.03477864583333334 0.0375146484375
1 0.5488541666666666 0.727265625 0.05299479166666667 0.0235986328125
1 0.51109375 0.711865234375 0.03842447916666667 0.0360205078125
1 0.5269921875 0.7046630859375 0.04041015625 0.035029296875
1 0.5453776041666667 0.700439453125 0.04206380208333333 0.03453125
1 0.5758528645833333 0.6975830078125 0.018216145833333332 0.041240234375
1 0.5955598958333334 0.69509765625 0.0172265625 0.041240234375
1 0.6124544270833333 0.7041650390625 0.018548177083333332 0.0404931640625
1 0.6290169270833333 0.673359375 0.05100911458333333 0.021611328125
1 0.6058268229166667 0.665283203125 0.052337239583333334 0.0183837890625
1 0.5619401041666666 0.6744775390625 0.030807291666666667 0.03626953125
1 0.537265625 0.6713720703125 0.045045572916666665 0.0315478515625
1 0.46124348958333333 0.7055322265625 0.04206380208333333 0.0347802734375
1 0.47151041666666665 0.692490234375 0.04140625 0.03453125
1 0.4402083333333333 0.6806884765625 0.0337890625 0.0382568359375
1 0.43011067708333334 0.669384765625 0.03676432291666667 0.0370166015625
1 0.41388020833333333 0.6616845703125 0.03809244791666667 0.0370166015625
1 0.39598958333333334 0.6562158203125 0.040078125 0.03552734375
1 0.3713151041666667 0.6527392578125 0.04637369791666667 0.029560546875
1 0.3941666666666667 0.772978515625 0.054986979166666665 0.0211181640625
1 0.7584440104166666 0.687353515625 0.050371093750000005 0.029248046875
1 0.69974609375 0.6882666015625 0.05484375 0.0188916015625
1 0.7296028645833333 0.668310546875 0.04956380208333333 0.0289453125
1 0.6928385416666667 0.6649609375 0.05646484375 0.021630859375
1 0.7807877604166666 0.65734375 0.053626302083333334 0.021630859375
1 0.7807877604166666 0.6414990234375 0.05524739583333333 0.0234619140625
1 0.7385416666666668 0.6445458984375 0.046308593749999995 0.0301611328125
1 0.7206640625 0.638603515625 0.046308593749999995 0.0298583984375
1 0.6784179687499999 0.647744140625 0.043059895833333334 0.0329052734375
1 0.65505859375 0.646220703125 0.04265625 0.0329052734375
1 0.6091536458333333 0.6498779296875 0.05240234375 0.01828125
1 0.5571549479166666 0.648203125 0.05402994791666666 0.0191943359375
1 0.57421875 0.636474609375 0.05240234375 0.020107421875
1 0.6264192708333333 0.634189453125 0.051184895833333334 0.0179736328125
1 0.6428710937500001 0.622001953125 0.05402994791666666 0.0191943359375
1 0.6727278645833333 0.6142333984375 0.040625 0.0359521484375
1 0.7188346354166667 0.618955078125 0.05565755208333333 0.0204150390625
1 0.7797721354166667 0.622763671875 0.05646484375 0.0158447265625
1 0.7746940104166667 0.611337890625 0.05443359375 0.014931640625
1 0.7813997395833333 0.596103515625 0.05565755208333333 0.0167578125
1 0.7245247395833333 0.60478515625 0.05484375 0.015234375
1 0.7312304687500001 0.5868115234375 0.05524739583333333 0.0207177734375
1 0.7710416666666666 0.5662451171875 0.03899739583333333 0.0380859375
1 0.7336653645833334 0.5505517578125 0.043059895833333334 0.0347314453125
1 0.7072591145833332 0.5476611328125 0.04143880208333333 0.0350390625
1 0.6969010416666667 0.5609130859375 0.03696614583333333 0.0359521484375
1 0.6912109375000001 0.5817822265625 0.03453125 0.0356494140625
1 0.68248046875 0.6003662109375 0.03818359375 0.0362548828125
1 0.6048893229166666 0.6157568359375 0.04143880208333333 0.0316845703125
1 0.5945312500000001 0.6031103515625 0.03940755208333333 0.0332080078125
1 0.64591796875 0.5965576171875 0.03737630208333333 0.0377783203125
1 0.66623046875 0.5613671875 0.023561197916666665 0.039912109375
1 0.6420572916666667 0.569140625 0.026406250000000003 0.039609375
1 0.6180924479166666 0.5828515625 0.035345052083333335 0.0371728515625
1 0.4945963541666667 0.6724267578125 0.04427734375 0.032294921875
1 0.5045442708333333 0.6453076171875 0.021933593749999997 0.039609375
1 0.47143880208333333 0.650029296875 0.04590494791666667 0.0271142578125
1 0.43710937499999997 0.6389111328125 0.04956380208333333 0.0316845703125
1 0.4769205729166666 0.6300732421875 0.046308593749999995 0.0280322265625
1 0.46168619791666665 0.6160595703125 0.03940755208333333 0.0347314453125
1 0.44483072916666666 0.6095068359375 0.03412109375 0.0362548828125
1 0.4007552083333333 0.6171240234375 0.057278645833333336 0.0137109375
1 0.34489583333333335 0.6114892578125 0.047936197916666666 0.0310791015625
1 0.3168684895833333 0.622763671875 0.024374999999999997 0.039609375
1 0.37841145833333334 0.6049365234375 0.05646484375 0.0143212890625
1 0.3341276041666667 0.583916015625 0.05321614583333333 0.0295556640625
1 0.41598958333333336 0.5794970703125 0.048749999999999995 0.0286376953125
1 0.4592513020833333 0.58208984375 0.041028645833333335 0.0344287109375
1 0.5017057291666667 0.6050927734375 0.050371093750000005 0.023154296875
1 0.524453125 0.6229150390625 0.04956380208333333 0.0252880859375
1 0.5480143229166666 0.6157568359375 0.050371093750000005 0.0268115234375
1 0.5532942708333334 0.6018896484375 0.047936197916666666 0.0258984375
1 0.5628450520833334 0.5897021484375 0.049967447916666664 0.0283349609375
1 0.575234375 0.5799560546875 0.04956380208333333 0.0258984375
1 0.5776692708333333 0.5639599609375 0.04712239583333333 0.0268115234375
1 0.6109830729166666 0.5574072265625 0.053626302083333334 0.015537109375
1 0.5321679687499999 0.5772119140625 0.0365625 0.0344287109375
1 0.5134830729166667 0.5726416015625 0.03574869791666666 0.0356494140625
1 0.5055598958333333 0.55771484375 0.03859375 0.0332080078125
1 0.47916015625 0.5746240234375 0.035345052083333335 0.0359521484375
1 0.43264322916666664 0.5433935546875 0.030872395833333333 0.0374755859375
1 0.42065755208333333 0.56 0.035345052083333335 0.0359521484375
1 0.36987630208333333 0.57126953125 0.04833984375 0.0268115234375
1 0.37556640625 0.5453759765625 0.023964843750000003 0.039609375
1 0.2835546875 0.6314453125 0.05768880208333333 0.015537109375
1 0.41416015624999997 0.5951904296875 0.04753255208333334 0.0295556640625
1 0.3631770833333334 0.593056640625 0.053626302083333334 0.0167578125
1 0.24049479166666665 0.6130126953125 0.03574869791666666 0.0371728515625
1 0.32397135416666667 0.57142578125 0.04509114583333334 0.030771484375
1 0.3241796875 0.5528369140625 0.04143880208333333 0.0295556640625
1 0.35383463541666665 0.5388232421875 0.025188802083333333 0.0374755859375
1 0.28009765625 0.5769091796875 0.05240234375 0.0258984375
1 0.27806640625 0.5619775390625 0.05402994791666666 0.0265087890625
1 0.2736002604166667 0.5476611328125 0.051595052083333336 0.0240673828125
1 0.30975911458333333 0.5330322265625 0.021529947916666667 0.0380859375
1 0.2900520833333333 0.5194775390625 0.03899739583333333 0.0347314453125
1 0.3312890625 0.518408203125 0.020716145833333335 0.0405224609375
1 0.35322265625 0.5045458984375 0.03777994791666667 0.0371728515625
1 0.32376953125 0.489619140625 0.03412109375 0.0365625
1 0.2916796875 0.494951171875 0.0446875 0.033818359375
1 0.2989908854166667 0.472099609375 0.04712239583333333 0.0265087890625
1 0.4176106770833334 0.500888671875 0.04956380208333333 0.021328125
1 0.44869140625000004 0.5190185546875 0.04671875 0.0326025390625
1 0.40562499999999996 0.4897705078125 0.04753255208333334 0.0234619140625
1 0.37841145833333334 0.48306640625 0.05402994791666666 0.0240673828125
1 0.35383463541666665 0.463720703125 0.04224609375 0.0347314453125
1 0.3719075520833333 0.456865234375 0.04671875 0.0332080078125
1 0.4027864583333333 0.4605224609375 0.03777994791666667 0.0380859375
1 0.66115234375 0.53486328125 0.04753255208333334 0.0240673828125
1 0.6942578125000001 0.506376953125 0.03005859375 0.0371728515625
1 0.65810546875 0.51962890625 0.050371093750000005 0.0271142578125
1 0.6682617187500001 0.498759765625 0.050371093750000005 0.0280322265625
1 0.67029296875 0.48078125 0.051184895833333334 0.029248046875
1 0.6574934895833333 0.471337890625 0.04671875 0.03046875
1 0.62357421875 0.4859619140625 0.024374999999999997 0.0402197265625
1 0.581328125 0.472099609375 0.04712239583333333 0.0283349609375
1 0.5764518229166666 0.457626953125 0.047936197916666666 0.026201171875
1 0.6170768229166667 0.4501611328125 0.027623697916666665 0.0393017578125
1 0.6367773437500001 0.4483349609375 0.020716145833333335 0.0405224609375
1 0.6928385416666667 0.4609765625 0.04427734375 0.0329052734375
1 0.7257421875 0.4742333984375 0.03777994791666667 0.0356494140625
1 0.6910091145833334 0.4402587890625 0.0446875 0.032294921875
1 0.6952734375 0.4221337890625 0.04265625 0.0344287109375
1 0.6627734375 0.4193896484375 0.024778645833333335 0.039912109375
1 0.6375911458333333 0.4143603515625 0.04347005208333333 0.033515625
1 0.5963541666666666 0.4175634765625 0.052812500000000005 0.0258984375
1 0.5920898437500001 0.403544921875 0.04833984375 0.027724609375
1 0.55451171875 0.5456787109375 0.052812500000000005 0.0207177734375
1 0.58498046875 0.5284619140625 0.052812500000000005 0.0137109375
1 0.544765625 0.5188671875 0.051184895833333334 0.0188916015625
1 0.5685286458333333 0.504091796875 0.05321614583333333 0.0252880859375
1 0.5321679687499999 0.4788037109375 0.029251302083333333 0.0393017578125
1 0.5006901041666666 0.5045458984375 0.05484375 0.017060546875
1 0.4903255208333333 0.4768212890625 0.022747395833333333 0.0402197265625
1 0.43609375 0.4656982421875 0.049967447916666664 0.030771484375
1 0.45072265624999996 0.4554931640625 0.049153645833333336 0.027421875
1 0.46453125 0.445439453125 0.05078125 0.027421875
1 0.41537760416666664 0.430966796875 0.025592447916666667 0.0417431640625
1 0.5065755208333333 0.4367578125 0.051184895833333334 0.0173681640625
1 0.46287109375 0.384638671875 0.04587890625 0.0268017578125
1 0.5053645833333333 0.3764892578125 0.04973958333333334 0.02861328125
1 0.5584895833333333 0.3817431640625 0.05263671875 0.0173828125
1 0.6021875 0.365625 0.051191406249999995 0.02064453125
1 0.5546223958333333 0.3562060546875 0.057467447916666664 0.0191943359375
1 0.52951171875 0.3089404296875 0.048776041666666665 0.03259765625
1 0.5075911458333333 0.3431689453125 0.03970052083333333 0.03658203125
1 0.48798177083333333 0.3141943359375 0.03815104166666667 0.0351318359375
1 0.4517643229166666 0.3123828125 0.057467447916666664 0.025712890625
1 0.46045572916666666 0.2930078125 0.054570312499999996 0.0231787109375
1 0.38994791666666667 0.312021484375 0.020768229166666666 0.0423779296875
1 0.3691861979166667 0.315283203125 0.025592447916666667 0.0431005859375
1 0.42689453125000004 0.255341796875 0.01931640625 0.0427392578125
1 0.6864583333333334 0.247734375 0.039114583333333335 0.0383935546875
1 0.65193359375 0.231435546875 0.051191406249999995 0.0318701171875
1 0.532890625 0.4210400390625 0.03815104166666667 0.0394775390625
1 0.2832291666666667 0.3978564453125 0.04973958333333334 0.033681640625
1 0.30809895833333334 0.39224609375 0.04732421875 0.028974609375
1 0.32958984375 0.3665283203125 0.05263671875 0.0253515625
1 0.29433593750000003 0.3567529296875 0.025592447916666667 0.0412890625
1 0.39453776041666666 0.3674365234375 0.025110677083333335 0.0402001953125
1 0.5181640625 0.7647509765625 0.04829427083333334 0.0300634765625
1 0.7422330729166666 0.429189453125 0.04829427083333334 0.03259765625
1 0.6794596354166668 0.3710595703125 0.04346354166666667 0.0358544921875
1 0.6729361979166667 0.387353515625 0.04587890625 0.033681640625
1 0.23320312499999998 0.221240234375 0.055 0.0278564453125
1 0.24037109375 0.2035546875 0.04754557291666667 0.0336767578125
1 0.261171875 0.19662109375 0.044244791666666665 0.0386328125
1 0.2816471354166667 0.193154296875 0.04027994791666666 0.0416015625
1 0.30343749999999997 0.1899365234375 0.034999999999999996 0.0430908203125
1 0.33711588541666665 0.2087548828125 0.03895833333333334 0.038134765625
1 0.3387630208333334 0.233271484375 0.05151041666666667 0.025751953125
1 0.2968294270833333 0.239462890625 0.0561328125 0.017333984375
1 0.27966145833333333 0.2548193359375 0.052167968749999995 0.028232421875
1 0.24169270833333334 0.2543212890625 0.0211328125 0.0430908203125
1 0.278671875 0.2736376953125 0.055468750000000004 0.01931640625
1 0.28131510416666666 0.2887451171875 0.054147135416666665 0.0217919921875
1 0.25589192708333336 0.2986474609375 0.052167968749999995 0.0267431640625
1 0.42197265624999997 0.1961279296875 0.055468750000000004 0.01783203125
1 0.466875 0.1976123046875 0.02509114583333333 0.043583984375
1 0.4873502604166667 0.1934033203125 0.027734375000000002 0.0440771484375
1 0.5061653645833334 0.19984375 0.03235677083333333 0.0440771484375
1 0.52994140625 0.2298046875 0.03235677083333333 0.0425927734375
1 0.5177213541666666 0.251845703125 0.029055989583333334 0.0430908203125
1 0.49890625000000005 0.256796875 0.025755208333333335 0.042099609375
1 0.4612630208333333 0.236494140625 0.03895833333333334 0.0361572265625
1 0.46225260416666664 0.259521484375 0.05151041666666667 0.024765625
1 0.3291927083333333 0.265712890625 0.025755208333333335 0.042099609375
1 0.34833984375 0.264228515625 0.02707682291666667 0.0430908203125
1 0.3698046875 0.26001953125 0.0211328125 0.0416015625
1 0.38994140625 0.2553125 0.019153645833333333 0.042099609375
1 0.40942708333333333 0.2530859375 0.022454427083333336 0.0445751953125
1 0.42065104166666667 0.2107373046875 0.054147135416666665 0.021298828125
1 0.41800781249999996 0.2258447265625 0.056790364583333336 0.02080078125
1 0.45168619791666664 0.278837890625 0.056790364583333336 0.022783203125
1 0.5130989583333333 0.2875048828125 0.054147135416666665 0.021298828125
1 0.6412109375 0.192412109375 0.056790364583333336 0.017333984375
1 0.6511197916666667 0.2080126953125 0.055468750000000004 0.01783203125
1 0.6976692708333333 0.2327783203125 0.04292317708333334 0.0406103515625
1 0.6213997395833334 0.231044921875 0.0488671875 0.02921875
1 0.60291015625 0.2582861328125 0.0488671875 0.0321923828125
1 0.6289973958333334 0.2619970703125 0.04820963541666667 0.032685546875
1 0.7534700520833333 0.2347607421875 0.056790364583333336 0.0198095703125
1 0.7287109374999999 0.258779296875 0.021790364583333333 0.0430908203125
1 0.74951171875 0.2617529296875 0.0211328125 0.0440771484375
1 0.7686588541666667 0.26373046875 0.0211328125 0.042099609375
1 0.7884700520833333 0.2612548828125 0.02509114583333333 0.0430908203125
1 0.7960677083333333 0.29765625 0.02707682291666667 0.0406103515625
1 0.7746028645833333 0.30236328125 0.026412760416666667 0.0411083984375
1 0.7399348958333333 0.2909716796875 0.054811197916666665 0.024267578125
1 0.7363020833333334 0.3068212890625 0.05151041666666667 0.02625
1 0.6937109375 0.276611328125 0.054811197916666665 0.0183251953125
1 0.6253645833333333 0.2909716796875 0.05151041666666667 0.0252587890625
1 0.58177734375 0.3078125 0.023776041666666668 0.0391259765625
1 0.6005989583333333 0.3117724609375 0.02046875 0.0411083984375
1 0.6190885416666666 0.318212890625 0.021790364583333333 0.0440771484375
1 0.6537565104166666 0.3387646484375 0.05018880208333334 0.024765625
1 0.6316341145833334 0.3489208984375 0.054811197916666665 0.01931640625
1 0.6821549479166666 0.3157373046875 0.05018880208333334 0.02921875
1 0.7029557291666667 0.323662109375 0.04688802083333333 0.0321923828125
1 0.7438997395833334 0.328115234375 0.054811197916666665 0.0163427734375
1 0.7822005208333334 0.333564453125 0.04952473958333333 0.0321923828125
1 0.7293684895833333 0.34248046875 0.054811197916666665 0.0153515625
1 0.7372916666666667 0.358330078125 0.054811197916666665 0.0153515625
1 0.7481901041666666 0.371455078125 0.055468750000000004 0.018818359375
1 0.7722916666666667 0.3816064453125 0.054811197916666665 0.01931640625
1 0.7029557291666667 0.37095703125 0.04292317708333334 0.03466796875
1 0.6405533854166666 0.377890625 0.027734375000000002 0.0425927734375
1 0.6220638020833333 0.3897802734375 0.027734375000000002 0.0406103515625
1 0.7541341145833332 0.4182568359375 0.05018880208333334 0.02921875
1 0.74884765625 0.4799169921875 0.046223958333333336 0.0336767578125
1 0.3912434895833334 0.2849560546875 0.05591796875 0.020224609375
1 0.4146419270833333 0.3051806640625 0.0337109375 0.0404541015625
1 0.4303059895833334 0.339091796875 0.032519531250000004 0.0392626953125
1 0.45588541666666665 0.33998046875 0.021022135416666667 0.04283203125
1 0.42158203125 0.3651171875 0.02934895833333333 0.039560546875
1 0.46223307291666665 0.36705078125 0.04878255208333334 0.02736328125
1 0.48979817708333334 0.3358154296875 0.038072916666666665 0.0362890625
1 0.33889322916666664 0.29447265625 0.055123697916666665 0.0178466796875
1 0.24787109375000002 0.325703125 0.02934895833333333 0.0392626953125
1 0.2615559895833333 0.3402783203125 0.029746093749999997 0.0386669921875
1 0.2879296875 0.319013671875 0.025384114583333336 0.0425341796875
1 0.30815755208333334 0.3167822265625 0.01983072916666667 0.042236328125
1 0.32818359375 0.3206494140625 0.026569010416666667 0.042236328125
1 0.34820963541666666 0.322880859375 0.025384114583333336 0.040751953125
1 0.38350911458333337 0.3481640625 0.042832031250000006 0.033017578125
1 0.33294270833333334 0.3524755859375 0.05115885416666666 0.0255810546875
1 0.3244140625 0.3825146484375 0.05235026041666666 0.029150390625
1 0.23875000000000002 0.358720703125 0.04203776041666666 0.0386669921875
1 0.24371093749999997 0.395009765625 0.03608723958333333 0.03748046875
1 0.25401692708333334 0.4128564453125 0.03608723958333333 0.036884765625
1 0.29189453125000003 0.419697265625 0.046796874999999995 0.0315283203125
1 0.3375065104166666 0.41642578125 0.05076171875 0.0261767578125
1 0.280390625 0.4329345703125 0.04362630208333334 0.0347998046875
1 0.25838541666666665 0.4445361328125 0.05115885416666666 0.0276611328125
1 0.4041341145833333 0.3979833984375 0.04203776041666666 0.03509765625
1 0.4303059895833334 0.4144921875 0.030937500000000003 0.039560546875
1 0.37835286458333334 0.4348681640625 0.05393880208333333 0.01427734375
1 0.5001106770833333 0.394267578125 0.05393880208333333 0.0199267578125
1 0.47988281250000003 0.4083935546875 0.05076171875 0.01427734375
1 0.49634114583333333 0.4220751953125 0.05274739583333333 0.016064453125
1 0.5605859375 0.3987255859375 0.05274739583333333 0.0223095703125
1 0.5338216145833333 0.367197265625 0.05393880208333333 0.01814453125
1 0.26076171875 0.52291015625 0.023398437499999997 0.0392626953125
1 0.22725260416666668 0.5374853515625 0.04600260416666666 0.0339111328125
1 0.22288411458333335 0.5651513671875 0.04045572916666667 0.036884765625
1 0.23438802083333332 0.576748046875 0.03966145833333334 0.03748046875
1 0.22050781249999998 0.612890625 0.030143229166666664 0.038369140625
1 0.25421875 0.599951171875 0.031725260416666665 0.036884765625
1 0.2807877604166667 0.6048583984375 0.02220703125 0.03896484375
1 0.30002604166666663 0.6041162109375 0.022604166666666665 0.0386669921875
1 0.2857486979166667 0.64486328125 0.05354166666666666 0.016064453125
1 0.22367838541666665 0.6664306640625 0.024589843750000003 0.04015625
1 0.34404947916666667 0.6365380859375 0.029746093749999997 0.0380712890625
1 0.38787109375 0.63177734375 0.05235026041666666 0.01546875
1 0.5215234375 0.6521533203125 0.021419270833333334 0.04015625
1 0.37676432291666667 0.703017578125 0.05235026041666666 0.0205224609375
1 0.256796875 0.725029296875 0.028951822916666665 0.0371826171875
1 0.30498046875 0.7507568359375 0.04203776041666666 0.0333154296875
1 0.33591796875 0.745107421875 0.01983072916666667 0.0404541015625
1 0.3700260416666667 0.755517578125 0.05155598958333333 0.020224609375
1 0.371015625 0.7391552734375 0.05036458333333333 0.0249853515625
1 0.3811263020833333 0.7849609375 0.05235026041666666 0.021416015625
1 0.4116666666666667 0.812177734375 0.05155598958333333 0.02349609375
1 0.5316341145833333 0.7876416015625 0.051953124999999996 0.0166552734375
1 0.5683203125 0.7794580078125 0.04997395833333334 0.0217138671875
1 0.6260286458333334 0.7528369140625 0.02736328125 0.0404541015625
1 0.6391145833333333 0.7326123046875 0.047988281249999994 0.030341796875
1 0.6331640625 0.6995947265625 0.023398437499999997 0.0392626953125
1 0.6801627604166667 0.7000439453125 0.05235026041666666 0.0217138671875
1 0.6704427083333333 0.732314453125 0.025781250000000002 0.0398583984375
1 0.69126953125 0.7409423828125 0.023795572916666664 0.0398583984375
1 0.7063346354166667 0.7572998046875 0.031725260416666665 0.0392626953125
1 0.7279492187500001 0.7181884765625 0.05274739583333333 0.0199267578125
1 0.783671875 0.717294921875 0.03410807291666667 0.03896484375
1 0.7814908854166666 0.682490234375 0.047988281249999994 0.0294482421875
1 0.73548828125 0.7013818359375 0.055123697916666665 0.0184423828125
1 0.7136718750000001 0.5113134765625 0.03054036458333333 0.0386669921875
1 0.7416341145833334 0.574521484375 0.05552083333333333 0.0217138671875
1 0.6103645833333333 0.54224609375 0.053144531249999995 0.01546875
1 0.6155143229166666 0.51830078125 0.038072916666666665 0.0353955078125
1 0.47988281250000003 0.5365966796875 0.049179687500000006 0.022607421875
1 0.45212239583333336 0.4933154296875 0.042832031250000006 0.032421875
1 0.3934244791666666 0.5477490234375 0.020625 0.038369140625
1 0.4029427083333333 0.519638671875 0.05235026041666666 0.0172509765625
1 0.49277343749999997 0.51755859375 0.05354166666666666 0.0172509765625
1 0.51220703125 0.4775537109375 0.028951822916666665 0.039560546875
1 0.52033203125 0.4525634765625 0.05393880208333333 0.017548828125
1 0.5494856770833333 0.3335888671875 0.04719401041666666 0.031826171875
