1 0.3134765625 0.5189501953125 0.03568359375 0.054052734375
1 0.25048828125 0.55810546875 0.04830078125 0.048037109375
1 0.33795572916666666 0.514169921875 0.03533203125 0.05373046875
1 0.3647135416666667 0.5085009765625 0.037858072916666666 0.055029296875
1 0.6234375 0.64794921875 0.04740234375 0.05267578125
1 0.67578125 0.51708984375 0.07373046875 0.04443359375
1 0.19449869791666666 0.1715087890625 0.06901041666666667 0.026201171875
1 0.4615885416666667 0.78125 0.06079427083333333 0.050048828125
1 0.2942708333333333 0.287841796875 0.07214192708333333 0.0249951171875
1 0.5533854166666666 0.67138671875 0.07360677083333333 0.034423828125
1 0.13639322916666666 0.3759765625 0.07430338541666666 0.0250390625
1 0.4417317708333333 0.75927734375 0.043782552083333336 0.053896484375
1 0.3160807291666667 0.57275390625 0.06860677083333333 0.0322900390625
1 0.6455078125 0.65966796875 0.04272786458333333 0.0533154296875
1 0.2732747395833333 0.70556640625 0.043782552083333336 0.0523388671875
1 0.3997395833333333 0.515625 0.037272135416666664 0.05099609375
1 0.2939453125 0.6591796875 0.043053385416666666 0.05154296875
1 0.6795638020833333 0.76953125 0.07674479166666666 0.0235595703125
1 0.29254557291666666 0.537900390625 0.037571614583333336 0.0544970703125
1 0.6569010416666666 0.483642578125 0.07197916666666666 0.04052734375
1 0.37890625 0.6376953125 0.07214192708333333 0.0382373046875
1 0.3649088541666667 0.56005859375 0.03188151041666667 0.0494091796875
1 0.6201171875 0.463134765625 0.07307942708333333 0.02859375
1 0.7428385416666666 0.8037109375 0.07348958333333333 0.0383935546875
1 0.2501627604166667 0.6171875 0.0712109375 0.023330078125
1 0.40409505208333335 0.5587890625 0.04768229166666666 0.0517578125
1 0.5758463541666666 0.70751953125 0.072265625 0.0367724609375
1 0.7174479166666666 0.46826171875 0.06335286458333333 0.0474267578125
1 0.32275390625 0.70263671875 0.055787760416666665 0.04931640625
1 0.09985677083333333 0.321533203125 0.06722005208333333 0.03494140625
1 0.3802083333333333 0.7418896484375 0.03735026041666666 0.0598583984375
1 0.44140625 0.630859375 0.03975260416666667 0.05154296875
1 0.6435546875 0.30517578125 0.07279296875 0.0325341796875
1 0.232421875 0.73095703125 0.04005859375 0.0542919921875
1 0.3792317708333333 0.61083984375 0.06001953125 0.0431201171875
1 0.3074544270833333 0.59375 0.07214192708333333 0.0322265625
1 0.3102213541666667 0.30810546875 0.07043619791666667 0.0215283203125
1 0.47695312500000003 0.666796875 0.07123697916666667 0.0389697265625
1 0.677734375 0.62841796875 0.03595052083333333 0.0564599609375
1 0.4195963541666667 0.74853515625 0.04044921875 0.0560302734375
1 0.5589192708333334 0.62158203125 0.04712239583333333 0.050234375
1 0.17529296875 0.21044921875 0.04044921875 0.0544140625
1 0.724609375 0.78759765625 0.07214192708333333 0.0362255859375
1 0.748046875 0.448486328125 0.043294270833333336 0.05560546875
1 0.3359375 0.7666015625 0.046263020833333335 0.05560546875
1 0.5150520833333333 0.63134765625 0.07339192708333334 0.027177734375
1 0.27099609375 0.64990234375 0.044270833333333336 0.0499560546875
1 0.3019205729166667 0.74267578125 0.0409765625 0.05349609375
1 0.263671875 0.73046875 0.043053385416666666 0.0557275390625
1 0.3430989583333333 0.60986328125 0.06429036458333333 0.0423291015625
1 0.24967447916666666 0.360595703125 0.06734375 0.0359521484375
1 0.5843098958333334 0.7802734375 0.034016927083333336 0.058134765625
1 0.5472005208333334 0.481689453125 0.03281901041666666 0.052705078125
1 0.7877604166666666 0.1685791015625 0.07955078125 0.0328369140625
1 0.19954427083333334 0.24853515625 0.07161458333333333 0.023193359375
1 0.4932421875 0.728505859375 0.07095052083333334 0.044580078125
1 0.7233072916666666 0.52490234375 0.034342447916666664 0.05099609375
1 0.6637369791666666 0.3388671875 0.054036458333333336 0.051455078125
1 0.796875 0.1890869140625 0.0780859375 0.0251318359375
1 0.6116536458333334 0.291015625 0.06746744791666666 0.040771484375
1 0.21158854166666666 0.270263671875 0.07332682291666666 0.0272216796875
1 0.2628580729166667 0.57958984375 0.047200520833333336 0.0486767578125
1 0.5113997395833333 0.6502880859375 0.07548828125 0.0271142578125
1 0.126875 0.236328125 0.0702734375 0.0269189453125
1 0.4407552083333333 0.55517578125 0.029544270833333334 0.04904296875
1 0.40234375 0.81298828125 0.07080078125 0.0237744140625
1 0.22379557291666666 0.294677734375 0.06774739583333333 0.0312060546875
1 0.6744791666666666 0.54443359375 0.06477864583333333 0.0406787109375
1 0.19954427083333334 0.64599609375 0.03658203125 0.0542919921875
1 0.705078125 0.6142578125 0.03493489583333333 0.0571923828125
1 0.08146484375 0.265380859375 0.045045572916666665 0.053984375
1 0.2950846354166667 0.7822265625 0.06624348958333333 0.03607421875
1 0.5768229166666666 0.491455078125 0.02658854166666667 0.05419921875
1 0.20166015625 0.7236328125 0.03871744791666667 0.053408203125
1 0.283203125 0.26953125 0.071328125 0.0283837890625
1 0.6029296875 0.4982421875 0.035319010416666664 0.0555419921875
1 0.7421875 0.71142578125 0.06649088541666666 0.0455322265625
1 0.3399739583333334 0.456689453125 0.03035807291666667 0.05552734375
1 0.806640625 0.1165771484375 0.07539713541666666 0.0445849609375
1 0.6907552083333334 0.73486328125 0.05859375 0.0499560546875
1 0.6451822916666666 0.443603515625 0.06990885416666666 0.0391259765625
1 0.21728515625 0.31640625 0.06429036458333333 0.02791015625
1 0.3014322916666667 0.477685546875 0.055703125 0.045458984375
1 0.6473307291666667 0.7440380859375 0.07771484375 0.0290380859375
1 0.1161328125 0.196044921875 0.07214192708333333 0.02630859375
1 0.16349609375 0.276611328125 0.043867187499999995 0.0555126953125
1 0.6034440104166666 0.6269580078125 0.044082031249999994 0.0556298828125
1 0.12646484375 0.278076171875 0.035279947916666665 0.0560302734375
1 0.7076822916666666 0.42236328125 0.04544921875 0.0526123046875
1 0.12296875 0.357421875 0.07820963541666666 0.0252685546875
1 0.79296875 0.14501953125 0.07837239583333333 0.0376904296875
1 0.27880859375 0.2001953125 0.04272786458333333 0.0530078125
1 0.10408854166666666 0.2125244140625 0.07267578125 0.024931640625
1 0.4479166666666667 0.6806640625 0.07580729166666667 0.0428173828125
1 0.1259765625 0.335693359375 0.0663671875 0.02810546875
1 0.7623697916666666 0.84423828125 0.071328125 0.038759765625
1 0.31298828125 0.22021484375 0.04296875 0.0528271484375
1 0.6097005208333334 0.3447265625 0.056315104166666664 0.0528271484375
1 0.22135416666666666 0.7763671875 0.03501302083333333 0.05490234375
1 0.5537109375 0.69140625 0.07332682291666666 0.0354931640625
1 0.43829427083333333 0.8642578125 0.076171875 0.025712890625
1 0.2683919270833333 0.46484375 0.037272135416666664 0.0505078125
1 0.75728515625 0.7470703125 0.07510416666666667 0.0343603515625
1 0.3203125 0.17138671875 0.06978515625 0.0365625
1 0.7473958333333334 0.82666015625 0.07348958333333333 0.03732421875
1 0.3531901041666667 0.324462890625 0.05375 0.0469970703125
1 0.4267578125 0.84228515625 0.07279296875 0.0269189453125
1 0.2664388020833333 0.173828125 0.042154947916666664 0.053896484375
1 0.21223958333333334 0.67724609375 0.06774739583333333 0.03634765625
1 0.5751953125 0.81787109375 0.06685546875 0.041689453125
1 0.16068359375 0.3125048828125 0.05785807291666667 0.046396484375
1 0.4088541666666667 0.451416015625 0.053548177083333336 0.0472412109375
1 0.5703125 0.59521484375 0.05326171875 0.047607421875
1 0.2908528645833333 0.34033203125 0.05416015625 0.04568359375
1 0.6953125 0.336181640625 0.050703124999999995 0.0535888671875
1 0.28759765625 0.814453125 0.045045572916666665 0.05685546875
1 0.31787109375 0.87158203125 0.030579427083333333 0.059541015625
1 0.5185546875 0.59765625 0.03930989583333334 0.0517578125
1 0.13883463541666666 0.830078125 0.074140625 0.031435546875
1 0.5979817708333334 0.4275927734375 0.06307291666666666 0.046162109375
1 0.08528645833333333 0.29736328125 0.057291666666666664 0.0462939453125
1 0.64732421875 0.7896435546875 0.0783984375 0.0273681640625
1 0.24967447916666666 0.79296875 0.032877604166666664 0.0571923828125
1 0.7545572916666666 0.414794921875 0.06697916666666666 0.0425732421875
1 0.5582682291666666 0.880859375 0.051679687499999995 0.059111328125
1 0.427734375 0.896484375 0.06323567708333333 0.048125
1 0.5911458333333334 0.270751953125 0.05835286458333333 0.0504150390625
1 0.7697851562500001 0.2127685546875 0.07968750000000001 0.0267626953125
1 0.3020833333333333 0.3818359375 0.06001953125 0.038115234375
1 0.12061197916666666 0.1756591796875 0.07548828125 0.0265478515625
1 0.6640625 0.81201171875 0.07373046875 0.024140625
1 0.3697916666666667 0.4530712890625 0.028378906250000002 0.055380859375
1 0.7141927083333334 0.07421875 0.060468749999999995 0.0517578125
1 0.25599609375 0.4009375 0.038984375 0.055595703125
1 0.8138020833333334 0.82763671875 0.050416666666666665 0.0604248046875
1 0.5384114583333334 0.52978515625 0.07279296875 0.019423828125
1 0.6321028645833333 0.5991259765625 0.058444010416666664 0.0531396484375
1 0.537109375 0.429931640625 0.054563802083333335 0.04779296875
1 0.36572265625 0.8689111328125 0.048912760416666666 0.055146484375
1 0.23291015625 0.202880859375 0.03944661458333334 0.0541064453125
1 0.24404947916666667 0.494140625 0.06263671875 0.0412939453125
1 0.16129557291666666 0.923828125 0.06563151041666666 0.0390625
1 0.4954427083333333 0.89697265625 0.04005859375 0.059326171875
1 0.20654296875 0.2081298828125 0.03784505208333334 0.053896484375
1 0.20540364583333334 0.149658203125 0.074140625 0.0222021484375
1 0.17822265625 0.89306640625 0.042643229166666664 0.056123046875
1 0.3821614583333333 0.270263671875 0.038209635416666665 0.0551171875
1 0.13354817708333333 0.59130859375 0.06901041666666667 0.03955078125
1 0.26513671875 0.86572265625 0.03623697916666666 0.0571923828125
1 0.3372395833333333 0.2125244140625 0.046061197916666664 0.0535888671875
1 0.20979817708333334 0.87109375 0.03466796875 0.0544140625
1 0.18408203125 0.61328125 0.06490234375 0.04123046875
1 0.12736328125 0.89892578125 0.06372395833333333 0.050234375
1 0.24951171875 0.90283203125 0.07389322916666667 0.0253759765625
1 0.6796875 0.141357421875 0.058678385416666666 0.050234375
1 0.2542317708333333 0.92333984375 0.07360677083333333 0.02484375
1 0.23974609375 0.8583984375 0.0336328125 0.05685546875
1 0.7220052083333334 0.1175537109375 0.03350911458333333 0.0602099609375
1 0.748046875 0.10107421875 0.03623697916666666 0.0589013671875
1 0.7727864583333334 0.0881982421875 0.04083333333333333 0.0567626953125
1 0.28662109375 0.415283203125 0.03554036458333334 0.044189453125
1 0.23453776041666666 0.94140625 0.07458333333333333 0.027265625
1 0.4973958333333333 0.41015625 0.031171875 0.050048828125
1 0.6396484375 0.365966796875 0.029765625 0.05419921875
1 0.23014322916666666 0.34716796875 0.05859375 0.031435546875
1 0.7916666666666666 0.2340087890625 0.07279296875 0.04046875
1 0.3603515625 0.763671875 0.04370442708333333 0.0535888671875
1 0.5211588541666666 0.92724609375 0.056764322916666665 0.0615234375
1 0.7701822916666666 0.91015625 0.04074869791666667 0.065126953125
1 0.8274739583333334 0.935546875 0.03568359375 0.0657373046875
1 0.470703125 0.9296875 0.029479166666666667 0.0596630859375
1 0.763671875 0.95654296875 0.052167968749999995 0.0614306640625
1 0.8580729166666666 0.93505859375 0.036705729166666666 0.06537109375
1 0.8040364583333334 0.9609375 0.03338541666666667 0.0640869140625
1 0.40020833333333333 0.9029931640625 0.06166666666666667 0.0512841796875
1 0.7541341145833332 0.6918359375 0.06784505208333333 0.04892578125
1 0.7082096354166666 0.7182568359375 0.06158203125 0.0516650390625
1 0.47518229166666665 0.79888671875 0.06315104166666667 0.0508837890625
1 0.34314453125000005 0.6947705078125 0.06001953125 0.04853515625
1 0.6494986979166667 0.5076708984375 0.07149739583333332 0.0407080078125
