1 0.392578125 0.70458984375 0.0312890625 0.039794921875
1 0.3603515625 0.69287109375 0.028645833333333332 0.03955078125
1 0.5282877604166667 0.332275390625 0.04139322916666666 0.0350048828125
1 0.3538411458333333 0.348876953125 0.023255208333333333 0.038759765625
1 0.4371744791666667 0.53564453125 0.046875 0.019423828125
1 0.48389322916666666 0.6077587890625 0.051705729166666665 0.01931640625
1 0.5725911458333334 0.3388671875 0.024355468749999998 0.039794921875
1 0.6217903645833334 0.54345703125 0.055742187500000005 0.0192724609375
1 0.4780859375 0.6239453125 0.05158854166666666 0.021923828125
1 0.5061848958333334 0.327880859375 0.045820312499999995 0.0333251953125
1 0.37054036458333334 0.6333740234375 0.04837890625 0.0292041015625
1 0.4781901041666667 0.55517578125 0.043378906249999995 0.0282763671875
1 0.48673177083333335 0.669091796875 0.026829427083333333 0.04185546875
1 0.48934244791666665 0.5918310546875 0.05229166666666666 0.0219384765625
1 0.404296875 0.344970703125 0.03944661458333334 0.0367724609375
1 0.5673177083333333 0.61103515625 0.04631510416666667 0.0314111328125
1 0.47888671875000005 0.581396484375 0.050696614583333334 0.02337890625
1 0.35546875 0.611328125 0.044108072916666664 0.0247021484375
1 0.42463541666666665 0.6395703125 0.04811848958333333 0.029990234375
1 0.3997395833333333 0.58154296875 0.03806640625 0.0357373046875
1 0.3854166666666667 0.52294921875 0.04830078125 0.023466796875
1 0.5792708333333333 0.6006591796875 0.0451953125 0.029501953125
1 0.3258463541666667 0.671875 0.022220052083333334 0.0390625
1 0.5510026041666667 0.6191748046875 0.04715494791666667 0.030751953125
1 0.4567057291666667 0.67724609375 0.025696614583333333 0.03955078125
1 0.4886067708333333 0.421630859375 0.04809895833333333 0.024521484375
1 0.3430989583333333 0.685546875 0.025247395833333335 0.0377490234375
1 0.5853190104166667 0.633408203125 0.04840494791666666 0.0292626953125
1 0.36954427083333335 0.5927001953125 0.036184895833333335 0.0352099609375
1 0.4046223958333333 0.496826171875 0.0283203125 0.0362255859375
1 0.5868424479166666 0.3629833984375 0.046783854166666666 0.0306103515625
1 0.5589192708333334 0.669921875 0.042643229166666664 0.0340869140625
1 0.423671875 0.5841357421875 0.04188802083333334 0.0329638671875
1 0.3580729166666667 0.66259765625 0.04642578125 0.026552734375
1 0.3385416666666667 0.51513671875 0.048014322916666664 0.0257568359375
1 0.548828125 0.346435546875 0.026184895833333333 0.0394287109375
1 0.43787109375000005 0.6008447265625 0.051705729166666665 0.0199267578125
1 0.6153971354166666 0.3454833984375 0.03275390625 0.0400146484375
1 0.6259765625 0.556640625 0.050416666666666665 0.0184326171875
1 0.5940755208333334 0.5126953125 0.0449609375 0.0313720703125
1 0.5309244791666666 0.3046875 0.054563802083333335 0.022158203125
1 0.4537760416666667 0.64453125 0.045983072916666666 0.023330078125
1 0.6285807291666666 0.52587890625 0.04830078125 0.024521484375
1 0.689453125 0.62841796875 0.048216145833333335 0.0292529296875
1 0.4329752604166666 0.6184619140625 0.05190104166666667 0.017578125
1 0.6328125 0.341064453125 0.028483072916666668 0.0382373046875
1 0.4313151041666667 0.365966796875 0.022031250000000002 0.0397021484375
1 0.5800260416666666 0.57759765625 0.04078125 0.0355712890625
1 0.67578125 0.60302734375 0.053059895833333336 0.0161572265625
1 0.421875 0.322509765625 0.021868489583333334 0.0406787109375
1 0.6315104166666666 0.22900390625 0.04544921875 0.0350048828125
1 0.3364453125 0.450927734375 0.05549479166666666 0.0157177734375
1 0.591796875 0.302490234375 0.021627604166666665 0.04025390625
1 0.5035807291666666 0.39208984375 0.035279947916666665 0.0367138671875
1 0.45346354166666664 0.564638671875 0.0503515625 0.0236767578125
1 0.5540559895833334 0.6486767578125 0.044511718750000005 0.0328271484375
1 0.3453580729166667 0.465576171875 0.05391927083333333 0.0160986328125
1 0.7063802083333334 0.57568359375 0.052083333333333336 0.02064453125
1 0.41796875 0.69189453125 0.027591145833333334 0.03927734375
1 0.5240885416666666 0.634765625 0.01940755208333333 0.038115234375
1 0.5944010416666666 0.385498046875 0.03369140625 0.0374755859375
1 0.3863932291666667 0.320556640625 0.049967447916666664 0.0246142578125
1 0.4723307291666667 0.401611328125 0.05025390625 0.0184765625
1 0.638671875 0.298095703125 0.04634765625 0.0391845703125
1 0.37109375 0.359375 0.02352213541666667 0.03955078125
1 0.3909505208333333 0.72900390625 0.05005208333333333 0.023603515625
1 0.5345052083333334 0.5810546875 0.03263671875 0.035400390625
1 0.3759765625 0.5029296875 0.04565755208333333 0.027265625
1 0.6705729166666666 0.33447265625 0.03395833333333333 0.0396435546875
1 0.712890625 0.6494140625 0.05147135416666667 0.02748046875
1 0.36541666666666667 0.482763671875 0.05126302083333333 0.0228564453125
1 0.658203125 0.3486328125 0.029479166666666667 0.0389697265625
1 0.39449218750000004 0.672177734375 0.04381510416666667 0.0321435546875
1 0.5139973958333334 0.71728515625 0.0332421875 0.037109375
1 0.6311848958333334 0.261474609375 0.041666666666666664 0.0341796875
1 0.30636718749999997 0.6318701171875 0.05347005208333333 0.0166650390625
1 0.6435546875 0.61474609375 0.047200520833333336 0.027177734375
1 0.47265625 0.44314453125 0.023984375000000002 0.0381396484375
1 0.3167317708333333 0.64599609375 0.05244791666666667 0.0157177734375
1 0.4801432291666667 0.533203125 0.038938802083333335 0.029375
1 0.4921875 0.44873046875 0.024212239583333333 0.038115234375
1 0.3234049479166667 0.75341796875 0.050703124999999995 0.01833984375
1 0.3721744791666666 0.7071337890625 0.029661458333333335 0.0385498046875
1 0.7278645833333334 0.69873046875 0.039674479166666665 0.0372607421875
1 0.6291796875 0.287646484375 0.04171223958333333 0.0374853515625
1 0.6630859375 0.240234375 0.02072265625 0.0401025390625
1 0.3603515625 0.7548828125 0.02352213541666667 0.0393359375
1 0.3913671875 0.568369140625 0.04233723958333333 0.0335693359375
1 0.23079427083333334 0.267822265625 0.051393229166666665 0.0316162109375
1 0.39043619791666667 0.6399072265625 0.04731770833333334 0.0298388671875
