1 0.2989908854166667 0.39501953125 0.05444661458333333 0.0273291015625
1 0.5055338541666666 0.7685546875 0.035481770833333336 0.0355517578125
1 0.3116861979166667 0.37109375 0.05025390625 0.0305615234375
1 0.658203125 0.73583984375 0.026959635416666666 0.0373828125
1 0.65494140625 0.2345947265625 0.052154947916666666 0.0314892578125
1 0.4554036458333333 0.76611328125 0.04419270833333333 0.0318017578125
1 0.6803385416666666 0.315673828125 0.05054036458333333 0.0230712890625
1 0.7740885416666666 0.412841796875 0.05054036458333333 0.02427734375
1 0.4124348958333333 0.31396484375 0.04658854166666667 0.0364404296875
1 0.5260416666666666 0.77099609375 0.03345052083333334 0.035888671875
1 0.7063802083333334 0.423828125 0.02712239583333333 0.0374755859375
1 0.7682291666666666 0.7109375 0.052858072916666665 0.022841796875
1 0.3782552083333333 0.7001953125 0.04740234375 0.0223681640625
1 0.7083333333333334 0.489501953125 0.0439453125 0.0270068359375
1 0.765625 0.426513671875 0.052369791666666665 0.0238671875
1 0.6409505208333334 0.327392578125 0.029440104166666665 0.0408349609375
1 0.39453125 0.28564453125 0.047773437499999995 0.022890625
1 0.4775390625 0.224365234375 0.049765625 0.0309619140625
1 0.7747395833333334 0.399658203125 0.051191406249999995 0.022841796875
1 0.732421875 0.396728515625 0.036295572916666664 0.0367724609375
1 0.3590494791666667 0.78955078125 0.028281249999999997 0.0376904296875
1 0.7252604166666666 0.252685546875 0.021197916666666667 0.04345703125
1 0.744140625 0.65869140625 0.043619791666666664 0.0375390625
1 0.5080533854166667 0.39453125 0.0537109375 0.0200634765625
1 0.5771484375 0.25341796875 0.05033203125 0.028701171875
1 0.423828125 0.71533203125 0.047200520833333336 0.027265625
1 0.7721354166666666 0.69775390625 0.049401041666666666 0.023193359375
1 0.373046875 0.736328125 0.05126953125 0.0204931640625
1 0.5553385416666666 0.339111328125 0.05147135416666667 0.0184033203125
1 0.7083333333333334 0.509765625 0.04520833333333333 0.0325927734375
1 0.44158203125 0.2559716796875 0.05120442708333334 0.030869140625
1 0.4049479166666667 0.6796875 0.054563802083333335 0.0184765625
1 0.671875 0.297119140625 0.05444661458333333 0.0227978515625
1 0.2587890625 0.29736328125 0.023984375000000002 0.04052734375
1 0.5611979166666666 0.7412109375 0.04837890625 0.0229345703125
1 0.5266927083333334 0.368408203125 0.052571614583333336 0.01744140625
1 0.4524739583333333 0.78515625 0.0449609375 0.0270703125
1 0.3232421875 0.291748046875 0.03595052083333333 0.0381787109375
1 0.59302734375 0.4412060546875 0.0423828125 0.0332421875
1 0.3369140625 0.73974609375 0.028014322916666667 0.03927734375
1 0.4290364583333333 0.35400390625 0.0449609375 0.0280615234375
1 0.7265625 0.70263671875 0.043294270833333336 0.033720703125
1 0.3133138020833333 0.79931640625 0.035078125 0.03759765625
1 0.27392578125 0.416015625 0.04756510416666667 0.0267626953125
1 0.3642578125 0.251708984375 0.04067057291666667 0.03390625
1 0.3899739583333333 0.25341796875 0.041914062499999995 0.0334765625
1 0.6510416666666666 0.22021484375 0.05033203125 0.0276318359375
1 0.2791341145833333 0.681640625 0.02482421875 0.0372607421875
1 0.3076171875 0.7607421875 0.03826822916666667 0.03705078125
1 0.2825520833333333 0.318603515625 0.058027343749999995 0.0296484375
1 0.2991536458333333 0.2841796875 0.0405859375 0.03689453125
1 0.2732747395833333 0.7732373046875 0.027792968749999997 0.0395458984375
1 0.6803385416666666 0.736025390625 0.022565104166666666 0.03994140625
1 0.748046875 0.7265625 0.044029947916666666 0.0348828125
1 0.23795572916666666 0.5458984375 0.03300130208333333 0.0347607421875
1 0.5591015625 0.2819775390625 0.05102213541666667 0.0236572265625
1 0.6175130208333334 0.38330078125 0.051393229166666665 0.0183740234375
1 0.259765625 0.68310546875 0.024355468749999998 0.0362841796875
1 0.2833658854166667 0.80908203125 0.026184895833333333 0.03759765625
1 0.341796875 0.349365234375 0.020403645833333334 0.040771484375
1 0.3388671875 0.263427734375 0.05244791666666667 0.0239111328125
1 0.6526692708333334 0.432861328125 0.021360677083333335 0.04345703125
1 0.779296875 0.73828125 0.032877604166666664 0.038818359375
1 0.49609375 0.2374267578125 0.049967447916666664 0.02615234375
1 0.5690104166666666 0.4609375 0.051595052083333336 0.0156005859375
1 0.6909635416666666 0.270791015625 0.052812500000000005 0.026904296875
1 0.7669270833333334 0.249755859375 0.021627604166666665 0.03955078125
1 0.42578125 0.229248046875 0.053834635416666665 0.0251318359375
1 0.5091145833333334 0.8037109375 0.027161458333333333 0.03802734375
1 0.3460286458333333 0.29541015625 0.036640625 0.0413232421875
1 0.34985677083333333 0.7597265625 0.045462239583333335 0.031396484375
1 0.5270182291666666 0.802734375 0.026002604166666665 0.0367724609375
1 0.6843294270833334 0.251357421875 0.051393229166666665 0.027021484375
1 0.47836588541666664 0.2860693359375 0.04860677083333333 0.0332568359375
1 0.25634765625 0.7978515625 0.0278515625 0.0357373046875
1 0.4404296875 0.74560546875 0.02080078125 0.0403759765625
1 0.28759765625 0.4443359375 0.027161458333333333 0.0426318359375
1 0.6647135416666666 0.69970703125 0.0234375 0.0389111328125
1 0.75390625 0.75 0.04658854166666667 0.02970703125
1 0.24039713541666666 0.6064453125 0.048710937499999996 0.0295849609375
1 0.4788411458333333 0.7315673828125 0.021035156250000003 0.0426318359375
1 0.33789713541666666 0.81591796875 0.051621093750000006 0.018583984375
1 0.736328125 0.7578125 0.046751302083333335 0.0281689453125
1 0.24283854166666666 0.8095703125 0.03163411458333334 0.03662109375
1 0.25385416666666666 0.648427734375 0.052617187499999996 0.025
1 0.4716796875 0.80908203125 0.024029947916666666 0.0377490234375
1 0.3269856770833333 0.71875 0.026751302083333334 0.0397021484375
1 0.2713216145833333 0.4619140625 0.021627604166666665 0.03802734375
1 0.24576822916666666 0.48583984375 0.036783854166666664 0.037109375
1 0.2657877604166667 0.263427734375 0.043378906249999995 0.031435546875
1 0.7467447916666666 0.25146484375 0.021282552083333333 0.0430322265625
1 0.3811848958333333 0.77294921875 0.02001953125 0.0372021484375
1 0.29541015625 0.2420654296875 0.051595052083333336 0.033203125
1 0.57861328125 0.7548828125 0.051354166666666666 0.0236962890625
1 0.5598372395833333 0.67138671875 0.04991536458333334 0.021865234375
1 0.2571614583333333 0.359130859375 0.040364583333333336 0.0390625
1 0.6966145833333334 0.2310791015625 0.03615234375 0.039794921875
1 0.5638020833333334 0.791015625 0.02352213541666667 0.038544921875
1 0.5462239583333334 0.783203125 0.023255208333333333 0.040771484375
1 0.490234375 0.80419921875 0.026002604166666665 0.0391259765625
1 0.3245442708333333 0.6396484375 0.055703125 0.01744140625
1 0.7786458333333334 0.285888671875 0.0223828125 0.036162109375
1 0.7864583333333334 0.247314453125 0.0234375 0.040986328125
1 0.3818359375 0.470458984375 0.022115885416666665 0.0401611328125
1 0.24300130208333334 0.330322265625 0.023984375000000002 0.0406787109375
1 0.74431640625 0.443359375 0.05524088541666666 0.0179150390625
1 0.6409505208333334 0.264892578125 0.04296875 0.0379638671875
1 0.42525390625000004 0.212880859375 0.051679687499999995 0.0265673828125
1 0.24300130208333334 0.67431640625 0.024778645833333335 0.038818359375
1 0.4674479166666667 0.1978662109375 0.02805338541666667 0.04240234375
1 0.7161458333333334 0.5751953125 0.021197916666666667 0.0362255859375
1 0.55599609375 0.2330322265625 0.05541015625 0.02044921875
1 0.3198958333333333 0.429931640625 0.053359374999999994 0.01583984375
1 0.611328125 0.72998046875 0.022643229166666667 0.041689453125
1 0.4309895833333333 0.8176416015625 0.021953125 0.0396728515625
1 0.23567708333333334 0.281494140625 0.026796874999999998 0.0413232421875
1 0.248046875 0.57234375 0.021868489583333334 0.040390625
1 0.6783854166666666 0.56298828125 0.0234375 0.03802734375
1 0.4117838541666667 0.818876953125 0.020891927083333334 0.0408935546875
1 0.734375 0.57861328125 0.02056640625 0.0367724609375
1 0.4270833333333333 0.196044921875 0.05195963541666667 0.024091796875
1 0.7428385416666666 0.298095703125 0.0546484375 0.0159619140625
1 0.6240234375 0.7529296875 0.04463541666666667 0.022978515625
1 0.5250520833333333 0.250732421875 0.053561197916666664 0.0179150390625
1 0.765625 0.34375 0.053834635416666665 0.0160205078125
1 0.4957682291666667 0.833984375 0.0517578125 0.0193505859375
1 0.7721354166666666 0.453369140625 0.05005208333333333 0.0252685546875
1 0.74224609375 0.283203125 0.056067708333333334 0.016220703125
1 0.7473958333333334 0.314208984375 0.053059895833333336 0.01548828125
1 0.6725260416666666 0.437255859375 0.023255208333333333 0.0443408203125
1 0.27996744791666667 0.7146044921875 0.053385416666666664 0.02109375
1 0.3932291666666667 0.8180908203125 0.020891927083333334 0.0409326171875
1 0.21370442708333334 0.299072265625 0.05054036458333333 0.0325927734375
1 0.3733723958333333 0.2288818359375 0.053671875 0.0173046875
1 0.7897135416666666 0.315673828125 0.04136067708333333 0.03607421875
1 0.6416015625 0.20751953125 0.052083333333333336 0.0280615234375
1 0.4010416666666667 0.77392578125 0.017903645833333332 0.0357373046875
1 0.79970703125 0.2765625 0.025221354166666668 0.0417724609375
1 0.3733723958333333 0.81494140625 0.019869791666666668 0.0384521484375
1 0.6822916666666666 0.346923828125 0.01978515625 0.0381787109375
1 0.4908854166666667 0.1862646484375 0.021197916666666667 0.0436083984375
1 0.7552083333333334 0.5693359375 0.022220052083333334 0.0396435546875
1 0.7545572916666666 0.2237548828125 0.05244791666666667 0.0171826171875
1 0.7749348958333333 0.372802734375 0.0551171875 0.01583984375
1 0.5104166666666666 0.19330078125 0.02146484375 0.0452392578125
1 0.7018229166666666 0.375732421875 0.018821614583333333 0.0394921875
1 0.3106901041666667 0.2354931640625 0.046959635416666666 0.03318359375
1 0.2905078125 0.274931640625 0.03686848958333334 0.037548828125
1 0.4251822916666667 0.2442236328125 0.05084635416666666 0.0279443359375
1 0.44419921874999996 0.2714404296875 0.048515625 0.0311474609375
1 0.5668489583333333 0.2688232421875 0.052395833333333336 0.0247412109375
1 0.5099869791666667 0.2672216796875 0.046575520833333335 0.0308544921875
1 0.49252604166666664 0.2762451171875 0.046575520833333335 0.032021484375
1 0.43779947916666667 0.29501953125 0.048125 0.03056640625
1 0.45157552083333335 0.305498046875 0.04774088541666666 0.02998046875
1 0.5406510416666667 0.2941455078125 0.05123046875 0.022998046875
1 0.5288151041666667 0.3060791015625 0.05084635416666666 0.0235791015625
1 0.49776041666666665 0.3120458984375 0.05006510416666667 0.0250341796875
1 0.4799088541666667 0.322236328125 0.05084635416666666 0.0238671875
1 0.47331380208333335 0.3362060546875 0.05006510416666667 0.025615234375
1 0.4760286458333333 0.35396484375 0.04774088541666666 0.02736328125
1 0.5222135416666667 0.330966796875 0.05006510416666667 0.028525390625
1 0.56568359375 0.3121923828125 0.040755208333333334 0.039296875
1 0.6087630208333333 0.3126318359375 0.0547265625 0.0192138671875
1 0.59634765625 0.3277685546875 0.053170572916666665 0.024453125
1 0.65611328125 0.33912109375 0.037649739583333335 0.0384228515625
1 0.6285611979166666 0.3558544921875 0.03997395833333333 0.034638671875
1 0.6010026041666666 0.353671875 0.0423046875 0.0355126953125
1 0.5852864583333334 0.3608056640625 0.044244791666666665 0.0340576171875
1 0.5703385416666666 0.370703125 0.03997395833333333 0.034638671875
1 0.6714453125 0.3727392578125 0.04347005208333333 0.0334765625
1 0.665625 0.3893310546875 0.04347005208333333 0.0323095703125
1 0.6555338541666667 0.4018505859375 0.04501953125 0.03056640625
1 0.2926432291666667 0.3298046875 0.052786458333333335 0.0250341796875
1 0.35473958333333333 0.306953125 0.034153645833333336 0.0387158203125
1 0.3737565104166667 0.31015625 0.034928385416666666 0.0387158203125
1 0.3770572916666666 0.3322802734375 0.03919921875 0.0369677734375
1 0.3927734375 0.338974609375 0.036484375 0.038134765625
1 0.42324218750000003 0.34013671875 0.04774088541666666 0.02998046875
1 0.52357421875 0.3533837890625 0.053561197916666664 0.0174658203125
1 0.308359375 0.35236328125 0.05006510416666667 0.0293994140625
1 0.27401041666666665 0.3669189453125 0.03881510416666666 0.03638671875
1 0.3044791666666667 0.3833642578125 0.04929036458333333 0.0279443359375
1 0.3586197916666667 0.3682275390625 0.038033854166666665 0.0366796875
1 0.3890885416666667 0.378271484375 0.029882812499999998 0.0398779296875
1 0.41101562500000005 0.3880224609375 0.0302734375 0.0401708984375
1 0.43042317708333333 0.3852587890625 0.027167968749999997 0.040458984375
1 0.44789062500000004 0.3785595703125 0.029498697916666667 0.039296875
1 0.46671223958333335 0.3771044921875 0.030664062500000002 0.040458984375
1 0.5084375 0.3797265625 0.05200520833333333 0.0189208984375
1 0.37569661458333337 0.39326171875 0.029498697916666667 0.03958984375
1 0.3549348958333333 0.40970703125 0.023678385416666666 0.0398779296875
1 0.3316471354166667 0.4030126953125 0.034544270833333335 0.0358056640625
1 0.3128255208333333 0.45671875 0.026393229166666667 0.0401708984375
1 0.34212890625 0.446533203125 0.0423046875 0.0355126953125
1 0.3555143229166667 0.4562841796875 0.041914062499999995 0.0334765625
1 0.37861328125 0.431396484375 0.031438802083333335 0.0372607421875
1 0.3970442708333333 0.4287744140625 0.031048177083333333 0.03958984375
1 0.41684244791666664 0.42673828125 0.02872395833333333 0.03900390625
1 0.4346940104166667 0.42484375 0.02872395833333333 0.0387158203125
1 0.45681640625 0.4181494140625 0.029498697916666667 0.0387158203125
1 0.47486328125 0.4149462890625 0.030664062500000002 0.038134765625
1 0.49892578125000003 0.417275390625 0.03609375 0.0358056640625
1 0.52357421875 0.420478515625 0.036484375 0.0369677734375
1 0.5443359375 0.4196044921875 0.03376953125 0.03638671875
1 0.5542317708333333 0.4049072265625 0.03337890625 0.03609375
1 0.5711197916666667 0.3973388671875 0.03686848958333334 0.0372607421875
1 0.6037174479166666 0.40708984375 0.03997395833333333 0.0340576171875
1 0.6328255208333333 0.4194580078125 0.019791666666666666 0.040751953125
1 0.6035221354166667 0.428193359375 0.041914062499999995 0.03318359375
1 0.64466796875 0.454970703125 0.04501953125 0.0308544921875
1 0.63224609375 0.4677783203125 0.0426953125 0.0326025390625
1 0.6178841145833334 0.47607421875 0.040364583333333336 0.0334765625
1 0.6776562500000001 0.4696728515625 0.050455729166666664 0.0264892578125
1 0.6757161458333334 0.4877197265625 0.050455729166666664 0.0253271484375
1 0.6605794270833333 0.50984375 0.048906250000000005 0.025908203125
1 0.6598046875 0.5255615234375 0.046575520833333335 0.0276513671875
1 0.6273958333333333 0.513916015625 0.020572916666666666 0.039296875
1 0.6052734375000001 0.4928125 0.02755859375 0.0384228515625
1 0.5839257812499999 0.48669921875 0.02677734375 0.0384228515625
1 0.5639388020833334 0.4862646484375 0.027167968749999997 0.037548828125
1 0.5433658854166666 0.4821875 0.027942708333333333 0.040458984375
1 0.5581119791666667 0.445947265625 0.052786458333333335 0.016298828125
1 0.5061067708333333 0.4434765625 0.05123046875 0.022412109375
1 0.5061067708333333 0.45861328125 0.048125 0.02416015625
1 0.5070768229166667 0.4730224609375 0.04929036458333333 0.0261962890625
1 0.4979557291666667 0.487138671875 0.04580078125 0.0282373046875
1 0.4725325520833333 0.453955078125 0.019791666666666666 0.039296875
1 0.4480859375 0.4542431640625 0.03376953125 0.0369677734375
1 0.45293619791666667 0.4837890625 0.020957031249999997 0.0384228515625
1 0.48669921875000005 0.499072265625 0.046575520833333335 0.0293994140625
1 0.42673828125 0.477822265625 0.031438802083333335 0.0369677734375
1 0.39995442708333334 0.467490234375 0.02289713541666667 0.03958984375
1 0.41276692708333335 0.504892578125 0.020572916666666666 0.0387158203125
1 0.3939388020833334 0.5073681640625 0.01940755208333333 0.0401708984375
1 0.36638671875 0.4864111328125 0.03725911458333333 0.03609375
1 0.34891927083333335 0.4928125 0.03337890625 0.0366796875
1 0.33009765625 0.495869140625 0.03298828125 0.0358056640625
1 0.3126302083333333 0.50052734375 0.03376953125 0.038134765625
1 0.2908984375 0.478115234375 0.032213541666666665 0.037548828125
1 0.25518880208333333 0.5002392578125 0.03997395833333333 0.0369677734375
1 0.2656705729166667 0.512900390625 0.041529947916666664 0.0355126953125
1 0.27187500000000003 0.531240234375 0.03997395833333333 0.03609375
1 0.36017578125 0.5194482421875 0.04580078125 0.0293994140625
1 0.36328125 0.533857421875 0.04735026041666667 0.028525390625
1 0.33067708333333334 0.5363330078125 0.02251302083333333 0.0387158203125
1 0.3031184895833333 0.518427734375 0.03570963541666667 0.0366796875
1 0.30370442708333334 0.5439013671875 0.041529947916666664 0.0340576171875
1 0.6916276041666666 0.434306640625 0.024837239583333334 0.040751953125
1 0.7246223958333333 0.417333984375 0.030579427083333333 0.0394091796875
1 0.53337890625 0.5060498046875 0.025885416666666664 0.03912109375
1 0.5542838541666667 0.5194921875 0.019114583333333334 0.038525390625
1 0.5929036458333333 0.515009765625 0.05176432291666667 0.0229931640625
1 0.5877278645833334 0.5278515625 0.050970052083333335 0.024189453125
1 0.5863346354166666 0.542783203125 0.0513671875 0.02359375
1 0.6365104166666666 0.5399462890625 0.05296223958333333 0.0161279296875
1 0.6347200520833333 0.55443359375 0.05255859375 0.017021484375
1 0.6438736979166667 0.5687646484375 0.05176432291666667 0.02359375
1 0.6966341145833334 0.5713037109375 0.021901041666666666 0.04001953125
1 0.6379036458333334 0.5862353515625 0.050169270833333335 0.025087890625
1 0.6488541666666666 0.5980322265625 0.04818359375 0.0265771484375
1 0.6586067708333333 0.6096826171875 0.049375 0.0277734375
1 0.6832942708333333 0.6159521484375 0.044596354166666664 0.03076171875
1 0.7006184895833334 0.622373046875 0.04579427083333334 0.02986328125
1 0.5176497395833334 0.52576171875 0.02150390625 0.03912109375
1 0.5516927083333333 0.5463671875 0.04977213541666667 0.0253857421875
1 0.5751888020833333 0.56533203125 0.0513671875 0.0161279296875
1 0.6062434895833334 0.580859375 0.024290364583333335 0.0394189453125
1 0.5240169270833334 0.558017578125 0.050970052083333335 0.0134375
1 0.5276041666666667 0.5774267578125 0.049375 0.024189453125
1 0.5493033854166667 0.58384765625 0.048977864583333336 0.0268798828125
1 0.57458984375 0.588330078125 0.044596354166666664 0.029267578125
1 0.5954947916666666 0.6098291015625 0.03703125 0.0352392578125
1 0.6225716145833333 0.61625 0.03703125 0.0361376953125
1 0.6653776041666667 0.643427734375 0.041412760416666666 0.03494140625
1 0.4565234375 0.510380859375 0.05296223958333333 0.0167236328125
1 0.4794205729166667 0.52068359375 0.05255859375 0.01642578125
1 0.4828059895833334 0.53501953125 0.052161458333333334 0.0176220703125
1 0.48380208333333335 0.54890625 0.05255859375 0.0197119140625
1 0.470859375 0.569365234375 0.048977864583333336 0.0265771484375
1 0.49057291666666664 0.5774267578125 0.04858072916666667 0.027177734375
1 0.44756510416666667 0.5377099609375 0.0246875 0.03912109375
1 0.4111328125 0.530986328125 0.05296223958333333 0.0226953125
1 0.4129231770833333 0.5454736328125 0.050169270833333335 0.0229931640625
1 0.4147135416666667 0.5605517578125 0.0513671875 0.0238916015625
1 0.433828125 0.5690673828125 0.04977213541666667 0.02478515625
1 0.37888020833333336 0.5557763671875 0.01951171875 0.0388232421875
1 0.2779361979166667 0.56697265625 0.0350390625 0.034345703125
1 0.29983723958333336 0.5639892578125 0.040618489583333334 0.034345703125
1 0.3430403645833333 0.5605517578125 0.054550781250000006 0.0209033203125
1 0.3448307291666666 0.5750390625 0.05255859375 0.0229931640625
1 0.3840559895833333 0.5810107421875 0.0553515625 0.017021484375
1 0.4507552083333333 0.589072265625 0.04777994791666667 0.0259814453125
1 0.50072265625 0.596240234375 0.05375651041666666 0.0176220703125
1 0.42307942708333335 0.5965380859375 0.05057291666666667 0.0229931640625
1 0.37270833333333336 0.596240234375 0.05255859375 0.0140380859375
1 0.320546875 0.59056640625 0.05255859375 0.02359375
1 0.2845052083333333 0.592509765625 0.0473828125 0.0268798828125
1 0.2695768229166667 0.60326171875 0.049375 0.026279296875
1 0.25922526041666666 0.6262548828125 0.055748697916666666 0.0226953125
1 0.29565755208333333 0.624013671875 0.033046874999999996 0.0373291015625
1 0.33846354166666665 0.6096826171875 0.053359374999999994 0.0152294921875
1 0.33468098958333337 0.6232666015625 0.054550781250000006 0.014931640625
1 0.3890299479166666 0.60998046875 0.05176432291666667 0.0218017578125
1 0.43402994791666666 0.6204296875 0.040618489583333334 0.0331494140625
1 0.4609049479166667 0.6189404296875 0.029069010416666666 0.0397216796875
1 0.48001953124999996 0.619384765625 0.028274739583333333 0.04001953125
1 0.5009244791666666 0.6214794921875 0.027871093750000003 0.0388232421875
1 0.530390625 0.6071435546875 0.04698567708333334 0.0268798828125
1 0.5485091145833333 0.615654296875 0.04818359375 0.02478515625
1 0.5911132812500001 0.6268505859375 0.037825520833333334 0.0352392578125
1 0.5757877604166667 0.636259765625 0.035839843749999996 0.0367333984375
1 0.555078125 0.643876953125 0.03185546875 0.037626953125
1 0.532578125 0.6431298828125 0.03703125 0.03494140625
1 0.5220312500000001 0.6574658203125 0.035839843749999996 0.0367333984375
1 0.47783203125 0.6453662109375 0.05255859375 0.017919921875
1 0.39261718749999996 0.6238671875 0.050970052083333335 0.0232958984375
1 0.4071484375 0.6353662109375 0.052161458333333334 0.0218017578125
1 0.42029296875000005 0.64611328125 0.05057291666666667 0.0218017578125
1 0.41790364583333334 0.6611962890625 0.052161458333333334 0.02150390625
1 0.3713151041666667 0.6446240234375 0.04499348958333333 0.031953125
1 0.35598307291666664 0.6570166015625 0.04777994791666667 0.026279296875
1 0.33109375 0.66134765625 0.0473828125 0.0295654296875
1 0.314375 0.6692578125 0.04818359375 0.0268798828125
1 0.3529947916666667 0.6858349609375 0.033847656250000004 0.038525390625
1 0.3141731770833333 0.68822265625 0.05415364583333334 0.0218017578125
1 0.6221744791666667 0.6447705078125 0.0513671875 0.025087890625
1 0.7274934895833334 0.6653759765625 0.040618489583333334 0.0352392578125
1 0.7069856770833334 0.668212890625 0.038626302083333335 0.0361376953125
1 0.6994205729166666 0.6843408203125 0.038626302083333335 0.034345703125
1 0.65880859375 0.659853515625 0.04579427083333334 0.028369140625
1 0.6412890625 0.6667236328125 0.0473828125 0.0289697265625
1 0.6078385416666666 0.6653759765625 0.04818359375 0.0268798828125
1 0.6122200520833333 0.68703125 0.04419921875 0.03076171875
1 0.6444726562499999 0.6971826171875 0.026679687499999997 0.0409130859375
1 0.6333203125 0.72107421875 0.027473958333333336 0.0397216796875
1 0.68767578125 0.70046875 0.029466145833333332 0.038525390625
1 0.5943033854166667 0.71181640625 0.017916666666666668 0.041513671875
1 0.5763802083333334 0.69494140625 0.021901041666666666 0.04001953125
1 0.5602539062499999 0.7266015625 0.04858072916666667 0.0232958984375
1 0.48798177083333333 0.7593017578125 0.033847656250000004 0.0379296875
1 0.5120768229166667 0.7382470703125 0.049375 0.0274755859375
1 0.511875 0.722119140625 0.04658854166666667 0.029267578125
1 0.5552799479166667 0.701962890625 0.026679687499999997 0.0403173828125
1 0.5359635416666667 0.70255859375 0.02707682291666667 0.0397216796875
1 0.518046875 0.6940478515625 0.03185546875 0.037626953125
1 0.5015234375000001 0.685537109375 0.033046874999999996 0.0379296875
1 0.49017578125 0.6700048828125 0.03822916666666667 0.0367333984375
1 0.468671875 0.6689599609375 0.03742838541666667 0.0346435546875
1 0.44756510416666667 0.667021484375 0.035839843749999996 0.03494140625
1 0.4603059895833333 0.6962890625 0.050970052083333335 0.0265771484375
1 0.4354231770833333 0.701513671875 0.048977864583333336 0.0244873046875
1 0.4105338541666667 0.7273486328125 0.04380208333333333 0.031953125
1 0.4591145833333334 0.7315283203125 0.019908854166666667 0.0397216796875
1 0.4041666666666666 0.7481005859375 0.05494791666666667 0.0167236328125
1 0.26240885416666665 0.7534765625 0.04220703125 0.0358349609375
1 0.30660807291666664 0.7808056640625 0.04220703125 0.0337451171875
1 0.33886067708333334 0.7902099609375 0.03185546875 0.0394189453125
1 0.45015625000000004 0.8173876953125 0.023496093750000002 0.0418115234375
1 0.67470703125 0.2825048828125 0.05179036458333333 0.02263671875
