1 0.5508398437500001 0.5703857421875 0.051106770833333336 0.016982421875
1 0.529296875 0.37109375 0.037923177083333336 0.0343017578125
1 0.3821484375 0.5831591796875 0.030598958333333332 0.0383203125
1 0.349609375 0.59375 0.039674479166666665 0.0332666015625
1 0.4069010416666667 0.5634765625 0.04902994791666667 0.0172412109375
1 0.41279947916666665 0.46595703125 0.05098307291666667 0.025185546875
1 0.38435546875 0.455810546875 0.05384114583333333 0.0159619140625
1 0.58451171875 0.34375 0.05102213541666667 0.0273291015625
1 0.6432747395833334 0.3894873046875 0.04167317708333334 0.035849609375
1 0.4710286458333333 0.55908203125 0.0224609375 0.0354931640625
1 0.4104817708333333 0.58544921875 0.04044921875 0.0328369140625
1 0.59509765625 0.570078125 0.03532552083333333 0.03572265625
1 0.5908203125 0.324951171875 0.050416666666666665 0.0246142578125
1 0.44140625 0.361328125 0.048014322916666664 0.0270703125
1 0.5755208333333334 0.59375 0.03721354166666666 0.03173828125
1 0.607421875 0.64013671875 0.036705729166666666 0.0348193359375
1 0.43494140625000005 0.3834619140625 0.04278645833333333 0.033505859375
1 0.3782552083333333 0.6162109375 0.03481119791666667 0.03390625
1 0.5989583333333334 0.62646484375 0.03305989583333333 0.024384765625
1 0.6177408854166667 0.58177734375 0.04889973958333333 0.0256005859375
1 0.5904947916666666 0.38232421875 0.0419921875 0.0367724609375
1 0.3113606770833333 0.400634765625 0.020169270833333332 0.0382373046875
1 0.4586588541666667 0.59716796875 0.03871744791666667 0.0330224609375
1 0.5462239583333334 0.309814453125 0.048828125 0.0248876953125
1 0.6051432291666666 0.28857421875 0.048749999999999995 0.031083984375
1 0.3160611979166667 0.57326171875 0.054524739583333336 0.021015625
1 0.5911458333333334 0.361328125 0.0439453125 0.0335400390625
1 0.673828125 0.4140625 0.020169270833333332 0.0394287109375
1 0.541015625 0.59130859375 0.047200520833333336 0.0237255859375
1 0.6305338541666666 0.64111328125 0.03395833333333333 0.03494140625
1 0.548828125 0.611328125 0.052369791666666665 0.0166650390625
1 0.64134765625 0.3216943359375 0.05109375 0.0273486328125
1 0.4793815104166667 0.53078125 0.045462239583333335 0.03115234375
1 0.3304231770833333 0.3910498046875 0.0218359375 0.0395751953125
1 0.6217447916666666 0.29833984375 0.046510416666666665 0.029482421875
1 0.5653450520833333 0.55810546875 0.053138020833333334 0.01646484375
1 0.4127604166666667 0.5224609375 0.05416015625 0.015126953125
1 0.41328125 0.4860009765625 0.05271484375 0.0181591796875
1 0.3642578125 0.47412109375 0.05033203125 0.0231005859375
1 0.349609375 0.422607421875 0.046061197916666664 0.0305029296875
1 0.6204427083333334 0.354248046875 0.022910156249999997 0.0378125
1 0.5616080729166667 0.62451171875 0.055260416666666666 0.014501953125
1 0.4405403645833333 0.572646484375 0.038522135416666665 0.034892578125
1 0.5498046875 0.6376953125 0.052734375 0.01478515625
1 0.4153645833333333 0.432861328125 0.022031250000000002 0.038544921875
1 0.37502604166666664 0.4025048828125 0.030690104166666666 0.0391650390625
1 0.4163411458333333 0.60986328125 0.0405078125 0.0145556640625
1 0.4013671875 0.4103271484375 0.0244921875 0.0393603515625
1 0.5113932291666666 0.36572265625 0.036295572916666664 0.0348193359375
1 0.6565755208333334 0.364013671875 0.021790364583333333 0.036162109375
1 0.5533854166666666 0.335205078125 0.025351562499999997 0.03759765625
1 0.42476562500000004 0.53662109375 0.05223958333333333 0.0145556640625
1 0.3758333333333333 0.5437744140625 0.02419270833333333 0.0379248046875
1 0.6842447916666666 0.59814453125 0.05244791666666667 0.0166650390625
1 0.6236979166666666 0.453369140625 0.025065104166666668 0.0373828125
1 0.34765625 0.63134765625 0.03293619791666667 0.0335986328125
1 0.3553255208333333 0.5426611328125 0.025006510416666666 0.03798828125
1 0.6204427083333334 0.55322265625 0.024309895833333334 0.038818359375
1 0.45588541666666665 0.62119140625 0.034752604166666666 0.037236328125
1 0.5302734375 0.392822265625 0.03770182291666666 0.035830078125
1 0.3499348958333333 0.390380859375 0.022031250000000002 0.0378125
1 0.6432291666666666 0.43212890625 0.04160807291666666 0.0347607421875
1 0.6408528645833333 0.30478515625 0.04889322916666666 0.0298095703125
1 0.5589192708333334 0.541015625 0.04565755208333333 0.0227685546875
1 0.6031901041666666 0.52880859375 0.04565755208333333 0.0306689453125
1 0.4332682291666667 0.434326171875 0.022220052083333334 0.0372607421875
1 0.5944010416666666 0.41162109375 0.020403645833333334 0.0379052734375
1 0.4866536458333333 0.568359375 0.026796874999999998 0.0364990234375
1 0.6549479166666666 0.4599609375 0.050130208333333336 0.025419921875
1 0.6080729166666666 0.43603515625 0.026894531250000003 0.0383935546875
1 0.380859375 0.50109375 0.021035156250000003 0.038994140625
1 0.5579427083333334 0.41796875 0.04756510416666667 0.020966796875
1 0.4658203125 0.4130859375 0.03421875 0.0369873046875
1 0.5569661458333334 0.377685546875 0.02170572916666667 0.0391259765625
1 0.42687499999999995 0.550078125 0.053626302083333334 0.016142578125
1 0.6940104166666666 0.57470703125 0.05423828125 0.0150146484375
1 0.640625 0.3504052734375 0.02335286458333333 0.04205078125
1 0.6380208333333334 0.546875 0.022220052083333334 0.0382373046875
1 0.6133203125 0.395751953125 0.0224609375 0.040791015625
1 0.5501302083333334 0.65234375 0.048216145833333335 0.0180224609375
1 0.7024739583333334 0.61376953125 0.053671875 0.0157763671875
1 0.3681640625 0.6572265625 0.04837890625 0.0260009765625
1 0.27384765625 0.325546875 0.04543619791666667 0.0335400390625
1 0.5680338541666666 0.456298828125 0.03975260416666667 0.033203125
1 0.36388671874999995 0.623408203125 0.03755208333333333 0.0358203125
1 0.2872005208333333 0.315400390625 0.04673177083333333 0.0320361328125
1 0.5837565104166667 0.2832861328125 0.04832682291666667 0.030947265625
1 0.32895182291666664 0.592392578125 0.04294270833333333 0.036201171875
1 0.45087890625 0.392109375 0.04231119791666666 0.0343212890625
1 0.6434830729166666 0.41220703125 0.04074869791666667 0.0345556640625
