1 0.5901692708333334 0.381103515625 0.03886067708333333 0.057587890625
1 0.7389322916666666 0.37548828125 0.07820963541666666 0.0396435546875
1 0.5843098958333334 0.60107421875 0.06372395833333333 0.0462060546875
1 0.5475260416666666 0.485107421875 0.04272786458333333 0.05419921875
1 0.5970052083333334 0.487548828125 0.07401692708333334 0.0401025390625
1 0.791953125 0.4053662109375 0.08354166666666667 0.035341796875
1 0.7604166666666666 0.392333984375 0.07625651041666666 0.0360107421875
1 0.3899739583333333 0.33935546875 0.07307942708333333 0.0372021484375
1 0.5374348958333334 0.398681640625 0.036985677083333335 0.0569775390625
1 0.4114583333333333 0.4111328125 0.056236979166666666 0.05126953125
1 0.5908203125 0.459228515625 0.07552083333333333 0.0232373046875
1 0.6064453125 0.432861328125 0.07483072916666667 0.0296484375
1 0.4158528645833333 0.444091796875 0.07544270833333333 0.0300439453125
1 0.7350260416666666 0.44677734375 0.0791015625 0.0235595703125
1 0.5615234375 0.41259765625 0.036783854166666664 0.0579248046875
1 0.5930989583333334 0.323486328125 0.046875 0.057373046875
1 0.4593098958333333 0.269775390625 0.06477864583333333 0.0457763671875
1 0.4339192708333333 0.2486572265625 0.07637369791666666 0.0328369140625
1 0.4602864583333333 0.390380859375 0.048828125 0.05349609375
1 0.41914713541666665 0.316162109375 0.07727213541666667 0.0271142578125
1 0.435546875 0.401123046875 0.05054036458333333 0.0541064453125
1 0.3723958333333333 0.356201171875 0.0702734375 0.0389697265625
1 0.8255208333333334 0.378662109375 0.07763671875 0.040986328125
1 0.6175130208333334 0.5712890625 0.055585937499999995 0.0513623046875
1 0.5107421875 0.435791015625 0.04858723958333333 0.053896484375
1 0.7076822916666666 0.362548828125 0.07430338541666666 0.04177734375
1 0.7858072916666666 0.5302734375 0.08264322916666667 0.02970703125
1 0.3671875 0.63623046875 0.053671875 0.0531005859375
1 0.4088541666666667 0.22607421875 0.0712109375 0.04638671875
1 0.3346354166666667 0.3271484375 0.05936848958333333 0.05251953125
