1 0.5026041666666666 0.74560546875 0.054361979166666664 0.021240234375
1 0.41015625 0.72802734375 0.052734375 0.022841796875
1 0.388671875 0.47607421875 0.046959635416666666 0.03390625
1 0.416015625 0.7138671875 0.051106770833333336 0.022626953125
1 0.6513671875 0.5419921875 0.048463541666666665 0.034365234375
1 0.5078971354166667 0.7279052734375 0.05522135416666666 0.022568359375
1 0.5071614583333334 0.7119140625 0.052734375 0.0227197265625
1 0.41796875 0.45849609375 0.04472005208333333 0.0345458984375
1 0.474609375 0.6484375 0.03281901041666666 0.0399462890625
1 0.5006510416666666 0.65576171875 0.02025390625 0.0413818359375
1 0.5218098958333334 0.64111328125 0.02463541666666667 0.0423291015625
1 0.6901041666666666 0.375244140625 0.054036458333333336 0.018720703125
1 0.4912109375 0.255126953125 0.027526041666666667 0.0442822265625
1 0.2216796875 0.27001953125 0.0546484375 0.030732421875
1 0.3727213541666667 0.294677734375 0.0326953125 0.04193359375
1 0.5354817708333334 0.288330078125 0.046751302083333335 0.0372021484375
1 0.501953125 0.289794921875 0.051106770833333336 0.0365625
1 0.54947265625 0.36955078125 0.05004557291666667 0.0323779296875
1 0.6927083333333334 0.63671875 0.048463541666666665 0.036162109375
1 0.244140625 0.3056640625 0.056764322916666665 0.0227685546875
1 0.5426432291666666 0.33251953125 0.04128255208333333 0.0391259765625
1 0.5680338541666666 0.2822265625 0.022298177083333332 0.0440087890625
1 0.365234375 0.65771484375 0.050416666666666665 0.0306689453125
1 0.3893229166666667 0.697265625 0.04858723958333333 0.0372021484375
1 0.5856119791666666 0.5029296875 0.045286458333333335 0.030732421875
1 0.6764322916666666 0.32568359375 0.05936848958333333 0.0205224609375
1 0.5374348958333334 0.66650390625 0.053346354166666665 0.02009765625
1 0.4404296875 0.7431640625 0.03777994791666667 0.0410791015625
1 0.455078125 0.29736328125 0.03257161458333333 0.0413232421875
1 0.4098307291666667 0.288330078125 0.03350911458333333 0.0437646484375
1 0.3938997395833333 0.74169921875 0.053834635416666665 0.02162109375
1 0.5325520833333334 0.3173828125 0.03916666666666666 0.038759765625
1 0.4303385416666667 0.35400390625 0.021627604166666665 0.0423291015625
1 0.6123046875 0.458251953125 0.047200520833333336 0.03689453125
1 0.4466145833333333 0.64892578125 0.04520833333333333 0.0354931640625
1 0.6315104166666666 0.49853515625 0.045820312499999995 0.0344873046875
1 0.24137369791666666 0.2802734375 0.055501302083333336 0.0292041015625
1 0.27099609375 0.294677734375 0.05936848958333333 0.0210400390625
1 0.4498697916666667 0.355712890625 0.023619791666666667 0.041474609375
1 0.7799479166666666 0.304443359375 0.055501302083333336 0.0377490234375
1 0.74609375 0.352294921875 0.053346354166666665 0.0308544921875
1 0.4905598958333333 0.689453125 0.035279947916666665 0.038759765625
1 0.5074869791666666 0.583984375 0.0258984375 0.04046875
1 0.4391276041666667 0.419189453125 0.026041666666666668 0.0418408203125
1 0.5735677083333334 0.445068359375 0.04128255208333333 0.0381787109375
1 0.6927083333333334 0.290283203125 0.05591145833333333 0.02595703125
1 0.4892578125 0.6171875 0.024921875 0.0406201171875
1 0.6953971354166667 0.3385595703125 0.058964843749999996 0.0223876953125
1 0.5533854166666666 0.7294921875 0.025351562499999997 0.0439453125
1 0.6927083333333334 0.35986328125 0.05643880208333333 0.01869140625
1 0.7135416666666666 0.662109375 0.03305989583333333 0.0431201171875
1 0.3649088541666667 0.67919921875 0.048951822916666665 0.0344873046875
1 0.591796875 0.486572265625 0.049680989583333335 0.02970703125
1 0.5797526041666666 0.391357421875 0.048463541666666665 0.03396484375
1 0.41796875 0.423984375 0.022031250000000002 0.0420849609375
1 0.3671875 0.44287109375 0.05416015625 0.0256640625
1 0.6782682291666666 0.3095703125 0.06030598958333333 0.0192724609375
1 0.3287760416666667 0.254638671875 0.035807291666666664 0.042177734375
1 0.5530598958333334 0.350830078125 0.044355468749999995 0.03173828125
1 0.4251302083333333 0.6875 0.03200520833333333 0.0396435546875
1 0.732421875 0.29736328125 0.029095052083333333 0.0426318359375
1 0.7395833333333334 0.66943359375 0.027467447916666665 0.042236328125
1 0.3987630208333333 0.304443359375 0.032063802083333336 0.04193359375
1 0.6171875 0.37744140625 0.028932291666666665 0.04046875
1 0.486328125 0.317138671875 0.04931640625 0.03216796875
1 0.3359375 0.80810546875 0.029257812499999997 0.04193359375
1 0.3531901041666667 0.81689453125 0.027688802083333335 0.0408349609375
1 0.4384765625 0.314453125 0.027220052083333335 0.0406201171875
1 0.7721354166666666 0.3466796875 0.049680989583333335 0.035615234375
1 0.6575520833333334 0.38427734375 0.03784505208333334 0.0440966796875
1 0.3162434895833333 0.8076171875 0.030638020833333335 0.0423291015625
1 0.4850260416666667 0.5641162109375 0.022805989583333335 0.04025390625
1 0.6998697916666666 0.67822265625 0.03493489583333333 0.04046875
1 0.6416861979166667 0.395830078125 0.03383463541666667 0.0419677734375
1 0.4583333333333333 0.67822265625 0.040364583333333336 0.035673828125
1 0.4837239583333333 0.33984375 0.04537109375 0.0368359375
1 0.4879557291666667 0.3671875 0.027630208333333333 0.040986328125
1 0.6222786458333334 0.521787109375 0.050865885416666666 0.0284765625
1 0.5198567708333334 0.418701171875 0.044355468749999995 0.034609375
1 0.6271419270833333 0.537275390625 0.04936197916666666 0.031591796875
1 0.5397135416666666 0.55126953125 0.046061197916666664 0.033720703125
1 0.4573567708333333 0.69873046875 0.043294270833333336 0.0384521484375
1 0.7337239583333334 0.381103515625 0.050416666666666665 0.0362841796875
1 0.4508463541666667 0.5146484375 0.029602864583333333 0.0376904296875
1 0.5126953125 0.3552392578125 0.025735677083333335 0.0414453125
1 0.5494791666666666 0.8125 0.03886067708333333 0.042021484375
1 0.3825911458333333 0.6828515625 0.05006510416666667 0.0324658203125
1 0.5991471354166666 0.4731494140625 0.04913411458333333 0.03107421875
1 0.5646809895833333 0.37978515625 0.05059895833333333 0.0335498046875
1 0.7650716145833334 0.289306640625 0.04583333333333334 0.040703125
