1 0.2849934895833333 0.30486328125 0.0326953125 0.06123046875
1 0.5901692708333334 0.366455078125 0.06323567708333333 0.048857421875
1 0.4527994791666667 0.51953125 0.07401692708333334 0.0337841796875
1 0.3160807291666667 0.50390625 0.0336328125 0.059111328125
1 0.4049479166666667 0.448486328125 0.0336328125 0.0574951171875
1 0.3064778645833333 0.541015625 0.0634765625 0.04958984375
1 0.3460286458333333 0.50927734375 0.03293619791666667 0.0596630859375
1 0.5257161458333334 0.399169921875 0.08280598958333334 0.028701171875
1 0.5387369791666666 0.56640625 0.07186197916666666 0.0365625
1 0.5498046875 0.365966796875 0.06611979166666666 0.048037109375
1 0.453125 0.541015625 0.07442057291666666 0.0322265625
1 0.5595703125 0.415771484375 0.07881510416666666 0.0282763671875
1 0.2605794270833333 0.61572265625 0.07092447916666667 0.0440087890625
1 0.5139973958333334 0.5986328125 0.039388020833333336 0.059326171875
1 0.4479166666666667 0.499755859375 0.07373046875 0.0364404296875
1 0.375 0.52197265625 0.035807291666666664 0.058349609375
1 0.3981119791666667 0.5048828125 0.03609375 0.058349609375
1 0.3645833333333333 0.56298828125 0.055501302083333336 0.05126953125
1 0.6295572916666666 0.5283203125 0.04858723958333333 0.057373046875
1 0.556640625 0.459228515625 0.03835286458333333 0.0586572265625
1 0.60546875 0.479736328125 0.08113932291666666 0.0321044921875
1 0.53515625 0.5419921875 0.07483072916666667 0.0396435546875
1 0.25634765625 0.28955078125 0.0312890625 0.061767578125
1 0.5973307291666666 0.44384765625 0.04911458333333333 0.0569775390625
1 0.3551432291666667 0.44677734375 0.03735677083333334 0.0579248046875
1 0.2578125 0.58740234375 0.07255208333333334 0.044189453125
1 0.22867838541666666 0.48095703125 0.0770703125 0.028974609375
1 0.5992838541666666 0.6376953125 0.07442057291666666 0.04046875
1 0.49609375 0.455078125 0.028645833333333332 0.0589892578125
1 0.2890625 0.421875 0.03281901041666666 0.057587890625
1 0.24169921875 0.51611328125 0.04443359375 0.0565478515625
1 0.3196614583333333 0.304931640625 0.04960286458333333 0.057802734375
1 0.22721354166666666 0.296630859375 0.029257812499999997 0.0586572265625
1 0.5901692708333334 0.54150390625 0.04472005208333333 0.057802734375
1 0.5693359375 0.59423828125 0.07332682291666666 0.0423876953125
1 0.5582682291666666 0.8349609375 0.045983072916666666 0.060087890625
1 0.5302734375 0.45703125 0.03635416666666667 0.0570703125
1 0.17708333333333334 0.28076171875 0.07442057291666666 0.026064453125
1 0.5886002604166667 0.5029833984375 0.07799479166666666 0.032509765625
1 0.5263671875 0.837890625 0.04634765625 0.0630517578125
1 0.4462890625 0.480712890625 0.074140625 0.0330224609375
1 0.21337890625 0.25634765625 0.07865234375 0.0278466796875
1 0.3548177083333333 0.26513671875 0.05814453125 0.0562451171875
1 0.2877604166666667 0.382568359375 0.07694661458333334 0.0245654296875
1 0.6204427083333334 0.62109375 0.07279296875 0.043701171875
1 0.20947265625 0.52197265625 0.03930989583333334 0.0571923828125
1 0.19108072916666666 0.2391357421875 0.07983723958333333 0.031982421875
1 0.3483072916666667 0.2998046875 0.052734375 0.056337890625
1 0.21142578125 0.72705078125 0.050416666666666665 0.060087890625
1 0.6083984375 0.857421875 0.042805989583333336 0.062685546875
1 0.2902018229166667 0.36181640625 0.07649739583333333 0.0247509765625
1 0.5755208333333334 0.865234375 0.04014322916666666 0.0630517578125
1 0.17626953125 0.30712890625 0.07678385416666667 0.027265625
1 0.23746744791666666 0.72998046875 0.04642578125 0.0596630859375
1 0.2635091145833333 0.1925048828125 0.03338541666666667 0.0628076171875
1 0.18212890625 0.875 0.044518229166666666 0.0608544921875
1 0.14078776041666666 0.86474609375 0.048216145833333335 0.059541015625
1 0.17268880208333334 0.8369140625 0.051595052083333336 0.0586572265625
1 0.27463541666666663 0.5724365234375 0.06947265625 0.0473974609375
1 0.27917317708333333 0.5467578125 0.06386718749999999 0.0499609375
