1 0.6474609375 0.359375 0.07186197916666666 0.04708984375
1 0.3772786458333333 0.5791015625 0.07014973958333333 0.047333984375
1 0.4469401041666667 0.4619140625 0.07539713541666666 0.0244775390625
1 0.4947916666666667 0.5576171875 0.06660807291666666 0.0492236328125
1 0.58203125 0.40087890625 0.07625651041666666 0.0418408203125
1 0.5520833333333334 0.33740234375 0.0801171875 0.0381787109375
1 0.419921875 0.480712890625 0.07922526041666667 0.0257568359375
1 0.54296875 0.386962890625 0.07483072916666667 0.041533203125
1 0.3253580729166667 0.490966796875 0.07597005208333334 0.0318603515625
1 0.6222005208333333 0.50634765625 0.07941406250000001 0.03271484375
1 0.4541015625 0.3701171875 0.07649739583333333 0.042236328125
1 0.4990234375 0.44677734375 0.029479166666666667 0.057587890625
1 0.5286458333333334 0.453857421875 0.03440104166666667 0.059111328125
1 0.6416015625 0.444580078125 0.04830078125 0.0606396484375
1 0.390625 0.399169921875 0.07014973958333333 0.0396435546875
1 0.3971354166666667 0.297607421875 0.0712109375 0.04345703125
1 0.30862630208333336 0.5078125 0.07636067708333334 0.02908203125
1 0.3068033854166667 0.59716796875 0.07763671875 0.023955078125
1 0.3931575520833333 0.51962890625 0.07580729166666667 0.0277392578125
1 0.30859375 0.576171875 0.07373046875 0.0241845703125
1 0.419921875 0.33642578125 0.07430338541666666 0.0420849609375
1 0.4016927083333333 0.49951171875 0.0770703125 0.02595703125
1 0.376953125 0.55126953125 0.07401692708333334 0.0406201171875
1 0.3961588541666667 0.424072265625 0.07332682291666666 0.0391259765625
1 0.3792317708333333 0.43994140625 0.07609375 0.0379638671875
1 0.3551432291666667 0.455810546875 0.07389322916666667 0.0343017578125
1 0.46698567708333333 0.495703125 0.06722005208333333 0.0451953125
1 0.3369140625 0.473388671875 0.07539713541666666 0.0328369140625
1 0.693359375 0.93408203125 0.04074869791666667 0.068544921875
1 0.4527994791666667 0.5322265625 0.06660807291666666 0.04443359375
1 0.2654622395833333 0.90087890625 0.069375 0.0440087890625
1 0.3395182291666667 0.54443359375 0.06888671875 0.040771484375
1 0.2771809895833333 0.473388671875 0.055585937499999995 0.0548095703125
1 0.4635416666666667 0.392822265625 0.072265625 0.04345703125
1 0.4677734375 0.420654296875 0.06575520833333333 0.0513623046875
1 0.3408203125 0.385009765625 0.051881510416666665 0.0564599609375
1 0.6099218750000001 0.482421875 0.08320963541666666 0.0240478515625
1 0.3268229166666667 0.81298828125 0.048828125 0.0586572265625
1 0.2862955729166667 0.7939453125 0.04764973958333333 0.0571923828125
1 0.5406901041666666 0.5498046875 0.0546484375 0.0545947265625
1 0.2679036458333333 0.8466796875 0.0644140625 0.053408203125
1 0.5152994791666666 0.58837890625 0.07837239583333333 0.024521484375
1 0.2900390625 0.53125 0.07527994791666666 0.0225830078125
1 0.20540364583333334 0.7978515625 0.06901041666666667 0.046904296875
1 0.20475260416666666 0.75341796875 0.03135416666666666 0.0589892578125
1 0.3196614583333333 0.86962890625 0.061360677083333336 0.053984375
1 0.23307291666666666 0.76904296875 0.031412760416666664 0.057587890625
1 0.259765625 0.7421875 0.029947916666666668 0.0570703125
1 0.6243489583333334 0.8203125 0.05981770833333333 0.0604248046875
1 0.6507161458333334 0.80859375 0.061608072916666666 0.058134765625
1 0.4404296875 0.351806640625 0.07173828125 0.0386962890625
1 0.6129557291666666 0.68017578125 0.07186197916666666 0.048857421875
1 0.62732421875 0.3755712890625 0.07141927083333334 0.0458544921875
1 0.13192057291666667 0.0743408203125 0.049401041666666666 0.0616455078125
1 0.25647135416666667 0.86662109375 0.06459635416666666 0.05482421875
1 0.38323567708333334 0.6005908203125 0.07028645833333333 0.047197265625
1 0.28462890625 0.8301123046875 0.06724609375 0.05359375
1 0.33830078125 0.8789013671875 0.06737630208333333 0.0523876953125
1 0.4737565104166667 0.54486328125 0.06809895833333333 0.0479931640625
1 0.41211588541666666 0.3159130859375 0.07397135416666667 0.0435888671875
