1 0.4178776041666667 0.303056640625 0.042402343749999995 0.03732421875
1 0.3486328125 0.306640625 0.04028645833333334 0.0365625
1 0.2976888020833333 0.41455078125 0.03975260416666667 0.0389697265625
1 0.5769075520833333 0.287197265625 0.037441406249999996 0.038720703125
1 0.6656901041666666 0.3486328125 0.05147135416666667 0.0305029296875
1 0.3662109375 0.391357421875 0.04642578125 0.035830078125
1 0.5561002604166666 0.2871630859375 0.0332421875 0.041201171875
1 0.3873697916666667 0.285166015625 0.04128255208333333 0.0364404296875
1 0.6170833333333333 0.33830078125 0.03712890625 0.038544921875
1 0.4208984375 0.391357421875 0.03533854166666667 0.0409228515625
1 0.3107096354166667 0.317626953125 0.03983723958333333 0.0364990234375
1 0.61177734375 0.2574609375 0.055787760416666665 0.02623046875
1 0.6673177083333334 0.329833984375 0.048749999999999995 0.0298779296875
1 0.4537760416666667 0.244384765625 0.05054036458333333 0.0288720703125
1 0.5784505208333334 0.2607421875 0.03798177083333334 0.0343017578125
1 0.5651041666666666 0.3232421875 0.047486979166666665 0.02810546875
1 0.6474609375 0.376220703125 0.03735677083333334 0.0435205078125
1 0.6999283854166666 0.2666015625 0.053561197916666664 0.027177734375
1 0.36858723958333334 0.2763134765625 0.04285807291666666 0.03529296875
1 0.5595703125 0.45751953125 0.03735677083333334 0.04123046875
1 0.431796875 0.66603515625 0.04087239583333333 0.0343701171875
1 0.7552083333333334 0.259521484375 0.044270833333333336 0.038115234375
1 0.2683919270833333 0.402587890625 0.028990885416666667 0.0423291015625
1 0.671875 0.462158203125 0.048463541666666665 0.0313134765625
1 0.3036393229166667 0.4646435546875 0.03123046875 0.042177734375
1 0.2177734375 0.351318359375 0.04931640625 0.029921875
1 0.56076171875 0.354248046875 0.04177083333333333 0.0340283203125
1 0.3896484375 0.73388671875 0.0419921875 0.0368359375
1 0.3382161458333333 0.406982421875 0.049967447916666664 0.024091796875
1 0.3551432291666667 0.2568359375 0.034016927083333336 0.038603515625
1 0.4456380208333333 0.263671875 0.056516927083333335 0.0178515625
1 0.5299479166666666 0.66845703125 0.035279947916666665 0.0386962890625
1 0.759765625 0.3046875 0.050904947916666665 0.0354931640625
1 0.75390625 0.39599609375 0.0458984375 0.0345458984375
1 0.431640625 0.364990234375 0.0517578125 0.0222021484375
1 0.3662109375 0.5659814453125 0.026692708333333332 0.043212890625
1 0.7428385416666666 0.486357421875 0.050416666666666665 0.0326416015625
1 0.693359375 0.2342529296875 0.0409765625 0.0398583984375
1 0.3212890625 0.35888671875 0.03440104166666667 0.0398583984375
1 0.2509765625 0.411865234375 0.027955729166666665 0.0413232421875
1 0.3818359375 0.69482421875 0.04984375 0.033720703125
1 0.4153645833333333 0.2451171875 0.03244791666666667 0.040009765625
1 0.52873046875 0.2337255859375 0.0546484375 0.0227490234375
1 0.6705989583333333 0.3021923828125 0.05436848958333334 0.0214404296875
1 0.3916015625 0.3759765625 0.054036458333333336 0.019912109375
1 0.22298177083333334 0.328857421875 0.036640625 0.0413232421875
1 0.23111979166666666 0.308349609375 0.0439453125 0.0344873046875
1 0.47442708333333333 0.21966796875 0.03975260416666667 0.0394287109375
1 0.25390625 0.2861328125 0.030865885416666666 0.041474609375
1 0.7309765625 0.3058544921875 0.04756510416666667 0.0377490234375
1 0.73828125 0.2322998046875 0.049680989583333335 0.02970703125
1 0.7111588541666666 0.466689453125 0.051881510416666665 0.02970703125
1 0.3269856770833333 0.76318359375 0.036783854166666664 0.036162109375
1 0.2794596354166667 0.5654296875 0.024576822916666668 0.0393359375
1 0.3473307291666667 0.57080078125 0.02634765625 0.038330078125
1 0.30078125 0.3857421875 0.05244791666666667 0.021455078125
1 0.65234375 0.2193603515625 0.05293619791666667 0.0237744140625
1 0.31736328125 0.286982421875 0.05237630208333333 0.028349609375
1 0.2696940104166667 0.44287109375 0.027057291666666667 0.04046875
1 0.2509765625 0.341552734375 0.03300130208333333 0.0416259765625
1 0.4365234375 0.352294921875 0.05195963541666667 0.023330078125
1 0.4485677083333333 0.279541015625 0.05244791666666667 0.0181298828125
1 0.5164973958333333 0.27810546875 0.05345052083333333 0.0210888671875
1 0.357421875 0.2276611328125 0.03916666666666666 0.040009765625
1 0.2446809895833333 0.443974609375 0.029342447916666667 0.03990234375
1 0.791015625 0.6669921875 0.03153645833333333 0.0403125
1 0.6175716145833333 0.29248046875 0.0534375 0.02365234375
1 0.23046875 0.406005859375 0.02938151041666667 0.0418408203125
1 0.7213541666666666 0.251953125 0.055501302083333336 0.01771484375
1 0.7447916666666666 0.34619140625 0.055299479166666665 0.02337890625
1 0.7493489583333334 0.3271484375 0.05375 0.02595703125
1 0.5078125 0.366044921875 0.023619791666666667 0.0431201171875
1 0.37890625 0.67041015625 0.053548177083333336 0.018828125
1 0.54390625 0.2214599609375 0.05464192708333334 0.0229931640625
1 0.5992838541666666 0.76611328125 0.0478515625 0.0284423828125
1 0.6800260416666667 0.2860791015625 0.0559765625 0.0197607421875
1 0.24283854166666666 0.75830078125 0.04634765625 0.0325927734375
1 0.4772135416666667 0.71875 0.04740234375 0.027177734375
1 0.6297981770833333 0.6633203125 0.05522135416666666 0.019130859375
1 0.37890625 0.76025390625 0.051191406249999995 0.0202490234375
1 0.5400390625 0.70947265625 0.052369791666666665 0.0163427734375
1 0.4016927083333333 0.7801708984375 0.04472005208333333 0.035849609375
1 0.337890625 0.7373046875 0.052083333333333336 0.0181884765625
1 0.7180989583333334 0.4326171875 0.05126953125 0.0165234375
1 0.7543359375 0.3698193359375 0.05611328125 0.022890625
1 0.7083333333333334 0.417724609375 0.05395833333333333 0.0164013671875
1 0.7721354166666666 0.74169921875 0.039225260416666664 0.03732421875
1 0.6621809895833334 0.2539697265625 0.023782552083333335 0.041962890625
1 0.21402994791666666 0.67626953125 0.02805338541666667 0.03689453125
1 0.3160807291666667 0.23876953125 0.03383463541666667 0.0413232421875
1 0.2775065104166667 0.25 0.030703124999999998 0.04046875
1 0.26416015625 0.31982421875 0.022805989583333335 0.0418408203125
1 0.24251302083333334 0.787109375 0.0439453125 0.036162109375
1 0.7591145833333334 0.4306640625 0.046263020833333335 0.0313134765625
1 0.4365234375 0.7216796875 0.02732421875 0.0411376953125
1 0.787109375 0.703125 0.024251302083333332 0.03955078125
1 0.5283203125 0.6953125 0.05224609375 0.016982421875
1 0.5144075520833333 0.73779296875 0.054811197916666665 0.016923828125
1 0.7415364583333334 0.74560546875 0.043053385416666666 0.0350048828125
1 0.3824869791666667 0.239013671875 0.02272786458333333 0.042177734375
1 0.6276041666666666 0.22900390625 0.049967447916666664 0.020693359375
1 0.22884114583333334 0.73046875 0.045983072916666666 0.032412109375
1 0.7165104166666666 0.7437548828125 0.04516276041666667 0.0341455078125
1 0.5813802083333334 0.791015625 0.045286458333333335 0.0332666015625
1 0.30942057291666664 0.7270068359375 0.05084635416666666 0.0256884765625
1 0.5680338541666666 0.388427734375 0.053834635416666665 0.0232373046875
1 0.53515625 0.33984375 0.02072265625 0.043212890625
1 0.22102864583333334 0.4688330078125 0.027161458333333333 0.0428173828125
1 0.238359375 0.4819677734375 0.024889322916666665 0.042001953125
1 0.5615234375 0.7642236328125 0.026549479166666667 0.0423876953125
1 0.498046875 0.39453125 0.0546484375 0.016279296875
1 0.5166015625 0.75146484375 0.05126953125 0.0171044921875
1 0.701171875 0.3447265625 0.021282552083333333 0.0403759765625
1 0.6171875 0.1995849609375 0.03244791666666667 0.0439453125
1 0.74609375 0.7109375 0.026490885416666665 0.0393359375
1 0.2216796875 0.50732421875 0.026796874999999998 0.041474609375
1 0.2869466145833333 0.44482421875 0.029824218750000003 0.0420849609375
1 0.6803385416666666 0.5087890625 0.025553385416666668 0.0411376953125
1 0.33984375 0.80322265625 0.05444661458333333 0.026611328125
1 0.46015625 0.3124365234375 0.04426432291666666 0.0340576171875
1 0.5234375 0.202880859375 0.053548177083333336 0.0213623046875
1 0.5894596354166667 0.212255859375 0.03307291666666667 0.0413720703125
1 0.20719401041666666 0.255859375 0.03224609375 0.04123046875
1 0.8020833333333334 0.7333984375 0.03098307291666667 0.039794921875
1 0.6878125 0.20751953125 0.056549479166666666 0.019990234375
1 0.7291666666666666 0.5244140625 0.054361979166666664 0.0215771484375
1 0.5817057291666666 0.74462890625 0.023619791666666667 0.0459619140625
1 0.2594401041666667 0.243408203125 0.028444010416666665 0.04025390625
1 0.4886067708333333 0.3607373046875 0.024863281249999997 0.041005859375
1 0.5478515625 0.7783203125 0.02854166666666667 0.0394287109375
1 0.23079427083333334 0.376708984375 0.05537760416666667 0.01994140625
1 0.62109375 0.392333984375 0.02317057291666667 0.0406787109375
1 0.38693359375 0.6437646484375 0.05377604166666666 0.01794921875
1 0.7539388020833333 0.76708984375 0.052265625 0.0207958984375
1 0.22998046875 0.646123046875 0.023072916666666665 0.0412744140625
1 0.7094921875 0.7778759765625 0.029153645833333335 0.040791015625
1 0.3938802083333333 0.8134765625 0.046751302083333335 0.031494140625
1 0.5091145833333334 0.76708984375 0.053346354166666665 0.0173779296875
1 0.6116927083333333 0.789931640625 0.03362630208333333 0.0411083984375
1 0.35004557291666666 0.79201171875 0.05382161458333334 0.026025390625
1 0.4189453125 0.72412109375 0.028281249999999997 0.0389697265625
1 0.260234375 0.5591064453125 0.02317057291666667 0.0397021484375
1 0.24007161458333334 0.80810546875 0.04083333333333333 0.037109375
1 0.2937825520833333 0.818359375 0.033776041666666666 0.0372021484375
1 0.5354817708333334 0.796875 0.04136067708333333 0.0374755859375
1 0.7317708333333334 0.44677734375 0.051679687499999995 0.0165869140625
1 0.78515625 0.7783203125 0.031412760416666664 0.0426318359375
1 0.24104817708333334 0.23095703125 0.025735677083333335 0.0428759765625
1 0.685546875 0.779658203125 0.022643229166666667 0.0430322265625
1 0.6298828125 0.7919921875 0.0283203125 0.04025390625
1 0.29541015625 0.7919921875 0.044108072916666664 0.0244287109375
1 0.6673177083333334 0.7939453125 0.025208333333333333 0.042021484375
1 0.2693684895833333 0.81787109375 0.022988281250000003 0.0389697265625
1 0.2986653645833333 0.77734375 0.05054036458333333 0.0270068359375
1 0.7401822916666667 0.7861767578125 0.05263020833333334 0.0277490234375
1 0.3665364583333333 0.775390625 0.051679687499999995 0.021943359375
1 0.49177734375 0.227099609375 0.038072916666666665 0.040751953125
1 0.5282682291666666 0.24970703125 0.05473307291666666 0.024091796875
1 0.5169661458333333 0.2624951171875 0.054335937499999994 0.0211181640625
1 0.5211263020833333 0.2947705078125 0.05552083333333333 0.0237939453125
1 0.5112109375 0.30607421875 0.053144531249999995 0.0243896484375
1 0.5011002604166667 0.3200537109375 0.05274739583333333 0.02201171875
1 0.49078776041666666 0.332841796875 0.054335937499999994 0.0243896484375
1 0.44617187500000005 0.3032470703125 0.046796874999999995 0.03361328125
1 0.45093098958333333 0.3389404296875 0.05235026041666666 0.01814453125
1 0.4080989583333334 0.3306103515625 0.049179687500000006 0.0276611328125
1 0.35971354166666664 0.334033203125 0.053144531249999995 0.023203125
1 0.3315559895833333 0.313359375 0.04045572916666667 0.0371826171875
1 0.39401692708333336 0.3038427734375 0.04005859375 0.0371826171875
1 0.3418684895833333 0.3649658203125 0.03490234375 0.036884765625
1 0.371015625 0.358720703125 0.04243489583333334 0.0362890625
1 0.3232291666666667 0.396201171875 0.05393880208333333 0.021416015625
1 0.4037369791666667 0.4176171875 0.04362630208333334 0.0321240234375
1 0.44240234375 0.4284716796875 0.03767578125 0.0359912109375
1 0.4493424479166667 0.409287109375 0.05076171875 0.0243896484375
1 0.5082356770833333 0.40794921875 0.05354166666666666 0.016357421875
1 0.3817252604166667 0.421484375 0.044023437500000005 0.0333154296875
1 0.3424609375 0.426240234375 0.05671223958333333 0.0172509765625
1 0.3605078125 0.438583984375 0.05473307291666666 0.0145751953125
1 0.326796875 0.446767578125 0.04362630208333334 0.0315283203125
1 0.39996744791666666 0.4454248046875 0.05036458333333333 0.024091796875
1 0.4057161458333333 0.45970703125 0.049179687500000006 0.025283203125
1 0.4057161458333333 0.477255859375 0.049179687500000006 0.0300439453125
1 0.4429947916666667 0.4546484375 0.035696614583333335 0.0365869140625
1 0.44180989583333335 0.4860302734375 0.027760416666666666 0.0386669921875
1 0.37160807291666664 0.47353515625 0.02220703125 0.0398583984375
1 0.3375065104166666 0.4711572265625 0.04997395833333334 0.0249853515625
1 0.25798828125 0.4835009765625 0.023398437499999997 0.0413427734375
1 0.27880859375 0.483056640625 0.023795572916666664 0.0410498046875
1 0.24589192708333332 0.5218701171875 0.020625 0.04015625
1 0.2641341145833333 0.5205322265625 0.023795572916666664 0.0398583984375
1 0.225859375 0.5406103515625 0.045605468749999996 0.032421875
1 0.22645833333333332 0.5620263671875 0.04838541666666666 0.0276611328125
1 0.29110026041666665 0.5023876953125 0.030143229166666664 0.0392626953125
1 0.3148958333333333 0.493017578125 0.030143229166666664 0.03896484375
1 0.33135416666666667 0.4991162109375 0.03212239583333334 0.0386669921875
1 0.350390625 0.502685546875 0.0337109375 0.0398583984375
1 0.4053190104166667 0.4945068359375 0.045214843750000004 0.031826171875
1 0.29863932291666667 0.5263330078125 0.05473307291666666 0.0205224609375
1 0.32738932291666667 0.53376953125 0.05274739583333333 0.026474609375
1 0.33849609374999995 0.5458154296875 0.047988281249999994 0.0267724609375
1 0.3002213541666667 0.5531005859375 0.042832031250000006 0.0347998046875
1 0.3684375 0.5328759765625 0.036484375 0.0365869140625
1 0.38271484375000003 0.5217236328125 0.032519531250000004 0.03748046875
1 0.40651041666666665 0.5276708984375 0.035696614583333335 0.036884765625
1 0.4219791666666666 0.5197900390625 0.038072916666666665 0.0365869140625
1 0.43526692708333337 0.509228515625 0.03767578125 0.03748046875
1 0.47412760416666666 0.509677734375 0.051953124999999996 0.0151708984375
1 0.45172526041666666 0.53451171875 0.04442057291666667 0.030341796875
1 0.4816666666666667 0.5327294921875 0.04084635416666667 0.034501953125
1 0.5008984375 0.5502783203125 0.021419270833333334 0.0410498046875
1 0.4695703125 0.559052734375 0.045214843750000004 0.0294482421875
1 0.45806640625 0.5705029296875 0.04759114583333333 0.027958984375
1 0.410078125 0.55265625 0.053144531249999995 0.021416015625
1 0.41761718750000004 0.569609375 0.049179687500000006 0.023203125
1 0.42455729166666667 0.5867138671875 0.05036458333333333 0.025283203125
1 0.39025390624999995 0.5822509765625 0.030937500000000003 0.0365869140625
1 0.4650065104166667 0.5951904296875 0.03767578125 0.034501953125
1 0.495546875 0.59861328125 0.044023437500000005 0.030634765625
1 0.5062565104166666 0.5871630859375 0.04322916666666667 0.0327197265625
1 0.5260872395833334 0.5832958984375 0.03847005208333334 0.035693359375
1 0.56296875 0.5822509765625 0.055123697916666665 0.024091796875
1 0.5502799479166667 0.563662109375 0.05115885416666666 0.0237939453125
1 0.5348111979166666 0.5456689453125 0.054335937499999994 0.0223095703125
1 0.5102213541666667 0.5139892578125 0.02498697916666667 0.0386669921875
1 0.53044921875 0.5178564453125 0.02419270833333333 0.0410498046875
1 0.550078125 0.522763671875 0.027760416666666666 0.04015625
1 0.5837890625000001 0.560986328125 0.05076171875 0.0243896484375
1 0.58755859375 0.5464111328125 0.04878255208333334 0.0249853515625
1 0.5944986979166667 0.5328759765625 0.04997395833333334 0.0270654296875
1 0.604609375 0.5871630859375 0.04243489583333334 0.0327197265625
1 0.6042122395833334 0.6061962890625 0.04243489583333334 0.02974609375
1 0.5905338541666666 0.614970703125 0.045214843750000004 0.0353955078125
1 0.5802213541666666 0.6314794921875 0.035696614583333335 0.03748046875
1 0.63951171875 0.6008447265625 0.031328125 0.0392626953125
1 0.6763932291666667 0.625830078125 0.04957682291666667 0.029150390625
1 0.6702473958333334 0.6002490234375 0.04203776041666666 0.0339111328125
1 0.620078125 0.564853515625 0.023398437499999997 0.0404541015625
1 0.6399088541666667 0.5611328125 0.023398437499999997 0.0413427734375
1 0.6744140625 0.5716943359375 0.054335937499999994 0.02201171875
1 0.7180403645833334 0.5780908203125 0.04243489583333334 0.03361328125
1 0.7178385416666666 0.6021826171875 0.036484375 0.039560546875
1 0.7063346354166667 0.620029296875 0.030143229166666664 0.038369140625
1 0.6999934895833334 0.5489404296875 0.05155598958333333 0.0276611328125
1 0.6650911458333334 0.548642578125 0.04362630208333334 0.033017578125
1 0.2308203125 0.5899853515625 0.04203776041666666 0.0365869140625
1 0.246484375 0.6166064453125 0.05036458333333333 0.022607421875
1 0.27662760416666665 0.609765625 0.04878255208333334 0.0285546875
1 0.267109375 0.5880517578125 0.04957682291666667 0.021416015625
1 0.3115234375 0.609765625 0.045605468749999996 0.0261767578125
1 0.31667968750000003 0.59623046875 0.04719401041666666 0.025283203125
1 0.31569010416666665 0.5788330078125 0.05076171875 0.0237939453125
1 0.3753776041666667 0.6021826171875 0.034505208333333336 0.0371826171875
1 0.3456315104166667 0.6105126953125 0.031328125 0.039560546875
1 0.358125 0.6282080078125 0.02934895833333333 0.0410498046875
1 0.39461588541666665 0.62984375 0.056315104166666664 0.0199267578125
1 0.4150390625 0.6105126953125 0.05274739583333333 0.025283203125
1 0.44498046875 0.6172021484375 0.042832031250000006 0.0339111328125
1 0.4263411458333333 0.6491796875 0.042832031250000006 0.033017578125
1 0.4427994791666667 0.6753515625 0.044023437500000005 0.0342041015625
1 0.48365234375 0.667470703125 0.04639973958333333 0.0321240234375
1 0.49098307291666665 0.6528955078125 0.04600260416666666 0.0309326171875
1 0.5014973958333333 0.6410009765625 0.04481770833333334 0.0327197265625
1 0.5131966145833333 0.629248046875 0.041243489583333334 0.031826171875
1 0.5417513020833333 0.6340087890625 0.03410807291666667 0.038369140625
1 0.550078125 0.6179443359375 0.03490234375 0.0371826171875
1 0.57228515625 0.6658349609375 0.02300130208333333 0.04015625
1 0.5574153645833334 0.6793701171875 0.028951822916666665 0.0386669921875
1 0.620078125 0.6314794921875 0.04878255208333334 0.0309326171875
1 0.6349479166666666 0.640849609375 0.04838541666666666 0.03123046875
1 0.6676692708333333 0.6482861328125 0.054335937499999994 0.01814453125
1 0.24985677083333332 0.6453125 0.023795572916666664 0.03896484375
1 0.28158203125 0.656318359375 0.046796874999999995 0.0282568359375
1 0.28753255208333334 0.636982421875 0.038072916666666665 0.0371826171875
1 0.311328125 0.63490234375 0.027760416666666666 0.038369140625
1 0.33730468750000003 0.6470947265625 0.02736328125 0.04015625
1 0.32818359375 0.6683642578125 0.045605468749999996 0.0309326171875
1 0.35713541666666665 0.6929052734375 0.044023437500000005 0.0347998046875
1 0.32065104166666664 0.683681640625 0.045605468749999996 0.030634765625
1 0.25044921875 0.6723779296875 0.04719401041666666 0.030634765625
1 0.2665104166666667 0.680263671875 0.05076171875 0.0309326171875
1 0.2797981770833333 0.69126953125 0.04957682291666667 0.027958984375
1 0.29427734375 0.70123046875 0.04997395833333334 0.0282568359375
1 0.30875 0.7106005859375 0.047988281249999994 0.0255810546875
1 0.22169921874999998 0.7047998046875 0.053144531249999995 0.0282568359375
1 0.26373697916666666 0.7158056640625 0.049179687500000006 0.03123046875
1 0.24747395833333333 0.7241357421875 0.045214843750000004 0.032421875
1 0.21376302083333332 0.7418310546875 0.04600260416666666 0.0285546875
1 0.27484375 0.7540283203125 0.032519531250000004 0.03748046875
1 0.29447265625 0.754921875 0.036881510416666666 0.036884765625
1 0.3579296875 0.7227978515625 0.05036458333333333 0.0261767578125
1 0.2587760416666667 0.782138671875 0.03767578125 0.0353955078125
1 0.37577473958333335 0.6561669921875 0.05274739583333333 0.0184423828125
1 0.49772786458333335 0.705693359375 0.038867187500000004 0.0377734375
1 0.539765625 0.725029296875 0.05393880208333333 0.016953125
1 0.7656315104166667 0.710751953125 0.02419270833333333 0.04015625
1 0.6692578125 0.7552197265625 0.05036458333333333 0.029150390625
1 0.6527994791666667 0.7471875 0.04759114583333333 0.0309326171875
1 0.6321744791666667 0.7397509765625 0.049179687500000006 0.029150390625
1 0.60302734375 0.724580078125 0.022604166666666665 0.0410498046875
1 0.5788346354166667 0.70509765625 0.02419270833333333 0.040751953125
1 0.5996549479166667 0.6839794921875 0.025384114583333336 0.0413427734375
1 0.6210677083333334 0.6948388671875 0.024589843750000003 0.0410498046875
1 0.6383203125 0.7196728515625 0.051953124999999996 0.02349609375
1 0.6373307291666667 0.6899267578125 0.02934895833333333 0.04015625
1 0.6621158854166667 0.6939453125 0.03212239583333334 0.042236328125
1 0.6833333333333332 0.7300830078125 0.04362630208333334 0.033017578125
1 0.6974153645833333 0.7183349609375 0.03926432291666667 0.03509765625
1 0.71228515625 0.7108984375 0.03966145833333334 0.035693359375
1 0.6759960937499999 0.680263671875 0.034505208333333336 0.0398583984375
1 0.6918619791666667 0.6743115234375 0.03212239583333334 0.0362890625
1 0.7285481770833333 0.6885888671875 0.020625 0.0386669921875
1 0.70693359375 0.6581005859375 0.026569010416666667 0.0419384765625
1 0.7338997395833333 0.6573583984375 0.03926432291666667 0.035693359375
1 0.7618619791666666 0.6729736328125 0.030937500000000003 0.040751953125
1 0.74322265625 0.640849609375 0.04203776041666666 0.038369140625
1 0.7567057291666667 0.63103515625 0.04203776041666666 0.0342041015625
1 0.7507552083333334 0.5003076171875 0.05155598958333333 0.030341796875
1 0.7352864583333334 0.4718994140625 0.04600260416666666 0.0347998046875
1 0.66529296875 0.493466796875 0.028951822916666665 0.0392626953125
1 0.6428841145833334 0.5270751953125 0.05076171875 0.027958984375
1 0.6274153645833334 0.516220703125 0.05076171875 0.0294482421875
1 0.60599609375 0.5095263671875 0.05393880208333333 0.02736328125
1 0.5611848958333333 0.5016455078125 0.036484375 0.0371826171875
1 0.5760546875 0.493017578125 0.03608723958333333 0.0353955078125
1 0.5915234375 0.4849853515625 0.03608723958333333 0.032421875
1 0.6274153645833334 0.48974609375 0.05076171875 0.025283203125
1 0.6242447916666667 0.47205078125 0.05076171875 0.0249853515625
1 0.5790299479166666 0.4503369140625 0.036484375 0.0362890625
1 0.60857421875 0.450634765625 0.04639973958333333 0.0267724609375
1 0.6456575520833333 0.44884765625 0.027760416666666666 0.0404541015625
1 0.6696549479166666 0.4304052734375 0.04481770833333334 0.0339111328125
1 0.63296875 0.42876953125 0.030937500000000003 0.03896484375
1 0.6795703125 0.4045263671875 0.05671223958333333 0.0190380859375
1 0.6559700520833334 0.3941162109375 0.04997395833333334 0.034501953125
1 0.7231901041666666 0.3869775390625 0.05750651041666666 0.0196337890625
1 0.5367903645833333 0.480673828125 0.03529947916666667 0.0380712890625
1 0.5012955729166667 0.486328125 0.046796874999999995 0.0309326171875
1 0.47591796875 0.4855810546875 0.04759114583333333 0.03361328125
1 0.5219205729166666 0.4626806640625 0.05393880208333333 0.024091796875
1 0.48067708333333337 0.4647607421875 0.042832031250000006 0.03123046875
1 0.48682291666666666 0.4246044921875 0.05274739583333333 0.0205224609375
1 0.48285807291666666 0.4446826171875 0.047988281249999994 0.030341796875
1 0.5167643229166666 0.4360595703125 0.027760416666666666 0.0392626953125
1 0.5393684895833334 0.4259423828125 0.030937500000000003 0.0398583984375
1 0.58359375 0.3991748046875 0.055123697916666665 0.0237939453125
1 0.58755859375 0.4141943359375 0.055123697916666665 0.0223095703125
1 0.6012369791666666 0.4252001953125 0.05155598958333333 0.02349609375
1 0.7039583333333334 0.3732958984375 0.04997395833333334 0.0333154296875
1 0.6248372395833334 0.3608056640625 0.05115885416666666 0.0285546875
1 0.59033203125 0.3481640625 0.0337109375 0.03896484375
1 0.5915234375 0.3167822265625 0.05274739583333333 0.029150390625
1 0.6192838541666666 0.3094921875 0.05354166666666666 0.0223095703125
1 0.62642578125 0.2785595703125 0.05115885416666666 0.02587890625
1 0.75115234375 0.2210009765625 0.05155598958333333 0.0309326171875
1 0.6268229166666667 0.24658203125 0.05671223958333333 0.0243896484375
1 0.5764518229166666 0.19646484375 0.036881510416666666 0.0413427734375
1 0.7126822916666667 0.297001953125 0.041243489583333334 0.04015625
1 0.41132161458333333 0.7928515625 0.043509114583333335 0.0368212890625
1 0.4376627604166667 0.7751904296875 0.041907552083333334 0.037421875
