1 0.2864583333333333 0.1781396484375 0.036009114583333335 0.0553515625
1 0.7936197916666666 0.2666015625 0.060143229166666666 0.053984375
1 0.5006510416666666 0.437255859375 0.06286458333333333 0.044921875
1 0.7454947916666667 0.245849609375 0.060006510416666665 0.0517578125
1 0.2911783854166667 0.29931640625 0.03589192708333334 0.0559375
1 0.431640625 0.251708984375 0.07458333333333333 0.0287646484375
1 0.69921875 0.2271728515625 0.05611328125 0.0505078125
1 0.4386979166666667 0.2996044921875 0.07457682291666666 0.0294091796875
1 0.5478515625 0.651123046875 0.045983072916666666 0.05712890625
1 0.2618815104166667 0.30810546875 0.028828125 0.0544140625
1 0.4625651041666667 0.411865234375 0.06587890625 0.04177734375
1 0.6442057291666666 0.43115234375 0.06848307291666667 0.03515625
1 0.4921875 0.2841796875 0.071328125 0.0241845703125
1 0.4817708333333333 0.381591796875 0.07186197916666666 0.0341796875
1 0.6389973958333334 0.391845703125 0.0370703125 0.056640625
1 0.6611328125 0.1974267578125 0.029726562499999998 0.059716796875
1 0.55859375 0.2109375 0.073203125 0.022978515625
1 0.5999348958333334 0.4072265625 0.06551432291666666 0.0401025390625
1 0.6920572916666666 0.404052734375 0.029544270833333334 0.057587890625
1 0.41596354166666666 0.2254638671875 0.0728125 0.03265625
1 0.3304036458333333 0.401123046875 0.053144531249999995 0.049501953125
1 0.5833333333333334 0.673017578125 0.029544270833333334 0.0590869140625
1 0.3902994791666667 0.1790771484375 0.07092447916666667 0.0312060546875
1 0.4752604166666667 0.145751953125 0.07470703125 0.0294189453125
1 0.6240234375 0.57373046875 0.042890624999999995 0.05419921875
1 0.3388671875 0.1780419921875 0.03513671875 0.0575
1 0.7708333333333334 0.7529296875 0.06600260416666666 0.05349609375
1 0.5475260416666666 0.2314453125 0.06966145833333333 0.0249951171875
1 0.2667643229166667 0.78759765625 0.054772135416666666 0.05251953125
1 0.4072265625 0.328857421875 0.06624348958333333 0.0409228515625
1 0.6673177083333334 0.74072265625 0.06990885416666666 0.0438525390625
1 0.4632161458333333 0.16943359375 0.07080078125 0.030791015625
1 0.5992838541666666 0.74755859375 0.043867187499999995 0.056337890625
1 0.4654947916666667 0.1966552734375 0.061848958333333336 0.0439453125
1 0.5380338541666666 0.6824560546875 0.067421875 0.0466015625
1 0.591796875 0.3818359375 0.06551432291666666 0.042177734375
1 0.21695963541666666 0.363525390625 0.037473958333333335 0.053896484375
1 0.6321614583333334 0.339599609375 0.050130208333333336 0.0504150390625
1 0.50119140625 0.4944677734375 0.06589192708333333 0.04662109375
1 0.30517578125 0.37841796875 0.03236979166666667 0.05349609375
1 0.462890625 0.265869140625 0.07389322916666667 0.032900390625
1 0.6240234375 0.69384765625 0.05716796875 0.05126953125
1 0.21126302083333334 0.79248046875 0.053834635416666665 0.0526123046875
1 0.7395833333333334 0.1971435546875 0.07043619791666667 0.03662109375
1 0.27392578125 0.248291015625 0.032063802083333336 0.055205078125
1 0.6796875 0.473388671875 0.029257812499999997 0.05685546875
1 0.5387369791666666 0.399169921875 0.07108723958333334 0.0333251953125
1 0.5104166666666666 0.634443359375 0.03684244791666667 0.0583251953125
1 0.24869791666666666 0.2493896484375 0.034016927083333336 0.056123046875
1 0.2574869791666667 0.392333984375 0.050904947916666665 0.0509033203125
1 0.5654296875 0.5846337890625 0.035078125 0.0569140625
1 0.4928385416666667 0.2413330078125 0.06823567708333333 0.038115234375
1 0.5638020833333334 0.789755859375 0.05005208333333333 0.055673828125
1 0.427734375 0.48583984375 0.06001953125 0.0505615234375
1 0.78515625 0.810546875 0.03153645833333333 0.061767578125
1 0.22412109375 0.404052734375 0.06823567708333333 0.0365625
1 0.4772135416666667 0.362548828125 0.06697916666666666 0.0287646484375
1 0.5732421875 0.43310546875 0.07430338541666666 0.0372021484375
1 0.5999348958333334 0.476318359375 0.037272135416666664 0.053984375
1 0.33740234375 0.3037939453125 0.0712890625 0.0305224609375
1 0.384765625 0.1617431640625 0.07214192708333333 0.030107421875
1 0.71392578125 0.7064599609375 0.06932291666666666 0.044580078125
1 0.5882161458333334 0.338623046875 0.06774739583333333 0.043701171875
1 0.3040364583333333 0.775390625 0.0376171875 0.0552978515625
1 0.27143229166666666 0.363603515625 0.044108072916666664 0.0598779296875
1 0.6350911458333334 0.77099609375 0.040201822916666664 0.05560546875
1 0.6185221354166667 0.8821630859375 0.062421874999999995 0.0533154296875
1 0.4541015625 0.1292724609375 0.0770703125 0.0318603515625
1 0.5091145833333334 0.1865234375 0.03533854166666667 0.0562451171875
1 0.21598307291666666 0.304443359375 0.06477864583333333 0.0379638671875
1 0.7437239583333333 0.7625341796875 0.06309244791666667 0.05220703125
1 0.8138020833333334 0.818359375 0.030169270833333334 0.061982421875
1 0.7247526041666666 0.7780908203125 0.061933593749999995 0.0538427734375
1 0.6604817708333334 0.365478515625 0.03345052083333334 0.0548095703125
1 0.6243489583333334 0.47998046875 0.03428385416666666 0.0545068359375
1 0.234375 0.337158203125 0.034752604166666666 0.0533154296875
1 0.5386263020833334 0.463662109375 0.07033203125 0.0341015625
1 0.5550130208333334 0.31103515625 0.06404947916666666 0.0484912109375
1 0.5286458333333334 0.31982421875 0.05195963541666667 0.0509033203125
1 0.4788411458333333 0.341796875 0.06697916666666666 0.0289306640625
1 0.6901041666666666 0.1890869140625 0.03251302083333333 0.059111328125
1 0.6184895833333334 0.6162109375 0.05716796875 0.0460205078125
1 0.4742838541666667 0.6910400390625 0.036497395833333335 0.0613134765625
1 0.5836197916666667 0.7724609375 0.05465494791666667 0.0542919921875
1 0.5598958333333334 0.27685546875 0.06811848958333333 0.03634765625
1 0.23665364583333334 0.7685546875 0.030579427083333333 0.0602099609375
1 0.6736848958333334 0.79314453125 0.053834635416666665 0.055322265625
1 0.37890625 0.70361328125 0.04248046875 0.0551171875
1 0.3057942708333333 0.340087890625 0.07322265625 0.02908203125
1 0.5403645833333334 0.485107421875 0.06978515625 0.031494140625
1 0.4765625 0.322509765625 0.068359375 0.031923828125
1 0.5774739583333334 0.6168603515625 0.05098307291666667 0.0519482421875
1 0.5718359375000001 0.25927734375 0.07274088541666666 0.035830078125
1 0.4069010416666667 0.1966552734375 0.071328125 0.030625
1 0.3811848958333333 0.468994140625 0.04175130208333333 0.05099609375
1 0.3502604166666667 0.32275390625 0.0712109375 0.0274365234375
1 0.3359375 0.232666015625 0.06526692708333333 0.046630859375
1 0.5188802083333334 0.77734375 0.06026041666666667 0.04931640625
1 0.2771809895833333 0.7470703125 0.05708984375 0.04876953125
1 0.2688802083333333 0.8203125 0.07002604166666666 0.0362255859375
1 0.36208984375 0.4274462890625 0.06345703125 0.0444970703125
1 0.3837565104166667 0.2690185546875 0.06630859374999999 0.038896484375
1 0.5146484375 0.74462890625 0.0692578125 0.0439453125
1 0.19222005208333334 0.184326171875 0.07108723958333334 0.03314453125
1 0.7864583333333334 0.60986328125 0.07881510416666666 0.0244287109375
1 0.8014322916666666 0.880859375 0.044108072916666664 0.0594189453125
1 0.171875 0.32177734375 0.05835286458333333 0.05099609375
1 0.7200520833333334 0.404296875 0.028281249999999997 0.0582275390625
1 0.3577473958333333 0.7216796875 0.045983072916666666 0.0530078125
1 0.22705078125 0.25732421875 0.03416015625 0.0559375
1 0.18912760416666666 0.280029296875 0.04984375 0.0521240234375
1 0.2718098958333333 0.84033203125 0.0702734375 0.0352197265625
1 0.7255859375 0.6881494140625 0.07055989583333333 0.047880859375
1 0.5524088541666666 0.17626953125 0.0546484375 0.0541064453125
1 0.3678385416666667 0.2254638671875 0.05716796875 0.0472412109375
1 0.3203125 0.272216796875 0.06278645833333334 0.04248046875
1 0.4033203125 0.454375 0.03871744791666667 0.0551123046875
1 0.7356770833333334 0.8193359375 0.07186197916666666 0.035400390625
1 0.5358072916666666 0.829833984375 0.07767578125 0.0222021484375
1 0.6502278645833334 0.4862890625 0.033567708333333335 0.0564697265625
1 0.6304231770833334 0.8081884765625 0.0783203125 0.0227978515625
1 0.5263671875 0.810546875 0.07483072916666667 0.023193359375
1 0.18147786458333334 0.378173828125 0.0415234375 0.053984375
1 0.18375651041666666 0.74365234375 0.029726562499999998 0.058349609375
1 0.6181640625 0.2139892578125 0.030924479166666668 0.056337890625
1 0.3779296875 0.1397314453125 0.07430989583333333 0.03275390625
1 0.6350911458333334 0.267578125 0.058678385416666666 0.0494091796875
1 0.3483072916666667 0.77197265625 0.059446614583333335 0.047880859375
1 0.20784505208333334 0.168212890625 0.07145182291666667 0.031923828125
1 0.708984375 0.470703125 0.02931640625 0.0557275390625
1 0.6591796875 0.82958984375 0.0780859375 0.0232373046875
1 0.7434895833333334 0.84375 0.07637369791666666 0.024931640625
1 0.3087565104166667 0.1683349609375 0.03916666666666666 0.0647607421875
1 0.3759765625 0.55029296875 0.0692578125 0.0373828125
1 0.6557096354166666 0.8494873046875 0.08071614583333334 0.0231640625
1 0.332578125 0.5061962890625 0.055390625 0.051962890625
1 0.556640625 0.447998046875 0.072265625 0.035673828125
1 0.5999869791666667 0.5601416015625 0.040826822916666665 0.05416015625
1 0.4814453125 0.7783203125 0.057701822916666666 0.0498681640625
1 0.669921875 0.92724609375 0.043541666666666666 0.0599658203125
1 0.78515625 0.58447265625 0.08027994791666666 0.0250390625
1 0.7434895833333334 0.1751708984375 0.07430338541666666 0.0352197265625
1 0.15356770833333333 0.75 0.037473958333333335 0.057373046875
1 0.5201822916666666 0.72119140625 0.06709635416666666 0.0436083984375
1 0.6614583333333334 0.8720703125 0.07751302083333333 0.0246142578125
1 0.4020182291666667 0.69482421875 0.039609375 0.0567626953125
1 0.20279947916666666 0.685546875 0.0625390625 0.046904296875
1 0.17138671875 0.64892578125 0.07080078125 0.0398583984375
1 0.24397786458333334 0.431884765625 0.0712109375 0.027587890625
1 0.20735677083333334 0.85791015625 0.058470052083333335 0.0518505859375
1 0.5120442708333334 0.573525390625 0.02854166666666667 0.059189453125
1 0.524921875 0.8500439453125 0.07746744791666667 0.022080078125
1 0.25938802083333334 0.2020263671875 0.06287760416666667 0.0462939453125
1 0.1659375 0.271728515625 0.05244791666666667 0.052919921875
1 0.4182942708333333 0.7333984375 0.07067708333333333 0.034365234375
1 0.75048828125 0.86328125 0.08113932291666666 0.02427734375
1 0.6966145833333334 0.9384765625 0.03293619791666667 0.06076171875
1 0.728515625 0.931640625 0.03338541666666667 0.062685546875
1 0.53125 0.8720703125 0.07678385416666667 0.0231005859375
1 0.20491536458333334 0.62109375 0.074140625 0.02580078125
1 0.7434895833333334 0.88623046875 0.074140625 0.024140625
1 0.3044921875 0.57453125 0.051321614583333335 0.0540185546875
1 0.69873046875 0.288291015625 0.03078125 0.0598876953125
1 0.767578125 0.63427734375 0.07837239583333333 0.022890625
1 0.2177734375 0.50146484375 0.07348958333333333 0.0241845703125
1 0.2556966145833333 0.145263671875 0.02938151041666667 0.0579248046875
1 0.8170638020833333 0.90966796875 0.05350260416666667 0.055419921875
1 0.14078776041666666 0.81591796875 0.055787760416666665 0.0546875
1 0.5693359375 0.53275390625 0.07011067708333334 0.03923828125
1 0.60642578125 0.9039697265625 0.0590625 0.0556298828125
1 0.7007161458333333 0.7878955078125 0.05319010416666667 0.05658203125
1 0.6800911458333333 0.7117724609375 0.07055989583333333 0.047626953125
1 0.7813151041666666 0.7341650390625 0.06893229166666666 0.0525146484375
1 0.5224153645833333 0.6979345703125 0.0667578125 0.0460009765625
1 0.48876302083333334 0.4213232421875 0.06458984375 0.0431494140625
1 0.31697916666666665 0.24546875 0.0673046875 0.0431494140625
1 0.7634049479166666 0.263583984375 0.059160156250000005 0.05658203125
1 0.72595703125 0.2342724609375 0.06458984375 0.05169921875
1 0.37546223958333336 0.5270361328125 0.06951171874999999 0.04001953125
1 0.3896614583333333 0.5097802734375 0.06559895833333333 0.0422216796875
