1 0.8268229166666666 0.1982421875 0.050703124999999995 0.0589892578125
1 0.7135416666666666 0.17578125 0.06323567708333333 0.0513623046875
1 0.7532552083333334 0.2044677734375 0.06563151041666666 0.050234375
1 0.8522135416666666 0.2047119140625 0.05444661458333333 0.0572802734375
1 0.8391927083333334 0.26025390625 0.07983723958333333 0.027802734375
1 0.810546875 0.239501953125 0.07837239583333333 0.0250390625
1 0.58203125 0.1781005859375 0.03383463541666667 0.0589892578125
1 0.7180989583333334 0.3232421875 0.06372395833333333 0.0482177734375
1 0.7259114583333334 0.87353515625 0.053346354166666665 0.0560302734375
1 0.2511393229166667 0.1416015625 0.028828125 0.0596630859375
1 0.6717903645833333 0.2989013671875 0.07145833333333333 0.04537109375
1 0.6907552083333334 0.93798828125 0.030579427083333333 0.06130859375
1 0.7102864583333334 0.89306640625 0.053346354166666665 0.0510888671875
1 0.4069010416666667 0.6339794921875 0.03212239583333334 0.0568994140625
1 0.18831380208333334 0.74951171875 0.07458333333333333 0.027529296875
1 0.4680989583333333 0.53564453125 0.06709635416666666 0.0403125
1 0.748046875 0.95458984375 0.03029296875 0.0623193359375
1 0.5432942708333334 0.40576171875 0.07430338541666666 0.0322265625
1 0.4020182291666667 0.5244140625 0.06774739583333333 0.034697265625
1 0.7330729166666666 0.420654296875 0.07735026041666666 0.0225830078125
1 0.43359375 0.443115234375 0.06649088541666666 0.045107421875
1 0.7200520833333334 0.94921875 0.027955729166666665 0.06244140625
1 0.4104817708333333 0.50537109375 0.07307942708333333 0.03759765625
1 0.7220052083333334 0.442626953125 0.07723307291666666 0.0255126953125
1 0.4212239583333333 0.580078125 0.028281249999999997 0.0535888671875
1 0.6171875 0.6015625 0.06746744791666666 0.0450146484375
1 0.8131510416666666 0.408203125 0.05879557291666667 0.053896484375
1 0.3165690104166667 0.5400390625 0.053671875 0.0506005859375
1 0.4378255208333333 0.63671875 0.0419921875 0.0555126953125
1 0.7054752604166666 0.2705078125 0.07692057291666667 0.02791015625
1 0.365234375 0.5625 0.03159505208333333 0.0544140625
1 0.7610677083333334 0.740234375 0.07568359375 0.0433642578125
1 0.4671223958333333 0.6402294921875 0.0449609375 0.0539013671875
1 0.2021484375 0.1624755859375 0.07649739583333333 0.0231005859375
1 0.7942708333333334 0.8095703125 0.068359375 0.0469970703125
1 0.84375 0.443359375 0.06079427083333333 0.05251953125
1 0.31494140625 0.57763671875 0.07291666666666667 0.02365234375
1 0.22379557291666666 0.65087890625 0.06787109375 0.0406201171875
1 0.16419921875000001 0.7150341796875 0.07092447916666667 0.0373828125
1 0.3792317708333333 0.6227490234375 0.030514322916666666 0.0573876953125
1 0.5654296875 0.8718798828125 0.029440104166666665 0.0610498046875
1 0.2804361979166667 0.75341796875 0.06913411458333334 0.038818359375
1 0.5989583333333334 0.5185546875 0.03849609375 0.0546875
1 0.7721354166666666 0.8544921875 0.05423828125 0.059541015625
1 0.4261067708333333 0.470703125 0.06416666666666666 0.03689453125
1 0.2527669270833333 0.602822265625 0.04960286458333333 0.0546484375
1 0.3292643229166667 0.4619140625 0.045572916666666664 0.05419921875
1 0.19677734375 0.51904296875 0.03635416666666667 0.0555126953125
1 0.21647135416666666 0.7744140625 0.07279296875 0.0232373046875
1 0.20182291666666666 0.79345703125 0.07666015625 0.02337890625
1 0.22428385416666666 0.607421875 0.045983072916666666 0.0530078125
1 0.6432291666666666 0.5576171875 0.053059895833333336 0.0510888671875
1 0.3942057291666667 0.572265625 0.029765625 0.0528271484375
1 0.7194010416666666 0.399169921875 0.07893880208333333 0.0243359375
1 0.4814453125 0.505859375 0.04712239583333333 0.0494091796875
1 0.734375 0.470458984375 0.07348958333333333 0.0425732421875
1 0.5667317708333334 0.52734375 0.050416666666666665 0.05203125
1 0.5100911458333334 0.61083984375 0.043131510416666664 0.05126953125
1 0.4075520833333333 0.275390625 0.06860677083333333 0.0445849609375
1 0.7916666666666666 0.4580078125 0.05904296875 0.0516650390625
1 0.5934244791666666 0.8700390625 0.03098307291666667 0.0615478515625
1 0.24495442708333334 0.4853515625 0.07360677083333333 0.020693359375
1 0.7849869791666667 0.7708056640625 0.08165364583333333 0.0330810546875
1 0.6217447916666666 0.3974609375 0.0405859375 0.05419921875
1 0.2657877604166667 0.517294921875 0.06286458333333333 0.0496826171875
1 0.4768880208333333 0.6015625 0.03777994791666667 0.0546875
1 0.19970703125 0.461669921875 0.033776041666666666 0.0531005859375
1 0.8046875 0.50732421875 0.08027994791666666 0.0270068359375
1 0.6342187499999999 0.8974609375 0.07401041666666668 0.038330078125
1 0.2760416666666667 0.55224609375 0.069375 0.0330810546875
1 0.5498046875 0.37646484375 0.073203125 0.0270068359375
1 0.2060546875 0.72998046875 0.07307942708333333 0.02337890625
1 0.6110026041666666 0.572265625 0.06197265625 0.0406787109375
1 0.2864583333333333 0.452880859375 0.04712239583333333 0.05203125
1 0.4361979166666667 0.408935546875 0.07307942708333333 0.0236962890625
1 0.3538411458333333 0.6242138671875 0.030514322916666666 0.056533203125
1 0.30517578125 0.161142578125 0.03474609375 0.058974609375
1 0.3430989583333333 0.72900390625 0.03466796875 0.056640625
1 0.6184895833333334 0.77099609375 0.057291666666666664 0.04708984375
1 0.3671875 0.4453125 0.028157552083333332 0.0526123046875
1 0.3883463541666667 0.378173828125 0.031048177083333333 0.0551171875
1 0.6207682291666666 0.6689453125 0.061608072916666666 0.0496826171875
1 0.6875 0.78515625 0.07145182291666667 0.040986328125
1 0.447265625 0.5859375 0.028157552083333332 0.0559375
1 0.7516992187499999 0.7840380859375 0.07837239583333333 0.0338427734375
1 0.26604817708333334 0.580927734375 0.05443359375 0.0543310546875
1 0.6604817708333334 0.84521484375 0.07348958333333333 0.0341796875
1 0.6796875 0.80615234375 0.074140625 0.037109375
1 0.6461588541666666 0.865234375 0.07499348958333334 0.0360107421875
1 0.5166015625 0.5107421875 0.038209635416666665 0.0528271484375
1 0.17057291666666666 0.4780224609375 0.030169270833333334 0.05796875
1 0.35927734375000003 0.5000634765625 0.035976562499999996 0.054755859375
1 0.36764973958333336 0.325439453125 0.05098307291666667 0.052705078125
1 0.3250325520833333 0.6233154296875 0.028606770833333333 0.0564794921875
1 0.28564453125 0.67919921875 0.028014322916666667 0.0530078125
1 0.5147721354166667 0.6482177734375 0.0678515625 0.0435400390625
1 0.4358723958333333 0.37939453125 0.06660807291666666 0.04123046875
1 0.15649739583333333 0.6540283203125 0.074140625 0.021943359375
1 0.14301432291666666 0.67578125 0.07735026041666666 0.0289306640625
1 0.70703125 0.7336962890625 0.04067057291666667 0.0595849609375
1 0.2994791666666667 0.615361328125 0.029153645833333335 0.0573681640625
1 0.6416015625 0.41357421875 0.0405078125 0.055205078125
1 0.5758463541666666 0.333984375 0.02902994791666667 0.0548095703125
1 0.23030598958333334 0.35400390625 0.073203125 0.031494140625
1 0.16829427083333334 0.690634765625 0.0702734375 0.0350634765625
1 0.6201171875 0.453125 0.05684244791666667 0.0496826171875
1 0.20100911458333334 0.391845703125 0.074140625 0.026611328125
1 0.5572916666666666 0.58349609375 0.03857421875 0.0548095703125
1 0.3146158854166667 0.37548828125 0.07186197916666666 0.0273291015625
1 0.51259765625 0.46630859375 0.06887369791666667 0.035341796875
1 0.6458333333333334 0.96240234375 0.06298828125 0.048310546875
1 0.5900130208333333 0.822265625 0.07502604166666667 0.03689453125
1 0.21956380208333334 0.8564453125 0.048463541666666665 0.0559375
1 0.380859375 0.154541015625 0.04248046875 0.0570703125
1 0.23867838541666667 0.8088427734375 0.055703125 0.0552978515625
1 0.2591145833333333 0.448974609375 0.0439453125 0.050810546875
1 0.29623046875 0.4923681640625 0.03921223958333333 0.057421875
1 0.22509765625 0.521484375 0.03421875 0.053193359375
1 0.7330729166666666 0.82080078125 0.06323567708333333 0.0492236328125
1 0.6575520833333334 0.51318359375 0.07108723958333334 0.028974609375
1 0.5305989583333334 0.427734375 0.07267578125 0.0294189453125
1 0.6953125 0.49658203125 0.054772135416666666 0.0491357421875
1 0.10408854166666666 0.8115234375 0.06673177083333333 0.0447705078125
1 0.1455078125 0.80517578125 0.06949869791666667 0.035615234375
1 0.5947265625 0.39453125 0.04044921875 0.053193359375
1 0.2737630208333333 0.7255859375 0.068359375 0.04025390625
1 0.58984375 0.634765625 0.060468749999999995 0.0464794921875
1 0.3157552083333333 0.9248046875 0.05054036458333333 0.0567626953125
1 0.1240234375 0.76806640625 0.06860677083333333 0.0453515625
1 0.6862630208333332 0.6980712890625 0.032239583333333335 0.0621435546875
1 0.6041861979166666 0.800341796875 0.075078125 0.0366845703125
1 0.3346354166666667 0.1746826171875 0.03574869791666666 0.0565478515625
1 0.3636067708333333 0.376220703125 0.030520833333333334 0.0558154296875
1 0.3224283854166667 0.40869140625 0.05591145833333333 0.046904296875
1 0.19466145833333334 0.1904296875 0.06888671875 0.0373828125
1 0.3155924479166667 0.7265625 0.03501302083333333 0.0549951171875
1 0.521484375 0.336181640625 0.02921875 0.055205078125
1 0.3577473958333333 0.1666259765625 0.03877604166666667 0.0586572265625
1 0.3346354166666667 0.662109375 0.071328125 0.023515625
1 0.44841145833333335 0.6737353515625 0.07490234375 0.0299462890625
1 0.6861979166666666 0.55517578125 0.03574869791666666 0.0552978515625
1 0.6580143229166667 0.749306640625 0.059381510416666665 0.0528173828125
1 0.6233723958333334 0.69482421875 0.06624348958333333 0.04296875
1 0.28125 0.1727294921875 0.036783854166666664 0.0558154296875
1 0.3328450520833333 0.3291015625 0.04902994791666667 0.0537109375
1 0.6145833333333334 0.30859375 0.027265625 0.0577099609375
1 0.4934895833333333 0.351435546875 0.031048177083333333 0.0571826171875
1 0.2566731770833333 0.8779296875 0.04160807291666666 0.060087890625
1 0.21044921875 0.370361328125 0.07161458333333333 0.0315576171875
1 0.23209635416666666 0.449462890625 0.04121744791666667 0.0521240234375
1 0.5517578125 0.316162109375 0.032063802083333336 0.0580126953125
1 0.5166015625 0.271240234375 0.040364583333333336 0.0580126953125
1 0.4876302083333333 0.275146484375 0.039609375 0.0551171875
1 0.4254557291666667 0.490234375 0.065390625 0.0327783203125
1 0.6595963541666666 0.34123046875 0.07211588541666666 0.04107421875
1 0.2041015625 0.327880859375 0.06978515625 0.0393359375
1 0.4517903645833334 0.693359375 0.07518880208333333 0.0260009765625
1 0.7115885416666666 0.67626953125 0.041666666666666664 0.0549951171875
1 0.24641927083333334 0.191162109375 0.060911458333333335 0.0430322265625
1 0.66384765625 0.82861328125 0.07850911458333333 0.028486328125
1 0.5283203125 0.58740234375 0.043867187499999995 0.05685546875
1 0.3629557291666667 0.247802734375 0.02854166666666667 0.0579248046875
1 0.5338541666666666 0.8271484375 0.02931640625 0.0594189453125
1 0.3410546875 0.9157568359375 0.05356770833333333 0.058388671875
1 0.2549869791666667 0.828974609375 0.05142578125 0.05517578125
1 0.13570963541666667 0.7504931640625 0.0628515625 0.0492822265625
1 0.7496028645833334 0.8645947265625 0.055 0.0578564453125
1 0.7760286458333333 0.9020947265625 0.0678515625 0.048212890625
1 0.7931705729166666 0.9189697265625 0.06928385416666667 0.04767578125
1 0.32891276041666667 0.520419921875 0.05070963541666667 0.0530322265625
1 0.6053255208333334 0.6192529296875 0.06499348958333333 0.048212890625
1 0.46461588541666665 0.5541650390625 0.0678515625 0.0391064453125
1 0.46533203125 0.440869140625 0.060709635416666664 0.0460693359375
1 0.7478190104166668 0.4837255859375 0.07428385416666666 0.0460693359375
1 0.7924544270833334 0.421318359375 0.05214192708333334 0.0530322265625
1 0.73388671875 0.338017578125 0.07070963541666667 0.048212890625
1 0.6942513020833333 0.3114990234375 0.07142578125 0.04767578125
1 0.39819010416666667 0.2954296875 0.06928385416666667 0.044462890625
1 0.7452604166666666 0.1796533203125 0.06438151041666666 0.051923828125
1 0.7843749999999999 0.2089892578125 0.062304687500000004 0.0534814453125
