1 0.4990234375 0.3251953125 0.03712890625 0.0408349609375
1 0.5159179687500001 0.2570068359375 0.04173177083333333 0.0353466796875
1 0.6494140625 0.2607421875 0.051881510416666665 0.0296484375
1 0.5341015625 0.3865380859375 0.04639322916666667 0.0336962890625
1 0.3323567708333333 0.36376953125 0.04764973958333333 0.031083984375
1 0.39646484375 0.3947509765625 0.041139322916666665 0.0362841796875
1 0.3263346354166667 0.24169921875 0.031412760416666664 0.0455322265625
1 0.3811848958333333 0.42919921875 0.03466796875 0.0426318359375
1 0.5628255208333334 0.228271484375 0.043619791666666664 0.035673828125
1 0.5579427083333334 0.255615234375 0.044355468749999995 0.0341796875
1 0.5826822916666666 0.298828125 0.049967447916666664 0.0347607421875
1 0.3889973958333333 0.271728515625 0.05195963541666667 0.0364404296875
1 0.4876302083333333 0.2242431640625 0.05195963541666667 0.0322900390625
1 0.2745768229166667 0.276611328125 0.02938151041666667 0.0408349609375
1 0.2791796875 0.2439208984375 0.04538411458333333 0.0333349609375
1 0.5224609375 0.307373046875 0.051595052083333336 0.0328369140625
1 0.58984375 0.395751953125 0.04858723958333333 0.032470703125
1 0.29150390625 0.28173828125 0.030397135416666665 0.0411376953125
1 0.4078776041666667 0.239013671875 0.0439453125 0.0345458984375
1 0.6315104166666666 0.2352294921875 0.05416015625 0.0268115234375
1 0.3483072916666667 0.443115234375 0.03448567708333333 0.0403125
1 0.4423828125 0.25341796875 0.043378906249999995 0.03607421875
1 0.333984375 0.28076171875 0.024173177083333334 0.0397021484375
1 0.4192708333333333 0.2890625 0.049401041666666666 0.0389111328125
1 0.7434895833333334 0.2386474609375 0.05054036458333333 0.035830078125
1 0.3662109375 0.219970703125 0.042076822916666666 0.0379638671875
1 0.6647135416666666 0.69482421875 0.049192708333333335 0.0291455078125
1 0.546875 0.62353515625 0.035807291666666664 0.0406787109375
1 0.2513020833333333 0.3193359375 0.025449218750000002 0.042177734375
1 0.5703125 0.281982421875 0.056028645833333335 0.0270703125
1 0.5963541666666666 0.259765625 0.057291666666666664 0.02615234375
1 0.2897135416666667 0.323974609375 0.02634765625 0.0386962890625
1 0.7395833333333334 0.57080078125 0.038125 0.03955078125
1 0.7213541666666666 0.26416015625 0.05936848958333333 0.0299853515625
1 0.23453776041666666 0.2978515625 0.04809895833333333 0.026064453125
1 0.6848958333333334 0.326416015625 0.053548177083333336 0.021650390625
1 0.6848958333333334 0.311767578125 0.055299479166666665 0.0211181640625
1 0.5237630208333334 0.6455078125 0.038938802083333335 0.0359521484375
1 0.6366145833333333 0.2777197265625 0.053372395833333336 0.0249609375
1 0.5387369791666666 0.42724609375 0.052083333333333336 0.0236962890625
1 0.5940755208333334 0.4287109375 0.03000651041666667 0.042724609375
1 0.3107096354166667 0.286376953125 0.028867187500000002 0.0431201171875
1 0.6842447916666666 0.342041015625 0.05423828125 0.02072265625
1 0.4182942708333333 0.2142333984375 0.054036458333333336 0.0238671875
1 0.7337239583333334 0.2127685546875 0.05537760416666667 0.022626953125
1 0.2532552083333333 0.42822265625 0.052858072916666665 0.0165869140625
1 0.3766276041666667 0.2418212890625 0.025592447916666667 0.0394287109375
1 0.740234375 0.2978515625 0.054772135416666666 0.01833984375
1 0.3056640625 0.3759765625 0.024127604166666667 0.0408349609375
1 0.61328125 0.7119140625 0.05054036458333333 0.0274365234375
1 0.6647135416666666 0.6733642578125 0.04544921875 0.0329150390625
1 0.7415364583333334 0.281982421875 0.05375 0.018798828125
1 0.7506510416666666 0.6865234375 0.044518229166666666 0.033720703125
1 0.423828125 0.75927734375 0.041829427083333336 0.0390625
1 0.7376302083333334 0.313232421875 0.05423828125 0.01798828125
1 0.6162109375 0.432861328125 0.029602864583333333 0.0394921875
1 0.3092447916666667 0.2447509765625 0.029095052083333333 0.0389111328125
1 0.6136067708333334 0.3681640625 0.04614583333333333 0.0350634765625
1 0.671875 0.405029296875 0.053834635416666665 0.0196826171875
1 0.75390625 0.53369140625 0.053671875 0.027529296875
1 0.5609049479166667 0.7311865234375 0.03283203125 0.0380517578125
1 0.3255208333333333 0.2119140625 0.052858072916666665 0.029814453125
1 0.5426432291666666 0.202392578125 0.049967447916666664 0.0379638671875
1 0.7337239583333334 0.74853515625 0.053548177083333336 0.0258642578125
1 0.6025390625 0.194580078125 0.039609375 0.042021484375
1 0.2674153645833333 0.453857421875 0.028769531249999997 0.04193359375
1 0.615234375 0.736328125 0.052734375 0.0213623046875
1 0.6686197916666666 0.72998046875 0.056028645833333335 0.0165234375
1 0.49290364583333335 0.7552880859375 0.04942057291666666 0.028017578125
1 0.4827473958333333 0.20263671875 0.052571614583333336 0.0289306640625
1 0.5914713541666666 0.2303466796875 0.023984375000000002 0.0408349609375
1 0.66015625 0.43212890625 0.03609375 0.038759765625
1 0.6438802083333334 0.30810546875 0.02736328125 0.041474609375
1 0.26513671875 0.3583984375 0.021868489583333334 0.0420849609375
1 0.6998372395833333 0.7605615234375 0.04091145833333334 0.036962890625
1 0.5372200520833333 0.780380859375 0.04725911458333334 0.0325439453125
1 0.7291666666666666 0.408935546875 0.051881510416666665 0.0193798828125
1 0.23063151041666666 0.327880859375 0.024720052083333333 0.042236328125
1 0.7109375 0.556640625 0.022220052083333334 0.040986328125
1 0.6422526041666666 0.19189453125 0.03533854166666667 0.04046875
1 0.23453776041666666 0.234375 0.050416666666666665 0.023515625
1 0.7233072916666666 0.66455078125 0.054563802083333335 0.018232421875
1 0.7272135416666666 0.3740234375 0.053144531249999995 0.0181298828125
1 0.6201171875 0.3203125 0.0258984375 0.0442822265625
1 0.6673177083333334 0.7158203125 0.052734375 0.0179150390625
1 0.47044270833333335 0.7843603515625 0.05504557291666667 0.02453125
1 0.6842447916666666 0.356201171875 0.054850260416666664 0.0196826171875
1 0.20979817708333334 0.335205078125 0.0234375 0.0423291015625
1 0.7278645833333334 0.4921875 0.03350911458333333 0.0367724609375
1 0.724609375 0.64794921875 0.055097656249999995 0.0154248046875
1 0.7278645833333334 0.39013671875 0.052734375 0.01646484375
1 0.22477213541666666 0.458984375 0.027630208333333333 0.0382373046875
1 0.7417903645833334 0.6193212890625 0.059869791666666665 0.0143359375
1 0.7357421875 0.710107421875 0.051679687499999995 0.0270068359375
1 0.65234375 0.478515625 0.05708984375 0.0177783203125
1 0.7233072916666666 0.4345703125 0.028216145833333334 0.0394287109375
1 0.626953125 0.65087890625 0.050703124999999995 0.0193505859375
1 0.5751953125 0.191650390625 0.03692708333333333 0.0389111328125
1 0.7310546875 0.7238623046875 0.052890625 0.02400390625
1 0.5358072916666666 0.7489990234375 0.022805989583333335 0.040263671875
1 0.21565755208333334 0.41748046875 0.024537760416666665 0.0401025390625
1 0.24576822916666666 0.4560546875 0.02805338541666667 0.041689453125
1 0.5172526041666666 0.7333984375 0.026002604166666665 0.0398583984375
1 0.58078125 0.78443359375 0.044550781250000004 0.0357666015625
1 0.7116992187500001 0.68896484375 0.05454427083333333 0.0167236328125
1 0.5875651041666666 0.349609375 0.021542968750000002 0.038818359375
1 0.4990234375 0.72802734375 0.026243489583333335 0.041533203125
1 0.28271484375 0.219970703125 0.0508203125 0.0193798828125
1 0.20849609375 0.378173828125 0.021953125 0.042177734375
1 0.2998046875 0.50244140625 0.021035156250000003 0.0397021484375
1 0.7760416666666666 0.6416015625 0.04005859375 0.0348828125
1 0.6861979166666666 0.29248046875 0.055097656249999995 0.0202490234375
1 0.701171875 0.437255859375 0.027688802083333335 0.03955078125
1 0.6572265625 0.75830078125 0.05244791666666667 0.01744140625
1 0.3557942708333333 0.7431640625 0.02033203125 0.0394287109375
1 0.21842447916666666 0.67578125 0.03236979166666667 0.0428759765625
1 0.3212109375 0.7922265625 0.05098307291666667 0.02546875
1 0.6881510416666666 0.27978515625 0.05708984375 0.0207666015625
1 0.7526041666666666 0.7568359375 0.049192708333333335 0.0267041015625
1 0.7584635416666666 0.338623046875 0.021197916666666667 0.04296875
1 0.7408854166666666 0.438232421875 0.026692708333333332 0.040986328125
1 0.6796875 0.435791015625 0.03159505208333333 0.04046875
1 0.4561653645833333 0.763671875 0.05287760416666667 0.0178515625
1 0.6946289062500001 0.780380859375 0.04469401041666667 0.034267578125
1 0.3561002604166667 0.7880859375 0.030755208333333336 0.040419921875
1 0.7374999999999999 0.60498046875 0.05593098958333333 0.01548828125
1 0.720703125 0.34033203125 0.02025390625 0.0411376953125
1 0.779296875 0.34423828125 0.022115885416666665 0.0425732421875
1 0.5673828125 0.35009765625 0.02056640625 0.0397021484375
1 0.4749348958333333 0.79931640625 0.05244791666666667 0.0225048828125
1 0.5732421875 0.814453125 0.045983072916666666 0.0328369140625
1 0.7688802083333334 0.7245361328125 0.027467447916666665 0.0402587890625
1 0.7239583333333334 0.18408203125 0.028157552083333332 0.0423291015625
1 0.2537434895833333 0.7685546875 0.023886718749999997 0.042236328125
1 0.25048828125 0.4140625 0.052083333333333336 0.015302734375
1 0.2734375 0.7685546875 0.023072916666666665 0.0391259765625
1 0.6946614583333334 0.1845703125 0.04443359375 0.038759765625
1 0.7395833333333334 0.3408203125 0.019713541666666667 0.04123046875
1 0.6875781249999999 0.7943359375 0.04641927083333333 0.034853515625
1 0.6006705729166667 0.7980322265625 0.028645833333333332 0.039794921875
1 0.7265625 0.79443359375 0.0332421875 0.0397021484375
1 0.7447916666666666 0.1822509765625 0.028014322916666667 0.0436083984375
1 0.693359375 0.2198486328125 0.0283203125 0.0313720703125
1 0.3707682291666667 0.798828125 0.029765625 0.0399462890625
1 0.2911783854166667 0.82080078125 0.048828125 0.0321044921875
1 0.748046875 0.791015625 0.032311197916666666 0.0390625
1 0.619140625 0.8037109375 0.02685546875 0.0397021484375
1 0.3919270833333333 0.79736328125 0.02805338541666667 0.038818359375
1 0.2373046875 0.78076171875 0.023619791666666667 0.0403759765625
1 0.3919270833333333 0.74853515625 0.023255208333333333 0.0381787109375
1 0.375 0.7498095703125 0.021953125 0.04126953125
1 0.2924348958333333 0.80630859375 0.048671875 0.0300048828125
1 0.32708333333333334 0.77552734375 0.051145833333333335 0.0253662109375
1 0.30624999999999997 0.76625 0.04743489583333333 0.0321728515625
1 0.3371875 0.744130859375 0.021861979166666667 0.041142578125
1 0.30398437500000003 0.7475341796875 0.05031901041666667 0.0281494140625
1 0.2953190104166667 0.7360888671875 0.051145833333333335 0.0262939453125
1 0.2464453125 0.73515625 0.05073567708333334 0.02876953125
1 0.2553125 0.720927734375 0.051145833333333335 0.0262939453125
1 0.26087890625 0.7073193359375 0.052382812499999994 0.025673828125
1 0.30583984375 0.7162890625 0.05155598958333333 0.02505859375
1 0.31367838541666665 0.69896484375 0.052382812499999994 0.0269140625
1 0.2860416666666667 0.69123046875 0.05485677083333334 0.021962890625
1 0.262734375 0.6813330078125 0.051145833333333335 0.0293896484375
1 0.25119140624999997 0.669111328125 0.04784505208333333 0.0303173828125
1 0.23551432291666666 0.6459130859375 0.04784505208333333 0.031552734375
1 0.25861328125 0.6403466796875 0.04537109375 0.031552734375
1 0.28253255208333333 0.6381787109375 0.04537109375 0.0321728515625
1 0.2942903645833333 0.6258056640625 0.044134114583333335 0.0321728515625
1 0.30315755208333334 0.6599853515625 0.05279296875 0.0176318359375
1 0.31408854166666667 0.675146484375 0.05402994791666666 0.0176318359375
1 0.34708333333333335 0.7060791015625 0.044134114583333335 0.03619140625
1 0.3852408854166667 0.7195361328125 0.05197265625 0.0204150390625
1 0.4244205729166666 0.7340771484375 0.048671875 0.031552734375
1 0.39410807291666666 0.707470703125 0.052382812499999994 0.0235107421875
1 0.40585937499999997 0.6954052734375 0.05279296875 0.022890625
1 0.40606770833333333 0.6794775390625 0.052382812499999994 0.0207275390625
1 0.40421223958333335 0.66447265625 0.051145833333333335 0.02103515625
1 0.42339192708333334 0.653798828125 0.04908203125 0.027529296875
1 0.4279296875 0.6395703125 0.04660807291666667 0.02876953125
1 0.43823567708333333 0.628125 0.045781249999999996 0.0312451171875
1 0.44380859375000004 0.6802490234375 0.036295572916666664 0.04021484375
1 0.47680338541666667 0.6916943359375 0.042070312500000005 0.0358837890625
1 0.44174479166666664 0.705927734375 0.04701822916666667 0.031552734375
1 0.5300130208333333 0.7108740234375 0.048671875 0.029697265625
1 0.5285677083333333 0.6927783203125 0.04743489583333333 0.0300048828125
1 0.5095963541666667 0.6701953125 0.05485677083333334 0.0176318359375
1 0.6302408854166667 0.6927783203125 0.03299479166666667 0.039287109375
1 0.6551953125 0.7435107421875 0.05485677083333334 0.016396484375
1 0.5739388020833334 0.7676416015625 0.04908203125 0.0312451171875
1 0.5691927083333334 0.7521728515625 0.04454427083333334 0.0331005859375
1 0.5743489583333333 0.697109375 0.0449609375 0.0318603515625
1 0.5650716145833333 0.681640625 0.051145833333333335 0.027529296875
1 0.5510481770833333 0.66060546875 0.027220052083333335 0.0386669921875
1 0.5784765625 0.6494677734375 0.03258463541666667 0.039287109375
1 0.6690104166666666 0.6374072265625 0.051145833333333335 0.0300048828125
1 0.68654296875 0.6227099609375 0.05320963541666667 0.0197998046875
1 0.7405729166666667 0.63384765625 0.056503906250000006 0.0148486328125
1 0.6191015625 0.636943359375 0.05279296875 0.0204150390625
1 0.63416015625 0.6191552734375 0.05320963541666667 0.023203125
1 0.6716927083333334 0.6044580078125 0.05320963541666667 0.0204150390625
1 0.7162369791666667 0.5866748046875 0.05485677083333334 0.021962890625
1 0.6919010416666667 0.5509423828125 0.02268229166666667 0.0408349609375
1 0.6754036458333333 0.581416015625 0.03753255208333333 0.0386669921875
1 0.64900390625 0.577548828125 0.043307291666666664 0.03650390625
1 0.6230208333333334 0.6036865234375 0.05073567708333334 0.0312451171875
1 0.6147721354166666 0.589609375 0.048255208333333334 0.031552734375
1 0.5710481770833333 0.604306640625 0.044134114583333335 0.0331005859375
1 0.5481575520833334 0.5931689453125 0.051145833333333335 0.021962890625
1 0.518046875 0.609716796875 0.03382161458333333 0.0389794921875
1 0.5019661458333333 0.6440576171875 0.038769531249999996 0.0377392578125
1 0.4916536458333333 0.62998046875 0.03794921875 0.0386669921875
1 0.47742187500000005 0.61869140625 0.03505859375 0.0389794921875
1 0.3738932291666666 0.651328125 0.048255208333333334 0.0293896484375
1 0.34296223958333333 0.6457568359375 0.05320963541666667 0.0213427734375
1 0.34275390625 0.6304443359375 0.05279296875 0.0191796875
1 0.38998046875 0.62626953125 0.048255208333333334 0.030625
1 0.32687499999999997 0.6171435546875 0.05485677083333334 0.0167041015625
1 0.3033658854166667 0.604306640625 0.05320963541666667 0.01515625
1 0.24335286458333336 0.61869140625 0.05609375 0.01732421875
1 0.23592447916666667 0.5934765625 0.04289713541666667 0.0343359375
1 0.23964192708333332 0.574296875 0.04784505208333333 0.0331005859375
1 0.24727213541666668 0.560068359375 0.04660807291666667 0.0318603515625
1 0.26521484375 0.552646484375 0.046197916666666665 0.0300048828125
1 0.28253255208333333 0.543984375 0.0494921875 0.027529296875
1 0.2703645833333333 0.59162109375 0.026809895833333333 0.041142578125
1 0.29305338541666665 0.577548828125 0.026809895833333333 0.0395947265625
1 0.31326171875000003 0.577236328125 0.0317578125 0.04021484375
1 0.3462630208333333 0.6001318359375 0.044134114583333335 0.0303173828125
1 0.38461588541666664 0.60337890625 0.03753255208333333 0.037431640625
1 0.42339192708333334 0.5981201171875 0.05402994791666666 0.0225830078125
1 0.46319010416666667 0.5784765625 0.03299479166666667 0.038359375
1 0.4275130208333333 0.5800244140625 0.05568359375 0.0167041015625
1 0.5056770833333334 0.5752294921875 0.05197265625 0.0225830078125
1 0.37925781249999996 0.584970703125 0.04248046875 0.0346484375
1 0.36337890624999997 0.5767724609375 0.046197916666666665 0.03248046875
1 0.34564453125 0.5710498046875 0.04537109375 0.0303173828125
1 0.31057942708333336 0.5404248046875 0.03382161458333333 0.0377392578125
1 0.3485286458333334 0.5498583984375 0.048671875 0.0318603515625
1 0.3485286458333334 0.5328466796875 0.0494921875 0.0269140625
1 0.39864583333333337 0.558369140625 0.038359375 0.037119140625
1 0.41761718750000004 0.5548095703125 0.036705729166666666 0.0368115234375
1 0.45082031250000004 0.550478515625 0.05279296875 0.0207275390625
1 0.7226302083333334 0.5164501953125 0.053619791666666666 0.0244384765625
1 0.6985026041666668 0.4887646484375 0.041660156250000004 0.03650390625
1 0.6686002604166666 0.460458984375 0.05774739583333333 0.020107421875
1 0.6679817708333333 0.4946435546875 0.05320963541666667 0.0197998046875
1 0.6395182291666667 0.5136669921875 0.05485677083333334 0.025673828125
1 0.6828255208333333 0.5221728515625 0.05485677083333334 0.0222705078125
1 0.6657096354166666 0.543828125 0.03134765625 0.0395947265625
1 0.6457031249999999 0.546611328125 0.03588541666666666 0.0389794921875
1 0.6203385416666667 0.5588330078125 0.030520833333333334 0.0399072265625
1 0.6063151041666667 0.5415087890625 0.046197916666666665 0.03248046875
1 0.58548828125 0.5710498046875 0.048255208333333334 0.025986328125
1 0.5584700520833333 0.56671875 0.05031901041666667 0.0290771484375
1 0.5277408854166666 0.5579052734375 0.05320963541666667 0.0188720703125
1 0.559296875 0.5433642578125 0.055266927083333334 0.0188720703125
1 0.5681640625000001 0.5297509765625 0.05320963541666667 0.0188720703125
1 0.6174544270833333 0.4927880859375 0.028873697916666666 0.0389794921875
1 0.60095703125 0.5136669921875 0.02227213541666667 0.041142578125
1 0.60466796875 0.458759765625 0.05031901041666667 0.0284619140625
1 0.58693359375 0.473916015625 0.036295572916666664 0.038359375
1 0.57662109375 0.4926318359375 0.029694010416666666 0.0399072265625
1 0.5539322916666667 0.48845703125 0.028046875 0.0395947265625
1 0.54958984375 0.4159033203125 0.05235677083333334 0.021943359375
1 0.6741666666666667 0.3736865234375 0.05568359375 0.0216552734375
1 0.6725130208333333 0.389931640625 0.056503906250000006 0.0194873046875
1 0.6438476562500001 0.3511083984375 0.028046875 0.0414501953125
1 0.56775390625 0.4426708984375 0.034231770833333335 0.0395947265625
1 0.52423828125 0.441591796875 0.05031901041666667 0.023203125
1 0.5277408854166666 0.4573681640625 0.05073567708333334 0.02505859375
1 0.5188736979166667 0.4753076171875 0.042070312500000005 0.03248046875
1 0.5234114583333334 0.498818359375 0.05197265625 0.023818359375
1 0.5184635416666666 0.513046875 0.0494921875 0.0225830078125
1 0.5149544270833334 0.54197265625 0.045781249999999996 0.0309326171875
1 0.48794270833333336 0.533154296875 0.028873697916666666 0.0380517578125
1 0.45391276041666667 0.53037109375 0.04908203125 0.0244384765625
1 0.4761848958333333 0.498662109375 0.034231770833333335 0.037119140625
1 0.4883528645833333 0.4389599609375 0.030520833333333334 0.0389794921875
1 0.48979817708333334 0.470048828125 0.03753255208333333 0.0343359375
1 0.4609244791666667 0.4609228515625 0.0317578125 0.0389794921875
1 0.45123046875 0.4802587890625 0.04042317708333334 0.0349560546875
1 0.43081380208333336 0.5234130859375 0.04990885416666666 0.0253662109375
1 0.39080729166666667 0.52666015625 0.04660807291666667 0.0312451171875
1 0.4353515625 0.505625 0.052382812499999994 0.0194873046875
1 0.3831770833333333 0.5087158203125 0.053619791666666666 0.0225830078125
1 0.4151432291666666 0.491396484375 0.05320963541666667 0.0176318359375
1 0.40668619791666666 0.4763916015625 0.053619791666666666 0.01546875
1 0.4211197916666667 0.4590673828125 0.05279296875 0.022890625
1 0.3714192708333333 0.479951171875 0.0243359375 0.0405224609375
1 0.3538932291666667 0.489384765625 0.023098958333333332 0.0389794921875
1 0.3373893229166667 0.508564453125 0.019798177083333333 0.04021484375
1 0.3177994791666667 0.5051611328125 0.021035156250000003 0.0389794921875
1 0.31738932291666666 0.4784033203125 0.052382812499999994 0.0213427734375
1 0.2819140625 0.4635546875 0.025983072916666666 0.0423779296875
1 0.3192447916666667 0.4635546875 0.05279296875 0.0213427734375
1 0.31862630208333337 0.4487060546875 0.05155598958333333 0.023203125
1 0.36337890624999997 0.43494140625 0.0346484375 0.0389794921875
1 0.27387369791666666 0.51892578125 0.041243489583333334 0.0349560546875
1 0.27139973958333335 0.4917041015625 0.036295572916666664 0.0386669921875
1 0.23943359374999998 0.53423828125 0.05320963541666667 0.0284619140625
1 0.22953125 0.5212451171875 0.05320963541666667 0.0272216796875
1 0.22994791666666667 0.50376953125 0.05485677083333334 0.020107421875
1 0.22891276041666667 0.487373046875 0.05609375 0.014541015625
1 0.6205468749999999 0.391474609375 0.03258463541666667 0.0436181640625
1 0.3980208333333333 0.4507177734375 0.048671875 0.027841796875
1 0.41060546875000004 0.4143701171875 0.026809895833333333 0.041142578125
1 0.4295768229166667 0.42689453125 0.02020833333333333 0.0420703125
1 0.4613346354166667 0.421171875 0.04908203125 0.0318603515625
1 0.44978515625 0.399365234375 0.05568359375 0.016083984375
1 0.5120703125 0.4091064453125 0.039186197916666665 0.037431640625
1 0.5549674479166666 0.38111328125 0.0449609375 0.0358837890625
1 0.5322786458333334 0.3586865234375 0.05320963541666667 0.025673828125
1 0.5001106770833333 0.3815771484375 0.02845703125 0.042998046875
1 0.4893815104166667 0.343837890625 0.043307291666666664 0.035576171875
1 0.4673177083333333 0.349404296875 0.04042317708333334 0.0380517578125
1 0.4662890625 0.3716796875 0.04083333333333333 0.0399072265625
1 0.3052213541666667 0.4304541015625 0.053619791666666666 0.0194873046875
1 0.30563151041666664 0.4162255859375 0.05197265625 0.020107421875
1 0.33017578124999997 0.4072509765625 0.05320963541666667 0.0207275390625
1 0.27717447916666665 0.3999853515625 0.053619791666666666 0.0167041015625
1 0.24438151041666667 0.389931640625 0.05073567708333334 0.0293896484375
1 0.22767578125 0.3671923828125 0.021445312499999997 0.0408349609375
1 0.24603515625000003 0.35822265625 0.021861979166666667 0.04021484375
1 0.2848046875 0.3693603515625 0.02268229166666667 0.0420703125
1 0.37616536458333333 0.3913232421875 0.04042317708333334 0.0377392578125
1 0.34151692708333337 0.387763671875 0.05609375 0.0213427734375
1 0.4388606770833334 0.3808056640625 0.0494921875 0.024130859375
1 0.42627604166666666 0.3568310546875 0.0449609375 0.0318603515625
1 0.426484375 0.337958984375 0.0494921875 0.030625
1 0.4341145833333333 0.3164599609375 0.034231770833333335 0.0395947265625
1 0.3910091145833334 0.36564453125 0.053619791666666666 0.0197998046875
1 0.3784309895833333 0.35033203125 0.052382812499999994 0.0281494140625
1 0.35533203124999996 0.344765625 0.04990885416666666 0.030625
1 0.31573567708333333 0.34275390625 0.05485677083333334 0.0222705078125
1 0.39720052083333335 0.320791015625 0.04454427083333334 0.0358837890625
1 0.3615234375 0.3241943359375 0.04743489583333333 0.0284619140625
1 0.365234375 0.2944970703125 0.048255208333333334 0.0340283203125
1 0.33966145833333333 0.3144482421875 0.04083333333333333 0.03619140625
1 0.31347005208333334 0.3164599609375 0.0346484375 0.0395947265625
1 0.27160807291666667 0.3164599609375 0.026809895833333333 0.0420703125
1 0.5240299479166667 0.332080078125 0.036705729166666666 0.0386669921875
1 0.59435546875 0.31212890625 0.04454427083333334 0.037119140625
1 0.44916666666666666 0.299755859375 0.02227213541666667 0.043310546875
1 0.46917317708333334 0.30083984375 0.025983072916666666 0.0436181640625
1 0.48298828125 0.280419921875 0.029694010416666666 0.0436181640625
1 0.50546875 0.269130859375 0.04000651041666667 0.038359375
1 0.39967447916666665 0.2811962890625 0.0494921875 0.033408203125
1 0.42731119791666666 0.2453125 0.04289713541666667 0.0358837890625
1 0.4611328125 0.22798828125 0.05031901041666667 0.031552734375
1 0.45906901041666665 0.26046875 0.04289713541666667 0.035263671875
1 0.5483658854166666 0.2180859375 0.0449609375 0.035263671875
1 0.6634440104166667 0.25072265625 0.04908203125 0.0318603515625
1 0.7444921875 0.2567578125 0.0494921875 0.03279296875
1 0.6197200520833334 0.1902490234375 0.039186197916666665 0.0420703125
1 0.35430338541666667 0.2566015625 0.02639973958333333 0.042998046875
1 0.23551432291666666 0.2490234375 0.055266927083333334 0.024130859375
1 0.24582682291666666 0.26248046875 0.05444661458333333 0.0244384765625
1 0.23984375 0.2790283203125 0.05320963541666667 0.0235107421875
1 0.5035872395833333 0.777783203125 0.04953125 0.0316845703125
