1 0.34634114583333336 0.3120556640625 0.04544921875 0.033720703125
1 0.353515625 0.2556689453125 0.04520833333333333 0.0346240234375
1 0.3533723958333333 0.4419775390625 0.042845052083333335 0.0363671875
1 0.4036458333333333 0.2259765625 0.042402343749999995 0.0386865234375
1 0.6097005208333334 0.2878662109375 0.043131510416666664 0.0366455078125
1 0.3807552083333334 0.2321240234375 0.0490625 0.0302294921875
1 0.3209635416666667 0.252197265625 0.04248046875 0.0365625
1 0.2740885416666667 0.300537109375 0.03595052083333333 0.0389697265625
1 0.33759114583333333 0.45021484375 0.047486979166666665 0.0379052734375
1 0.3274739583333333 0.27490234375 0.05293619791666667 0.0263525390625
1 0.6185026041666667 0.27287109375 0.043606770833333336 0.03513671875
1 0.36886067708333337 0.4100390625 0.053346354166666665 0.0283349609375
1 0.345703125 0.484619140625 0.03741536458333333 0.0393359375
1 0.2882486979166667 0.26220703125 0.034752604166666666 0.038330078125
1 0.2506510416666667 0.23876953125 0.035078125 0.039794921875
1 0.5478515625 0.3017578125 0.0376171875 0.0377490234375
1 0.7513020833333334 0.33349609375 0.0458984375 0.03802734375
1 0.5621744791666666 0.349853515625 0.03395833333333333 0.0428759765625
1 0.2633268229166667 0.51416015625 0.04809895833333333 0.0292041015625
1 0.23307291666666666 0.326416015625 0.04984375 0.02908203125
1 0.7278645833333334 0.29541015625 0.03383463541666667 0.040986328125
1 0.5481770833333334 0.364013671875 0.030455729166666667 0.0394287109375
1 0.22135416666666666 0.308837890625 0.04712239583333333 0.0348193359375
1 0.5043033854166666 0.2577490234375 0.05006510416666667 0.0350146484375
1 0.6307161458333334 0.694658203125 0.05127604166666667 0.032236328125
1 0.4404622395833333 0.251474609375 0.060709635416666664 0.0180517578125
1 0.7526041666666666 0.25732421875 0.0478515625 0.03607421875
1 0.40660156249999996 0.4703857421875 0.04948567708333334 0.0277294921875
1 0.22477213541666666 0.28515625 0.048828125 0.026611328125
1 0.7095833333333333 0.2866455078125 0.035130208333333336 0.0428515625
1 0.4921744791666667 0.64328125 0.045709635416666665 0.035712890625
1 0.5385156249999999 0.256103515625 0.0539453125 0.026611328125
1 0.5305989583333334 0.373779296875 0.028932291666666665 0.0401025390625
1 0.3116861979166667 0.34033203125 0.028606770833333333 0.042177734375
1 0.64453125 0.30224609375 0.044108072916666664 0.0401611328125
1 0.5396158854166667 0.70384765625 0.040755208333333334 0.0373974609375
1 0.3681640625 0.5146484375 0.02658854166666667 0.0397021484375
1 0.3818359375 0.3193359375 0.028483072916666668 0.0428759765625
1 0.5103125000000001 0.296328125 0.040546875 0.038056640625
1 0.23881510416666665 0.39783203125 0.051640624999999996 0.0273779296875
1 0.3434244791666667 0.671220703125 0.028704427083333334 0.039619140625
1 0.5185546875 0.3169384765625 0.03389322916666667 0.0402294921875
1 0.7630208333333334 0.30322265625 0.05098307291666667 0.0320458984375
1 0.2701822916666667 0.2340087890625 0.03721354166666666 0.0396435546875
1 0.3134765625 0.300537109375 0.025553385416666668 0.0401025390625
1 0.4521484375 0.236572265625 0.055703125 0.01751953125
1 0.6751302083333334 0.2841796875 0.028769531249999997 0.0406201171875
1 0.2926432291666667 0.336669921875 0.0317578125 0.0408349609375
1 0.7375585937500001 0.4944482421875 0.049166666666666664 0.0298779296875
1 0.3893229166666667 0.2769970703125 0.0253125 0.04130859375
1 0.576171875 0.254150390625 0.044270833333333336 0.030791015625
1 0.2421875 0.454345703125 0.03486979166666667 0.0378125
1 0.669921875 0.250244140625 0.04634765625 0.0362255859375
1 0.744140625 0.5546875 0.04565755208333333 0.035400390625
1 0.3916015625 0.37353515625 0.024576822916666668 0.042236328125
1 0.4348958333333333 0.2076416015625 0.055787760416666665 0.0176416015625
1 0.69140625 0.357177734375 0.055097656249999995 0.0198681640625
1 0.775390625 0.3369140625 0.040201822916666664 0.038330078125
1 0.3681640625 0.29541015625 0.021953125 0.04345703125
1 0.4016927083333333 0.583984375 0.028769531249999997 0.0389697265625
1 0.7154947916666666 0.325439453125 0.0576171875 0.019013671875
1 0.3815104166666667 0.5849609375 0.028118489583333333 0.03802734375
1 0.2275390625 0.59912109375 0.03554036458333334 0.0399462890625
1 0.4104817708333333 0.380615234375 0.024453125000000003 0.04123046875
1 0.3938671875 0.5071240234375 0.028483072916666668 0.040009765625
1 0.21695963541666666 0.41845703125 0.04512369791666667 0.0355517578125
1 0.54234375 0.7271044921875 0.0534375 0.0235009765625
1 0.4527994791666667 0.6640625 0.03338541666666667 0.0394287109375
1 0.712890625 0.544921875 0.025592447916666667 0.0423876953125
1 0.23014322916666666 0.37353515625 0.027890625000000002 0.0416259765625
1 0.591796875 0.46435546875 0.05147135416666667 0.0227685546875
1 0.4293619791666667 0.39306640625 0.02449869791666667 0.0401025390625
1 0.3570963541666667 0.2099609375 0.054850260416666664 0.0171044921875
1 0.759765625 0.44970703125 0.055097656249999995 0.0308544921875
1 0.728515625 0.2198486328125 0.03350911458333333 0.0401611328125
1 0.42578125 0.68505859375 0.05244791666666667 0.0160205078125
1 0.4052734375 0.267578125 0.023619791666666667 0.04345703125
1 0.765625 0.2861328125 0.04712239583333333 0.031083984375
1 0.44921875 0.50048828125 0.03407552083333334 0.03732421875
1 0.21549479166666666 0.251953125 0.028014322916666667 0.04046875
1 0.4459635416666667 0.408935546875 0.022643229166666667 0.0431201171875
1 0.6928059895833334 0.727900390625 0.030436197916666668 0.0399462890625
1 0.23567708333333334 0.55517578125 0.047486979166666665 0.0350634765625
1 0.6214192708333334 0.76220703125 0.03989583333333333 0.03662109375
1 0.4462890625 0.2220458984375 0.05416015625 0.0172412109375
1 0.3590494791666667 0.7349365234375 0.027792968749999997 0.040361328125
1 0.2763671875 0.765625 0.053834635416666665 0.02685546875
1 0.3948567708333333 0.7492236328125 0.03147135416666667 0.04166015625
1 0.31982421875 0.7646484375 0.051106770833333336 0.027373046875
1 0.23502604166666666 0.25146484375 0.030110677083333332 0.0398583984375
1 0.73828125 0.76416015625 0.052734375 0.0269189453125
1 0.5780078125 0.76322265625 0.04348307291666667 0.036025390625
1 0.5472005208333334 0.67138671875 0.050130208333333336 0.0152490234375
1 0.6298828125 0.2489013671875 0.056236979166666666 0.0166650390625
1 0.44989583333333333 0.6967333984375 0.05067708333333334 0.0202685546875
1 0.5133463541666666 0.55322265625 0.054036458333333336 0.014501953125
1 0.724609375 0.729384765625 0.03098307291666667 0.041357421875
1 0.3388671875 0.78662109375 0.041829427083333336 0.034609375
1 0.51927734375 0.7461669921875 0.05177734375 0.021953125
1 0.724609375 0.2587890625 0.044355468749999995 0.03390625
1 0.37896484375 0.7008837890625 0.045735677083333336 0.0334765625
1 0.25244140625 0.7421875 0.04712239583333333 0.03216796875
1 0.6861979166666666 0.205810546875 0.055299479166666665 0.0158984375
1 0.6031901041666666 0.1953125 0.024212239583333333 0.0447705078125
1 0.5084635416666666 0.70849609375 0.02468098958333333 0.04193359375
1 0.638671875 0.333251953125 0.05444661458333333 0.0163427734375
1 0.43060546875 0.7585009765625 0.03520182291666667 0.0390380859375
1 0.35384765625 0.5488623046875 0.045058593749999994 0.032744140625
1 0.4915234375 0.73486328125 0.05218098958333334 0.01646484375
1 0.677734375 0.74609375 0.024127604166666667 0.0384521484375
1 0.7002083333333333 0.76294921875 0.049238281249999995 0.030986328125
1 0.7816341145833333 0.7025830078125 0.05343098958333333 0.0288232421875
1 0.76171875 0.73046875 0.05395833333333333 0.018095703125
1 0.5592447916666666 0.2092822265625 0.026490885416666665 0.0426513671875
1 0.65099609375 0.77392578125 0.054921875 0.0158984375
1 0.6575520833333334 0.7470703125 0.024069010416666665 0.0403759765625
1 0.4134830729166667 0.7531103515625 0.03326822916666667 0.039755859375
1 0.5201822916666666 0.57763671875 0.02048828125 0.0396435546875
1 0.7578125 0.744140625 0.05517578125 0.0173046875
1 0.67578125 0.220703125 0.054036458333333336 0.017578125
1 0.21077473958333334 0.2095947265625 0.05025390625 0.0337841796875
1 0.7545572916666666 0.52783203125 0.056236979166666666 0.022158203125
1 0.24202473958333334 0.667861328125 0.029765625 0.0409912109375
1 0.6256510416666666 0.424072265625 0.020104166666666666 0.0394921875
1 0.4377669270833333 0.1927490234375 0.057050781249999995 0.016923828125
1 0.5836588541666666 0.1922607421875 0.026751302083333334 0.0450146484375
1 0.7578125 0.180419921875 0.048749999999999995 0.035400390625
1 0.44556640625 0.767578125 0.03554036458333334 0.038671875
1 0.5338541666666666 0.2073974609375 0.02439453125 0.0431201171875
1 0.3792317708333333 0.1961669921875 0.05537760416666667 0.0157763671875
1 0.30638671875 0.461796875 0.0547265625 0.0178515625
1 0.19547526041666666 0.2459716796875 0.024355468749999998 0.043701171875
1 0.4273372395833333 0.71603515625 0.05161458333333333 0.022099609375
1 0.697265625 0.1820068359375 0.049680989583333335 0.033203125
1 0.5873111979166666 0.749423828125 0.040162760416666665 0.0391259765625
1 0.4586588541666667 0.77783203125 0.03338541666666667 0.0393359375
1 0.3040364583333333 0.78955078125 0.049479166666666664 0.02685546875
1 0.50390625 0.76416015625 0.054563802083333335 0.018232421875
1 0.6946614583333334 0.2662060546875 0.02317057291666667 0.0440380859375
1 0.3933919270833333 0.7768359375 0.05496744791666667 0.0226123046875
1 0.6438216145833333 0.7880859375 0.055097656249999995 0.016279296875
1 0.6217447916666666 0.197265625 0.023359375 0.044189453125
1 0.6432291666666666 0.1876220703125 0.022115885416666665 0.04443359375
1 0.6229036458333334 0.80224609375 0.05604166666666666 0.0164013671875
1 0.5588606770833333 0.27685546875 0.05448567708333333 0.0160986328125
1 0.3103841145833333 0.20751953125 0.021035156250000003 0.0431201171875
1 0.5638020833333334 0.68603515625 0.056315104166666664 0.0167236328125
1 0.6925651041666666 0.786240234375 0.04951822916666667 0.03306640625
1 0.6780013020833334 0.5600048828125 0.054283854166666666 0.0158154296875
1 0.34765625 0.81103515625 0.05395833333333333 0.0179150390625
1 0.4052734375 0.7939453125 0.051679687499999995 0.0177783203125
1 0.5377604166666666 0.53857421875 0.0517578125 0.0142822265625
1 0.7097330729166668 0.795087890625 0.04705078125 0.03267578125
1 0.580078125 0.70263671875 0.045572916666666664 0.0155419921875
1 0.5758789062499999 0.3016552734375 0.04119140625 0.0384375
1 0.5823567708333334 0.3427734375 0.03345052083333334 0.0367138671875
1 0.2768815104166667 0.3944091796875 0.035345052083333335 0.042294921875
1 0.7024739583333334 0.33837890625 0.05326171875 0.0186181640625
1 0.6170833333333333 0.5464599609375 0.054596354166666666 0.0176513671875
1 0.5652734375 0.7739013671875 0.04487630208333334 0.0358251953125
1 0.5980859374999999 0.7339111328125 0.03715494791666667 0.03908203125
1 0.6333072916666667 0.7301123046875 0.04390625 0.0358251953125
1 0.6410286458333333 0.7044189453125 0.047766927083333334 0.03076171875
1 0.5935026041666667 0.6790869140625 0.04342447916666667 0.038720703125
1 0.6694986979166666 0.708759765625 0.02943359375 0.0401708984375
1 0.6914518229166666 0.6901220703125 0.024127604166666667 0.0405322265625
1 0.7119596354166666 0.6982666015625 0.02267578125 0.0394482421875
1 0.7406705729166667 0.7047802734375 0.04053385416666667 0.0394482421875
1 0.7715494791666666 0.68994140625 0.051145833333333335 0.0271435546875
1 0.7471809895833333 0.6767333984375 0.056451822916666665 0.017373046875
1 0.7775781249999999 0.6651513671875 0.050664062499999996 0.02533203125
1 0.7787890625 0.6495947265625 0.05500651041666666 0.0267822265625
1 0.7715494791666666 0.632041015625 0.05500651041666666 0.024248046875
1 0.76576171875 0.611591796875 0.051145833333333335 0.030400390625
1 0.7621419270833334 0.5866259765625 0.04197916666666667 0.03763671875
1 0.7290885416666667 0.5808349609375 0.0424609375 0.0340185546875
1 0.7317382812500001 0.6048974609375 0.041015625 0.037998046875
1 0.7264322916666667 0.6246240234375 0.04294270833333333 0.0347412109375
1 0.703515625 0.62697265625 0.045358072916666665 0.03220703125
1 0.7264322916666667 0.65013671875 0.053561197916666664 0.0170068359375
1 0.72546875 0.664970703125 0.05934895833333333 0.017734375
1 0.6880729166666667 0.6454296875 0.026054687500000003 0.0401708984375
1 0.66177734375 0.66388671875 0.03136067708333334 0.0394482421875
1 0.6270377604166667 0.6671435546875 0.03619140625 0.0343798828125
1 0.6089388020833334 0.6541162109375 0.02798828125 0.0401708984375
1 0.6581575520833333 0.635478515625 0.03763671875 0.03763671875
1 0.6376497395833333 0.6298681640625 0.033294270833333334 0.0401708984375
1 0.6562239583333334 0.6068896484375 0.05307942708333333 0.02388671875
1 0.7020638020833333 0.592412109375 0.026054687500000003 0.042705078125
1 0.6820442708333333 0.586259765625 0.025572916666666667 0.043427734375
1 0.6465755208333334 0.58861328125 0.05500651041666666 0.0162841796875
1 0.6463346354166667 0.573955078125 0.05162760416666667 0.0144775390625
1 0.62341796875 0.560927734375 0.056940104166666665 0.0159228515625
1 0.6755273437499999 0.5459130859375 0.05500651041666666 0.012666015625
1 0.6873502604166667 0.5243798828125 0.054524739583333336 0.0267822265625
1 0.6120768229166667 0.5316162109375 0.056451822916666665 0.0166455078125
1 0.6142447916666667 0.518408203125 0.05307942708333333 0.0155615234375
1 0.5411458333333333 0.5243798828125 0.052597656250000006 0.0144775390625
1 0.5360807291666666 0.510986328125 0.05597005208333333 0.0166455078125
1 0.35670572916666665 0.775458984375 0.02886067708333333 0.0407470703125
1 0.3780924479166667 0.74197265625 0.03022135416666667 0.03947265625
1 0.3220703125 0.74859375 0.050592447916666665 0.02623046875
1 0.27606119791666667 0.7502490234375 0.05161458333333333 0.0239404296875
1 0.25839843749999997 0.7152294921875 0.050930989583333336 0.0277587890625
1 0.26264322916666666 0.700078125 0.05263020833333334 0.02546875
1 0.2967708333333333 0.693837890625 0.05161458333333333 0.0211376953125
1 0.29235677083333333 0.7215966796875 0.03259765625 0.0379443359375
1 0.31272786458333335 0.7246533203125 0.028522135416666667 0.03947265625
1 0.3339518229166667 0.71943359375 0.03361328125 0.0387109375
1 0.3955794270833333 0.7079736328125 0.0475390625 0.03208984375
1 0.36654947916666664 0.689765625 0.04787760416666667 0.03234375
1 0.33004557291666664 0.682890625 0.026484375 0.03947265625
1 0.29371744791666665 0.67677734375 0.05025390625 0.02572265625
1 0.26009765625 0.6724462890625 0.027161458333333333 0.0415087890625
1 0.29014973958333334 0.6586962890625 0.04787760416666667 0.02572265625
1 0.24346354166666664 0.641123046875 0.050930989583333336 0.023681640625
1 0.3054296875 0.6453271484375 0.04244140625 0.0346337890625
1 0.31986328125 0.6364111328125 0.04210286458333334 0.03310546875
1 0.34889322916666665 0.6402294921875 0.04108723958333333 0.036669921875
1 0.4266536458333334 0.65767578125 0.020032552083333332 0.0410009765625
1 0.4091666666666667 0.65818359375 0.021731770833333334 0.042021484375
1 0.3935416666666667 0.6373046875 0.035312500000000004 0.03896484375
1 0.3775846354166667 0.6269873046875 0.029882812499999998 0.03921875
1 0.23989583333333334 0.6092919921875 0.03701171875 0.03998046875
1 0.2660416666666667 0.628134765625 0.037688802083333334 0.035908203125
1 0.27639973958333336 0.6131103515625 0.04210286458333334 0.035908203125
1 0.26654947916666666 0.58853515625 0.04957682291666667 0.0239404296875
1 0.2514388020833333 0.5615380859375 0.04651692708333333 0.035654296875
1 0.2838671875 0.579365234375 0.04889322916666666 0.0239404296875
1 0.29337890625 0.565234375 0.05365234375 0.022666015625
1 0.33921874999999996 0.5766943359375 0.04074869791666667 0.0348876953125
1 0.29880859375 0.55224609375 0.05365234375 0.0216455078125
1 0.28115234375000003 0.5355615234375 0.0563671875 0.0183349609375
1 0.30526041666666665 0.5964306640625 0.04685546875 0.0351416015625
1 0.32359375 0.604580078125 0.0475390625 0.03208984375
1 0.34668619791666666 0.6131103515625 0.05500651041666666 0.0211376953125
1 0.49830078125 0.6592041015625 0.04651692708333333 0.033359375
1 0.5317447916666667 0.644560546875 0.029882812499999998 0.0387109375
1 0.4736783854166667 0.6388330078125 0.039388020833333336 0.035400390625
1 0.46128906249999996 0.6267333984375 0.04380208333333333 0.0351416015625
1 0.4427799479166667 0.62138671875 0.04482421875 0.03310546875
1 0.43327473958333335 0.607890625 0.04346354166666667 0.0315771484375
1 0.43479817708333335 0.5863720703125 0.04244140625 0.035908203125
1 0.48403645833333336 0.5996142578125 0.02682291666666667 0.03998046875
1 0.5006770833333333 0.5802587890625 0.020709635416666667 0.0404931640625
1 0.46926432291666664 0.572744140625 0.03259765625 0.0381982421875
1 0.5315755208333334 0.602666015625 0.047200520833333336 0.0328515625
1 0.5527929687500001 0.6072509765625 0.04482421875 0.033359375
1 0.557890625 0.6280078125 0.036673177083333335 0.0371826171875
1 0.5752083333333333 0.634755859375 0.03463541666666667 0.03845703125
1 0.5957486979166667 0.6357763671875 0.03225911458333333 0.03947265625
1 0.6171419270833333 0.60763671875 0.027506510416666668 0.041767578125
1 0.5906575520833334 0.5971923828125 0.03633463541666667 0.0387109375
1 0.5828450520833334 0.5615380859375 0.03633463541666667 0.036669921875
1 0.5702864583333334 0.576181640625 0.02886067708333333 0.03998046875
1 0.5441406249999999 0.568798828125 0.024108072916666667 0.03947265625
1 0.4368359375 0.5583544921875 0.04041015625 0.0348876953125
1 0.4266536458333334 0.5414208984375 0.04176432291666667 0.0341259765625
1 0.4224088541666667 0.51671875 0.028522135416666667 0.0412548828125
1 0.48454427083333335 0.536962890625 0.04685546875 0.028779296875
1 0.47011718750000003 0.526904296875 0.04651692708333333 0.0310693359375
1 0.5415885416666667 0.4976171875 0.06044270833333334 0.0147705078125
1 0.5417578125 0.4818310546875 0.051953124999999996 0.016298828125
1 0.5982942708333333 0.490234375 0.057044270833333334 0.015791015625
1 0.6055989583333333 0.5046240234375 0.05670572916666666 0.0140087890625
1 0.6371744791666667 0.4892138671875 0.029544270833333334 0.03921875
1 0.6541536458333334 0.5183740234375 0.031575520833333336 0.03896484375
1 0.370625 0.556318359375 0.04516276041666667 0.0318310546875
1 0.34057291666666667 0.536328125 0.04278645833333333 0.0376904296875
1 0.33208333333333334 0.52283203125 0.04346354166666667 0.035654296875
1 0.28896484375000003 0.506533203125 0.05365234375 0.0244482421875
1 0.2801302083333333 0.4894677734375 0.05569010416666667 0.022412109375
1 0.30322265625 0.480556640625 0.05296875 0.0183349609375
1 0.43462890625 0.48361328125 0.05161458333333333 0.0305615234375
1 0.3675716145833334 0.4829736328125 0.039049479166666665 0.0348876953125
1 0.39184895833333333 0.460947265625 0.050930989583333336 0.026484375
1 0.48420572916666665 0.49125 0.028522135416666667 0.0397265625
1 0.504921875 0.48806640625 0.02376953125 0.03947265625
1 0.49014973958333335 0.4632373046875 0.0485546875 0.029033203125
1 0.5361588541666666 0.4656591796875 0.05161458333333333 0.0191015625
1 0.5366666666666667 0.4526708984375 0.051953124999999996 0.0206298828125
1 0.54345703125 0.43802734375 0.05263020833333334 0.01935546875
1 0.5505859375000001 0.4250390625 0.05127604166666667 0.0213916015625
1 0.5709635416666666 0.415361328125 0.05127604166666667 0.0218994140625
1 0.5913346354166666 0.4044091796875 0.051953124999999996 0.0239404296875
1 0.6001627604166667 0.3907861328125 0.050592447916666665 0.02572265625
1 0.5526236979166667 0.39587890625 0.051953124999999996 0.0313232421875
1 0.5950716145833334 0.43458984375 0.04516276041666667 0.0369287109375
1 0.6230859375 0.454453125 0.0475390625 0.03234375
1 0.50814453125 0.4303857421875 0.03361328125 0.0387109375
1 0.48624348958333335 0.42796875 0.04142578125 0.0348876953125
1 0.46400390625000004 0.4157421875 0.023430989583333336 0.043037109375
1 0.4560221354166667 0.458525390625 0.05365234375 0.022666015625
1 0.44125 0.4480859375 0.053307291666666666 0.0211376953125
1 0.4205403645833334 0.4370068359375 0.053307291666666666 0.0208837890625
1 0.4078059895833333 0.4250390625 0.05296875 0.022412109375
1 0.3913346354166667 0.4025 0.051953124999999996 0.02572265625
1 0.3687565104166666 0.432041015625 0.04210286458333334 0.035400390625
1 0.27979166666666666 0.45076171875 0.05432942708333333 0.0310693359375
1 0.28030598958333336 0.434716796875 0.04583984375 0.0285205078125
1 0.26366536458333334 0.425927734375 0.050592447916666665 0.029794921875
1 0.3263151041666667 0.42185546875 0.04889322916666666 0.029794921875
1 0.3178255208333333 0.40861328125 0.0475390625 0.028779296875
1 0.25891276041666667 0.3673583984375 0.04447916666666666 0.033359375
1 0.23327473958333333 0.3415087890625 0.05161458333333333 0.0305615234375
1 0.26196614583333333 0.3450732421875 0.04244140625 0.0376904296875
1 0.2896419270833333 0.3818701171875 0.03327473958333333 0.03845703125
1 0.3105208333333333 0.379833984375 0.02886067708333333 0.0404931640625
1 0.3261458333333333 0.353095703125 0.02682291666666667 0.03998046875
1 0.34719401041666664 0.3317041015625 0.050592447916666665 0.0328515625
1 0.35432291666666665 0.38556640625 0.059420572916666664 0.01935546875
1 0.35466796875 0.36939453125 0.05534505208333334 0.0185888671875
1 0.36043619791666665 0.353603515625 0.05399088541666667 0.0211376953125
1 0.4110286458333334 0.3327197265625 0.04041015625 0.03845703125
1 0.43293619791666665 0.3483837890625 0.05161458333333333 0.0269970703125
1 0.4475325520833333 0.3585693359375 0.05025390625 0.0275048828125
1 0.4730013020833333 0.3639208984375 0.04889322916666666 0.030048828125
1 0.47724609375 0.37970703125 0.049238281249999995 0.0280126953125
1 0.5001627604166666 0.3853125 0.04957682291666667 0.0280126953125
1 0.49982421875 0.403134765625 0.05296875 0.0249560546875
1 0.49880859375 0.345966796875 0.039388020833333336 0.0374365234375
1 0.4736783854166667 0.3247021484375 0.03463541666666667 0.0402392578125
1 0.5986393229166667 0.3017822265625 0.04210286458333334 0.0381982421875
1 0.5337825520833334 0.326484375 0.03192057291666667 0.0387109375
1 0.7322526041666667 0.3618798828125 0.05534505208333334 0.02546875
1 0.7519466145833333 0.3707958984375 0.05534505208333334 0.0259765625
1 0.755 0.386708984375 0.05534505208333334 0.023681640625
1 0.7777539062500001 0.4079736328125 0.04447916666666666 0.0351416015625
1 0.7570377604166666 0.4142138671875 0.04583984375 0.033359375
1 0.7434570312500001 0.425166015625 0.049238281249999995 0.0318310546875
1 0.7239322916666667 0.431279296875 0.04617838541666667 0.0318310546875
1 0.7059375 0.40275390625 0.05500651041666666 0.016044921875
1 0.7006705729166667 0.3849267578125 0.051953124999999996 0.022666015625
1 0.6853385416666667 0.502177734375 0.03649088541666667 0.0387939453125
1 0.6555794270833334 0.477734375 0.02302734375 0.0414501953125
1 0.6732877604166667 0.473349609375 0.020904947916666666 0.0427783203125
1 0.7340494791666666 0.4798583984375 0.051015625 0.031884765625
1 0.7159830729166666 0.47029296875 0.04888671875 0.0297607421875
1 0.7080078125 0.4576708984375 0.050657552083333335 0.0294921875
1 0.66408203125 0.447177734375 0.0513671875 0.0239111328125
1 0.6941927083333334 0.429775390625 0.035071614583333334 0.038525390625
1 0.6653190104166666 0.4188818359375 0.0255078125 0.0417138671875
1 0.6453059895833334 0.4248583984375 0.02373697916666667 0.04091796875
1 0.6511458333333333 0.394169921875 0.055266927083333334 0.0209912109375
1 0.6445963541666667 0.381416015625 0.05349609375 0.0247119140625
1 0.6003125 0.3723828125 0.05490885416666667 0.0183349609375
1 0.6346744791666666 0.362685546875 0.056328125 0.0196630859375
1 0.6189127604166667 0.3462109375 0.05809895833333333 0.0170068359375
1 0.28569661458333334 0.3098193359375 0.03639973958333333 0.0376025390625
1 0.2547916666666667 0.292431640625 0.03639973958333333 0.0404345703125
1 0.3646744791666667 0.2428564453125 0.04738932291666667 0.0309033203125
1 0.22920572916666668 0.21697265625 0.04979166666666667 0.032705078125
1 0.4053645833333333 0.307626953125 0.029876302083333334 0.0399169921875
1 0.42716796875 0.2805859375 0.024036458333333333 0.04146484375
1 0.44845703125 0.3036376953125 0.0508203125 0.0293603515625
1 0.44656901041666663 0.324755859375 0.04292317708333334 0.0329638671875
1 0.49515624999999996 0.288955078125 0.04052083333333333 0.0360546875
1 0.46923177083333334 0.2782666015625 0.051848958333333334 0.02498046875
1 0.46047526041666664 0.2657763671875 0.05151041666666667 0.0247216796875
1 0.7361653645833334 0.1771875 0.051178385416666666 0.03564453125
