1 0.69140625 0.65673828125 0.05708984375 0.0184765625
1 0.5296223958333334 0.66162109375 0.022115885416666665 0.0406787109375
1 0.5546875 0.478271484375 0.04634765625 0.03396484375
1 0.3636067708333333 0.345458984375 0.05195963541666667 0.0289306640625
1 0.4729817708333333 0.4225244140625 0.02463541666666667 0.0420361328125
1 0.6376953125 0.407958984375 0.05737630208333333 0.016845703125
1 0.4677734375 0.68603515625 0.05347005208333333 0.0193798828125
1 0.3165690104166667 0.263916015625 0.05054036458333333 0.0310205078125
1 0.5094401041666666 0.43994140625 0.04565755208333333 0.031494140625
1 0.4115169270833334 0.575556640625 0.049225260416666666 0.0301904296875
1 0.7076822916666666 0.67138671875 0.05708984375 0.01798828125
1 0.3932291666666667 0.308349609375 0.04067057291666667 0.034609375
1 0.63671875 0.437744140625 0.056236979166666666 0.017578125
1 0.5026041666666666 0.5283203125 0.054563802083333335 0.02546875
1 0.6386132812499999 0.6103271484375 0.05563151041666667 0.02072265625
1 0.4934895833333333 0.6494140625 0.0517578125 0.02365234375
1 0.5439453125 0.38525390625 0.055787760416666665 0.024658203125
1 0.6331380208333334 0.6826171875 0.02352213541666667 0.042021484375
1 0.5641276041666666 0.61962890625 0.048749999999999995 0.03634765625
1 0.7161458333333334 0.63623046875 0.05326171875 0.0267041015625
1 0.4014388020833333 0.5449853515625 0.052265625 0.03103515625
1 0.4358723958333333 0.363525390625 0.0546484375 0.0240478515625
1 0.51171875 0.50732421875 0.03908203125 0.0357373046875
1 0.6630859375 0.7216796875 0.05244791666666667 0.0244287109375
1 0.455078125 0.6455078125 0.023255208333333333 0.0398583984375
1 0.5227864583333334 0.47705078125 0.0439453125 0.03662109375
1 0.6474609375 0.626953125 0.05375 0.022978515625
1 0.3844401041666667 0.271484375 0.041914062499999995 0.0376904296875
1 0.5348307291666666 0.43359375 0.05416015625 0.0283837890625
1 0.6090494791666666 0.459228515625 0.055501302083333336 0.0308544921875
1 0.5537109375 0.40673828125 0.05375 0.0266552734375
1 0.4869791666666667 0.471435546875 0.031106770833333335 0.0393359375
1 0.4254557291666667 0.347900390625 0.055097656249999995 0.025908203125
1 0.6529947916666666 0.68505859375 0.02463541666666667 0.0428173828125
1 0.5055338541666666 0.689453125 0.030520833333333334 0.0413232421875
1 0.6842447916666666 0.615234375 0.03857421875 0.0401611328125
1 0.3486328125 0.33251953125 0.05224609375 0.02595703125
1 0.43408854166666666 0.6477392578125 0.0251171875 0.0424853515625
1 0.482421875 0.49853515625 0.03595052083333333 0.0367724609375
1 0.5950520833333334 0.37060546875 0.027727864583333334 0.0430322265625
1 0.3785807291666667 0.537109375 0.054772135416666666 0.0270703125
1 0.5986328125 0.65966796875 0.04740234375 0.035673828125
1 0.4153645833333333 0.6449755859375 0.023255208333333333 0.0411279296875
1 0.5345052083333334 0.6171875 0.04443359375 0.0362841796875
1 0.4215494791666667 0.587890625 0.05025390625 0.0283349609375
1 0.4632161458333333 0.70166015625 0.056315104166666664 0.0173046875
1 0.32470052083333334 0.3531884765625 0.04645833333333333 0.0354443359375
1 0.3346354166666667 0.237548828125 0.051393229166666665 0.033720703125
1 0.5182291666666666 0.7275390625 0.029661458333333335 0.0435205078125
1 0.6038411458333334 0.68408203125 0.042890624999999995 0.03732421875
1 0.5582682291666666 0.461181640625 0.049479166666666664 0.0286572265625
1 0.4166666666666667 0.3125 0.04160807291666666 0.0393359375
1 0.3671875 0.412109375 0.04223958333333333 0.038759765625
1 0.5006510416666666 0.54296875 0.05126953125 0.0204150390625
1 0.3499348958333333 0.609375 0.052734375 0.022841796875
1 0.4368489583333333 0.283935546875 0.056236979166666666 0.01869140625
1 0.404296875 0.415771484375 0.03944661458333334 0.04046875
1 0.4313151041666667 0.462158203125 0.02742838541666667 0.039794921875
1 0.5875651041666666 0.49267578125 0.03554036458333334 0.0410791015625
1 0.5989583333333334 0.622236328125 0.027057291666666667 0.04248046875
1 0.6451822916666666 0.459228515625 0.054361979166666664 0.032958984375
1 0.3776041666666667 0.69384765625 0.04809895833333333 0.0320458984375
1 0.3929036458333333 0.6181640625 0.04712239583333333 0.0328369140625
1 0.4964192708333333 0.63427734375 0.052167968749999995 0.0232861328125
1 0.3264973958333333 0.299072265625 0.02645182291666667 0.04248046875
1 0.5692317708333333 0.59716796875 0.05641927083333333 0.0206005859375
1 0.2814127604166667 0.275390625 0.0234375 0.044189453125
1 0.33984375 0.3916015625 0.030800781250000003 0.0389697265625
1 0.7063802083333334 0.70947265625 0.04520833333333333 0.0399462890625
1 0.3668619791666667 0.71728515625 0.052858072916666665 0.0200634765625
1 0.3048502604166667 0.288330078125 0.02658854166666667 0.0428173828125
1 0.47060546875000003 0.6689453125 0.054778645833333334 0.0220361328125
1 0.4039713541666667 0.4641357421875 0.028216145833333334 0.04142578125
1 0.4886067708333333 0.81201171875 0.036705729166666666 0.04248046875
1 0.3688151041666667 0.440185546875 0.035481770833333336 0.0397021484375
1 0.7643229166666666 0.30126953125 0.05147135416666667 0.0383935546875
1 0.3505859375 0.55810546875 0.051881510416666665 0.01751953125
1 0.6396484375 0.423095703125 0.055703125 0.0165234375
1 0.435546875 0.392578125 0.024863281249999997 0.041533203125
1 0.6959635416666666 0.6005859375 0.04005859375 0.0403125
1 0.4612630208333333 0.3076171875 0.0478515625 0.034423828125
1 0.5123697916666666 0.7509765625 0.044108072916666664 0.0379638671875
1 0.6630859375 0.74560546875 0.0458984375 0.0379638671875
1 0.7233072916666666 0.305419921875 0.02370442708333333 0.04345703125
1 0.3234505208333333 0.2499755859375 0.05253255208333333 0.032744140625
1 0.38455078125 0.2951611328125 0.04671875 0.03662109375
1 0.36447265625 0.6830859375 0.049179687500000006 0.033017578125
1 0.40234375 0.5626220703125 0.05036458333333333 0.0300439453125
1 0.3133138020833333 0.3649658203125 0.04759114583333333 0.035693359375
1 0.7771289062500001 0.31380859375 0.055123697916666665 0.03509765625
