1 0.7795507812500001 0.690966796875 0.0791796875 0.0359228515625
1 0.7805989583333334 0.50341796875 0.08390625 0.0270068359375
1 0.689453125 0.6748046875 0.06298828125 0.0505078125
1 0.3411458333333333 0.68505859375 0.07527994791666666 0.0340869140625
1 0.4925130208333333 0.476806640625 0.07002604166666666 0.0393359375
1 0.5826822916666666 0.6875 0.07723307291666666 0.0330224609375
1 0.3177083333333333 0.65234375 0.06298828125 0.0438525390625
1 0.6318359375 0.47509765625 0.048749999999999995 0.05560546875
1 0.7278645833333334 0.6455078125 0.06600260416666666 0.04876953125
1 0.4039713541666667 0.587890625 0.059895833333333336 0.0506005859375
1 0.4222005208333333 0.55029296875 0.07442057291666666 0.033203125
1 0.6998697916666666 0.49365234375 0.03806640625 0.057802734375
1 0.5830078125 0.4765625 0.07442057291666666 0.0327783203125
1 0.5263671875 0.406494140625 0.07214192708333333 0.04193359375
1 0.5358072916666666 0.5986328125 0.041666666666666664 0.055419921875
1 0.3597005208333333 0.63427734375 0.073203125 0.0360107421875
1 0.5944010416666666 0.45068359375 0.07499348958333334 0.032958984375
1 0.62890625 0.65625 0.0414453125 0.0569775390625
1 0.7239583333333334 0.45166015625 0.0692578125 0.04779296875
1 0.5725911458333334 0.66162109375 0.074140625 0.0350048828125
1 0.3414713541666667 0.55859375 0.07527994791666666 0.02970703125
1 0.578125 0.6416015625 0.07279296875 0.035830078125
1 0.677734375 0.401611328125 0.06978515625 0.0472412109375
1 0.333984375 0.6015625 0.07499348958333334 0.0334765625
1 0.5947265625 0.6064453125 0.02854166666666667 0.05685546875
1 0.3336588541666667 0.58203125 0.07442057291666666 0.030380859375
1 0.30712890625 0.326171875 0.06465494791666666 0.0504150390625
1 0.34958333333333336 0.616298828125 0.07382812500000001 0.0369140625
1 0.7442838541666666 0.4364404296875 0.06996744791666666 0.045595703125
1 0.6989322916666666 0.4145458984375 0.06899739583333334 0.051025390625
