1 0.3902994791666667 0.630859375 0.07779947916666667 0.0280615234375
1 0.380859375 0.60986328125 0.07666015625 0.0245654296875
1 0.2939453125 0.323486328125 0.06660807291666666 0.04638671875
1 0.3141276041666667 0.306396484375 0.0663671875 0.0471484375
1 0.4658203125 0.4267578125 0.0409765625 0.0618896484375
1 0.482421875 0.491455078125 0.0409765625 0.060087890625
1 0.43552734375 0.443466796875 0.031328125 0.0610986328125
1 0.4430338541666667 0.50390625 0.036497395833333335 0.059326171875
1 0.5074869791666666 0.5263671875 0.06978515625 0.0330224609375
1 0.3616536458333333 0.339599609375 0.07666015625 0.0283349609375
1 0.4124348958333333 0.509765625 0.03098307291666667 0.0572802734375
1 0.4134114583333333 0.409423828125 0.03029296875 0.060087890625
1 0.3306575520833333 0.527626953125 0.06528645833333334 0.0459765625
1 0.3968098958333333 0.298095703125 0.05835286458333333 0.0542919921875
1 0.3795572916666667 0.50927734375 0.03908203125 0.0557275390625
1 0.16910807291666666 0.65869140625 0.07499348958333334 0.03396484375
1 0.3831380208333333 0.425537109375 0.030800781250000003 0.059326171875
1 0.5611979166666666 0.33935546875 0.07197916666666666 0.0452587890625
1 0.4749348958333333 0.57373046875 0.07666015625 0.022841796875
1 0.2687174479166667 0.28857421875 0.06335286458333333 0.05099609375
1 0.373046875 0.548828125 0.07983723958333333 0.0261083984375
1 0.5826822916666666 0.65673828125 0.036705729166666666 0.059541015625
1 0.5540364583333334 0.63427734375 0.03000651041666667 0.060517578125
1 0.3773372395833334 0.5879443359375 0.08240234375 0.02517578125
1 0.4905598958333333 0.6533203125 0.03194010416666667 0.0598779296875
1 0.54298828125 0.7093505859375 0.06509765625 0.0536767578125
1 0.18896484375 0.64306640625 0.07389322916666667 0.0364990234375
1 0.5944010416666666 0.393798828125 0.03533854166666667 0.0606396484375
1 0.3269856770833333 0.4365234375 0.071328125 0.04248046875
1 0.3509114583333333 0.363525390625 0.07881510416666666 0.0299853515625
1 0.4954427083333333 0.736328125 0.06001953125 0.055205078125
1 0.34765625 0.487548828125 0.06587890625 0.0445263671875
1 0.5279947916666666 0.60009765625 0.031822916666666666 0.0562451171875
1 0.6233203125 0.701171875 0.06784505208333333 0.050595703125
1 0.6207682291666666 0.370361328125 0.031106770833333335 0.062685546875
1 0.6005859375 0.72314453125 0.05347005208333333 0.0589892578125
1 0.5452473958333334 0.6787109375 0.059244791666666664 0.0510888671875
1 0.30810546875 0.452392578125 0.07002604166666666 0.0391259765625
1 0.4947916666666667 0.42236328125 0.045572916666666664 0.0571923828125
1 0.61328125 0.59228515625 0.072265625 0.0436083984375
1 0.23551432291666666 0.408203125 0.07214192708333333 0.0372021484375
1 0.181640625 0.59814453125 0.06763020833333333 0.045869140625
1 0.2989908854166667 0.50830078125 0.03916666666666666 0.056337890625
1 0.2664388020833333 0.362060546875 0.06860677083333333 0.0486767578125
1 0.65234375 0.74365234375 0.059446614583333335 0.0538037109375
1 0.2555338541666667 0.391845703125 0.07186197916666666 0.0399462890625
1 0.22493489583333334 0.61328125 0.068359375 0.04611328125
1 0.5341796875 0.7333984375 0.06823567708333333 0.052705078125
1 0.4015625 0.564169921875 0.07705078124999999 0.0253173828125
1 0.4646809895833333 0.548828125 0.07885416666666667 0.02810546875
1 0.6168619791666666 0.623046875 0.0791015625 0.0345458984375
1 0.5149739583333334 0.482421875 0.053671875 0.0537109375
1 0.6376953125 0.65673828125 0.07470703125 0.0436083984375
1 0.6442057291666666 0.87353515625 0.07694661458333334 0.046904296875
1 0.23160807291666666 0.55615234375 0.07792317708333334 0.0247509765625
1 0.6337890625 0.83154296875 0.05375 0.0634765625
1 0.5710677083333333 0.3586865234375 0.07450520833333334 0.0469091796875
1 0.33208984375 0.2920361328125 0.07100911458333332 0.0503173828125
1 0.27677083333333335 0.33763671875 0.07142578125 0.047900390625
1 0.6332096354166666 0.67810546875 0.07417317708333333 0.0468701171875
