1 0.31982421875 0.6376953125 0.044270833333333336 0.0548095703125
1 0.2628580729166667 0.64111328125 0.06384114583333333 0.0439453125
1 0.2555143229166667 0.6113623046875 0.0712109375 0.04638671875
1 0.20589192708333334 0.6337890625 0.06477864583333333 0.0401611328125
1 0.24409505208333335 0.5448583984375 0.0718359375 0.0363671875
1 0.263671875 0.7431640625 0.033125 0.05685546875
1 0.3330078125 0.257080078125 0.05879557291666667 0.04958984375
1 0.3134765625 0.296142578125 0.07389322916666667 0.02232421875
1 0.390625 0.1993408203125 0.07307942708333333 0.035830078125
1 0.18798828125 0.51708984375 0.030924479166666668 0.0552978515625
1 0.756875 0.78818359375 0.07955078125 0.033720703125
1 0.30419921875 0.2607421875 0.054036458333333336 0.0498681640625
1 0.7330729166666666 0.6708984375 0.08146484375 0.022841796875
1 0.20963541666666666 0.345458984375 0.036640625 0.057802734375
1 0.4163411458333333 0.662109375 0.06624348958333333 0.038759765625
1 0.22981770833333334 0.662109375 0.07348958333333333 0.021455078125
1 0.3870442708333333 0.303955078125 0.073203125 0.028017578125
1 0.552734375 0.2139892578125 0.046751302083333335 0.056640625
1 0.5078125 0.74658203125 0.0751171875 0.0344873046875
1 0.7779947916666666 0.60205078125 0.041914062499999995 0.059326171875
1 0.4466145833333333 0.69287109375 0.07649739583333333 0.0239111328125
1 0.7447395833333333 0.7620703125 0.08056640625 0.03802734375
1 0.4016927083333333 0.23974609375 0.06990885416666666 0.0440087890625
1 0.2672526041666667 0.287353515625 0.048014322916666664 0.0548095703125
1 0.4817708333333333 0.2293701171875 0.07401692708333334 0.029375
1 0.23616536458333334 0.74755859375 0.034016927083333336 0.0571923828125
1 0.3108723958333333 0.337158203125 0.07080078125 0.027802734375
1 0.6901041666666666 0.771484375 0.029544270833333334 0.0569775390625
1 0.31082031250000003 0.5867529296875 0.07436848958333334 0.03001953125
1 0.31396484375 0.2216796875 0.071328125 0.030625
1 0.6966145833333334 0.272216796875 0.06360026041666667 0.0477001953125
1 0.3181966145833333 0.31689453125 0.07186197916666666 0.022626953125
1 0.17122395833333334 0.4189453125 0.04296875 0.0559375
1 0.5986328125 0.77392578125 0.07291666666666667 0.024794921875
1 0.3151041666666667 0.56689453125 0.071328125 0.0285498046875
1 0.4791666666666667 0.7314453125 0.07995442708333333 0.0320458984375
1 0.3095703125 0.36376953125 0.07080078125 0.0239111328125
1 0.7565104166666666 0.73974609375 0.07173828125 0.0484912109375
1 0.2843424479166667 0.46923828125 0.07145182291666667 0.0234228515625
1 0.3736979166666667 0.66455078125 0.049401041666666666 0.0501416015625
1 0.7278645833333334 0.8251953125 0.07865234375 0.0298779296875
1 0.2913411458333333 0.5068359375 0.029889322916666666 0.05560546875
1 0.5367838541666666 0.2430419921875 0.041829427083333336 0.05419921875
1 0.20654296875 0.6044921875 0.061484375 0.0433642578125
1 0.4801432291666667 0.70947265625 0.07552083333333333 0.0294189453125
1 0.3177083333333333 0.419189453125 0.05416015625 0.0511767578125
1 0.15755208333333334 0.494384765625 0.040891927083333335 0.0562451171875
1 0.4039713541666667 0.61474609375 0.07161458333333333 0.0243359375
1 0.3172200520833333 0.50634765625 0.027265625 0.0548095703125
1 0.59765625 0.257568359375 0.07238932291666667 0.0263525390625
1 0.21614583333333334 0.5 0.03000651041666667 0.0562451171875
1 0.31201171875 0.5439453125 0.072265625 0.0212841796875
1 0.759765625 0.6435546875 0.07723307291666666 0.0292041015625
1 0.470703125 0.25390625 0.07197916666666666 0.038759765625
1 0.22721354166666666 0.4521484375 0.06563151041666666 0.0443408203125
1 0.5865625 0.7177392578125 0.06490234375 0.0477001953125
1 0.2674153645833333 0.5048828125 0.02931640625 0.0537109375
1 0.24202473958333334 0.5048828125 0.029257812499999997 0.0560302734375
1 0.18815104166666666 0.76611328125 0.03493489583333333 0.0584423828125
1 0.6409505208333334 0.697265625 0.06709635416666666 0.0462939453125
1 0.29296875 0.452392578125 0.0702734375 0.02365234375
1 0.28759765625 0.7529296875 0.038209635416666665 0.058564453125
1 0.18424479166666666 0.453125 0.040364583333333336 0.0545068359375
1 0.6796875 0.6865234375 0.039609375 0.0596630859375
1 0.6363736979166666 0.7889892578125 0.07955078125 0.0301513671875
1 0.4873046875 0.2088623046875 0.072265625 0.0253759765625
1 0.4114583333333333 0.26806640625 0.06811848958333333 0.0394921875
1 0.6214192708333334 0.7509765625 0.074140625 0.0242333984375
1 0.4700520833333333 0.1859130859375 0.07580729166666667 0.0266552734375
1 0.4248046875 0.51708984375 0.05879557291666667 0.0430322265625
1 0.23421223958333334 0.3564453125 0.030865885416666666 0.052431640625
1 0.5279947916666666 0.27880859375 0.07067708333333333 0.0343603515625
1 0.47265625 0.279541015625 0.06502604166666666 0.0376904296875
1 0.6474609375 0.8095703125 0.0780859375 0.0308544921875
1 0.771484375 0.444580078125 0.03159505208333333 0.057587890625
1 0.20475260416666666 0.3984375 0.03305989583333333 0.0544140625
1 0.3802083333333333 0.224365234375 0.06624348958333333 0.035400390625
1 0.5110677083333334 0.6845703125 0.07108723958333334 0.031494140625
1 0.4524739583333333 0.6259765625 0.07666015625 0.0268115234375
1 0.6555989583333334 0.73193359375 0.07499348958333334 0.0241845703125
1 0.58984375 0.305908203125 0.07348958333333333 0.023955078125
1 0.5953776041666666 0.69580078125 0.05859375 0.0435205078125
1 0.6692708333333334 0.83837890625 0.07735026041666666 0.035673828125
1 0.3824869791666667 0.5546875 0.0780859375 0.02267578125
1 0.5159505208333334 0.6650390625 0.07067708333333333 0.032958984375
1 0.3684895833333333 0.39111328125 0.0449609375 0.053896484375
1 0.69140625 0.346923828125 0.07527994791666666 0.0291455078125
1 0.6668424479166667 0.640791015625 0.07332682291666666 0.0452587890625
1 0.6861979166666666 0.328369140625 0.07430338541666666 0.0295849609375
1 0.48828125 0.60107421875 0.06734375 0.0244287109375
1 0.5999348958333334 0.28662109375 0.07552083333333333 0.028486328125
1 0.70513671875 0.364990234375 0.0800390625 0.0294189453125
1 0.5888671875 0.65673828125 0.053834635416666665 0.0517578125
1 0.2615559895833333 0.34423828125 0.030703124999999998 0.05126953125
1 0.6363932291666666 0.587890625 0.07145182291666667 0.025087890625
1 0.32078125 0.38330078125 0.07022786458333334 0.0215771484375
1 0.7363541666666666 0.8076171875 0.07936197916666667 0.030732421875
1 0.2511393229166667 0.390869140625 0.06709635416666666 0.040771484375
1 0.4176432291666667 0.5927734375 0.0702734375 0.0234228515625
1 0.7063802083333334 0.52734375 0.042154947916666664 0.052919921875
1 0.3948567708333333 0.33837890625 0.03540364583333334 0.0526123046875
1 0.6533203125 0.2802734375 0.07238932291666667 0.0372607421875
1 0.6666666666666666 0.3115234375 0.07499348958333334 0.028212890625
1 0.3694661458333333 0.493896484375 0.07307942708333333 0.0285498046875
1 0.3430989583333333 0.44189453125 0.030800781250000003 0.0542919921875
1 0.5634765625 0.5185546875 0.03300130208333333 0.056337890625
1 0.5830078125 0.3271484375 0.07348958333333333 0.0219873046875
1 0.384765625 0.53759765625 0.07580729166666667 0.024384765625
1 0.3597005208333333 0.344482421875 0.03251302083333333 0.0537109375
1 0.4716796875 0.327880859375 0.06763020833333333 0.0430322265625
1 0.3990885416666667 0.389404296875 0.04756510416666667 0.0542919921875
1 0.5729166666666666 0.6162109375 0.06685546875 0.041474609375
1 0.783203125 0.50537109375 0.043131510416666664 0.0567626953125
1 0.7350260416666666 0.529296875 0.04160807291666666 0.0559375
1 0.7083333333333334 0.61474609375 0.06888671875 0.0435205078125
1 0.3743489583333333 0.431396484375 0.03684244791666667 0.051455078125
1 0.23580078125 0.422021484375 0.06656901041666667 0.0421630859375
1 0.4143880208333333 0.57275390625 0.073203125 0.0250390625
1 0.486328125 0.56201171875 0.071328125 0.026201171875
1 0.5432942708333334 0.37353515625 0.0576171875 0.0511767578125
1 0.4306640625 0.49365234375 0.06660807291666666 0.038544921875
1 0.4912109375 0.580078125 0.07092447916666667 0.0260009765625
1 0.5826822916666666 0.572265625 0.03900390625 0.057373046875
1 0.5458984375 0.5966796875 0.050130208333333336 0.0510888671875
1 0.36328125 0.5107421875 0.06746744791666666 0.026064453125
1 0.5364583333333334 0.6435546875 0.06660807291666666 0.0389697265625
1 0.75 0.49560546875 0.043541666666666666 0.0571923828125
1 0.6927083333333334 0.489501953125 0.07279296875 0.028486328125
1 0.6672265624999999 0.5518212890625 0.0766796875 0.0329150390625
1 0.4016927083333333 0.430419921875 0.04028645833333334 0.0530078125
1 0.7044270833333334 0.58740234375 0.06990885416666666 0.044677734375
1 0.630859375 0.56640625 0.07401692708333334 0.026064453125
1 0.64025390625 0.662109375 0.045286458333333335 0.058134765625
1 0.4390755208333333 0.4073046875 0.06551432291666666 0.0439453125
1 0.4596354166666667 0.6455078125 0.07373046875 0.0266552734375
1 0.3876953125 0.46728515625 0.07527994791666666 0.027587890625
1 0.65234375 0.5263671875 0.07197916666666666 0.03265625
1 0.4469401041666667 0.454345703125 0.07055989583333333 0.029921875
1 0.484375 0.52099609375 0.069375 0.028974609375
1 0.6119791666666666 0.62451171875 0.057291666666666664 0.0517578125
1 0.73046875 0.427490234375 0.05716796875 0.0546875
1 0.7265625 0.3916015625 0.07332682291666666 0.035615234375
1 0.4488932291666667 0.434814453125 0.06848307291666667 0.029541015625
1 0.5110677083333334 0.505859375 0.073203125 0.0240478515625
1 0.4606119791666667 0.54638671875 0.07360677083333333 0.0270703125
1 0.73537109375 0.5791650390625 0.06587239583333333 0.048955078125
1 0.5950520833333334 0.486328125 0.057942708333333336 0.04958984375
1 0.5914713541666666 0.52685546875 0.03466796875 0.0533154296875
1 0.638671875 0.4677734375 0.07442057291666666 0.0332666015625
1 0.5298177083333333 0.322099609375 0.04649088541666666 0.0559326171875
1 0.4401041666666667 0.356689453125 0.0644140625 0.0393359375
1 0.5419921875 0.44189453125 0.05684244791666667 0.045107421875
1 0.494140625 0.429443359375 0.05244791666666667 0.0496826171875
1 0.693359375 0.455322265625 0.057701822916666666 0.048857421875
1 0.6005859375 0.4384765625 0.07002604166666666 0.0322900390625
1 0.4498697916666667 0.476806640625 0.06266276041666667 0.031083984375
1 0.4977213541666667 0.3955078125 0.05537760416666667 0.0491357421875
1 0.5166015625 0.467041015625 0.0791015625 0.026259765625
1 0.5424283854166666 0.545087890625 0.04665364583333333 0.0534375
1 0.6705729166666666 0.4136767578125 0.06748697916666667 0.0436376953125
1 0.61328125 0.349609375 0.06888671875 0.0433642578125
1 0.6516927083333334 0.499267578125 0.07145182291666667 0.0389111328125
1 0.5611979166666666 0.406982421875 0.07214192708333333 0.02970703125
1 0.5852864583333334 0.421630859375 0.07279296875 0.0309130859375
1 0.5302734375 0.4833984375 0.07568359375 0.02517578125
1 0.6321875 0.38625 0.07026041666666667 0.042119140625
1 0.6554361979166666 0.854130859375 0.07821614583333333 0.0397265625
1 0.5585677083333334 0.7260595703125 0.05949869791666667 0.05236328125
1 0.2826236979166667 0.603798828125 0.06253255208333333 0.045537109375
1 0.6900130208333333 0.629296875 0.06860677083333333 0.0446240234375
1 0.28630859375 0.4149560546875 0.05991536458333333 0.05005859375
1 0.4527799479166667 0.38822265625 0.0637109375 0.0449365234375
1 0.445390625 0.336318359375 0.06712239583333333 0.03953125
1 0.5113736979166666 0.3767041015625 0.055742187500000005 0.0514794921875
1 0.5593424479166667 0.3597802734375 0.05309244791666667 0.05005859375
1 0.48103515625 0.3065966796875 0.06939453125 0.038681640625
1 0.6185026041666667 0.3691650390625 0.0675 0.0443701171875
1 0.6520638020833334 0.3987451171875 0.06787760416666667 0.0443701171875
1 0.6230533854166667 0.4516455078125 0.07508463541666667 0.0352685546875
1 0.7131119791666666 0.442685546875 0.05877604166666667 0.0537548828125
