1 0.71349609375 0.7313671875 0.04387369791666667 0.03611328125
1 0.39869140625 0.749697265625 0.048014322916666664 0.030458984375
1 0.30158203125 0.738544921875 0.053059895833333336 0.030732421875
1 0.308359375 0.2379052734375 0.023411458333333333 0.0415869140625
1 0.27271484375 0.74537109375 0.053098958333333335 0.0257763671875
1 0.40041666666666664 0.7172802734375 0.0408984375 0.035654296875
1 0.30212239583333333 0.808671875 0.035319010416666664 0.0368017578125
1 0.3310286458333333 0.445556640625 0.04742838541666666 0.0334765625
1 0.7430794270833333 0.2506201171875 0.02634765625 0.0432763671875
1 0.6278776041666666 0.249375 0.030546875 0.0443408203125
1 0.25612630208333337 0.5911572265625 0.05541666666666667 0.0197900390625
1 0.37890625 0.662744140625 0.03177083333333333 0.0406201171875
1 0.5693359375 0.286376953125 0.05326171875 0.0197900390625
1 0.5925 0.762958984375 0.03998046875 0.0375390625
1 0.3367903645833333 0.219248046875 0.051393229166666665 0.029560546875
1 0.5662565104166667 0.2255859375 0.048776041666666665 0.029541015625
1 0.7699869791666667 0.6901318359375 0.057467447916666664 0.020439453125
1 0.7552083333333334 0.6611328125 0.05517578125 0.024521484375
1 0.63208984375 0.31298828125 0.055078125 0.0172412109375
1 0.7825520833333334 0.7457568359375 0.0478515625 0.031982421875
1 0.3832877604166667 0.5435693359375 0.04832682291666667 0.0281884765625
1 0.38839192708333337 0.61083984375 0.04356770833333334 0.0372021484375
1 0.40580078124999996 0.3429248046875 0.048665364583333336 0.0330224609375
1 0.3557942708333333 0.4034326171875 0.02463541666666667 0.040546875
1 0.5817057291666666 0.3450830078125 0.02712239583333333 0.0413818359375
1 0.6942708333333334 0.7586083984375 0.044108072916666664 0.0360107421875
1 0.3175 0.3476513671875 0.0272265625 0.0423095703125
1 0.5324283854166666 0.2745068359375 0.053346354166666665 0.0306689453125
1 0.25964192708333333 0.82763671875 0.04837890625 0.0309130859375
1 0.43930338541666664 0.239189453125 0.021106770833333333 0.042705078125
1 0.4137369791666667 0.5439453125 0.0439453125 0.03216796875
1 0.40037109375 0.310283203125 0.04908854166666667 0.0293701171875
1 0.5894466145833334 0.2537744140625 0.05518880208333333 0.018935546875
1 0.7436393229166667 0.4471728515625 0.054036458333333336 0.0287646484375
1 0.4707747395833333 0.729150390625 0.028391927083333334 0.0391552734375
1 0.3167578125 0.71033203125 0.04984375 0.025908203125
1 0.22163411458333335 0.7216064453125 0.025416666666666667 0.03958984375
1 0.42450520833333333 0.7937548828125 0.054739583333333335 0.01755859375
1 0.4821484375 0.6455078125 0.052682291666666665 0.0193017578125
1 0.4243294270833333 0.215634765625 0.03251302083333333 0.043212890625
1 0.58087890625 0.7796728515625 0.038561197916666665 0.0396240234375
1 0.6208723958333333 0.6506884765625 0.05382161458333334 0.0165966796875
1 0.4145833333333333 0.5215185546875 0.05234375 0.0213818359375
1 0.6593815104166666 0.77205078125 0.051595052083333336 0.0277880859375
1 0.25451171875 0.5617822265625 0.038802083333333334 0.0376171875
1 0.35822265625 0.253681640625 0.022122395833333332 0.0426416015625
1 0.7244596354166667 0.5237744140625 0.04618489583333333 0.03462890625
1 0.3356119791666667 0.7628076171875 0.05166015625 0.02291015625
1 0.5162044270833334 0.8028173828125 0.019765625 0.04322265625
1 0.52611328125 0.7668994140625 0.050442708333333336 0.025888671875
1 0.7276692708333333 0.67814453125 0.054498697916666665 0.0244140625
1 0.28879557291666663 0.5448828125 0.05615234375 0.0233837890625
1 0.62171875 0.679912109375 0.03201822916666667 0.04025390625
1 0.6815299479166667 0.265673828125 0.055234375 0.01775390625
1 0.48509114583333335 0.2453759765625 0.0449609375 0.03537109375
1 0.5701627604166667 0.685771484375 0.030826822916666666 0.04107421875
1 0.6178385416666666 0.2262890625 0.049192708333333335 0.0335400390625
1 0.2834375 0.372392578125 0.030214843749999998 0.0416552734375
1 0.4390234375 0.340166015625 0.025631510416666666 0.0409228515625
1 0.7239583333333334 0.2886572265625 0.021868489583333334 0.0445849609375
1 0.6178841145833334 0.38712890625 0.037161458333333335 0.0381494140625
1 0.7076822916666666 0.4298388671875 0.021868489583333334 0.0408642578125
1 0.32394531249999997 0.81013671875 0.03725911458333333 0.0380224609375
1 0.3870963541666667 0.8119775390625 0.0361328125 0.040751953125
1 0.4903125 0.75732421875 0.05448567708333333 0.018935546875
1 0.25649739583333336 0.3364990234375 0.04925130208333334 0.02794921875
1 0.2747395833333333 0.481953125 0.03983723958333333 0.038818359375
1 0.37162109374999996 0.519453125 0.04806640625 0.0314599609375
1 0.4117838541666667 0.4468896484375 0.03200520833333333 0.038544921875
1 0.47158203125000003 0.254716796875 0.04529947916666666 0.034970703125
1 0.4842643229166667 0.54931640625 0.054550781250000006 0.0177783203125
1 0.33323567708333335 0.7956396484375 0.038138020833333335 0.0386669921875
1 0.5116927083333334 0.59765625 0.05001953125 0.02791015625
1 0.7537565104166667 0.7275732421875 0.04299479166666667 0.0347802734375
1 0.33335937499999996 0.4263427734375 0.05169270833333334 0.024208984375
1 0.2041015625 0.2416259765625 0.024173177083333334 0.04490234375
1 0.456328125 0.3590380859375 0.04399088541666666 0.0372021484375
1 0.779296875 0.7252490234375 0.05005208333333333 0.0333251953125
1 0.7252604166666666 0.246337890625 0.024355468749999998 0.0432763671875
1 0.4658203125 0.192353515625 0.031412760416666664 0.0425732421875
1 0.549453125 0.6484716796875 0.033600260416666666 0.0418896484375
1 0.7052864583333333 0.2946435546875 0.020898437500000002 0.0442626953125
1 0.62126953125 0.3275048828125 0.05470052083333333 0.0172802734375
1 0.3779296875 0.246376953125 0.019869791666666668 0.0428076171875
1 0.3986588541666667 0.2380029296875 0.023294270833333335 0.042041015625
1 0.7511263020833333 0.2103271484375 0.042317708333333336 0.03927734375
1 0.3532942708333333 0.6513330078125 0.02809895833333333 0.0408544921875
1 0.42445312500000004 0.77880859375 0.054062500000000006 0.0177783203125
1 0.4208528645833333 0.27697265625 0.03793619791666667 0.037392578125
1 0.31884765625 0.5849951171875 0.05076822916666667 0.0291455078125
1 0.2628125 0.24560546875 0.04122395833333333 0.0373828125
1 0.33466145833333333 0.4683154296875 0.0553515625 0.0179541015625
1 0.6898502604166666 0.2336083984375 0.055800781249999994 0.023505859375
1 0.7600260416666668 0.4209716796875 0.05283203125 0.0279736328125
1 0.3599544270833333 0.211416015625 0.0517578125 0.03029296875
1 0.674375 0.4540087890625 0.029876302083333334 0.041220703125
1 0.26094401041666665 0.40427734375 0.04638671875 0.0352783203125
1 0.5859375 0.202392578125 0.023359375 0.0423291015625
1 0.23972005208333333 0.3272607421875 0.054251302083333335 0.026904296875
1 0.78515625 0.76318359375 0.048665364583333336 0.0320458984375
1 0.31188802083333333 0.50630859375 0.055039062500000006 0.02001953125
1 0.3647330729166667 0.3584326171875 0.037786458333333335 0.04005859375
1 0.4799674479166667 0.56453125 0.05462239583333334 0.019794921875
1 0.36380859374999996 0.8090087890625 0.03658203125 0.037548828125
1 0.23294921875 0.56591796875 0.040364583333333336 0.0369873046875
1 0.5546419270833333 0.804423828125 0.027819010416666665 0.041513671875
1 0.3436783854166667 0.3595068359375 0.035559895833333334 0.0403857421875
1 0.6450325520833333 0.2062353515625 0.04994791666666667 0.0330908203125
1 0.5284244791666667 0.20390625 0.02462890625 0.0439453125
1 0.7643880208333332 0.2833837890625 0.03931640625 0.038427734375
1 0.3030598958333333 0.7744482421875 0.023072916666666665 0.0418310546875
1 0.32797526041666664 0.2465673828125 0.022122395833333332 0.04302734375
1 0.21902994791666666 0.5280224609375 0.035143229166666665 0.040322265625
1 0.44729166666666664 0.72115234375 0.026321614583333333 0.0416748046875
1 0.4222721354166667 0.80859375 0.053626302083333334 0.018369140625
1 0.6870703125 0.250927734375 0.0569140625 0.0181298828125
1 0.5455729166666666 0.1888916015625 0.025227864583333332 0.04544921875
1 0.39685546875000005 0.385498046875 0.05516276041666667 0.0196826171875
1 0.28789713541666667 0.560283203125 0.05169270833333334 0.0241357421875
1 0.25139973958333334 0.8045458984375 0.04444010416666667 0.0335302734375
1 0.44723958333333336 0.275888671875 0.03662760416666667 0.0394287109375
1 0.70587890625 0.6545947265625 0.0325390625 0.0406298828125
1 0.7541471354166666 0.300693359375 0.038209635416666665 0.0388720703125
1 0.7634765625000001 0.7034228515625 0.056451822916666665 0.01900390625
1 0.2353515625 0.266845703125 0.03741536458333333 0.0390625
1 0.5005794270833334 0.61857421875 0.03173177083333333 0.0400390625
1 0.4092513020833333 0.68904296875 0.021393229166666666 0.0421142578125
1 0.6434049479166667 0.7216015625 0.02564453125 0.0426025390625
1 0.6449609374999999 0.5365087890625 0.05528645833333334 0.0178564453125
1 0.5350065104166667 0.6793115234375 0.046171875 0.0329296875
1 0.5657552083333334 0.1937255859375 0.022643229166666667 0.0447705078125
1 0.53515625 0.79341796875 0.021282552083333333 0.0423876953125
1 0.6675716145833334 0.2973095703125 0.05492838541666667 0.019638671875
1 0.609375 0.7961962890625 0.044108072916666664 0.0355322265625
1 0.76703125 0.78515625 0.05326171875 0.029755859375
1 0.36017578125 0.7454541015625 0.032415364583333335 0.0401611328125
1 0.5081380208333334 0.1998486328125 0.022115885416666665 0.04462890625
1 0.4951171875 0.7909765625 0.024778645833333335 0.043212890625
1 0.6751302083333334 0.79296875 0.053144531249999995 0.018232421875
1 0.65234375 0.43994140625 0.022220052083333334 0.042177734375
1 0.4286393229166667 0.6869384765625 0.020904947916666666 0.040478515625
1 0.38266276041666664 0.4402587890625 0.03568359375 0.0390625
1 0.6701041666666666 0.2815869140625 0.05635416666666667 0.019365234375
1 0.32628255208333334 0.83544921875 0.05548828125 0.01798828125
1 0.3376692708333333 0.39650390625 0.025677083333333333 0.040498046875
1 0.4873046875 0.1944677734375 0.023515625 0.0428857421875
1 0.7802018229166667 0.35587890625 0.057981770833333335 0.02126953125
1 0.7220052083333334 0.6256005859375 0.054765625000000005 0.0189892578125
1 0.2577864583333333 0.307294921875 0.05604166666666666 0.01771484375
1 0.4593098958333333 0.780390625 0.021035156250000003 0.041953125
1 0.6927083333333334 0.202734375 0.05888020833333333 0.0181689453125
1 0.23785156249999997 0.5259130859375 0.03195963541666667 0.04033203125
1 0.2924674479166667 0.3159716796875 0.027467447916666665 0.0406884765625
1 0.6490885416666666 0.24638671875 0.028704427083333334 0.0439404296875
1 0.6906510416666666 0.6129052734375 0.05416015625 0.02220703125
1 0.2996419270833333 0.6639111328125 0.022643229166666667 0.04123046875
1 0.6022135416666666 0.18310546875 0.042565104166666666 0.04123046875
1 0.21922526041666668 0.224072265625 0.03029296875 0.0435205078125
1 0.5054817708333333 0.69482421875 0.053125 0.0171044921875
1 0.6298307291666666 0.4668896484375 0.06026041666666667 0.016220703125
1 0.41193359375 0.1963623046875 0.03300130208333333 0.0428173828125
1 0.70458984375 0.218271484375 0.06392578125 0.0155908203125
1 0.4469401041666667 0.6738671875 0.020104166666666666 0.0406103515625
1 0.18440755208333334 0.23796875 0.022298177083333332 0.0431640625
1 0.6233723958333334 0.759501953125 0.023886718749999997 0.0412109375
1 0.7067317708333333 0.1866455078125 0.056777343749999994 0.017578125
1 0.34833333333333333 0.32712890625 0.05635416666666667 0.017109375
1 0.4515169270833333 0.21255859375 0.03289713541666667 0.044453125
1 0.20815755208333334 0.272685546875 0.052369791666666665 0.031142578125
1 0.7841145833333334 0.3894580078125 0.04641276041666667 0.0379736328125
1 0.6498177083333333 0.4785546875 0.05368489583333333 0.019560546875
1 0.35956380208333333 0.8306298828125 0.037402343750000004 0.0391552734375
1 0.27432942708333335 0.233740234375 0.04198567708333333 0.03794921875
1 0.2506510416666667 0.2571533203125 0.04198567708333333 0.0374072265625
1 0.4106901041666667 0.260380859375 0.03767578125 0.0390234375
1 0.49053385416666667 0.2276806640625 0.0480859375 0.0317578125
1 0.5292838541666667 0.2400634765625 0.04664713541666667 0.0339111328125
1 0.5441796875 0.250830078125 0.05131510416666666 0.031220703125
1 0.7440494791666666 0.1917529296875 0.04341796875 0.0406396484375
1 0.5832877604166666 0.2728955078125 0.05633463541666667 0.0209912109375
1 0.4969921875 0.2790869140625 0.03875651041666667 0.0398291015625
1 0.5190559895833333 0.2960400390625 0.05418619791666667 0.022607421875
1 0.5585286458333333 0.3037109375 0.05705729166666667 0.0196484375
1 0.6146874999999999 0.29765625 0.05454427083333333 0.0215283203125
1 0.7726953124999999 0.3298388671875 0.039322916666666666 0.0411767578125
1 0.7234375000000001 0.3187451171875 0.05295572916666667 0.030078125
1 0.7386263020833334 0.3333447265625 0.050618489583333336 0.0318310546875
1 0.7279166666666667 0.3549560546875 0.05490234375 0.027744140625
1 0.735703125 0.3723291015625 0.05645833333333333 0.01869140625
1 0.6679557291666667 0.3215185546875 0.041660156250000004 0.038544921875
1 0.6823632812499999 0.3330517578125 0.0362109375 0.0405908203125
1 0.6924869791666667 0.3520361328125 0.04088541666666667 0.03650390625
1 0.6292122395833334 0.3518896484375 0.046725260416666664 0.0344580078125
1 0.6410872395833334 0.3629833984375 0.043997395833333335 0.0350439453125
1 0.6502408854166667 0.376708984375 0.043606770833333336 0.035625
1 0.68158203125 0.3783154296875 0.05256510416666666 0.0289111328125
1 0.71740234375 0.388828125 0.05645833333333333 0.0172314453125
1 0.6730143229166666 0.3996337890625 0.05567708333333333 0.0172314453125
1 0.7275260416666667 0.40634765625 0.054121093749999995 0.02423828125
1 0.68703125 0.4292724609375 0.022975260416666667 0.0402978515625
1 0.6492643229166667 0.413359375 0.05490234375 0.015478515625
1 0.7337565104166667 0.4602294921875 0.058014322916666666 0.0251123046875
1 0.7617903645833333 0.38576171875 0.043997395833333335 0.0379638671875
1 0.74173828125 0.4903076171875 0.04049479166666667 0.0362109375
1 0.7138997395833333 0.47015625 0.05256510416666666 0.0256982421875
1 0.7024153645833334 0.4834423828125 0.05684895833333333 0.021318359375
1 0.69423828125 0.497607421875 0.05451171875 0.0198583984375
1 0.5651627604166667 0.3253125 0.04711588541666667 0.0315380859375
1 0.5108463541666667 0.31947265625 0.04438802083333334 0.033876953125
1 0.5213606770833333 0.3329052734375 0.047499999999999994 0.032705078125
1 0.5449153645833333 0.353349609375 0.047890625 0.02978515625
1 0.5260286458333333 0.362255859375 0.05295572916666667 0.0283251953125
1 0.49195963541666665 0.3599169921875 0.034654947916666665 0.038837890625
1 0.48183593750000003 0.3209326171875 0.026087239583333335 0.0432177734375
1 0.4617838541666666 0.322099609375 0.024921875 0.04263671875
1 0.44134114583333334 0.3067724609375 0.04477864583333333 0.0341650390625
1 0.37982421875 0.3035595703125 0.048671875 0.0306640625
1 0.26379557291666667 0.349990234375 0.05100911458333333 0.030078125
1 0.3003971354166667 0.3599169921875 0.026087239583333335 0.04234375
1 0.31557942708333336 0.3847412109375 0.04322265625 0.0353369140625
1 0.24529947916666664 0.374228515625 0.04983723958333333 0.0283251953125
1 0.2513346354166667 0.389560546875 0.048671875 0.0321240234375
1 0.27372395833333335 0.4148193359375 0.04438802083333334 0.0347509765625
1 0.29611328124999997 0.4175927734375 0.041660156250000004 0.0344580078125
1 0.22953125 0.4351123046875 0.043997395833333335 0.035625
1 0.23867838541666667 0.449716796875 0.042832031250000006 0.0362109375
1 0.2569791666666667 0.4543896484375 0.043606770833333336 0.0362109375
1 0.28540364583333333 0.470009765625 0.0366015625 0.0370849609375
1 0.32180989583333336 0.486220703125 0.05256510416666666 0.0262841796875
1 0.36930989583333335 0.452783203125 0.03153645833333333 0.038837890625
1 0.37262369791666666 0.479208984375 0.05451171875 0.0227783203125
1 0.385078125 0.41583984375 0.038938802083333335 0.036796875
1 0.40260416666666665 0.41029296875 0.03815755208333333 0.0362109375
1 0.43121744791666666 0.421826171875 0.032317708333333334 0.038837890625
1 0.43121744791666666 0.3933544921875 0.053339843750000004 0.0221923828125
1 0.3895572916666667 0.334072265625 0.048671875 0.0309521484375
1 0.42110026041666665 0.367802734375 0.038548177083333336 0.0370849609375
1 0.4750260416666667 0.3818212890625 0.05217447916666667 0.0230712890625
1 0.5332356770833333 0.3810888671875 0.05100911458333333 0.0262841796875
1 0.5264192708333334 0.3949609375 0.050618489583333336 0.027158203125
1 0.5018880208333333 0.4113134765625 0.026477864583333333 0.0405908203125
1 0.4592578125 0.4029931640625 0.05100911458333333 0.0262841796875
1 0.46704427083333333 0.41583984375 0.048671875 0.0286181640625
1 0.47132812500000004 0.4301513671875 0.05022786458333334 0.0292041015625
1 0.59787109375 0.3575830078125 0.0362109375 0.0411767578125
1 0.567890625 0.3905810546875 0.032317708333333334 0.0411767578125
1 0.6027343749999999 0.397734375 0.03815755208333333 0.0373779296875
1 0.5760611979166667 0.413212890625 0.03309895833333334 0.039716796875
1 0.5943619791666667 0.4295654296875 0.021412760416666666 0.04146484375
1 0.6130533854166667 0.4381787109375 0.019856770833333332 0.0411767578125
1 0.6325195312499999 0.4392041015625 0.019856770833333332 0.04205078125
1 0.5355729166666666 0.4142333984375 0.05022786458333334 0.026572265625
1 0.5398502604166667 0.4317578125 0.05022786458333334 0.027158203125
1 0.5283658854166667 0.44373046875 0.0490625 0.027744140625
1 0.51162109375 0.4529296875 0.04983723958333333 0.0280322265625
1 0.5799609375 0.4533642578125 0.03076171875 0.0400048828125
1 0.5620442708333333 0.468115234375 0.021412760416666666 0.0402978515625
1 0.5404361979166666 0.4838818359375 0.025696614583333333 0.0402978515625
1 0.5207747395833333 0.4863623046875 0.02530598958333333 0.0411767578125
1 0.5028645833333333 0.47876953125 0.02219401041666667 0.039423828125
1 0.48534505208333334 0.46986328125 0.021412760416666666 0.0402978515625
1 0.46704427083333333 0.4529296875 0.04244140625 0.0344580078125
1 0.4319986979166666 0.4618359375 0.04322265625 0.033583984375
1 0.3005859375 0.448984375 0.021803385416666668 0.0405908203125
1 0.4497200520833333 0.4788818359375 0.0519140625 0.020732421875
1 0.40757812499999996 0.491650390625 0.05259114583333333 0.01896484375
1 0.46067708333333335 0.495439453125 0.055625 0.0154248046875
1 0.47095703125 0.50947265625 0.05326822916666666 0.016181640625
1 0.4173567708333333 0.507451171875 0.05326822916666666 0.0192138671875
1 0.5107356770833333 0.5161767578125 0.05124348958333333 0.023515625
1 0.5587760416666666 0.5018896484375 0.04686197916666667 0.0313525390625
1 0.5879361979166667 0.503408203125 0.028990885416666667 0.039951171875
1 0.6098502604166667 0.49873046875 0.02966796875 0.0402001953125
1 0.6226627604166667 0.511875 0.03236328125 0.039697265625
1 0.6457552083333333 0.50517578125 0.032701822916666665 0.039951171875
1 0.6803125 0.5123828125 0.04719401041666666 0.0310986328125
1 0.6749153645833333 0.5270458984375 0.04854817708333333 0.0285693359375
1 0.7202604166666666 0.5406982421875 0.04618489583333333 0.0341357421875
1 0.6959895833333333 0.5501806640625 0.05360026041666666 0.02275390625
1 0.7214388020833334 0.5762255859375 0.03438802083333333 0.039443359375
1 0.6963216145833333 0.58115234375 0.027304687499999997 0.0402001953125
1 0.6787955729166667 0.5753369140625 0.02865234375 0.039697265625
1 0.64828125 0.563583984375 0.03843098958333333 0.037421875
1 0.6551953125 0.588740234375 0.02865234375 0.0402001953125
1 0.6243489583333334 0.562568359375 0.02764322916666667 0.039951171875
1 0.6052994791666667 0.5610546875 0.023938802083333335 0.0409619140625
1 0.58810546875 0.5428515625 0.0428125 0.034892578125
1 0.5645117187500001 0.5295751953125 0.021236979166666666 0.0386865234375
1 0.5451236979166666 0.5366552734375 0.024270833333333335 0.039189453125
1 0.4541015625 0.5295751953125 0.04921875 0.0265478515625
1 0.49219401041666666 0.5341259765625 0.05326822916666666 0.0174462890625
1 0.5211914062499999 0.5500537109375 0.031015625 0.0386865234375
1 0.5279296875 0.5736962890625 0.030338541666666666 0.039443359375
1 0.5461393229166667 0.5754638671875 0.02764322916666667 0.039443359375
1 0.5636653645833333 0.5800146484375 0.024947916666666667 0.0404541015625
1 0.58322265625 0.5786279296875 0.023600260416666668 0.0412109375
1 0.6273828124999999 0.6063134765625 0.049895833333333334 0.029833984375
1 0.6700260416666667 0.6391796875 0.0401171875 0.0379248046875
1 0.6309244791666667 0.627548828125 0.04753255208333334 0.0313525390625
1 0.5953580729166666 0.6204736328125 0.037760416666666664 0.0379248046875
1 0.5815364583333333 0.6305859375 0.037083333333333336 0.0364111328125
1 0.5650130208333334 0.6379150390625 0.035735677083333334 0.0384326171875
1 0.5250651041666666 0.6358935546875 0.021236979166666666 0.04146484375
1 0.5909700520833333 0.67470703125 0.0337109375 0.039189453125
1 0.6690169270833333 0.6643408203125 0.04551432291666666 0.0326171875
1 0.6762630208333333 0.6888623046875 0.04719401041666666 0.0331201171875
1 0.6540169270833334 0.6912646484375 0.04517578125 0.03236328125
1 0.6976692708333333 0.7382958984375 0.0428125 0.0364111328125
1 0.6664908854166667 0.7270458984375 0.026295572916666666 0.0407080078125
1 0.6174348958333333 0.70896484375 0.044837239583333334 0.0333740234375
1 0.5899609375 0.7103564453125 0.043828124999999996 0.034638671875
1 0.57681640625 0.73677734375 0.05393880208333333 0.0262939453125
1 0.6111979166666667 0.736396484375 0.04045572916666667 0.0386865234375
1 0.6614322916666667 0.755615234375 0.05056640625 0.029580078125
1 0.5501497395833334 0.7119140625 0.0391796875 0.038447265625
1 0.54119140625 0.7347314453125 0.026256510416666667 0.040947265625
1 0.5043033854166666 0.7123828125 0.0541796875 0.0175048828125
1 0.5049283854166667 0.7283251953125 0.052096354166666664 0.0225048828125
1 0.51138671875 0.7448876953125 0.05251302083333333 0.0256298828125
1 0.44408203125 0.756298828125 0.047929687500000005 0.031572265625
1 0.4305338541666666 0.7320751953125 0.022506510416666667 0.041884765625
1 0.40427734375 0.7636474609375 0.046679687500000004 0.034384765625
1 0.28376953125 0.8126416015625 0.03326822916666667 0.03927734375
1 0.24835937500000002 0.783984375 0.04677083333333334 0.03087890625
1 0.26763020833333334 0.777314453125 0.04446614583333333 0.0313720703125
1 0.26910807291666666 0.761005859375 0.04677083333333334 0.0293994140625
1 0.23814453125 0.745693359375 0.025032552083333336 0.04076171875
1 0.38159505208333333 0.720986328125 0.03787760416666667 0.0373046875
1 0.3883463541666667 0.678251953125 0.03162109375 0.04076171875
1 0.30975911458333333 0.724482421875 0.05181640625 0.0287255859375
1 0.3274609375 0.698173828125 0.04795572916666666 0.0292041015625
1 0.33180989583333337 0.68380859375 0.04763020833333333 0.0294482421875
1 0.33856770833333333 0.6704150390625 0.04827473958333334 0.0301708984375
1 0.25408854166666667 0.7209814453125 0.04859375 0.0294482421875
1 0.25794921875 0.705654296875 0.04666666666666667 0.0301708984375
1 0.2709830729166667 0.6946728515625 0.0444140625 0.0318603515625
1 0.2820833333333333 0.6828466796875 0.04216145833333334 0.033310546875
1 0.23815755208333333 0.6822412109375 0.045058593749999994 0.035
1 0.23075520833333332 0.6690869140625 0.045703125000000004 0.03427734375
1 0.23509765625 0.6442236328125 0.04408854166666667 0.0362060546875
1 0.27484375 0.65146484375 0.04248046875 0.033310546875
1 0.26502604166666666 0.6381884765625 0.041516927083333335 0.0362060546875
1 0.32955729166666664 0.63384765625 0.021881510416666666 0.04103515625
1 0.36205729166666667 0.6284130859375 0.03347005208333333 0.03837890625
1 0.30171875 0.629501953125 0.03958333333333333 0.0362060546875
1 0.26647786458333333 0.6132080078125 0.05213541666666666 0.0267919921875
1 0.31990234375 0.6017431640625 0.04956380208333333 0.02896484375
1 0.3565885416666667 0.595107421875 0.040553385416666664 0.0369287109375
1 0.38603515625 0.58677734375 0.035078125 0.0371728515625
1 0.42208333333333337 0.573984375 0.04537760416666667 0.033310546875
1 0.4325390625 0.5865380859375 0.04248046875 0.03427734375
1 0.40936848958333333 0.6256396484375 0.0418359375 0.0352392578125
1 0.4370442708333333 0.622744140625 0.04248046875 0.0352392578125
1 0.44364583333333335 0.6377099609375 0.04344401041666667 0.03427734375
1 0.3633854166666666 0.4986181640625 0.05321614583333333 0.0204150390625
1 0.23927734374999998 0.4984619140625 0.045501302083333334 0.033515625
1 0.24943359375 0.4859716796875 0.04712239583333333 0.0341259765625
1 0.26771484375 0.5182666015625 0.03574869791666666 0.038388671875
1 0.2983854166666667 0.532587890625 0.05402994791666666 0.0219384765625
1 0.30854166666666666 0.5202490234375 0.05565755208333333 0.021025390625
