1 0.3466796875 0.438720703125 0.0439453125 0.04046875
1 0.3870442708333333 0.498291015625 0.043541666666666666 0.0379052734375
1 0.3811848958333333 0.438720703125 0.0224609375 0.0423876953125
1 0.4342447916666667 0.463134765625 0.05708984375 0.0267626953125
1 0.4462890625 0.474365234375 0.05423828125 0.0252685546875
1 0.5559895833333334 0.420654296875 0.049192708333333335 0.03265625
1 0.3463541666666667 0.41357421875 0.05195963541666667 0.0296484375
1 0.656953125 0.439453125 0.059029947916666665 0.018095703125
1 0.5992838541666666 0.409423828125 0.02580078125 0.0431201171875
1 0.3841145833333333 0.73095703125 0.05098307291666667 0.0305615234375
1 0.4313151041666667 0.5673828125 0.052571614583333336 0.0248876953125
1 0.685546875 0.5947265625 0.05395833333333333 0.031435546875
1 0.6243489583333334 0.41552734375 0.0223828125 0.0430322265625
1 0.44482421875 0.4920263671875 0.0552734375 0.01673828125
1 0.4176953125 0.67431640625 0.044628906249999996 0.0364990234375
1 0.3538411458333333 0.7119140625 0.05005208333333333 0.0325341796875
1 0.5598958333333334 0.403564453125 0.05098307291666667 0.0285498046875
1 0.3240559895833333 0.3267822265625 0.05322265625 0.02818359375
1 0.6305338541666666 0.478271484375 0.05033203125 0.0325341796875
1 0.3279622395833333 0.308876953125 0.055338541666666664 0.02732421875
1 0.501953125 0.4169921875 0.0405859375 0.0391845703125
1 0.33240885416666666 0.376259765625 0.04513671875 0.0352880859375
1 0.671875 0.40771484375 0.05517578125 0.028017578125
1 0.7005208333333334 0.410888671875 0.054361979166666664 0.0352197265625
1 0.4248046875 0.4345703125 0.048463541666666665 0.03705078125
1 0.658203125 0.5009765625 0.0448828125 0.0348193359375
1 0.6316731770833334 0.579345703125 0.04663411458333333 0.0391552734375
1 0.5068359375 0.43896484375 0.04067057291666667 0.0389697265625
1 0.6041666666666666 0.461181640625 0.04614583333333333 0.03662109375
1 0.3951822916666667 0.397666015625 0.021627604166666665 0.0413037109375
1 0.6077473958333334 0.5810546875 0.0405078125 0.0381787109375
1 0.4983723958333333 0.6650390625 0.041666666666666664 0.0379052734375
1 0.3528645833333333 0.3447265625 0.04764973958333333 0.0315576171875
1 0.40234375 0.6591796875 0.030110677083333332 0.04345703125
1 0.3170572916666667 0.3505859375 0.052369791666666665 0.018984375
1 0.3798828125 0.6630859375 0.029153645833333335 0.0416259765625
1 0.4557291666666667 0.68310546875 0.03741536458333333 0.0381787109375
1 0.4436848958333333 0.556640625 0.052083333333333336 0.0245654296875
1 0.400390625 0.454833984375 0.03493489583333333 0.03955078125
1 0.5452473958333334 0.439453125 0.03877604166666667 0.04046875
1 0.39453125 0.52783203125 0.030234374999999997 0.0426318359375
1 0.46451171875 0.5159912109375 0.039850260416666665 0.0389501953125
1 0.6630859375 0.5703125 0.053059895833333336 0.0227978515625
1 0.4114583333333333 0.374267578125 0.039674479166666665 0.042021484375
1 0.5234375 0.4716796875 0.032063802083333336 0.04248046875
1 0.3932291666666667 0.76025390625 0.052167968749999995 0.0277392578125
1 0.45703125 0.6611328125 0.03857421875 0.0350048828125
1 0.6686197916666666 0.54345703125 0.05005208333333333 0.0348193359375
1 0.5322265625 0.489990234375 0.03428385416666666 0.0403125
1 0.4287109375 0.5302734375 0.04642578125 0.0312060546875
1 0.6741536458333334 0.3878564453125 0.056516927083333335 0.0304248046875
1 0.638671875 0.5439453125 0.05033203125 0.0325341796875
1 0.373046875 0.335693359375 0.04830078125 0.0373828125
1 0.6526692708333334 0.363037109375 0.056516927083333335 0.028486328125
1 0.4244791666666667 0.51025390625 0.04809895833333333 0.026064453125
1 0.4280598958333333 0.70849609375 0.042317708333333336 0.0341796875
1 0.55419921875 0.3826513671875 0.055787760416666665 0.030224609375
1 0.4169921875 0.5771484375 0.054772135416666666 0.0246142578125
1 0.6575520833333334 0.333984375 0.055585937499999995 0.0294189453125
1 0.5990104166666667 0.371337890625 0.03954427083333333 0.0406201171875
1 0.7643229166666666 0.67431640625 0.056764322916666665 0.0237744140625
1 0.5904947916666666 0.59326171875 0.035807291666666664 0.0389697265625
1 0.716796875 0.64599609375 0.024720052083333333 0.0420849609375
1 0.3675130208333333 0.640625 0.051191406249999995 0.0256201171875
1 0.5983072916666666 0.34326171875 0.05591145833333333 0.02044921875
1 0.3642578125 0.45751953125 0.02272786458333333 0.0408349609375
1 0.658203125 0.61083984375 0.05444661458333333 0.01751953125
1 0.5934244791666666 0.50634765625 0.030579427083333333 0.0416259765625
1 0.7819010416666666 0.662109375 0.060709635416666664 0.02365234375
1 0.65673828125 0.45458984375 0.0566015625 0.0160986328125
1 0.5341796875 0.685546875 0.025553385416666668 0.041533203125
1 0.7337239583333334 0.431884765625 0.05098307291666667 0.035673828125
1 0.7643229166666666 0.6376953125 0.058268229166666664 0.018095703125
1 0.6595052083333334 0.378662109375 0.055299479166666665 0.0290380859375
1 0.4609375 0.6396484375 0.048014322916666664 0.035673828125
1 0.31635416666666666 0.2962646484375 0.05299479166666667 0.027529296875
1 0.541015625 0.7275390625 0.03000651041666667 0.0439453125
1 0.7727864583333334 0.623046875 0.05912109375 0.0173046875
1 0.6751302083333334 0.2374267578125 0.052083333333333336 0.0382373046875
1 0.6227213541666666 0.2432861328125 0.05033203125 0.0348828125
1 0.5511067708333334 0.272705078125 0.028014322916666667 0.04443359375
1 0.6423046875 0.4908056640625 0.04666015625 0.0343408203125
1 0.35546875 0.7895068359375 0.02317057291666667 0.0440283203125
1 0.37565755208333335 0.719130859375 0.05283854166666666 0.0312158203125
1 0.4214583333333333 0.693046875 0.0461328125 0.03623046875
1 0.3910677083333333 0.7455615234375 0.051562500000000004 0.0289013671875
1 0.4789908854166667 0.5273681640625 0.04396484375 0.0378564453125
1 0.35035807291666665 0.3826513671875 0.04396484375 0.0366357421875
1 0.376953125 0.3808203125 0.03853515625 0.0394873046875
1 0.567734375 0.3722705078125 0.04993489583333333 0.032158203125
