1 0.63638671875 0.9202734375 0.0386328125 0.0686181640625
1 0.5977604166666667 0.921796875 0.036595052083333336 0.0686181640625
1 0.59318359375 0.7803662109375 0.03354817708333333 0.0648095703125
1 0.592421875 0.70314453125 0.07873697916666667 0.03857421875
1 0.6267057291666667 0.6912353515625 0.08127604166666667 0.03857421875
1 0.62099609375 0.6657568359375 0.08000651041666666 0.0352392578125
1 0.6432161458333333 0.6500439453125 0.08508463541666667 0.0333349609375
1 0.6216276041666667 0.6157568359375 0.07619791666666667 0.044765625
1 0.333671875 0.792197265625 0.07682942708333333 0.034765625
1 0.25748046875 0.7891015625 0.07429036458333334 0.038095703125
1 0.25811197916666667 0.767431640625 0.07429036458333334 0.034765625
1 0.24033203125 0.7240966796875 0.04254557291666666 0.0576220703125
1 0.2717643229166667 0.7310009765625 0.03936848958333333 0.0600048828125
1 0.3412955729166667 0.76314453125 0.07048177083333333 0.044287109375
1 0.32382812499999997 0.746240234375 0.0673046875 0.046669921875
1 0.31906901041666663 0.721953125 0.06794270833333334 0.04857421875
1 0.31049479166666666 0.6990966796875 0.06349609375 0.0514306640625
1 0.2635091145833333 0.669091796875 0.06476562500000001 0.0523828125
1 0.2654166666666667 0.618134765625 0.054609374999999995 0.0533349609375
1 0.35494140625000004 0.6064697265625 0.04063802083333334 0.0576220703125
1 0.4127278645833334 0.604326171875 0.08127604166666667 0.024765625
1 0.5006705729166666 0.5755126953125 0.07809895833333333 0.024287109375
1 0.4955859375 0.5543212890625 0.07936848958333333 0.0228564453125
1 0.51146484375 0.533369140625 0.07936848958333333 0.0228564453125
1 0.5371809895833334 0.4905078125 0.04571614583333333 0.059052734375
1 0.5086067708333334 0.49408203125 0.04571614583333333 0.05857421875
1 0.47908203125 0.4933642578125 0.04254557291666666 0.0581005859375
1 0.45590494791666664 0.5055078125 0.03936848958333333 0.0595263671875
1 0.40288411458333334 0.5000341796875 0.07936848958333333 0.030478515625
1 0.4073307291666666 0.52265625 0.07936848958333333 0.0290478515625
1 0.39113932291666664 0.5397998046875 0.07873697916666667 0.02619140625
1 0.3955794270833333 0.5617041015625 0.08127604166666667 0.024287109375
1 0.39748697916666664 0.5833740234375 0.08127604166666667 0.0228564453125
1 0.33811848958333335 0.551943359375 0.03111328125 0.0581005859375
1 0.6355989583333334 0.3719287109375 0.041907552083333334 0.0619091796875
1 0.6127408854166666 0.39216796875 0.04063802083333334 0.0623828125
1 0.5546419270833333 0.387646484375 0.07682942708333333 0.0323828125
1 0.572421875 0.360498046875 0.07936848958333333 0.03619140625
1 0.4847916666666667 0.30001953125 0.06794270833333334 0.04857421875
1 0.4854296875 0.339072265625 0.05397135416666667 0.059052734375
1 0.45653645833333334 0.342880859375 0.048255208333333334 0.0581005859375
1 0.44161458333333337 0.3659765625 0.05270182291666667 0.0595263671875
1 0.4254231770833334 0.3114501953125 0.0571484375 0.059052734375
1 0.44384114583333334 0.43455078125 0.07619791666666667 0.0395263671875
1 0.40701171875 0.443837890625 0.07492838541666667 0.0371435546875
1 0.3901822916666667 0.471220703125 0.07809895833333333 0.024287109375
1 0.35716796875 0.43431640625 0.032382812500000004 0.0600048828125
1 0.3270052083333333 0.442646484375 0.03302083333333333 0.060478515625
1 0.2635091145833333 0.4476513671875 0.06349609375 0.0514306640625
1 0.2422395833333333 0.45693359375 0.06540364583333333 0.05095703125
1 0.23176432291666668 0.47908203125 0.0673046875 0.0495263671875
1 0.19207682291666664 0.4205029296875 0.04 0.0600048828125
1 0.24065104166666665 0.4116943359375 0.07746744791666667 0.024287109375
1 0.25493489583333334 0.39216796875 0.07936848958333333 0.0271435546875
1 0.26700520833333335 0.3705029296875 0.08063802083333334 0.0295263671875
1 0.28446614583333335 0.3433544921875 0.0673046875 0.0457177734375
1 0.30065755208333333 0.3271630859375 0.06921223958333333 0.0476220703125
1 0.32160807291666665 0.3128759765625 0.07048177083333333 0.0476220703125
1 0.33716796875 0.2962109375 0.07111328125000001 0.050478515625
1 0.27081380208333333 0.2935888671875 0.06667317708333333 0.0519091796875
