1 0.7330729166666666 0.400146484375 0.06001953125 0.0544140625
1 0.484375 0.399169921875 0.07678385416666667 0.0372607421875
1 0.7734375 0.3994140625 0.06763020833333333 0.05251953125
1 0.7044270833333334 0.48388671875 0.07723307291666666 0.026611328125
1 0.6666666666666666 0.44189453125 0.07291666666666667 0.0295849609375
1 0.6653645833333334 0.420166015625 0.07597005208333334 0.029755859375
1 0.40562499999999996 0.425537109375 0.07869140625 0.0229345703125
1 0.3019205729166667 0.50537109375 0.07666015625 0.0257568359375
1 0.4013671875 0.453369140625 0.07108723958333334 0.0355517578125
1 0.5162760416666666 0.45166015625 0.04667317708333333 0.0551171875
1 0.5789973958333333 0.3419091796875 0.03173828125 0.06158203125
1 0.7266080729166666 0.446533203125 0.05617838541666667 0.055419921875
1 0.5751953125 0.55859375 0.04764973958333333 0.052919921875
1 0.4593098958333333 0.43310546875 0.07108723958333334 0.041474609375
1 0.5908203125 0.4287109375 0.07291666666666667 0.0256640625
1 0.5032552083333334 0.373046875 0.072265625 0.0348828125
1 0.6048177083333334 0.5595703125 0.04732421875 0.052431640625
1 0.5328776041666666 0.42041015625 0.03989583333333333 0.0552978515625
1 0.6083984375 0.4697265625 0.07751302083333333 0.0365625
1 0.625 0.51220703125 0.055585937499999995 0.0545947265625
1 0.6145833333333334 0.369873046875 0.04067057291666667 0.0589892578125
1 0.5908203125 0.5126953125 0.05904296875 0.05203125
1 0.6442057291666666 0.57666015625 0.029765625 0.0562451171875
1 0.8040364583333334 0.427734375 0.08374348958333333 0.0225830078125
1 0.3369140625 0.430908203125 0.05591145833333333 0.0511767578125
1 0.5520377604166666 0.3476953125 0.03455729166666666 0.062978515625
1 0.3336588541666667 0.61572265625 0.06709635416666666 0.043701171875
1 0.2955729166666667 0.69287109375 0.07568359375 0.0281689453125
1 0.7167447916666667 0.3808203125 0.0588671875 0.0553271484375
1 0.6254622395833334 0.4543017578125 0.07728515625 0.03591796875
