1 0.7428385416666666 0.177001953125 0.0634765625 0.0523388671875
1 0.8274739583333334 0.1964111328125 0.05025390625 0.0579248046875
1 0.8365885416666666 0.2587890625 0.08027994791666666 0.027587890625
1 0.5118815104166666 0.643603515625 0.061484375 0.047392578125
1 0.830078125 0.367919921875 0.06298828125 0.0509033203125
1 0.4568098958333333 0.6576220703125 0.06429036458333333 0.0468115234375
1 0.64408203125 0.4941845703125 0.07458333333333333 0.030625
1 0.6533203125 0.556640625 0.07539713541666666 0.027587890625
1 0.515625 0.68115234375 0.07238932291666667 0.0284423828125
1 0.2965494791666667 0.62109375 0.07267578125 0.0215771484375
1 0.17838541666666666 0.447265625 0.04321614583333333 0.055419921875
1 0.30078125 0.16162109375 0.02938151041666667 0.05685546875
1 0.24446614583333334 0.368408203125 0.056236979166666666 0.045869140625
1 0.45845703125000004 0.5361328125 0.062174479166666664 0.0445849609375
1 0.19661458333333334 0.75146484375 0.07893880208333333 0.023955078125
1 0.810546875 0.2337646484375 0.0770703125 0.030625
1 0.7068684895833334 0.6030859375 0.06750651041666667 0.044189453125
1 0.16107421875 0.474228515625 0.03924479166666667 0.0562744140625
1 0.171875 0.529296875 0.035807291666666664 0.0551171875
1 0.23388671875 0.52685546875 0.051881510416666665 0.0526123046875
1 0.23828125 0.477294921875 0.05859375 0.049501953125
1 0.19514973958333334 0.7021484375 0.06404947916666666 0.0437646484375
1 0.6544010416666667 0.375078125 0.07597005208333334 0.034697265625
1 0.22379557291666666 0.458251953125 0.054563802083333335 0.04681640625
1 0.7287174479166666 0.67662109375 0.0526953125 0.05376953125
1 0.8697916666666666 0.39111328125 0.053346354166666665 0.05419921875
1 0.4473697916666666 0.5817236328125 0.06803385416666667 0.0386328125
1 0.5485026041666666 0.59912109375 0.06966145833333333 0.020888671875
1 0.15087890625 0.806640625 0.07161458333333333 0.029755859375
1 0.6468098958333334 0.57666015625 0.07373046875 0.027373046875
1 0.6151106770833333 0.6579736328125 0.0771484375 0.0232568359375
1 0.5126953125 0.411376953125 0.07678385416666667 0.0231005859375
1 0.2594401041666667 0.49267578125 0.05147135416666667 0.049775390625
1 0.23502604166666666 0.70263671875 0.06392578125 0.042236328125
1 0.30078125 0.343994140625 0.061484375 0.052705078125
1 0.2578125 0.736328125 0.044798177083333335 0.05154296875
1 0.6319401041666667 0.6970361328125 0.07649739583333333 0.0218212890625
1 0.3001302083333333 0.6787109375 0.03944661458333334 0.0526123046875
1 0.3981119791666667 0.6337890625 0.043294270833333336 0.0533154296875
1 0.6375716145833333 0.51708984375 0.07527994791666666 0.0252685546875
1 0.12442708333333334 0.730146484375 0.06274088541666667 0.047578125
1 0.28125 0.393310546875 0.06575520833333333 0.0439453125
1 0.3068033854166667 0.5078125 0.07430338541666666 0.03271484375
1 0.6337890625 0.5380859375 0.07332682291666666 0.02546875
1 0.55615234375 0.577958984375 0.07670572916666667 0.022080078125
1 0.4202473958333333 0.423583984375 0.06278645833333334 0.0484912109375
1 0.2908528645833333 0.64013671875 0.07080078125 0.021162109375
1 0.205078125 0.79150390625 0.07348958333333333 0.02302734375
1 0.19222005208333334 0.416015625 0.071328125 0.042177734375
1 0.20524088541666666 0.73388671875 0.071328125 0.0232373046875
1 0.6451822916666666 0.339599609375 0.05537760416666667 0.050810546875
1 0.74609375 0.85546875 0.071328125 0.044921875
1 0.39679036458333333 0.703671875 0.056803385416666664 0.0528564453125
1 0.8177083333333334 0.393798828125 0.054772135416666666 0.055205078125
1 0.755859375 0.39404296875 0.07649739583333333 0.026064453125
1 0.31809244791666663 0.53173828125 0.07177734375 0.029921875
1 0.13289713541666667 0.76318359375 0.07186197916666666 0.0322900390625
1 0.29736328125 0.3740234375 0.06001953125 0.0494091796875
1 0.7623697916666666 0.80517578125 0.07389322916666667 0.0406201171875
1 0.7768359375 0.53466796875 0.07857421875 0.0217431640625
1 0.20589192708333334 0.77197265625 0.07307942708333333 0.0225048828125
1 0.5120442708333334 0.473388671875 0.03560546875 0.0582275390625
1 0.55859375 0.4873046875 0.036497395833333335 0.0535888671875
1 0.4723307291666667 0.46240234375 0.060143229166666666 0.0442822265625
1 0.78125 0.205078125 0.06465494791666666 0.050048828125
1 0.7161458333333334 0.33091796875 0.056230468750000005 0.05392578125
1 0.3743489583333333 0.447265625 0.057701822916666666 0.050048828125
1 0.6783854166666666 0.39111328125 0.07360677083333333 0.0261083984375
1 0.3841145833333333 0.68408203125 0.05025390625 0.0509033203125
1 0.2594401041666667 0.66525390625 0.05326171875 0.05203125
1 0.7311197916666666 0.8154296875 0.071328125 0.0420849609375
1 0.6349283854166666 0.676298828125 0.07702473958333333 0.0229052734375
1 0.21162760416666668 0.3974609375 0.07291666666666667 0.0309619140625
1 0.19435546874999998 0.509248046875 0.034342447916666664 0.0562744140625
1 0.12052734375 0.77978515625 0.074140625 0.0303369140625
1 0.365234375 0.603515625 0.06404947916666666 0.0341796875
1 0.6510416666666666 0.285400390625 0.07723307291666666 0.0291455078125
1 0.5500065104166666 0.5595703125 0.07409505208333333 0.0213623046875
1 0.11881510416666667 0.6806640625 0.05879557291666667 0.049501953125
1 0.7721354166666666 0.7646484375 0.07637369791666666 0.0413818359375
1 0.29956380208333333 0.7530078125 0.057291666666666664 0.051943359375
1 0.8346354166666666 0.45654296875 0.043541666666666666 0.05419921875
1 0.3424479166666667 0.74560546875 0.03350911458333333 0.057802734375
1 0.28125 0.58642578125 0.06848307291666667 0.0368359375
1 0.5869140625 0.6127001953125 0.0625390625 0.0440087890625
1 0.2980143229166667 0.718916015625 0.055091145833333334 0.0518798828125
1 0.7975260416666666 0.431396484375 0.04223958333333333 0.0569775390625
1 0.3639322916666667 0.568359375 0.034016927083333336 0.0533154296875
1 0.7875390625 0.591796875 0.06107421875 0.053984375
1 0.21761067708333334 0.335205078125 0.06600260416666666 0.0398583984375
1 0.3346354166666667 0.57177734375 0.028704427083333334 0.0546875
1 0.22607421875 0.55517578125 0.06429036458333333 0.0416259765625
1 0.68359375 0.33251953125 0.05347005208333333 0.049775390625
1 0.2578125 0.43212890625 0.06575520833333333 0.0447705078125
1 0.2869466145833333 0.7724609375 0.054036458333333336 0.050322265625
1 0.6130598958333333 0.63720703125 0.07763671875 0.021455078125
1 0.7389322916666666 0.42041015625 0.073203125 0.03607421875
1 0.7454427083333334 0.2724609375 0.07735026041666666 0.0247021484375
1 0.18229166666666666 0.3720703125 0.07597005208333334 0.030380859375
1 0.1865234375 0.671875 0.04634765625 0.053984375
1 0.3248697916666667 0.677734375 0.03886067708333333 0.0521240234375
1 0.3564453125 0.6396484375 0.044029947916666666 0.052431640625
1 0.48999348958333333 0.7046484375 0.07621744791666667 0.026748046875
1 0.3528645833333333 0.173583984375 0.0317578125 0.056640625
1 0.2644856770833333 0.78955078125 0.042402343749999995 0.053984375
1 0.7395833333333334 0.25244140625 0.07430338541666666 0.0243359375
1 0.6389973958333334 0.60400390625 0.056315104166666664 0.0450146484375
1 0.7024739583333334 0.72119140625 0.06966145833333333 0.0393359375
1 0.6985677083333334 0.82666015625 0.06660807291666666 0.0472412109375
1 0.625 0.72021484375 0.07307942708333333 0.0232373046875
1 0.2698567708333333 0.53515625 0.03029296875 0.05251953125
1 0.4969075520833333 0.43142578125 0.07503255208333333 0.021865234375
1 0.7044270833333334 0.666015625 0.050130208333333336 0.052431640625
1 0.3668619791666667 0.666015625 0.048828125 0.0530078125
1 0.4215494791666667 0.396484375 0.06901041666666667 0.04296875
1 0.7571614583333334 0.693359375 0.03533854166666667 0.0589013671875
1 0.15649739583333333 0.67529296875 0.044108072916666664 0.0531005859375
1 0.24837239583333334 0.144287109375 0.027727864583333334 0.0584423828125
1 0.75486328125 0.3580322265625 0.06380208333333333 0.0535302734375
1 0.7630208333333334 0.64013671875 0.0780859375 0.024091796875
1 0.5983072916666666 0.77734375 0.07197916666666666 0.0397021484375
1 0.23486328125 0.83544921875 0.06913411458333334 0.041474609375
1 0.21809895833333334 0.8154296875 0.0751171875 0.03607421875
1 0.6822916666666666 0.4111328125 0.07279296875 0.0266552734375
1 0.5579427083333334 0.69189453125 0.05859375 0.0475146484375
1 0.2731119791666667 0.1754150390625 0.027792968749999997 0.056640625
1 0.7630208333333334 0.7373046875 0.07666015625 0.034365234375
1 0.7083333333333334 0.22119140625 0.06404947916666666 0.0467236328125
1 0.5857161458333333 0.4873974609375 0.03416015625 0.0560302734375
1 0.21110026041666666 0.57275390625 0.071328125 0.0384521484375
1 0.736328125 0.77099609375 0.06978515625 0.0393359375
1 0.8509114583333334 0.34619140625 0.07360677083333333 0.04248046875
1 0.7928059895833334 0.468291015625 0.07279296875 0.0440673828125
1 0.79296875 0.51513671875 0.07938802083333334 0.02232421875
1 0.6204427083333334 0.76025390625 0.06966145833333333 0.041533203125
1 0.81640625 0.5556640625 0.0780859375 0.0225048828125
1 0.4495833333333333 0.5584130859375 0.06652994791666667 0.043671875
1 0.7415364583333334 0.5712890625 0.0605859375 0.051455078125
1 0.5514322916666666 0.82080078125 0.07955078125 0.02400390625
1 0.3238932291666667 0.1781005859375 0.028645833333333332 0.0574951171875
1 0.6630859375 0.302490234375 0.07279296875 0.030107421875
1 0.6555989583333334 0.8251953125 0.03777994791666667 0.058134765625
1 0.4749348958333333 0.4986572265625 0.03849609375 0.05447265625
1 0.19954427083333334 0.16259765625 0.0751171875 0.02365234375
1 0.6940104166666666 0.4912109375 0.028157552083333332 0.0559375
1 0.3782552083333333 0.1563720703125 0.02921875 0.058564453125
1 0.3548177083333333 0.77978515625 0.06286458333333333 0.04708984375
1 0.13688151041666666 0.64599609375 0.0712109375 0.0348828125
1 0.5478515625 0.783203125 0.05395833333333333 0.0518505859375
1 0.72265625 0.4921875 0.028483072916666668 0.0570703125
1 0.19254557291666666 0.35400390625 0.06966145833333333 0.0308544921875
1 0.3971354166666667 0.52685546875 0.0278515625 0.0548095703125
1 0.18896484375 0.3046875 0.07002604166666666 0.0393359375
1 0.19661458333333334 0.191162109375 0.07145182291666667 0.0379052734375
1 0.5562760416666667 0.5386328125 0.0750390625 0.0222802734375
1 0.53125 0.48876953125 0.036640625 0.0552099609375
1 0.2431640625 0.1939697265625 0.04544921875 0.0528271484375
1 0.2890625 0.278076171875 0.054361979166666664 0.052705078125
1 0.7111197916666666 0.897109375 0.0478125 0.062529296875
1 0.4723307291666667 0.336669921875 0.07360677083333333 0.036162109375
1 0.6572265625 0.21728515625 0.035078125 0.0584423828125
1 0.7543229166666667 0.877119140625 0.06899088541666666 0.0471630859375
1 0.42279947916666666 0.70837890625 0.05311848958333334 0.0567822265625
1 0.6853320312500001 0.59138671875 0.06166666666666667 0.04533203125
1 0.7155533854166666 0.625498046875 0.07204427083333333 0.044873046875
1 0.14317057291666666 0.7175390625 0.05922526041666667 0.05037109375
1 0.46004557291666665 0.63671875 0.06654947916666666 0.0425830078125
1 0.5293424479166667 0.629619140625 0.0659375 0.044873046875
1 0.43806640625 0.6010009765625 0.06776692708333333 0.0380078125
1 0.49301432291666664 0.583828125 0.03235677083333333 0.0595263671875
1 0.5012565104166666 0.5238427734375 0.029303385416666664 0.0558642578125
1 0.7769140625 0.48583984375 0.07509765624999999 0.0402978515625
1 0.39501953125 0.4352392578125 0.05738932291666667 0.0480810546875
1 0.2765755208333333 0.418984375 0.0610546875 0.0467041015625
1 0.23811197916666668 0.32328125 0.06716145833333333 0.0402978515625
1 0.3138216145833333 0.3264892578125 0.05983072916666667 0.0476220703125
1 0.72318359375 0.3548779296875 0.06410807291666666 0.0512841796875
1 0.7121940104166667 0.172861328125 0.06410807291666666 0.0517431640625
1 0.7586002604166667 0.193466796875 0.06899088541666666 0.0526611328125
1 0.8501822916666667 0.202392578125 0.054335937499999994 0.0567822265625
