1 0.7630208333333334 0.26220703125 0.057291666666666664 0.0567626953125
1 0.6798763020833333 0.2896923828125 0.0717578125 0.0392236328125
1 0.4326171875 0.4736328125 0.07043619791666667 0.0309619140625
1 0.36835286458333333 0.4738232421875 0.06502604166666666 0.0445263671875
1 0.2953645833333333 0.3564453125 0.07447265625 0.026962890625
1 0.572265625 0.40478515625 0.06416666666666666 0.04443359375
1 0.3499348958333333 0.40966796875 0.0644140625 0.0438525390625
1 0.22681640625 0.3414794921875 0.06763020833333333 0.035400390625
1 0.767578125 0.33056640625 0.0770703125 0.0257568359375
1 0.6816536458333333 0.614736328125 0.06748046875000001 0.04353515625
1 0.4847005208333333 0.4775390625 0.06526692708333333 0.0325927734375
1 0.2972916666666667 0.333984375 0.07358072916666666 0.022294921875
1 0.5514713541666666 0.4507568359375 0.07454427083333333 0.031201171875
1 0.32177734375 0.48486328125 0.05244791666666667 0.0494091796875
1 0.2623111979166667 0.314453125 0.07436197916666666 0.02232421875
1 0.6656901041666666 0.54541015625 0.06966145833333333 0.0386962890625
1 0.6829427083333334 0.266357421875 0.07267578125 0.0347607421875
1 0.36958984375000004 0.4997509765625 0.05912760416666666 0.0445849609375
1 0.4345703125 0.432861328125 0.07214192708333333 0.0300439453125
1 0.74609375 0.3095703125 0.07186197916666666 0.0348828125
1 0.6073502604166666 0.604541015625 0.07002604166666666 0.0409619140625
1 0.16430989583333333 0.319580078125 0.07197916666666666 0.029375
1 0.6077473958333334 0.73974609375 0.045045572916666665 0.0559375
1 0.419921875 0.414794921875 0.07279296875 0.0267041015625
1 0.17922526041666667 0.289306640625 0.07278645833333333 0.0242333984375
1 0.18776692708333334 0.33349609375 0.07043619791666667 0.0327783203125
1 0.7408854166666666 0.5947265625 0.028157552083333332 0.0586376953125
1 0.7010416666666667 0.2389111328125 0.07555338541666666 0.034990234375
1 0.5126171875 0.49755859375 0.07954427083333333 0.023466796875
1 0.32197916666666665 0.5189453125 0.06587239583333333 0.0422900390625
1 0.5387369791666666 0.42236328125 0.06966145833333333 0.02970703125
1 0.5543619791666666 0.5576171875 0.06990885416666666 0.0322265625
1 0.10132161458333333 0.33984375 0.07348958333333333 0.022158203125
1 0.4355598958333333 0.453203125 0.07291666666666667 0.032412109375
1 0.44772786458333336 0.5037158203125 0.07025390625 0.0328955078125
1 0.701171875 0.435546875 0.058027343749999995 0.05224609375
1 0.4986653645833334 0.447861328125 0.06829427083333334 0.0429736328125
1 0.7144205729166666 0.5451416015625 0.037096354166666665 0.05943359375
1 0.5166015625 0.5751953125 0.043053385416666666 0.05154296875
1 0.4791666666666667 0.414794921875 0.055501302083333336 0.0469970703125
1 0.4150390625 0.39453125 0.07499348958333334 0.030732421875
1 0.353046875 0.379130859375 0.057493489583333335 0.0470556640625
1 0.10953776041666667 0.30498046875 0.07361328125 0.030361328125
1 0.4358723958333333 0.58544921875 0.07291666666666667 0.021943359375
1 0.3802083333333333 0.5771484375 0.028990885416666667 0.0537109375
1 0.681640625 0.494140625 0.04074869791666667 0.055419921875
1 0.31186197916666664 0.3791455078125 0.06913411458333334 0.04177734375
1 0.23899739583333335 0.2910107421875 0.06835286458333333 0.044912109375
1 0.6117447916666666 0.4540478515625 0.05458984375 0.0510693359375
1 0.32912109375 0.444169921875 0.07125651041666667 0.035009765625
1 0.5305989583333334 0.379150390625 0.03540364583333334 0.0551171875
1 0.5557552083333334 0.480458984375 0.06996744791666666 0.0355078125
1 0.6471158854166666 0.5813623046875 0.07107421875 0.042060546875
1 0.6529947916666666 0.497802734375 0.038209635416666665 0.05490234375
1 0.20143880208333334 0.2680908203125 0.07516276041666667 0.02390625
1 0.7390950520833334 0.526787109375 0.04299479166666667 0.0569921875
1 0.7701822916666666 0.58349609375 0.03916666666666666 0.0582275390625
1 0.654296875 0.4153369140625 0.03684244791666667 0.0552783203125
1 0.3346354166666667 0.5576171875 0.0692578125 0.0266552734375
1 0.6617838541666666 0.81982421875 0.06799479166666667 0.0406787109375
1 0.4580078125 0.607421875 0.072265625 0.02267578125
1 0.7037760416666666 0.216064453125 0.07527994791666666 0.033662109375
1 0.2646484375 0.477294921875 0.06360026041666667 0.041533203125
1 0.6901692708333332 0.5767578125 0.07317708333333334 0.040732421875
1 0.7942708333333334 0.29248046875 0.051679687499999995 0.0551171875
1 0.5377604166666666 0.51513671875 0.07267578125 0.02267578125
1 0.7044270833333334 0.473388671875 0.051191406249999995 0.048583984375
1 0.49435546875 0.5836572265625 0.0483984375 0.0527490234375
1 0.6039453124999999 0.482744140625 0.05537760416666667 0.0525390625
1 0.5016276041666666 0.69580078125 0.029095052083333333 0.0589892578125
1 0.4378255208333333 0.6279296875 0.07332682291666666 0.024384765625
1 0.609375 0.321044921875 0.03835286458333333 0.0560302734375
1 0.4801432291666667 0.38671875 0.058678385416666666 0.0398583984375
1 0.5836458333333333 0.52595703125 0.05856119791666667 0.04875
1 0.4905598958333333 0.3369140625 0.0634765625 0.0440087890625
1 0.431640625 0.56591796875 0.07067708333333333 0.020888671875
1 0.4352213541666667 0.350830078125 0.07002604166666666 0.0452587890625
1 0.09513671875 0.288330078125 0.07055989583333333 0.0333251953125
1 0.4847005208333333 0.362060546875 0.055703125 0.0401025390625
1 0.3505859375 0.322509765625 0.06978515625 0.0315576171875
1 0.5641276041666666 0.86279296875 0.07597005208333334 0.0281689453125
1 0.7141927083333334 0.802734375 0.04128255208333333 0.0574951171875
1 0.5758463541666666 0.5849609375 0.07145182291666667 0.0215771484375
1 0.20719401041666666 0.152177734375 0.05957682291666667 0.0484033203125
1 0.4300130208333333 0.52734375 0.0751171875 0.0234228515625
1 0.49468098958333334 0.542158203125 0.06964843750000001 0.035400390625
1 0.3655598958333333 0.26806640625 0.07080078125 0.034365234375
1 0.5354817708333334 0.68310546875 0.03989583333333333 0.056337890625
1 0.8157552083333334 0.27490234375 0.05126953125 0.0571923828125
1 0.67328125 0.64208984375 0.07490885416666666 0.0306689453125
1 0.2684244791666667 0.2326123046875 0.0722265625 0.0358203125
1 0.17416015625 0.2308544921875 0.07434895833333334 0.0243408203125
1 0.59765625 0.77099609375 0.05005208333333333 0.05560546875
1 0.4256380208333333 0.545869140625 0.0733203125 0.021728515625
1 0.19126953125 0.1969287109375 0.05837239583333333 0.0484912109375
1 0.25749348958333335 0.21494140625 0.071328125 0.0350048828125
1 0.3528645833333333 0.59130859375 0.027630208333333333 0.0545068359375
1 0.4088541666666667 0.90966796875 0.07291666666666667 0.0302734375
1 0.6217447916666666 0.273681640625 0.049765625 0.053408203125
1 0.7421875 0.35888671875 0.0751171875 0.038603515625
1 0.34735026041666667 0.284755859375 0.07238932291666667 0.03767578125
1 0.759765625 0.2095947265625 0.051679687499999995 0.051943359375
1 0.3495182291666667 0.2423193359375 0.07354166666666666 0.0326220703125
1 0.6664322916666666 0.6669921875 0.07871744791666667 0.030107421875
1 0.28173828125 0.185791015625 0.06823567708333333 0.0377490234375
1 0.693359375 0.7509765625 0.04005859375 0.0564599609375
1 0.6673177083333334 0.347900390625 0.07145182291666667 0.0357373046875
1 0.6979166666666666 0.33740234375 0.07307942708333333 0.0374755859375
1 0.2960611979166667 0.266357421875 0.059244791666666664 0.03759765625
1 0.7473958333333334 0.87451171875 0.07238932291666667 0.0376904296875
1 0.244140625 0.16291015625 0.07091796875 0.0367236328125
1 0.19219401041666664 0.2498779296875 0.07442057291666666 0.0244482421875
1 0.5628255208333334 0.81103515625 0.059446614583333335 0.05072265625
1 0.3642578125 0.8505859375 0.043541666666666666 0.0562451171875
1 0.15559895833333334 0.1938037109375 0.06120442708333334 0.0465185546875
1 0.5530598958333334 0.71337890625 0.059694010416666665 0.0484912109375
1 0.7421875 0.85107421875 0.07552083333333333 0.0420849609375
1 0.77734375 0.81640625 0.05326171875 0.056640625
1 0.6666666666666666 0.8837890625 0.04809895833333333 0.057802734375
1 0.6656901041666666 0.77572265625 0.03251302083333333 0.060517578125
1 0.6263020833333334 0.87060546875 0.0625390625 0.05154296875
1 0.4290364583333333 0.3193359375 0.06888671875 0.0452587890625
1 0.5891927083333334 0.298095703125 0.03908203125 0.056640625
1 0.3955078125 0.8505859375 0.03741536458333333 0.0584423828125
1 0.40625 0.377685546875 0.07609375 0.031923828125
1 0.4469401041666667 0.151123046875 0.0283203125 0.0574951171875
1 0.7903645833333334 0.5550830078125 0.052083333333333336 0.0560302734375
1 0.5322265625 0.88330078125 0.07014973958333333 0.0442822265625
1 0.5021744791666667 0.6272216796875 0.06677083333333333 0.043896484375
1 0.5970052083333334 0.80712890625 0.05904296875 0.04958984375
1 0.2950846354166667 0.58056640625 0.0419921875 0.0526123046875
1 0.3440755208333333 0.86328125 0.048749999999999995 0.055205078125
1 0.16559244791666666 0.3605908203125 0.06680338541666667 0.0399560546875
1 0.2779947916666667 0.4443359375 0.06372395833333333 0.0445849609375
1 0.2506510416666667 0.37939453125 0.047037760416666664 0.0548095703125
1 0.6376888020833333 0.7858056640625 0.034680989583333335 0.058212890625
1 0.2273046875 0.2035986328125 0.06899088541666666 0.0359375
1 0.4039713541666667 0.88818359375 0.07238932291666667 0.027265625
1 0.5185546875 0.74365234375 0.06823567708333333 0.03689453125
1 0.3473307291666667 0.2210693359375 0.07348958333333333 0.0289306640625
1 0.5942838541666667 0.8444091796875 0.07802734374999999 0.0234765625
1 0.2666015625 0.57958984375 0.04005859375 0.0530078125
1 0.10188802083333333 0.230712890625 0.06103515625 0.0440966796875
1 0.30100911458333335 0.29736328125 0.07559244791666667 0.0242333984375
1 0.79296875 0.2088623046875 0.053671875 0.0531005859375
1 0.3074544270833333 0.82958984375 0.0386328125 0.0564599609375
1 0.6673177083333334 0.18701171875 0.06978515625 0.0418408203125
1 0.3260091145833333 0.72802734375 0.03554036458333334 0.0570703125
1 0.818359375 0.85107421875 0.0780859375 0.029375
1 0.13834635416666666 0.25634765625 0.054772135416666666 0.04779296875
1 0.71484375 0.9228515625 0.02902994791666667 0.0623193359375
1 0.5830078125 0.9365234375 0.05244791666666667 0.0580126953125
1 0.7102864583333334 0.6796875 0.073203125 0.031923828125
1 0.3107096354166667 0.1766357421875 0.06990885416666666 0.0426318359375
1 0.7734375 0.373291015625 0.06197265625 0.04904296875
1 0.26806640625 0.1338427734375 0.07291666666666667 0.036357421875
1 0.3551432291666667 0.72900390625 0.03770182291666666 0.0567626953125
1 0.4964192708333333 0.17431640625 0.03153645833333333 0.058349609375
1 0.4723307291666667 0.164794921875 0.030703124999999998 0.057802734375
1 0.3299153645833333 0.884765625 0.051393229166666665 0.056337890625
1 0.2718098958333333 0.113955078125 0.07267578125 0.0335986328125
1 0.2708333333333333 0.81884765625 0.03305989583333333 0.0567626953125
1 0.2451171875 0.8193359375 0.03244791666666667 0.058134765625
1 0.11369140625 0.379638671875 0.06323567708333333 0.045107421875
1 0.6383463541666666 0.69140625 0.07332682291666666 0.0271142578125
1 0.744140625 0.931640625 0.028828125 0.0633544921875
1 0.7302994791666667 0.8332568359375 0.07162109375 0.0435888671875
1 0.6305013020833333 0.6188330078125 0.07162109375 0.04623046875
1 0.2991080729166667 0.5303369140625 0.06633463541666666 0.040068359375
1 0.3824674479166667 0.5191064453125 0.060468749999999995 0.0475537109375
1 0.63314453125 0.4400732421875 0.05224609375 0.0523974609375
1 0.6178776041666666 0.5307763671875 0.060468749999999995 0.0479931640625
1 0.15263671874999998 0.3795361328125 0.06692708333333333 0.0440283203125
1 0.58353515625 0.3861376953125 0.06574869791666667 0.044912109375
1 0.274453125 0.2522900390625 0.06868489583333333 0.03962890625
1 0.14882161458333334 0.1708349609375 0.06281250000000001 0.0493115234375
1 0.19842447916666664 0.1294482421875 0.06457682291666667 0.0484326171875
1 0.6974283854166666 0.197470703125 0.07279296875 0.0391845703125
1 0.7396940104166667 0.2544921875 0.05870442708333334 0.057236328125
1 0.70623046875 0.3016015625 0.07631510416666666 0.036982421875
