1 0.3617057291666667 0.4847412109375 0.06208333333333333 0.0486767578125
1 0.4469401041666667 0.5185546875 0.0576171875 0.051943359375
1 0.3844401041666667 0.53125 0.06197265625 0.0499560546875
1 0.4098307291666667 0.61865234375 0.06298828125 0.0465380859375
1 0.3753255208333333 0.55615234375 0.068359375 0.0409228515625
1 0.4388020833333333 0.45458984375 0.043619791666666664 0.05224609375
1 0.47265625 0.48486328125 0.05326171875 0.052705078125
1 0.3561197916666667 0.387451171875 0.041914062499999995 0.052919921875
1 0.2957356770833333 0.37939453125 0.042317708333333336 0.05560546875
1 0.4345703125 0.54345703125 0.05814453125 0.0496826171875
1 0.33682942708333335 0.44517578125 0.07012369791666666 0.0407666015625
1 0.3243815104166667 0.3779296875 0.0415234375 0.0535888671875
1 0.3756510416666667 0.6005859375 0.07307942708333333 0.02595703125
1 0.7799479166666666 0.53125 0.07145182291666667 0.0411376953125
1 0.3893229166666667 0.91064453125 0.044029947916666666 0.0558154296875
1 0.6797591145833333 0.67919921875 0.06638020833333333 0.0477001953125
1 0.75 0.48046875 0.07197916666666666 0.0447705078125
1 0.6540950520833334 0.65380859375 0.07743489583333334 0.0219140625
1 0.7180989583333334 0.490478515625 0.06888671875 0.0433642578125
1 0.5026041666666666 0.45703125 0.07092447916666667 0.0368359375
1 0.50390625 0.67626953125 0.07014973958333333 0.034697265625
1 0.3250325520833333 0.286865234375 0.07580729166666667 0.0240478515625
1 0.4235026041666667 0.6591796875 0.06709635416666666 0.0408349609375
1 0.5120442708333334 0.49609375 0.048463541666666665 0.05349609375
1 0.4420572916666667 0.623046875 0.055585937499999995 0.0494091796875
1 0.390625 0.3916015625 0.05293619791666667 0.057373046875
1 0.6809895833333334 0.58642578125 0.048828125 0.0528271484375
1 0.7350260416666666 0.60498046875 0.06514322916666666 0.050048828125
1 0.3802083333333333 0.316162109375 0.07625651041666666 0.022294921875
1 0.3792317708333333 0.35107421875 0.06722005208333333 0.03955078125
1 0.3990885416666667 0.43359375 0.054036458333333336 0.0531005859375
1 0.6592122395833333 0.6328125 0.07961588541666667 0.02517578125
1 0.3035481770833333 0.323974609375 0.03005208333333333 0.0580126953125
1 0.4915364583333333 0.63818359375 0.047486979166666665 0.0545068359375
1 0.3541666666666667 0.26318359375 0.06660807291666666 0.042021484375
1 0.3352864583333333 0.53076171875 0.04014322916666666 0.053193359375
1 0.5960286458333334 0.68603515625 0.03953125 0.0596630859375
1 0.4104817708333333 0.79296875 0.057291666666666664 0.0504150390625
1 0.7994791666666666 0.41162109375 0.052369791666666665 0.05685546875
1 0.7434895833333334 0.69140625 0.06465494791666666 0.0501416015625
1 0.5576171875 0.66943359375 0.05126953125 0.0537109375
1 0.7506510416666666 0.52099609375 0.07442057291666666 0.04248046875
1 0.2698567708333333 0.3818359375 0.04419270833333333 0.0530078125
1 0.2880859375 0.2666015625 0.06311197916666667 0.048125
1 0.3304036458333333 0.32666015625 0.029602864583333333 0.0580126953125
1 0.3684895833333333 0.78564453125 0.029765625 0.0580126953125
1 0.5087890625 0.83544921875 0.030924479166666668 0.060302734375
1 0.3544921875 0.92138671875 0.04296875 0.0577099609375
1 0.2744140625 0.320556640625 0.03200520833333333 0.059111328125
1 0.765625 0.41162109375 0.049765625 0.056123046875
1 0.5485026041666666 0.81494140625 0.04175130208333333 0.059326171875
1 0.396484375 0.759765625 0.029947916666666668 0.0572802734375
1 0.5709635416666666 0.8466796875 0.06966145833333333 0.0397021484375
1 0.4098307291666667 0.9248046875 0.045735677083333336 0.058349609375
1 0.71875 0.5859375 0.058919270833333336 0.049775390625
1 0.7069401041666666 0.688505859375 0.06574869791666667 0.0497705078125
1 0.3628385416666667 0.5714501953125 0.07311848958333333 0.0368701171875
1 0.4666861979166667 0.509697265625 0.05591796875 0.0516162109375
1 0.4046223958333333 0.487119140625 0.030110677083333332 0.05806640625
1 0.35454427083333334 0.42951171875 0.06759114583333332 0.0433203125
