1 0.4388020833333333 0.460693359375 0.07238932291666667 0.029755859375
1 0.4658203125 0.56494140625 0.05537760416666667 0.048310546875
1 0.3243815104166667 0.68603515625 0.07255208333333334 0.020888671875
1 0.6334635416666666 0.6318359375 0.07092447916666667 0.0298779296875
1 0.6477864583333334 0.66162109375 0.07186197916666666 0.0362255859375
1 0.7903645833333334 0.65478515625 0.06360026041666667 0.050810546875
1 0.4573567708333333 0.483154296875 0.07279296875 0.021240234375
1 0.2530924479166667 0.74169921875 0.07145182291666667 0.0322265625
1 0.4583333333333333 0.63134765625 0.06673177083333333 0.0410791015625
1 0.3434244791666667 0.646484375 0.07568359375 0.0212109375
1 0.4342447916666667 0.60986328125 0.07267578125 0.02072265625
1 0.3981119791666667 0.70947265625 0.058027343749999995 0.0462939453125
1 0.3240559895833333 0.66552734375 0.074140625 0.021162109375
1 0.6608072916666666 0.59912109375 0.054036458333333336 0.0528271484375
1 0.38671875 0.67919921875 0.043294270833333336 0.0541064453125
1 0.4280598958333333 0.4423828125 0.07348958333333333 0.029482421875
1 0.4931640625 0.5537109375 0.060143229166666666 0.0460205078125
1 0.5 0.3798828125 0.06990885416666666 0.03927734375
1 0.6692708333333334 0.6806640625 0.06335286458333333 0.045107421875
1 0.3068033854166667 0.6279296875 0.06266276041666667 0.0462060546875
1 0.3328450520833333 0.765625 0.03916666666666666 0.0551171875
1 0.5924479166666666 0.497314453125 0.07348958333333333 0.0264111328125
1 0.5345052083333334 0.6015625 0.028378906250000002 0.05560546875
1 0.5068359375 0.60498046875 0.029440104166666665 0.0560302734375
1 0.208984375 0.322998046875 0.07092447916666667 0.0340283203125
1 0.7220052083333334 0.26171875 0.03916666666666666 0.0610986328125
1 0.4498697916666667 0.5029296875 0.07483072916666667 0.0217431640625
1 0.7584635416666666 0.278564453125 0.05195963541666667 0.059326171875
1 0.2628580729166667 0.64453125 0.0409765625 0.0548095703125
1 0.3009440104166667 0.83349609375 0.060709635416666664 0.0445263671875
