1 0.23089843750000003 0.7348876953125 0.040826822916666665 0.0378955078125
1 0.20784505208333334 0.73583984375 0.0414453125 0.0372021484375
1 0.22334635416666668 0.71142578125 0.05326822916666666 0.01583984375
1 0.5327994791666667 0.2909765625 0.03341796875 0.03962890625
1 0.5107421875 0.363486328125 0.019641927083333333 0.0416748046875
1 0.3975390625 0.316669921875 0.02742838541666667 0.041689453125
1 0.64345703125 0.77388671875 0.03399739583333333 0.0407568359375
1 0.29955729166666667 0.6061083984375 0.022805989583333335 0.04046875
1 0.27807942708333333 0.604794921875 0.023528645833333334 0.040458984375
1 0.5342317708333334 0.65966796875 0.05446614583333333 0.0167236328125
1 0.4420572916666667 0.2130859375 0.05524088541666666 0.02296875
1 0.5861848958333333 0.807841796875 0.0442578125 0.0354931640625
1 0.26776692708333333 0.2759375 0.048430989583333334 0.032470703125
1 0.3139908854166667 0.748720703125 0.05345703125 0.0166650390625
1 0.3177083333333333 0.61328125 0.0223828125 0.0408642578125
1 0.3766276041666667 0.317158203125 0.027220052083333335 0.04123046875
1 0.6234505208333333 0.726865234375 0.05457682291666666 0.0188818359375
1 0.30990885416666664 0.565126953125 0.02200520833333333 0.040029296875
1 0.453125 0.7862841796875 0.027591145833333334 0.0419287109375
1 0.4018684895833333 0.2077001953125 0.04044921875 0.0364404296875
1 0.3782552083333333 0.568134765625 0.029153645833333335 0.0401611328125
1 0.6129296875 0.4099853515625 0.054453125 0.0173046875
1 0.3237565104166667 0.2670166015625 0.02712239583333333 0.042177734375
1 0.36287760416666665 0.2645556640625 0.027265625 0.04193359375
1 0.7526041666666666 0.5909716796875 0.04953125 0.0333154296875
1 0.6269791666666666 0.7812109375 0.03430989583333333 0.0404931640625
1 0.31298828125 0.2283447265625 0.03574869791666666 0.0393359375
1 0.31564453124999997 0.7196875 0.05434244791666667 0.0181201171875
1 0.52947265625 0.3448193359375 0.02033203125 0.0435205078125
1 0.43627604166666667 0.777080078125 0.027890625000000002 0.043701171875
1 0.5423697916666667 0.727353515625 0.051106770833333336 0.0264599609375
1 0.5721419270833333 0.3165380859375 0.05103515625 0.026875
1 0.7375781250000001 0.5197216796875 0.05323567708333333 0.025634765625
1 0.5673828125 0.780234375 0.044550781250000004 0.03572265625
1 0.35782552083333335 0.7685546875 0.04334635416666666 0.0371484375
1 0.33779296875000003 0.5738427734375 0.037571614583333336 0.0374267578125
1 0.375078125 0.7069921875 0.05345703125 0.0182421875
1 0.4375 0.24388671875 0.05111328125 0.028720703125
1 0.40895182291666665 0.7480859375 0.04561197916666667 0.0319189453125
1 0.7263606770833334 0.260234375 0.047760416666666666 0.0366162109375
1 0.6548958333333333 0.2430322265625 0.021608072916666665 0.0421240234375
1 0.44140625 0.702412109375 0.02317057291666667 0.04123046875
1 0.5224869791666666 0.7471435546875 0.053170572916666665 0.016279296875
1 0.34292317708333336 0.3046728515625 0.0501953125 0.025849609375
1 0.6885026041666666 0.2468359375 0.0449609375 0.03732421875
1 0.42412760416666667 0.419169921875 0.052923177083333335 0.01966796875
1 0.5716145833333334 0.3539306640625 0.054140625 0.01859375
1 0.5033528645833333 0.7885009765625 0.054049479166666664 0.0237890625
1 0.5322265625 0.2578125 0.051106770833333336 0.029814453125
1 0.6692187500000001 0.34380859375 0.037135416666666664 0.0390869140625
1 0.6405989583333334 0.315126953125 0.055957031250000004 0.021572265625
1 0.32458333333333333 0.734189453125 0.05494140625 0.01677734375
1 0.33618489583333333 0.6160986328125 0.0234375 0.04025390625
1 0.732421875 0.6259765625 0.03188151041666667 0.04046875
1 0.6211458333333334 0.2723681640625 0.0444140625 0.03783203125
1 0.75771484375 0.56494140625 0.04444661458333333 0.035322265625
1 0.3746744791666667 0.438212890625 0.021360677083333335 0.0412060546875
1 0.6668424479166667 0.77884765625 0.029394531249999998 0.04052734375
1 0.40204427083333333 0.78173828125 0.04664713541666667 0.0338818359375
1 0.6957161458333333 0.461708984375 0.047070312499999996 0.03208984375
1 0.5325520833333334 0.701171875 0.021542968750000002 0.04025390625
1 0.64275390625 0.4779345703125 0.056028645833333335 0.016123046875
1 0.3211979166666667 0.42828125 0.05174479166666667 0.0270654296875
1 0.5816536458333333 0.2316357421875 0.05267578125 0.027744140625
1 0.3075390625 0.763369140625 0.05399739583333333 0.0156005859375
1 0.30365885416666666 0.292783203125 0.027994791666666668 0.0418115234375
1 0.2607421875 0.723818359375 0.020891927083333334 0.042236328125
1 0.27924479166666666 0.733095703125 0.022988281250000003 0.0409033203125
1 0.5021028645833333 0.274208984375 0.035182291666666664 0.0383349609375
1 0.27608072916666665 0.23611328125 0.03746744791666667 0.0404345703125
1 0.58869140625 0.197236328125 0.05548177083333333 0.0247412109375
1 0.6541471354166667 0.2831298828125 0.035032552083333335 0.040927734375
1 0.45282552083333333 0.18505859375 0.05912109375 0.019716796875
1 0.7688802083333334 0.314755859375 0.028216145833333334 0.0421337890625
1 0.33856770833333333 0.2356982421875 0.0378515625 0.0392724609375
1 0.627578125 0.5927734375 0.05382161458333334 0.01490234375
1 0.38311197916666667 0.2898681640625 0.054251302083333335 0.0173046875
1 0.7007682291666667 0.747333984375 0.021692708333333335 0.0414501953125
1 0.6162109375 0.231630859375 0.024863281249999997 0.0425341796875
1 0.6901041666666666 0.3021875 0.053834635416666665 0.0158984375
1 0.26638671875000003 0.575947265625 0.055755208333333334 0.02029296875
1 0.24243489583333333 0.459453125 0.022552083333333334 0.0408544921875
1 0.7577604166666667 0.634091796875 0.03236979166666667 0.041279296875
1 0.7018229166666666 0.4202978515625 0.022115885416666665 0.0409423828125
1 0.3733723958333333 0.20263671875 0.020891927083333334 0.043212890625
1 0.25767578125 0.38234375 0.04592447916666667 0.03525390625
1 0.8053385416666666 0.32275390625 0.027526041666666667 0.0410791015625
1 0.47871744791666665 0.2719189453125 0.034694010416666664 0.0395556640625
1 0.21702473958333335 0.632099609375 0.04669921875 0.031484375
1 0.71564453125 0.341796875 0.029453125 0.0415771484375
1 0.63875 0.220234375 0.026184895833333333 0.0447216796875
1 0.6715234375 0.221650390625 0.02924479166666667 0.0417822265625
1 0.2626953125 0.41796875 0.021627604166666665 0.04177734375
1 0.5226627604166666 0.7616064453125 0.056640625 0.0156689453125
1 0.43694661458333334 0.605244140625 0.05302083333333333 0.0205712890625
1 0.7884114583333334 0.3133056640625 0.025208333333333333 0.041689453125
1 0.40960286458333334 0.4034521484375 0.054277343750000005 0.0159619140625
1 0.6599544270833334 0.362021484375 0.036223958333333334 0.040146484375
1 0.7320182291666667 0.31107421875 0.05462239583333334 0.021240234375
1 0.73642578125 0.344931640625 0.03777994791666667 0.0386962890625
1 0.7173502604166666 0.2281494140625 0.046959635416666666 0.0350048828125
1 0.24103515625000002 0.35154296875 0.0405078125 0.0373046875
1 0.6985677083333334 0.2874462890625 0.05496744791666667 0.0167626953125
1 0.6826953124999999 0.42240234375 0.02347005208333333 0.040751953125
1 0.68349609375 0.7716357421875 0.0278515625 0.04107421875
1 0.22509765625 0.3359375 0.030234374999999997 0.0416259765625
1 0.57412109375 0.3375341796875 0.053574218750000006 0.01798828125
1 0.5590234374999999 0.263203125 0.038072916666666665 0.0393212890625
1 0.7553125 0.354228515625 0.04468098958333333 0.036572265625
1 0.2217447916666667 0.600361328125 0.055084635416666666 0.0190234375
1 0.3202864583333333 0.6450927734375 0.05302083333333333 0.0191796875
1 0.5283463541666666 0.2363916015625 0.054453125 0.0213232421875
1 0.52947265625 0.77587890625 0.05664713541666667 0.0172412109375
1 0.31137369791666664 0.7772705078125 0.05450520833333333 0.0181982421875
1 0.6671419270833333 0.7456787109375 0.04953125 0.02873046875
1 0.23209635416666666 0.565390625 0.049993489583333335 0.0297119140625
1 0.7786458333333334 0.25732421875 0.023359375 0.040771484375
1 0.4654231770833333 0.2017333984375 0.05328776041666666 0.0214111328125
1 0.248046875 0.503154296875 0.0237109375 0.040927734375
1 0.7361783854166667 0.283017578125 0.026490885416666665 0.0426318359375
1 0.24365234375 0.416318359375 0.02352213541666667 0.0413720703125
1 0.45094401041666665 0.2322802734375 0.04947265625 0.02787109375
1 0.77298828125 0.28755859375 0.056490885416666664 0.0185107421875
1 0.48828125 0.2303369140625 0.026757812500000002 0.041669921875
1 0.35576822916666667 0.746396484375 0.040826822916666665 0.0360302734375
1 0.2883984375 0.1846533203125 0.055963541666666665 0.0213916015625
1 0.2255859375 0.294736328125 0.0303515625 0.0407958984375
1 0.40018880208333335 0.3885986328125 0.053873697916666664 0.0160400390625
1 0.8109505208333333 0.2821533203125 0.023072916666666665 0.0430322265625
1 0.7588671874999999 0.2600830078125 0.02275390625 0.0416552734375
1 0.30164713541666666 0.2017822265625 0.05405598958333333 0.0182958984375
1 0.3255208333333333 0.1766357421875 0.048014322916666664 0.0313720703125
1 0.3823046875 0.78857421875 0.045286458333333335 0.03396484375
1 0.36890625 0.8020166015625 0.03962890625 0.038212890625
1 0.41475911458333337 0.809375 0.05434244791666667 0.0240576171875
1 0.5738346354166667 0.7945166015625 0.0433984375 0.03623046875
1 0.5981770833333333 0.7674853515625 0.027174479166666668 0.0416064453125
1 0.64591796875 0.7398876953125 0.047929687500000005 0.0311376953125
1 0.5725130208333333 0.748662109375 0.05057291666666667 0.0294384765625
1 0.570625 0.731396484375 0.0490625 0.0283056640625
1 0.47948567708333334 0.75177734375 0.038873697916666665 0.036796875
1 0.39381510416666665 0.7565869140625 0.04415364583333333 0.0333984375
1 0.46306640625 0.7437109375 0.04000651041666667 0.035947265625
1 0.4936393229166667 0.726728515625 0.046796874999999995 0.0297216796875
1 0.5017513020833334 0.7131396484375 0.0456640625 0.0291552734375
1 0.6655403645833333 0.70974609375 0.05472005208333333 0.0183984375
1 0.6847916666666666 0.69248046875 0.055475260416666665 0.02009765625
1 0.7036588541666666 0.6746484375 0.05396484375 0.0240576171875
1 0.661953125 0.676201171875 0.04076171875 0.03509765625
1 0.62572265625 0.7067724609375 0.047552083333333335 0.0300048828125
1 0.6164778645833333 0.69375 0.04868489583333333 0.0300048828125
1 0.5676041666666667 0.7079052734375 0.053593749999999996 0.020947265625
1 0.56779296875 0.6936083984375 0.051705729166666665 0.02123046875
1 0.5532682291666667 0.676201171875 0.051328125 0.020947265625
1 0.60458984375 0.678466796875 0.052083333333333336 0.022080078125
1 0.41966796875 0.735927734375 0.04604166666666667 0.032265625
1 0.43457682291666666 0.7280029296875 0.04490885416666667 0.03169921875
1 0.41985677083333334 0.692197265625 0.025286458333333334 0.039912109375
1 0.3713606770833333 0.7212060546875 0.055097656249999995 0.015283203125
1 0.26908203125 0.6950244140625 0.04000651041666667 0.034814453125
1 0.2938020833333333 0.696298828125 0.04188802083333334 0.03453125
1 0.31587890625 0.6938916015625 0.03849609375 0.035947265625
1 0.33248697916666664 0.6872412109375 0.03774088541666667 0.03736328125
1 0.3515494791666667 0.68271484375 0.03509765625 0.036796875
1 0.3715494791666667 0.6808740234375 0.03132161458333333 0.038779296875
1 0.39324869791666667 0.68158203125 0.03320963541666667 0.0379296875
1 0.44589843749999997 0.6757763671875 0.0433984375 0.031416015625
1 0.46193359375 0.7111572265625 0.020377604166666667 0.0410400390625
1 0.51326171875 0.6866748046875 0.027929687499999998 0.0390625
1 0.49024088541666666 0.681298828125 0.039251302083333335 0.036796875
1 0.22341796875 0.6972900390625 0.055097656249999995 0.0138671875
1 0.22115234375 0.68271484375 0.055097656249999995 0.016416015625
1 0.23210286458333332 0.6691259765625 0.05283854166666666 0.016416015625
1 0.2864453125 0.6713916015625 0.053593749999999996 0.019248046875
1 0.33267578125 0.6573779296875 0.051705729166666665 0.01783203125
1 0.20964192708333332 0.646484375 0.0456640625 0.032265625
1 0.25870442708333335 0.657236328125 0.05396484375 0.017548828125
1 0.26663411458333336 0.6446435546875 0.0524609375 0.01783203125
1 0.28021484375 0.6323291015625 0.0524609375 0.016982421875
1 0.22983723958333332 0.621572265625 0.047552083333333335 0.0294384765625
1 0.36569661458333336 0.647333984375 0.039251302083333335 0.0356640625
1 0.3885286458333333 0.638984375 0.0433984375 0.034248046875
1 0.41400390625 0.66091796875 0.03396484375 0.03849609375
1 0.22568359375 0.5866162109375 0.053593749999999996 0.01556640625
1 0.25794921875 0.604873046875 0.023776041666666668 0.0407568359375
1 0.41173828124999995 0.6248291015625 0.03849609375 0.036513671875
1 0.440234375 0.6406787109375 0.020755208333333334 0.0404736328125
1 0.45947916666666666 0.6296435546875 0.017740885416666668 0.0404736328125
1 0.469296875 0.6546923828125 0.0433984375 0.0333984375
1 0.4832552083333333 0.664033203125 0.042643229166666664 0.03283203125
1 0.47816406250000004 0.6187451171875 0.019622395833333334 0.0401953125
1 0.5026953125 0.6333203125 0.03018880208333333 0.038779296875
1 0.5372265625 0.6388427734375 0.049440104166666665 0.0277392578125
1 0.57345703125 0.647900390625 0.026041666666666668 0.03962890625
1 0.5908138020833333 0.6527099609375 0.02453125 0.0407568359375
1 0.6113867187500001 0.649453125 0.0256640625 0.0421728515625
1 0.36626302083333334 0.58619140625 0.028307291666666665 0.0390625
1 0.3887174479166667 0.601904296875 0.034720052083333335 0.038212890625
1 0.28021484375 0.5506689453125 0.0433984375 0.034814453125
1 0.6500651041666666 0.6627587890625 0.04038411458333333 0.035947265625
1 0.6383658854166666 0.6507275390625 0.0433984375 0.0333984375
1 0.6813932291666666 0.6505859375 0.041139322916666665 0.035380859375
1 0.6996940104166667 0.64591796875 0.043020833333333335 0.03623046875
1 0.70837890625 0.6317626953125 0.04453125 0.03509765625
1 0.6255403645833334 0.6219970703125 0.03736328125 0.039345703125
1 0.64421875 0.6176123046875 0.04076171875 0.0356640625
1 0.666484375 0.6130810546875 0.03169921875 0.03962890625
1 0.69384765625 0.6041650390625 0.0501953125 0.0291552734375
1 0.7044140625 0.592421875 0.047929687500000005 0.0305712890625
1 0.70611328125 0.576005859375 0.04981770833333333 0.0294384765625
1 0.7129036458333333 0.562841796875 0.051328125 0.0285888671875
1 0.7504557291666667 0.5465673828125 0.05095052083333334 0.0300048828125
1 0.7246028645833333 0.5393505859375 0.05434244791666667 0.0251904296875
1 0.6540299479166667 0.580390625 0.05283854166666666 0.0223583984375
1 0.6528971354166667 0.565107421875 0.05434244791666667 0.0234912109375
1 0.6623307291666667 0.55392578125 0.051328125 0.0237744140625
1 0.671015625 0.5362353515625 0.046796874999999995 0.0302880859375
1 0.6676171875 0.5152880859375 0.04377604166666666 0.031416015625
1 0.6740299479166666 0.5000048828125 0.045286458333333335 0.031416015625
1 0.5593033854166667 0.623271484375 0.053593749999999996 0.020380859375
1 0.5836458333333333 0.608837890625 0.047929687500000005 0.0311376953125
1 0.5081640625 0.6096875 0.04490885416666667 0.03396484375
1 0.52552734375 0.6031787109375 0.0433984375 0.03396484375
1 0.53609375 0.58958984375 0.04038411458333333 0.03453125
1 0.5487369791666666 0.578974609375 0.04076171875 0.034248046875
1 0.5662825520833333 0.572607421875 0.0433984375 0.0333984375
1 0.5889322916666667 0.569775390625 0.04415364583333333 0.03283203125
1 0.6061002604166666 0.561708984375 0.046796874999999995 0.031416015625
1 0.6019466145833333 0.5414697265625 0.04830729166666667 0.032265625
1 0.6070442708333333 0.5270361328125 0.04641927083333333 0.0311376953125
1 0.6379882812500001 0.5223681640625 0.022265625 0.0410400390625
1 0.6049674479166667 0.5075048828125 0.04604166666666667 0.0305712890625
1 0.6244075520833333 0.4929296875 0.0524609375 0.01953125
1 0.70328125 0.5189697265625 0.03056640625 0.039912109375
1 0.5685481770833333 0.5345361328125 0.03509765625 0.037646484375
1 0.5487369791666666 0.5356689453125 0.03396484375 0.038779296875
1 0.5315625 0.5434521484375 0.03585286458333333 0.036796875
1 0.5145833333333333 0.548974609375 0.034342447916666664 0.037646484375
1 0.49175130208333334 0.5857666015625 0.04981770833333333 0.0274560546875
1 0.49194010416666667 0.570341796875 0.04868489583333333 0.0260400390625
1 0.45533203125 0.5765673828125 0.023776041666666668 0.0401953125
1 0.4375911458333333 0.578974609375 0.021510416666666667 0.039345703125
1 0.41853515625 0.563125 0.027929687499999998 0.0404736328125
1 0.39305989583333334 0.5554833984375 0.0290625 0.038779296875
1 0.47948567708333334 0.55109375 0.036608072916666665 0.036796875
1 0.46759765625 0.539775390625 0.036985677083333335 0.03623046875
1 0.5642122395833333 0.5094873046875 0.05434244791666667 0.015283203125
1 0.49345052083333335 0.517978515625 0.047929687500000005 0.0277392578125
1 0.43777994791666663 0.5396337890625 0.024153645833333334 0.039345703125
1 0.4579752604166667 0.517412109375 0.026041666666666668 0.03962890625
1 0.44193359374999996 0.5002880859375 0.020377604166666667 0.0404736328125
1 0.41626953125 0.5239208984375 0.024908854166666664 0.0401953125
1 0.3902278645833333 0.5154296875 0.030944010416666667 0.0390625
1 0.3723046875 0.517978515625 0.03056640625 0.03849609375
1 0.2752994791666667 0.520693359375 0.03619791666666667 0.03658203125
1 0.28806640625 0.50783203125 0.03658203125 0.03658203125
1 0.31817057291666667 0.5286962890625 0.02591145833333333 0.0394384765625
1 0.34083984375 0.5414111328125 0.024765625 0.0380078125
1 0.35798828125 0.5325537109375 0.02705078125 0.0385791015625
1 0.2644401041666667 0.4731103515625 0.026673177083333333 0.0414404296875
1 0.29340494791666666 0.4866845703125 0.034296875 0.03658203125
1 0.3202669270833333 0.4945458984375 0.03543619791666667 0.0374365234375
1 0.33912760416666665 0.4905419921875 0.03505859375 0.0362939453125
1 0.28063802083333333 0.4491064453125 0.020957031249999997 0.04029296875
1 0.29930989583333334 0.4475341796875 0.019433593750000002 0.04115234375
1 0.31798177083333334 0.4552490234375 0.02248046875 0.0417236328125
1 0.3421744791666667 0.4622509765625 0.027434895833333334 0.0380078125
1 0.3648502604166666 0.4776806640625 0.02248046875 0.04029296875
1 0.38485026041666665 0.47611328125 0.021341145833333335 0.0405810546875
1 0.4048567708333333 0.47568359375 0.020957031249999997 0.0408642578125
1 0.42276692708333335 0.483115234375 0.02171875 0.039150390625
1 0.46067708333333335 0.4808251953125 0.032766927083333335 0.0374365234375
1 0.48411458333333335 0.4871142578125 0.027819010416666665 0.0385791015625
1 0.50697265625 0.4959716796875 0.02171875 0.0397216796875
1 0.52640625 0.5015478515625 0.020957031249999997 0.0394384765625
1 0.5410807291666667 0.4832568359375 0.028958333333333332 0.0388671875
1 0.5788020833333333 0.4886865234375 0.048014322916666664 0.029150390625
1 0.5908072916666667 0.4676806640625 0.05067708333333334 0.017431640625
1 0.5553710937499999 0.469111328125 0.027819010416666665 0.0380078125
1 0.70359375 0.485400390625 0.04763020833333333 0.0317236328125
1 0.7220703125 0.4588232421875 0.04572265625 0.0340087890625
1 0.6611067708333334 0.4598193359375 0.04572265625 0.03029296875
1 0.6247200520833334 0.4536767578125 0.04000651041666667 0.0351513671875
1 0.5856575520833334 0.4529638671875 0.053346354166666665 0.0188623046875
1 0.6241471354166667 0.43095703125 0.05029947916666667 0.0280078125
1 0.6542513020833333 0.4288134765625 0.034296875 0.0380078125
1 0.66072265625 0.400380859375 0.027434895833333334 0.0405810546875
1 0.6384375 0.3842333984375 0.033151041666666665 0.04029296875
1 0.6193815104166667 0.383662109375 0.03162760416666666 0.0408642578125
1 0.5852799479166667 0.429384765625 0.03810546875 0.03572265625
1 0.5563216145833333 0.43052734375 0.048014322916666664 0.0288623046875
1 0.5326953125 0.4339599609375 0.0434375 0.030576171875
1 0.52107421875 0.4463916015625 0.04000651041666667 0.033720703125
1 0.5096419270833333 0.46125 0.03619791666666667 0.037724609375
1 0.48811197916666665 0.4595361328125 0.03505859375 0.037724609375
1 0.46125 0.451962890625 0.03619791666666667 0.036865234375
1 0.4359114583333333 0.4471044921875 0.024388020833333333 0.0397216796875
1 0.41495442708333335 0.4436767578125 0.028958333333333332 0.039150390625
1 0.39208984375 0.43724609375 0.02362630208333333 0.0405810546875
1 0.35455729166666666 0.440673828125 0.02248046875 0.0394384765625
1 0.35874999999999996 0.410810546875 0.05143880208333334 0.0265771484375
1 0.35151041666666666 0.393232421875 0.04686848958333333 0.0308642578125
1 0.2987369791666667 0.4082373046875 0.05639322916666667 0.022578125
1 0.3075 0.3930908203125 0.052584635416666664 0.019716796875
1 0.26939453125 0.3705126953125 0.0434375 0.0351513671875
1 0.29320963541666667 0.369228515625 0.04534505208333334 0.0342919921875
1 0.30007161458333337 0.3535107421875 0.04534505208333334 0.032578125
1 0.33341145833333335 0.363369140625 0.03658203125 0.0374365234375
1 0.35151041666666666 0.3677978515625 0.03619791666666667 0.0382958984375
1 0.3899934895833333 0.3740869140625 0.05372395833333333 0.0165771484375
1 0.39819010416666667 0.35951171875 0.054108072916666666 0.0165771484375
1 0.4351497395833333 0.38251953125 0.03658203125 0.036865234375
1 0.46449218750000004 0.401806640625 0.048014322916666664 0.0285791015625
1 0.47458984375 0.4326708984375 0.04991536458333334 0.0222900390625
1 0.4846875 0.4195263671875 0.053346354166666665 0.0222900390625
1 0.5058333333333334 0.40880859375 0.05296223958333333 0.0220068359375
1 0.5462239583333334 0.4070947265625 0.04610677083333333 0.0288623046875
1 0.5597526041666666 0.397666015625 0.048776041666666665 0.028291015625
1 0.5795638020833334 0.3889501953125 0.048776041666666665 0.0274365234375
1 0.5814713541666666 0.3730859375 0.05106119791666667 0.026005859375
1 0.5363151041666666 0.37537109375 0.03695963541666667 0.0362939453125
1 0.4982096354166667 0.3883740234375 0.04763020833333333 0.0285791015625
1 0.46658203125 0.3747998046875 0.030865885416666666 0.039150390625
1 0.4921158854166667 0.3550830078125 0.0232421875 0.0414404296875
1 0.6182421875 0.356796875 0.05067708333333334 0.03115234375
1 0.6191927083333334 0.3387939453125 0.05106119791666667 0.0328662109375
1 0.6824479166666667 0.3313623046875 0.03962890625 0.039150390625
1 0.43895833333333334 0.3620849609375 0.03658203125 0.0382958984375
1 0.4084765625 0.3415087890625 0.053346354166666665 0.0211474609375
1 0.3570377604166666 0.342080078125 0.05182291666666666 0.0222900390625
1 0.304453125 0.3392236328125 0.048776041666666665 0.029150390625
1 0.30807291666666664 0.3232177734375 0.049153645833333336 0.0297216796875
1 0.34026692708333334 0.3202197265625 0.048776041666666665 0.0277197265625
1 0.25872395833333334 0.326220703125 0.047246093749999996 0.0340087890625
1 0.2589192708333333 0.308212890625 0.04763020833333333 0.032294921875
1 0.2642513020833333 0.2922119140625 0.05067708333333334 0.0317236328125
1 0.46696614583333335 0.345654296875 0.04153645833333333 0.0351513671875
1 0.45667968750000004 0.3322216796875 0.04534505208333334 0.0351513671875
1 0.44886718750000004 0.316787109375 0.04572265625 0.0340087890625
1 0.4166666666666667 0.311357421875 0.0262890625 0.0425830078125
1 0.4519140625 0.2944970703125 0.047246093749999996 0.034580078125
1 0.48259114583333335 0.3105029296875 0.030865885416666666 0.0414404296875
1 0.5029752604166667 0.310927734375 0.027434895833333334 0.0440087890625
1 0.537265625 0.318076171875 0.048776041666666665 0.0285791015625
1 0.5728971354166666 0.29978515625 0.05296223958333333 0.0274365234375
1 0.7688932291666667 0.3636328125 0.045273437500000006 0.03796875
1 0.6230924479166667 0.2931689453125 0.043808593750000006 0.0372412109375
1 0.7017122395833333 0.2575732421875 0.04624348958333333 0.0376025390625
1 0.5989973958333333 0.2708984375 0.039427083333333335 0.038701171875
1 0.5741927083333334 0.2707958984375 0.0380859375 0.038955078125
1 0.5888151041666666 0.21265625 0.0534765625 0.0271240234375
1 0.28623046874999997 0.2625732421875 0.05539713541666667 0.0207763671875
1 0.3000846354166667 0.2403515625 0.03616536458333333 0.038662109375
1 0.3522135416666667 0.224052734375 0.03578125 0.038955078125
1 0.3393229166666667 0.2743994140625 0.022311197916666668 0.0403955078125
1 0.39337890625 0.2331396484375 0.05116536458333334 0.0288525390625
1 0.38491536458333336 0.2637255859375 0.031933593749999996 0.0398193359375
1 0.4062630208333333 0.262861328125 0.03539713541666666 0.038662109375
1 0.42626953125 0.2699267578125 0.03693359375 0.0383740234375
1 0.44416015625 0.27685546875 0.03885416666666667 0.0377978515625
