1 0.2939453125 0.67919921875 0.06392578125 0.041689453125
1 0.3388671875 0.669921875 0.07043619791666667 0.0257568359375
1 0.4671223958333333 0.298583984375 0.07430338541666666 0.03021484375
1 0.4788411458333333 0.331298828125 0.05912109375 0.053193359375
1 0.3603515625 0.487548828125 0.05416015625 0.04708984375
1 0.3684895833333333 0.7109375 0.06685546875 0.040009765625
1 0.3359375 0.454345703125 0.06763020833333333 0.0399462890625
1 0.3421223958333333 0.541015625 0.036783854166666664 0.0535888671875
1 0.4772135416666667 0.521484375 0.04756510416666667 0.05154296875
1 0.4088541666666667 0.5703125 0.06787109375 0.0389111328125
1 0.3893229166666667 0.52685546875 0.07401692708333334 0.0247021484375
1 0.4944661458333333 0.351318359375 0.052734375 0.0541064453125
1 0.3001302083333333 0.638671875 0.07067708333333333 0.038818359375
1 0.3155924479166667 0.5380859375 0.03568359375 0.05490234375
1 0.3987630208333333 0.4912109375 0.053671875 0.0516650390625
1 0.4866536458333333 0.274169921875 0.0791015625 0.0294189453125
1 0.4869791666666667 0.45068359375 0.069375 0.04052734375
1 0.2814127604166667 0.56103515625 0.06722005208333333 0.04345703125
1 0.4163411458333333 0.6611328125 0.049765625 0.0537109375
1 0.4367578125 0.54052734375 0.07151041666666667 0.027587890625
1 0.3483072916666667 0.63916015625 0.06848307291666667 0.0398583984375
1 0.5390625 0.46484375 0.05005208333333333 0.0537109375
1 0.634765625 0.30078125 0.0702734375 0.043701171875
1 0.5276692708333334 0.352783203125 0.05293619791666667 0.05685546875
1 0.29833984375 0.444580078125 0.0605859375 0.04248046875
1 0.6861979166666666 0.400146484375 0.055787760416666665 0.052919921875
1 0.31005859375 0.7236328125 0.05859375 0.0491357421875
1 0.4384765625 0.5009765625 0.030110677083333332 0.05419921875
1 0.3997395833333333 0.455322265625 0.05879557291666667 0.0492236328125
1 0.3942057291666667 0.67333984375 0.05126953125 0.0469970703125
1 0.2833658854166667 0.3154296875 0.06722005208333333 0.0452587890625
1 0.49609375 0.482666015625 0.0770703125 0.0302734375
1 0.6959635416666666 0.25341796875 0.04028645833333334 0.0596630859375
1 0.7493489583333334 0.4345703125 0.07527994791666666 0.0321044921875
1 0.6888997395833334 0.36376953125 0.08020833333333334 0.023818359375
1 0.4951171875 0.422119140625 0.07552083333333333 0.021162109375
1 0.2823893229166667 0.60009765625 0.06990885416666666 0.0372607421875
1 0.75 0.392578125 0.058678385416666666 0.0542919921875
1 0.4352213541666667 0.354736328125 0.028014322916666667 0.057587890625
1 0.3876953125 0.30517578125 0.058268229166666664 0.04958984375
1 0.3587239583333333 0.74658203125 0.06746744791666666 0.03732421875
1 0.5423177083333334 0.54833984375 0.043867187499999995 0.0577099609375
1 0.6760546875000001 0.3369140625 0.07998046874999999 0.02447265625
1 0.72265625 0.247314453125 0.0415234375 0.0609765625
1 0.4397786458333333 0.265380859375 0.04463541666666667 0.0570703125
1 0.28515625 0.52294921875 0.03383463541666667 0.0560302734375
1 0.7200520833333334 0.400146484375 0.055501302083333336 0.0538037109375
1 0.6404817708333334 0.4456640625 0.05839192708333333 0.053408203125
1 0.65625 0.253173828125 0.04128255208333333 0.06130859375
1 0.3968098958333333 0.74072265625 0.069375 0.0406201171875
1 0.5172526041666666 0.541015625 0.04614583333333333 0.0537109375
1 0.4469401041666667 0.6640625 0.05244791666666667 0.0535888671875
1 0.7486979166666666 0.23193359375 0.04028645833333334 0.0621044921875
1 0.5667317708333334 0.55517578125 0.03975260416666667 0.0565478515625
1 0.25390625 0.5703125 0.06526692708333333 0.0378125
1 0.28460286458333334 0.6229736328125 0.06934895833333334 0.040771484375
1 0.3430989583333333 0.82666015625 0.04614583333333333 0.055419921875
1 0.8151041666666666 0.65087890625 0.036783854166666664 0.0560302734375
1 0.4206770833333333 0.4426806640625 0.053372395833333336 0.0543310546875
1 0.33642578125 0.49533203125 0.061608072916666666 0.0484765625
