1 0.44453125 0.4589306640625 0.03445963541666667 0.04060546875
1 0.4957682291666667 0.23115234375 0.03784505208333334 0.0431201171875
1 0.39263020833333334 0.411650390625 0.055787760416666665 0.016845703125
1 0.39869140625 0.3669140625 0.053059895833333336 0.025908203125
1 0.42669270833333334 0.452197265625 0.03125 0.041689453125
1 0.568359375 0.271484375 0.05195963541666667 0.0325927734375
1 0.4381510416666667 0.355712890625 0.044355468749999995 0.0355517578125
1 0.4720052083333333 0.40771484375 0.022988281250000003 0.041474609375
1 0.5126953125 0.53798828125 0.05126953125 0.0307470703125
1 0.470703125 0.5673828125 0.05005208333333333 0.02533203125
1 0.5895182291666666 0.2420654296875 0.05814453125 0.0294189453125
1 0.4339192708333333 0.5158203125 0.04658854166666667 0.0352880859375
1 0.4544270833333333 0.61474609375 0.027792968749999997 0.04052734375
1 0.4837239583333333 0.5791015625 0.05147135416666667 0.024521484375
1 0.4921875 0.44970703125 0.03784505208333334 0.03955078125
1 0.41660156249999997 0.392724609375 0.054570312499999996 0.023115234375
1 0.5068359375 0.284423828125 0.025449218750000002 0.04443359375
1 0.5302734375 0.289794921875 0.029257812499999997 0.0423876953125
1 0.5426432291666666 0.2470703125 0.047773437499999995 0.0372607421875
1 0.58560546875 0.5603515625 0.05287760416666667 0.0288427734375
1 0.474609375 0.476318359375 0.03188151041666667 0.0410791015625
1 0.411953125 0.377021484375 0.052656249999999995 0.0230712890625
1 0.5035807291666666 0.63759765625 0.054570312499999996 0.0190869140625
1 0.568359375 0.587890625 0.04544921875 0.038330078125
1 0.45886718750000005 0.384677734375 0.04011067708333333 0.0391162109375
1 0.3694661458333333 0.461181640625 0.0415234375 0.0364404296875
1 0.4703776041666667 0.23828125 0.03486979166666667 0.040009765625
1 0.5205078125 0.3681640625 0.051595052083333336 0.0270703125
1 0.4772135416666667 0.61083984375 0.030579427083333333 0.042021484375
1 0.5208333333333334 0.398681640625 0.021542968750000002 0.0428759765625
1 0.5296223958333334 0.59619140625 0.04121744791666667 0.0396435546875
1 0.4443359375 0.2701708984375 0.021360677083333335 0.04537109375
1 0.4114583333333333 0.4833984375 0.05375 0.019560546875
1 0.5029296875 0.359130859375 0.05423828125 0.0286572265625
1 0.509765625 0.5595703125 0.042805989583333336 0.0350634765625
1 0.4847005208333333 0.274072265625 0.021360677083333335 0.04576171875
1 0.517578125 0.453369140625 0.03521484375 0.0413818359375
1 0.4934895833333333 0.41259765625 0.022115885416666665 0.0408349609375
1 0.5706380208333334 0.200439453125 0.031412760416666664 0.042724609375
1 0.4368489583333333 0.41650390625 0.03635416666666667 0.0391845703125
1 0.4993489583333333 0.609375 0.028990885416666667 0.0389111328125
1 0.3987630208333333 0.4267578125 0.05224609375 0.0167236328125
1 0.6383463541666666 0.52685546875 0.05737630208333333 0.0165869140625
1 0.4686197916666666 0.548828125 0.04685546875 0.03318359375
1 0.390625 0.533203125 0.05416015625 0.02400390625
1 0.3770768229166667 0.56552734375 0.05164713541666666 0.0276611328125
1 0.3914713541666666 0.51171875 0.05458984375 0.022626953125
1 0.4800130208333333 0.5234375 0.0481640625 0.0308935546875
1 0.4661458333333333 0.2787158203125 0.023645833333333335 0.047080078125
1 0.5895182291666666 0.5421875 0.054570312499999996 0.03025390625
1 0.5582682291666666 0.291259765625 0.0410546875 0.0413232421875
1 0.5227864583333334 0.2100830078125 0.05126953125 0.0362255859375
1 0.4248046875 0.253173828125 0.021197916666666667 0.04248046875
1 0.6546223958333334 0.68505859375 0.055787760416666665 0.0201416015625
1 0.5361328125 0.62353515625 0.04732421875 0.027587890625
1 0.4007161458333333 0.45380859375 0.022988281250000003 0.042119140625
1 0.45703125 0.65380859375 0.036009114583333335 0.040771484375
1 0.36647135416666665 0.4917578125 0.03547526041666667 0.03875
1 0.6142578125 0.2213134765625 0.05684244791666667 0.019453125
1 0.361328125 0.43505859375 0.02482421875 0.040771484375
1 0.5664713541666667 0.6527392578125 0.048984375 0.0326611328125
1 0.6324869791666666 0.28857421875 0.053548177083333336 0.0337841796875
1 0.5472005208333334 0.64453125 0.047037760416666664 0.0280615234375
1 0.6104752604166667 0.61689453125 0.04490885416666667 0.036943359375
1 0.4954427083333333 0.65234375 0.053346354166666665 0.0173046875
1 0.5968815104166666 0.605078125 0.04597005208333333 0.0347509765625
1 0.2986653645833333 0.318359375 0.03953125 0.0406201171875
1 0.4176432291666667 0.284423828125 0.043867187499999995 0.0379052734375
1 0.755859375 0.7138671875 0.05375 0.0295849609375
1 0.4612630208333333 0.783203125 0.023802083333333335 0.0420849609375
1 0.6533203125 0.218017578125 0.02658854166666667 0.04486328125
1 0.5865169270833334 0.66240234375 0.04978515625 0.0337939453125
1 0.4205729166666667 0.66845703125 0.050618489583333336 0.030732421875
1 0.2724609375 0.314697265625 0.03684244791666667 0.0386962890625
1 0.6448567708333334 0.70556640625 0.054563802083333335 0.0264599609375
1 0.5557877604166667 0.599111328125 0.04200520833333333 0.037080078125
1 0.40234375 0.7763671875 0.049192708333333335 0.0328369140625
1 0.40234375 0.7333984375 0.046875 0.0359521484375
1 0.4420572916666667 0.78515625 0.024127604166666667 0.042236328125
1 0.6266276041666666 0.7265625 0.0478515625 0.0379052734375
1 0.7630208333333334 0.68115234375 0.05033203125 0.0378125
1 0.2594401041666667 0.3250537109375 0.03979817708333334 0.0409228515625
1 0.5727799479166666 0.5323291015625 0.051666666666666666 0.0305322265625
1 0.6048763020833333 0.56833984375 0.0521875 0.02974609375
1 0.6226171875000001 0.630185546875 0.04697265625 0.037578125
1 0.39298828125 0.5746044921875 0.05323567708333333 0.02974609375
1 0.45952473958333334 0.4679443359375 0.034967447916666665 0.0410986328125
1 0.44752604166666665 0.3436669921875 0.04227213541666667 0.039140625
1 0.5171940104166667 0.244638671875 0.050104166666666665 0.0352294921875
1 0.6048763020833333 0.2522705078125 0.054277343750000005 0.0317041015625
