1 0.3958333333333333 0.62060546875 0.06734375 0.0406201171875
1 0.36328125 0.59033203125 0.069375 0.0426318359375
1 0.5416666666666666 0.5888671875 0.07238932291666667 0.03515625
1 0.21175130208333334 0.317138671875 0.072265625 0.0327783203125
1 0.48046875 0.64599609375 0.05293619791666667 0.05224609375
1 0.5003255208333334 0.41455078125 0.07255208333333334 0.02091796875
1 0.5445963541666666 0.432861328125 0.061608072916666666 0.04904296875
1 0.4430338541666667 0.277099609375 0.056640625 0.052919921875
1 0.5579427083333334 0.397705078125 0.07580729166666667 0.02595703125
1 0.4993489583333333 0.4482421875 0.05416015625 0.0517578125
1 0.3675130208333333 0.68896484375 0.08040364583333333 0.023466796875
1 0.3766276041666667 0.66796875 0.07360677083333333 0.02232421875
1 0.4697265625 0.61962890625 0.050130208333333336 0.0546875
1 0.4518229166666667 0.6005859375 0.043782552083333336 0.0528271484375
1 0.4085286458333333 0.64501953125 0.07002604166666666 0.0266552734375
1 0.3310546875 0.55712890625 0.05786458333333333 0.047333984375
1 0.3662109375 0.5615234375 0.06323567708333333 0.0460205078125
1 0.39795572916666666 0.7046728515625 0.07592447916666667 0.0243359375
1 0.4231770833333333 0.296875 0.06266276041666667 0.04904296875
1 0.4651692708333333 0.254638671875 0.06392578125 0.04958984375
1 0.447265625 0.368408203125 0.05781901041666667 0.05154296875
1 0.4469401041666667 0.49658203125 0.058020833333333334 0.049560546875
1 0.3802083333333333 0.7265625 0.07694661458333334 0.0260009765625
1 0.3522135416666667 0.36083984375 0.054850260416666664 0.0533154296875
1 0.3087565104166667 0.5465478515625 0.05416015625 0.04783203125
1 0.6966145833333334 0.2509765625 0.043782552083333336 0.0610986328125
1 0.4059244791666667 0.744140625 0.06872395833333333 0.035615234375
1 0.6181640625 0.277099609375 0.04642578125 0.057373046875
1 0.5631510416666666 0.448974609375 0.060911458333333335 0.0459619140625
1 0.3850390625 0.6016259765625 0.06836588541666667 0.0381103515625
