1 0.5364583333333334 0.61083984375 0.04512369791666667 0.0373828125
1 0.6080729166666666 0.59228515625 0.05416015625 0.0277392578125
1 0.4351822916666667 0.4416748046875 0.04111328125 0.0374560546875
1 0.3255208333333333 0.37255859375 0.043619791666666664 0.0403759765625
1 0.5233333333333333 0.500126953125 0.04302734375 0.0358056640625
1 0.3528645833333333 0.3525390625 0.055703125 0.01751953125
1 0.47100260416666667 0.499130859375 0.04397786458333333 0.034638671875
1 0.4635416666666667 0.461181640625 0.05054036458333333 0.0261083984375
1 0.3544921875 0.378173828125 0.04083333333333333 0.0376904296875
1 0.5908203125 0.60302734375 0.05293619791666667 0.0296484375
1 0.4986979166666667 0.5009765625 0.04160807291666666 0.0355517578125
1 0.5888671875 0.5458984375 0.02541015625 0.0409228515625
1 0.484375 0.435791015625 0.027265625 0.0410791015625
1 0.43778645833333335 0.4790478515625 0.05517578125 0.0230810546875
1 0.5677083333333334 0.56640625 0.03135416666666666 0.04046875
1 0.5312955729166667 0.4278173828125 0.047037760416666664 0.0357373046875
1 0.501953125 0.443359375 0.028378906250000002 0.0413232421875
1 0.28271484375 0.337158203125 0.0576171875 0.0240478515625
1 0.537734375 0.490400390625 0.043046875000000005 0.0364697265625
1 0.2683919270833333 0.391357421875 0.058919270833333336 0.016845703125
1 0.5970052083333334 0.4287109375 0.054361979166666664 0.023466796875
1 0.27125651041666665 0.356767578125 0.05044921875 0.0279833984375
1 0.3274739583333333 0.339599609375 0.053671875 0.02685546875
1 0.5294010416666667 0.329970703125 0.0469140625 0.0368017578125
1 0.5048828125 0.630859375 0.04223958333333333 0.035673828125
1 0.51779296875 0.455068359375 0.030234374999999997 0.041484375
1 0.6018880208333334 0.41162109375 0.055787760416666665 0.022841796875
1 0.5491536458333334 0.57373046875 0.0332421875 0.0377490234375
1 0.486328125 0.273193359375 0.043782552083333336 0.0315576171875
1 0.5546875 0.353515625 0.04537109375 0.0379052734375
1 0.5019791666666666 0.572265625 0.05565755208333333 0.0167236328125
1 0.48673177083333335 0.3145556640625 0.04279947916666666 0.0409423828125
1 0.4814453125 0.681640625 0.04014322916666666 0.0376904296875
1 0.46484375 0.4306591796875 0.026243489583333335 0.0410791015625
1 0.5673828125 0.68408203125 0.03615234375 0.0401611328125
1 0.5091145833333334 0.525888671875 0.05326171875 0.018603515625
1 0.6041666666666666 0.488037109375 0.05416015625 0.018720703125
1 0.611328125 0.54296875 0.02056640625 0.042236328125
1 0.2989908854166667 0.31884765625 0.054850260416666664 0.0179150390625
1 0.5657552083333334 0.53076171875 0.04419270833333333 0.0342431640625
1 0.6046484375 0.5089892578125 0.05604166666666666 0.023203125
1 0.5458984375 0.68408203125 0.037473958333333335 0.040986328125
1 0.7259114583333334 0.68701171875 0.05293619791666667 0.0277392578125
1 0.65625 0.6728515625 0.02170572916666667 0.042021484375
1 0.5302734375 0.2314453125 0.050904947916666665 0.032412109375
1 0.5716145833333334 0.2489013671875 0.03135416666666666 0.04296875
1 0.48046875 0.293701171875 0.048951822916666665 0.033203125
1 0.4007161458333333 0.487548828125 0.04272786458333333 0.034697265625
1 0.591796875 0.2454833984375 0.031106770833333335 0.043212890625
1 0.2843424479166667 0.4052734375 0.055585937499999995 0.0166650390625
1 0.4645182291666667 0.6728515625 0.03877604166666667 0.03927734375
1 0.4807942708333333 0.242919921875 0.021542968750000002 0.04296875
1 0.51953125 0.260009765625 0.024212239583333333 0.0443408203125
1 0.49939453125000005 0.5566845703125 0.056243489583333334 0.0169970703125
1 0.4036458333333333 0.2427978515625 0.02580078125 0.0436083984375
1 0.4794921875 0.62060546875 0.0448828125 0.038330078125
1 0.5618489583333334 0.60595703125 0.043131510416666664 0.033203125
1 0.5172526041666666 0.302978515625 0.02056640625 0.041474609375
1 0.6360677083333334 0.67724609375 0.02170572916666667 0.04296875
1 0.6574479166666667 0.6435546875 0.055703125 0.0207958984375
1 0.5771484375 0.6526123046875 0.02072265625 0.0436279296875
1 0.4371744791666667 0.5329541015625 0.024778645833333335 0.0417626953125
1 0.4606119791666667 0.25134765625 0.02080078125 0.04380859375
1 0.4928385416666667 0.70263671875 0.050130208333333336 0.024140625
1 0.5602213541666666 0.272216796875 0.02854166666666667 0.044677734375
1 0.5953776041666666 0.6796875 0.02048828125 0.0426318359375
1 0.61328125 0.5712890625 0.05423828125 0.01798828125
1 0.4264322916666667 0.736328125 0.046959635416666666 0.0341796875
1 0.4283854166666667 0.75390625 0.047773437499999995 0.032412109375
1 0.39998697916666665 0.3821533203125 0.0375 0.0412255859375
1 0.6162109375 0.2509765625 0.03305989583333333 0.0423291015625
1 0.5703125 0.305419921875 0.056764322916666665 0.01994140625
1 0.4212239583333333 0.25732421875 0.024069010416666665 0.046630859375
1 0.4446614583333333 0.767578125 0.046510416666666665 0.0348193359375
1 0.6149088541666666 0.443359375 0.053834635416666665 0.0256201171875
1 0.5774739583333334 0.19873046875 0.030110677083333332 0.0439453125
1 0.615234375 0.6767578125 0.020891927083333334 0.0440087890625
1 0.41695312500000004 0.411005859375 0.04294270833333333 0.038828125
1 0.3837890625 0.2386474609375 0.028378906250000002 0.0426318359375
1 0.5367838541666666 0.286376953125 0.021119791666666665 0.05126953125
1 0.4970703125 0.3494921875 0.025592447916666667 0.0434033203125
1 0.7212630208333333 0.667646484375 0.054772135416666666 0.0309619140625
1 0.7584635416666666 0.67626953125 0.027265625 0.043212890625
1 0.4391276041666667 0.263916015625 0.022298177083333332 0.044677734375
1 0.4258854166666666 0.4248046875 0.043261718750000004 0.03935546875
1 0.31509114583333336 0.3882958984375 0.050130208333333336 0.032314453125
1 0.51671875 0.5414111328125 0.05491536458333333 0.0205908203125
1 0.5493229166666667 0.47734375 0.043854166666666666 0.03603515625
1 0.279140625 0.370380859375 0.05491536458333333 0.02802734375
1 0.5396028645833334 0.34263671875 0.047285156249999995 0.0366064453125
