1 0.4365234375 0.70111328125 0.02056640625 0.0405615234375
1 0.6256510416666666 0.68603515625 0.023255208333333333 0.0390625
1 0.4267578125 0.6280712890625 0.0517578125 0.0161572265625
1 0.3165494791666667 0.3624072265625 0.051673177083333334 0.0268896484375
1 0.5113932291666666 0.607509765625 0.028769531249999997 0.040771484375
1 0.36151692708333333 0.6409423828125 0.04986979166666666 0.026962890625
1 0.7300520833333333 0.649296875 0.046510416666666665 0.03556640625
1 0.5338541666666666 0.6162109375 0.027161458333333333 0.0389697265625
1 0.7444856770833334 0.2748583984375 0.056269531250000004 0.0241455078125
1 0.49856119791666664 0.4292138671875 0.021542968750000002 0.04248046875
1 0.3642578125 0.330166015625 0.03407552083333334 0.03927734375
1 0.3212890625 0.3331494140625 0.036497395833333335 0.0382373046875
1 0.3109309895833333 0.465419921875 0.0336328125 0.0406787109375
1 0.5393880208333334 0.663173828125 0.03005208333333333 0.04009765625
1 0.3598307291666667 0.67322265625 0.05376953125 0.0232080078125
1 0.5018359375 0.6290234375 0.04334635416666666 0.03376953125
1 0.6344010416666667 0.7296630859375 0.05113932291666667 0.0220703125
1 0.40619140625 0.322626953125 0.049687499999999996 0.0267626953125
1 0.41452473958333336 0.196171875 0.057695312500000005 0.02244140625
1 0.3953515625 0.7423291015625 0.04758463541666667 0.031005859375
1 0.39436197916666665 0.7769140625 0.035553385416666666 0.0422900390625
1 0.29486328125 0.2033984375 0.034960937500000004 0.04080078125
1 0.34053385416666665 0.4506103515625 0.035657552083333335 0.0362939453125
1 0.75685546875 0.453369140625 0.0498046875 0.0330224609375
1 0.7747395833333334 0.4975732421875 0.024069010416666665 0.04134765625
1 0.6801497395833334 0.2266455078125 0.03407552083333334 0.0402099609375
1 0.6771614583333333 0.7108544921875 0.028697916666666667 0.0422216796875
1 0.24630208333333334 0.2233447265625 0.03568359375 0.038818359375
1 0.2960611979166667 0.4741796875 0.03147135416666667 0.0393896484375
1 0.5100130208333333 0.2683740234375 0.04427734375 0.0371142578125
1 0.5368619791666667 0.1946826171875 0.044726562500000004 0.0375244140625
1 0.7769205729166666 0.378056640625 0.023268229166666668 0.0399609375
1 0.47623046875 0.7559423828125 0.05471354166666667 0.02455078125
1 0.24859374999999997 0.548857421875 0.03453125 0.0394873046875
1 0.7168749999999999 0.242705078125 0.05207682291666666 0.0313134765625
1 0.27818359375 0.5810302734375 0.02352213541666667 0.04123046875
1 0.5083268229166666 0.6937890625 0.03849609375 0.0391259765625
1 0.5882747395833333 0.692353515625 0.053027343750000004 0.0208251953125
1 0.25755208333333335 0.5958203125 0.02267578125 0.04017578125
1 0.21464843749999998 0.6975244140625 0.05517578125 0.02302734375
1 0.6145247395833333 0.7541357421875 0.04682942708333334 0.031435546875
1 0.6614778645833334 0.6936181640625 0.02956380208333333 0.0414599609375
1 0.76865234375 0.34130859375 0.02994140625 0.040009765625
1 0.3470247395833333 0.4056884765625 0.0391015625 0.0365673828125
1 0.2506510416666667 0.4637939453125 0.03029296875 0.0413232421875
1 0.22086588541666666 0.572841796875 0.023802083333333335 0.0413232421875
1 0.49720703125000004 0.7155322265625 0.04212239583333333 0.0364990234375
1 0.3123372395833333 0.1839453125 0.020169270833333332 0.04205078125
1 0.6950455729166666 0.7149853515625 0.026757812500000002 0.0395068359375
1 0.4231184895833333 0.6569970703125 0.05392578125 0.0197412109375
1 0.2385546875 0.7058544921875 0.05155598958333333 0.0262109375
1 0.28489583333333335 0.717998046875 0.02173828125 0.040126953125
1 0.4794921875 0.4142822265625 0.02056640625 0.04443359375
1 0.35788411458333336 0.2781201171875 0.028645833333333332 0.041689453125
1 0.25449218749999997 0.2074267578125 0.03835286458333333 0.04193359375
1 0.4683919270833334 0.7247265625 0.05421875 0.0235888671875
1 0.4013346354166667 0.2410888671875 0.057493489583333335 0.0200634765625
1 0.6205989583333333 0.192890625 0.04282552083333333 0.0392822265625
1 0.8042252604166666 0.2899267578125 0.03338541666666667 0.042177734375
1 0.5835611979166667 0.739775390625 0.024589843750000003 0.0424853515625
1 0.31290364583333335 0.3962109375 0.05465494791666667 0.019541015625
1 0.35402994791666664 0.7978515625 0.05348958333333333 0.0181591796875
1 0.34593098958333335 0.7314453125 0.052369791666666665 0.01548828125
1 0.3041796875 0.2755078125 0.05464192708333334 0.0298876953125
1 0.541015625 0.708984375 0.047936197916666666 0.0312060546875
1 0.45847005208333336 0.303056640625 0.04720703125 0.02998046875
1 0.24805338541666666 0.290771484375 0.05445963541666667 0.026611328125
1 0.50568359375 0.1794189453125 0.04481770833333334 0.0415869140625
1 0.5321875 0.7607421875 0.05464192708333334 0.0183740234375
1 0.7193619791666667 0.7013720703125 0.026236979166666664 0.039921875
1 0.26631510416666665 0.3426611328125 0.05408854166666666 0.0298876953125
1 0.5276497395833334 0.3045849609375 0.05204427083333333 0.0160546875
1 0.6468098958333334 0.7561474609375 0.026894531250000003 0.0407958984375
1 0.40985026041666667 0.2260693359375 0.057578125 0.022412109375
1 0.4583658854166666 0.2302197265625 0.05174479166666667 0.027919921875
1 0.453125 0.361572265625 0.030110677083333332 0.040517578125
1 0.2608854166666667 0.3248828125 0.05326171875 0.0282763671875
1 0.6731770833333334 0.3954345703125 0.039361979166666665 0.0365185546875
1 0.24888020833333332 0.5100244140625 0.0487890625 0.031552734375
1 0.29484375 0.7566357421875 0.042317708333333336 0.0377490234375
1 0.5427018229166667 0.7861328125 0.05180338541666666 0.0232861328125
1 0.25537109375 0.308349609375 0.05375 0.0263525390625
1 0.5647591145833334 0.2144873046875 0.0409765625 0.0398583984375
1 0.24886067708333334 0.73388671875 0.050130208333333336 0.0261083984375
1 0.2760091145833333 0.4891748046875 0.04884765625 0.032119140625
1 0.3877278645833333 0.3587841796875 0.051419270833333336 0.0245556640625
1 0.7801822916666666 0.2960546875 0.032526041666666665 0.0427197265625
1 0.54201171875 0.743623046875 0.05123046875 0.0201513671875
1 0.359375 0.7585595703125 0.03533854166666667 0.0440966796875
1 0.27703125 0.17822265625 0.05344401041666667 0.0272216796875
1 0.542109375 0.7278271484375 0.050872395833333334 0.0235791015625
1 0.285234375 0.404814453125 0.048736979166666666 0.0319921875
1 0.2378580729166667 0.58904296875 0.02397786458333333 0.0411865234375
1 0.46319661458333333 0.33392578125 0.028216145833333334 0.040986328125
1 0.6862044270833333 0.6405126953125 0.04421223958333333 0.0352001953125
1 0.5912825520833334 0.1740234375 0.05123697916666667 0.0329248046875
1 0.3232877604166667 0.267177734375 0.05367838541666667 0.0276416015625
1 0.6451953125 0.266357421875 0.05799479166666666 0.01763671875
1 0.4694010416666667 0.19580078125 0.02516927083333333 0.04052734375
1 0.5361328125 0.2359619140625 0.050130208333333336 0.02810546875
1 0.4544270833333333 0.25634765625 0.0376171875 0.0389697265625
1 0.3649088541666667 0.233154296875 0.03877604166666667 0.0372021484375
1 0.4215494791666667 0.2137451171875 0.056236979166666666 0.0218212890625
1 0.2708333333333333 0.27783203125 0.04345703125 0.038544921875
1 0.4456380208333333 0.1912841796875 0.025696614583333333 0.0431201171875
1 0.4886067708333333 0.324462890625 0.02921875 0.0410791015625
1 0.5237630208333334 0.77490234375 0.052858072916666665 0.02140625
1 0.267578125 0.2529296875 0.050904947916666665 0.022080078125
1 0.7526041666666666 0.486083984375 0.022115885416666665 0.0408349609375
1 0.732421875 0.488525390625 0.021790364583333333 0.04177734375
1 0.4130859375 0.64404296875 0.05395833333333333 0.0202490234375
1 0.689453125 0.2047119140625 0.051106770833333336 0.03732421875
1 0.7786458333333334 0.2335205078125 0.05517578125 0.0280615234375
1 0.4085286458333333 0.179443359375 0.057291666666666664 0.02365234375
1 0.234375 0.262451171875 0.03806640625 0.0386962890625
1 0.3743489583333333 0.705078125 0.01978515625 0.0386962890625
1 0.7604166666666666 0.59326171875 0.036705729166666666 0.0413818359375
1 0.6119791666666666 0.7109375 0.050618489583333336 0.0227197265625
1 0.4384765625 0.32421875 0.029440104166666665 0.040771484375
1 0.19401041666666666 0.6279296875 0.02565755208333333 0.038818359375
1 0.3069661458333333 0.66748046875 0.0376171875 0.0389697265625
1 0.3284505208333333 0.2215576171875 0.03755859375 0.035673828125
1 0.20166015625 0.59716796875 0.029824218750000003 0.04025390625
1 0.5240885416666666 0.6708984375 0.029440104166666665 0.0391845703125
1 0.4078776041666667 0.367431640625 0.05126953125 0.02337890625
1 0.3224283854166667 0.3828125 0.04931640625 0.018583984375
1 0.3219401041666667 0.307861328125 0.048014322916666664 0.0289306640625
1 0.7102864583333334 0.81298828125 0.0508203125 0.0292041015625
1 0.3818359375 0.261962890625 0.045045572916666665 0.0411376953125
1 0.3245442708333333 0.74462890625 0.05224609375 0.017578125
1 0.6861979166666666 0.826171875 0.056236979166666666 0.0186181640625
1 0.7962239583333334 0.255859375 0.055787760416666665 0.0253759765625
1 0.2747395833333333 0.45556640625 0.02931640625 0.040009765625
1 0.3551432291666667 0.70458984375 0.021197916666666667 0.0410791015625
1 0.455078125 0.77978515625 0.049401041666666666 0.0277392578125
1 0.3299153645833333 0.7705078125 0.037923177083333336 0.0384521484375
1 0.22477213541666666 0.22607421875 0.03798177083333334 0.040986328125
1 0.4192708333333333 0.26806640625 0.038938802083333335 0.0377490234375
1 0.6103515625 0.80224609375 0.02048828125 0.04046875
1 0.6770833333333334 0.77490234375 0.05293619791666667 0.027373046875
1 0.6474609375 0.79638671875 0.026184895833333333 0.03955078125
1 0.7063802083333334 0.759765625 0.0458984375 0.033720703125
1 0.7356770833333334 0.7138671875 0.0258984375 0.0411376953125
1 0.6559244791666666 0.19189453125 0.046959635416666666 0.0322900390625
1 0.3753255208333333 0.76708984375 0.036009114583333335 0.0406787109375
1 0.3489583333333333 0.172607421875 0.052656249999999995 0.018828125
1 0.2782421875 0.2103759765625 0.035807291666666664 0.0394384765625
1 0.3405078125 0.208076171875 0.03839192708333333 0.0372607421875
1 0.35421875 0.197431640625 0.04 0.03677734375
1 0.37567057291666667 0.1963427734375 0.037096354166666665 0.0375
1 0.31921223958333333 0.2386865234375 0.04935546875 0.0316943359375
1 0.2879231770833333 0.2394091796875 0.04806640625 0.02927734375
1 0.5793945312500001 0.186181640625 0.04774739583333334 0.0326611328125
1 0.5176171875 0.18896484375 0.04290364583333334 0.0372607421875
1 0.5492317708333333 0.2048095703125 0.04290364583333334 0.03798828125
1 0.5803580729166666 0.2231982421875 0.04129557291666667 0.03798828125
1 0.7198828125 0.2233203125 0.05065104166666667 0.0304833984375
1 0.7394010416666666 0.2493310546875 0.05225911458333333 0.030244140625
1 0.65681640625 0.223564453125 0.035488281249999996 0.039677734375
1 0.6339127604166667 0.222958984375 0.034192708333333335 0.039921875
1 0.6185872395833333 0.232392578125 0.03516276041666667 0.039921875
1 0.6647200520833333 0.2515087890625 0.05322916666666667 0.0186279296875
1 0.6039127604166666 0.242919921875 0.03354817708333333 0.0391943359375
1 0.6035872395833334 0.2698974609375 0.04774739583333334 0.030244140625
1 0.5671354166666667 0.253203125 0.05225911458333333 0.024921875
1 0.49293619791666665 0.236748046875 0.04064453125 0.0375
1 0.5000325520833333 0.25453125 0.04 0.0353271484375
1 0.46470703124999996 0.2727978515625 0.03451822916666667 0.0413720703125
1 0.52341796875 0.278486328125 0.04097005208333333 0.035810546875
1 0.5540690104166667 0.27630859375 0.04677734375 0.033388671875
1 0.5703580729166667 0.28501953125 0.05032552083333333 0.0304833984375
1 0.3384114583333333 0.3388525390625 0.03354817708333333 0.0384716796875
1 0.3888932291666667 0.3432080078125 0.052584635416666664 0.023955078125
1 0.3550260416666667 0.3704248046875 0.035807291666666664 0.0372607421875
1 0.41195963541666664 0.381435546875 0.05161458333333333 0.0244384765625
1 0.3672786458333333 0.4043017578125 0.037096354166666665 0.0391943359375
1 0.4000260416666667 0.401640625 0.05032552083333333 0.027099609375
1 0.42664062500000005 0.4065966796875 0.047421875 0.027822265625
1 0.4463216145833333 0.4141015625 0.04935546875 0.027822265625
1 0.4793880208333334 0.3763525390625 0.034192708333333335 0.0404052734375
1 0.5074544270833333 0.4024853515625 0.04258463541666666 0.0316943359375
1 0.5035807291666666 0.3400634765625 0.035488281249999996 0.03798828125
1 0.5493880208333334 0.3285693359375 0.05161458333333333 0.0154833984375
1 0.5705208333333334 0.30498046875 0.0461328125 0.0312109375
1 0.5876171875 0.3291748046875 0.029355468750000002 0.0404052734375
1 0.60326171875 0.3179248046875 0.028391927083333334 0.040166015625
1 0.6174609375 0.303408203125 0.03225911458333333 0.039677734375
1 0.6479427083333333 0.2846533203125 0.05451822916666666 0.0229833984375
1 0.7013346354166666 0.285380859375 0.05290364583333334 0.02685546875
1 0.6906901041666668 0.298447265625 0.05161458333333333 0.0273388671875
1 0.6545572916666667 0.30498046875 0.05290364583333334 0.0200830078125
1 0.7697265624999999 0.264091796875 0.05419921875 0.0229833984375
1 0.73294921875 0.300625 0.04129557291666667 0.038955078125
1 0.74908203125 0.308125 0.04322916666666667 0.0375
1 0.7463411458333334 0.3417578125 0.029355468750000002 0.039921875
1 0.7163346354166666 0.327841796875 0.045488281250000005 0.033388671875
1 0.6690755208333333 0.3257861328125 0.048391927083333335 0.0316943359375
1 0.6890755208333333 0.349375 0.025807291666666666 0.0416162109375
1 0.7195638020833334 0.3550634765625 0.039036458333333336 0.0370166015625
1 0.6319791666666666 0.3319580078125 0.04258463541666666 0.0348388671875
1 0.6692382812500001 0.3569970703125 0.022259114583333333 0.0413720703125
1 0.6497200520833334 0.3615966796875 0.0212890625 0.0413720703125
1 0.63052734375 0.366435546875 0.019680989583333332 0.04234375
1 0.6110091145833333 0.3709130859375 0.02194010416666667 0.0406494140625
1 0.5335807291666667 0.3469580078125 0.05225911458333333 0.0222607421875
1 0.5640690104166667 0.35373046875 0.035807291666666664 0.0382275390625
1 0.52212890625 0.3655859375 0.05194010416666667 0.0237109375
1 0.5266471354166666 0.3799853515625 0.05129557291666667 0.019599609375
1 0.5777799479166666 0.366435546875 0.04258463541666666 0.034599609375
1 0.5929427083333333 0.387724609375 0.02 0.040888671875
1 0.5543880208333333 0.391357421875 0.05451822916666666 0.017177734375
1 0.7097200520833334 0.378291015625 0.02645182291666667 0.0404052734375
1 0.7473046874999999 0.3884521484375 0.04677734375 0.032177734375
1 0.6914973958333334 0.3900244140625 0.035807291666666664 0.0372607421875
1 0.6539127604166667 0.39982421875 0.037421875 0.0360498046875
1 0.6297200520833334 0.40853515625 0.0212890625 0.0413720703125
1 0.6111653645833334 0.4199072265625 0.021614583333333336 0.0404052734375
1 0.5755208333333334 0.410107421875 0.05032552083333333 0.027099609375
1 0.726015625 0.4096240234375 0.05516276041666667 0.0212939453125
1 0.76666015625 0.4116796875 0.049999999999999996 0.0287939453125
1 0.7634375000000001 0.431396484375 0.049999999999999996 0.031455078125
1 0.7295638020833333 0.43732421875 0.022903645833333333 0.0413720703125
1 0.6937565104166666 0.4242626953125 0.052584635416666664 0.0244384765625
1 0.7108528645833333 0.4558349609375 0.023548177083333333 0.042099609375
1 0.6911718750000001 0.4523291015625 0.022903645833333333 0.0413720703125
1 0.6711718750000001 0.446884765625 0.020970052083333333 0.0416162109375
1 0.6506901041666667 0.4339404296875 0.02064453125 0.0404052734375
1 0.54955078125 0.41724609375 0.045488281250000005 0.0336328125
1 0.5455208333333333 0.433818359375 0.041940104166666665 0.0329052734375
1 0.5771354166666667 0.4403515625 0.025162760416666666 0.0411328125
1 0.2615755208333333 0.498505859375 0.04905598958333333 0.029306640625
1 0.3379817708333333 0.474736328125 0.03603515625 0.0377685546875
1 0.3755338541666667 0.4789697265625 0.03994140625 0.0358154296875
1 0.3560026041666667 0.4423388671875 0.03386067708333333 0.0374462890625
1 0.3874739583333333 0.436318359375 0.04905598958333333 0.0280029296875
1 0.4039713541666667 0.4286669921875 0.05079427083333333 0.030283203125
1 0.3894270833333333 0.4607373046875 0.03559895833333333 0.037119140625
1 0.4654036458333333 0.43712890625 0.03559895833333333 0.0367919921875
1 0.43392578125 0.4442919921875 0.033430989583333334 0.0374462890625
1 0.4473893229166667 0.45943359375 0.02561197916666667 0.039072265625
1 0.42459635416666663 0.4765283203125 0.03994140625 0.0348388671875
1 0.41830078125 0.4928076171875 0.04472005208333333 0.0328857421875
1 0.40701171875 0.509091796875 0.05079427083333333 0.0244189453125
1 0.36641927083333337 0.511044921875 0.027786458333333333 0.040048828125
1 0.3234375 0.502578125 0.053834635416666665 0.01986328125
1 0.3355924479166667 0.5230908203125 0.03994140625 0.0348388671875
1 0.30281901041666665 0.5260205078125 0.049928385416666665 0.0309326171875
1 0.2665625 0.5563037109375 0.03473307291666667 0.0374462890625
1 0.29956380208333333 0.556142578125 0.024309895833333334 0.0397265625
1 0.31649088541666665 0.5677001953125 0.025182291666666665 0.040703125
1 0.349921875 0.5418115234375 0.05296875 0.0214892578125
1 0.3525260416666667 0.556953125 0.05296875 0.0231201171875
1 0.3494856770833333 0.572421875 0.052096354166666664 0.0240966796875
1 0.40766276041666666 0.5265087890625 0.052096354166666664 0.02279296875
1 0.5183723958333334 0.4384326171875 0.024309895833333334 0.040703125
1 0.5565755208333333 0.45943359375 0.044283854166666664 0.0299560546875
1 0.5934765625 0.4550390625 0.02865234375 0.040048828125
1 0.6093229166666666 0.4607373046875 0.029088541666666665 0.0397265625
1 0.6290755208333333 0.46138671875 0.030390625 0.0403759765625
1 0.64275390625 0.4734375 0.03169270833333333 0.039072265625
1 0.6787890624999999 0.4784814453125 0.048190104166666664 0.030283203125
1 0.6727083333333334 0.4939501953125 0.048190104166666664 0.02865234375
1 0.7070052083333334 0.49916015625 0.030826822916666666 0.0384228515625
1 0.7406510416666667 0.5151123046875 0.05470052083333333 0.0175830078125
1 0.7543294270833334 0.534326171875 0.05427083333333333 0.02474609375
1 0.7712630208333334 0.5548388671875 0.056002604166666664 0.027353515625
1 0.7604036458333333 0.56705078125 0.05513671875 0.02572265625
1 0.46193359375 0.473271484375 0.024309895833333334 0.040048828125
1 0.4819010416666667 0.4735986328125 0.024309895833333334 0.0393994140625
1 0.499921875 0.4731103515625 0.02474609375 0.039072265625
1 0.519453125 0.4880908203125 0.022141927083333332 0.039072265625
1 0.5379036458333334 0.4775048828125 0.023444010416666664 0.0393994140625
1 0.564609375 0.4884130859375 0.03603515625 0.0377685546875
1 0.6104101562500001 0.489228515625 0.05035807291666666 0.0263720703125
1 0.5906575520833334 0.5126708984375 0.023880208333333333 0.040048828125
1 0.6123632812500001 0.519345703125 0.021276041666666665 0.041025390625
1 0.45194661458333335 0.5092529296875 0.026914062500000002 0.0384228515625
1 0.48537760416666664 0.4996484375 0.053834635416666665 0.01595703125
1 0.49362630208333336 0.5141357421875 0.05470052083333333 0.016279296875
1 0.49058593749999996 0.5284619140625 0.053834635416666665 0.016279296875
1 0.5600455729166667 0.5102294921875 0.04775390625 0.029306640625
1 0.5450716145833333 0.5190234375 0.048190104166666664 0.027353515625
1 0.540078125 0.533349609375 0.04775390625 0.02865234375
1 0.5303059895833333 0.545556640625 0.04732421875 0.0250732421875
1 0.5068619791666666 0.5646044921875 0.021276041666666665 0.0403759765625
1 0.445 0.533349609375 0.027786458333333333 0.0384228515625
1 0.46366536458333335 0.555654296875 0.03125651041666667 0.0374462890625
1 0.48537760416666664 0.554189453125 0.030390625 0.0377685546875
1 0.4102669270833333 0.541162109375 0.052096354166666664 0.018232421875
1 0.42459635416666663 0.556953125 0.05296875 0.017255859375
1 0.42155598958333335 0.5701416015625 0.052096354166666664 0.0156298828125
1 0.4217708333333334 0.5849560546875 0.05253255208333333 0.0146533203125
1 0.38573567708333334 0.5650927734375 0.020403645833333334 0.0393994140625
1 0.540078125 0.5647705078125 0.04775390625 0.0270263671875
1 0.5470247395833333 0.5831640625 0.0494921875 0.0234423828125
1 0.5774153645833333 0.5631396484375 0.044283854166666664 0.0309326171875
1 0.5854427083333333 0.5497900390625 0.04384765625 0.03158203125
1 0.610625 0.54767578125 0.0455859375 0.02865234375
1 0.6394986979166667 0.5471875 0.03125651041666667 0.038095703125
1 0.6397135416666667 0.5107177734375 0.034296875 0.040048828125
1 0.6570768229166667 0.51853515625 0.03169270833333333 0.038095703125
1 0.6718424479166667 0.5255322265625 0.032558593749999996 0.039072265625
1 0.6868164062500001 0.536767578125 0.03212890625 0.0393994140625
1 0.7169921874999999 0.539697265625 0.032558593749999996 0.0393994140625
1 0.7078776041666667 0.564931640625 0.0533984375 0.0195361328125
1 0.7156901041666667 0.5812109375 0.056002604166666664 0.01693359375
1 0.7139518229166667 0.595048828125 0.05513671875 0.0166064453125
1 0.7365299479166666 0.610517578125 0.057740885416666665 0.01693359375
1 0.7334895833333334 0.6251708984375 0.057740885416666665 0.018232421875
1 0.6866015624999999 0.6207763671875 0.0455859375 0.032236328125
1 0.6688020833333334 0.612958984375 0.0455859375 0.0328857421875
1 0.6434049479166667 0.6464990234375 0.029524739583333334 0.0413525390625
1 0.6703190104166666 0.563955078125 0.03647135416666667 0.0384228515625
1 0.6603385416666666 0.58169921875 0.04688802083333333 0.0335400390625
1 0.6462239583333333 0.591142578125 0.04732421875 0.0309326171875
1 0.61453125 0.576328125 0.04732421875 0.02865234375
1 0.57849609375 0.5983056640625 0.027350260416666664 0.040048828125
1 0.5606966145833333 0.62435546875 0.029088541666666665 0.0413525390625
1 0.6019401041666667 0.60498046875 0.03690104166666667 0.0364697265625
1 0.6199609375 0.6098681640625 0.03647135416666667 0.0358154296875
1 0.63494140625 0.618818359375 0.03603515625 0.0367919921875
1 0.5828385416666667 0.642099609375 0.03516276041666667 0.037119140625
1 0.5999869791666667 0.64666015625 0.03559895833333333 0.0377685546875
1 0.6054166666666666 0.6671728515625 0.048190104166666664 0.0319091796875
1 0.4693098958333333 0.5968408203125 0.03559895833333333 0.0377685546875
1 0.43327473958333335 0.5997705078125 0.055572916666666666 0.01498046875
1 0.43544921875000003 0.6136083984375 0.053834635416666665 0.0166064453125
1 0.37727213541666665 0.59130859375 0.046022135416666665 0.03060546875
1 0.33059895833333336 0.5919580078125 0.0533984375 0.0195361328125
1 0.48168619791666667 0.6321728515625 0.04298177083333333 0.0348388671875
1 0.37401692708333334 0.6111669921875 0.05079427083333333 0.0260498046875
1 0.37423177083333337 0.6271240234375 0.04862630208333333 0.0260498046875
1 0.32278645833333336 0.6072607421875 0.05513671875 0.0195361328125
1 0.32322265625 0.6209375 0.0533984375 0.01888671875
1 0.30932942708333333 0.6373779296875 0.05513671875 0.01791015625
1 0.5596158854166667 0.66310546875 0.03125651041666667 0.040703125
1 0.705703125 0.6471484375 0.04298177083333333 0.0335400390625
1 0.6469661458333333 0.6821630859375 0.02697265625 0.03919921875
1 0.6107877604166666 0.7687353515625 0.04772135416666667 0.0305908203125
1 0.45987630208333335 0.7662890625 0.052617187499999996 0.02447265625
1 0.47537109375 0.740439453125 0.05424479166666666 0.0229443359375
1 0.4074609375 0.7883154296875 0.035078125 0.0409912109375
1 0.40542317708333336 0.7315673828125 0.047311197916666665 0.030283203125
1 0.40542317708333336 0.713671875 0.04813151041666667 0.029365234375
1 0.40522135416666666 0.695166015625 0.048535156249999996 0.0315087890625
1 0.39481770833333335 0.670693359375 0.04404947916666666 0.032119140625
1 0.34689453125 0.6537158203125 0.04935546875 0.0250830078125
1 0.2828580729166667 0.6079833984375 0.04282552083333333 0.033955078125
1 0.27470052083333335 0.63306640625 0.04445963541666667 0.032119140625
1 0.240234375 0.6193017578125 0.048945312500000004 0.0272265625
1 0.22901692708333332 0.630771484375 0.051796875 0.027529296875
1 0.23207682291666668 0.6486669921875 0.05220703125 0.0229443359375
1 0.22024739583333333 0.661669921875 0.05302083333333333 0.019580078125
1 0.23309895833333336 0.677578125 0.052617187499999996 0.0214111328125
1 0.2828580729166667 0.689658203125 0.05343098958333333 0.0192724609375
1 0.3152864583333333 0.7207080078125 0.04486328125 0.0336474609375
1 0.317734375 0.699296875 0.04404947916666666 0.034873046875
1 0.26634114583333335 0.6583056640625 0.0416015625 0.0342626953125
1 0.2865299479166667 0.6647265625 0.03630208333333333 0.0373193359375
1 0.24839192708333332 0.7176513671875 0.051393229166666665 0.02630859375
