1 0.46628255208333336 0.268056640625 0.03804036458333333 0.0393798828125
1 0.3971354166666667 0.280029296875 0.03513671875 0.0394921875
1 0.3370377604166667 0.2227001953125 0.04740885416666666 0.0337548828125
1 0.32069010416666666 0.2530126953125 0.04513671875 0.0333935546875
1 0.7195963541666667 0.276611328125 0.04794921875 0.0369873046875
1 0.42408203125 0.2452783203125 0.04888671875 0.0299755859375
1 0.494140625 0.314697265625 0.02921875 0.042021484375
1 0.5065755208333333 0.26083984375 0.03953125 0.0392822265625
1 0.3496549479166667 0.281494140625 0.0423828125 0.03759765625
1 0.6536458333333334 0.306884765625 0.03975260416666667 0.0425732421875
1 0.3017578125 0.31689453125 0.048749999999999995 0.0280615234375
1 0.693359375 0.276611328125 0.046263020833333335 0.035830078125
1 0.53638671875 0.21921875 0.04587239583333333 0.03630859375
1 0.29443359375 0.57568359375 0.030520833333333334 0.0416259765625
1 0.7194010416666666 0.48388671875 0.04740234375 0.0305029296875
1 0.5967708333333334 0.2841162109375 0.05637369791666667 0.0246240234375
1 0.4537760416666667 0.1895751953125 0.048216145833333335 0.0286572265625
1 0.4046419270833333 0.2092724609375 0.053085937500000006 0.0283349609375
1 0.2960611979166667 0.26904296875 0.05347005208333333 0.023330078125
1 0.6188151041666666 0.263671875 0.02449869791666667 0.04443359375
1 0.5634765625 0.1971435546875 0.042317708333333336 0.0350634765625
1 0.31494140625 0.354248046875 0.05708984375 0.02029296875
1 0.3577473958333333 0.321044921875 0.02638671875 0.0416259765625
1 0.3642578125 0.18359375 0.05054036458333333 0.02748046875
1 0.6402994791666666 0.2787158203125 0.024212239583333333 0.0445849609375
1 0.5973307291666666 0.256103515625 0.02468098958333333 0.042724609375
1 0.38198567708333336 0.721220703125 0.04248046875 0.0381787109375
1 0.2757161458333333 0.25341796875 0.04520833333333333 0.0335986328125
1 0.29972005208333335 0.28498046875 0.055084635416666666 0.02302734375
1 0.3981119791666667 0.322265625 0.023359375 0.042236328125
1 0.3151041666666667 0.339111328125 0.052656249999999995 0.0204150390625
1 0.4401041666666667 0.28125 0.05497395833333333 0.0185107421875
1 0.6953125 0.51611328125 0.029765625 0.04046875
1 0.6466861979166666 0.251318359375 0.045813802083333334 0.0348046875
1 0.73046875 0.32666015625 0.051393229166666665 0.0180224609375
1 0.8033854166666666 0.281494140625 0.03849609375 0.0384521484375
1 0.2635091145833333 0.4697265625 0.031106770833333335 0.0432763671875
1 0.3824869791666667 0.173583984375 0.054036458333333336 0.02630859375
1 0.3388671875 0.66943359375 0.053059895833333336 0.023603515625
1 0.4466145833333333 0.4189453125 0.055703125 0.016845703125
1 0.7743880208333334 0.30029296875 0.05710286458333333 0.0171826171875
1 0.7338216145833334 0.506640625 0.05497395833333333 0.025205078125
1 0.7610677083333334 0.58544921875 0.04512369791666667 0.0357373046875
1 0.2818684895833333 0.20669921875 0.048639322916666665 0.0317578125
1 0.5172526041666666 0.7406884765625 0.03735677083333334 0.0398974609375
1 0.31396484375 0.69970703125 0.047200520833333336 0.02810546875
1 0.2893880208333333 0.4326171875 0.02565755208333333 0.0403759765625
1 0.27392578125 0.3498681640625 0.030638020833333335 0.0416259765625
1 0.78970703125 0.3820068359375 0.04449869791666666 0.0364404296875
1 0.7734375 0.4233203125 0.03224609375 0.04052734375
1 0.7532552083333334 0.2691357421875 0.028281249999999997 0.040859375
1 0.705078125 0.5390625 0.025937500000000002 0.040771484375
1 0.6868489583333334 0.317626953125 0.057701822916666666 0.0170458984375
1 0.3401692708333333 0.68505859375 0.054036458333333336 0.022294921875
1 0.48082031249999996 0.7160693359375 0.05247395833333333 0.0212744140625
1 0.6175390625 0.6517041015625 0.05375 0.0192431640625
1 0.8092447916666666 0.334716796875 0.022910156249999997 0.04177734375
1 0.5843098958333334 0.19189453125 0.04472005208333333 0.0386962890625
1 0.6256510416666666 0.31298828125 0.021119791666666665 0.0408349609375
1 0.7337239583333334 0.296875 0.022988281250000003 0.0394287109375
1 0.7447916666666666 0.65576171875 0.049401041666666666 0.028212890625
1 0.2392578125 0.60888671875 0.026653645833333333 0.0406201171875
1 0.4013671875 0.6865234375 0.0517578125 0.0160205078125
1 0.78650390625 0.4073291015625 0.039778645833333334 0.04064453125
1 0.7890625 0.3287841796875 0.021197916666666667 0.0431005859375
1 0.22347005208333334 0.673828125 0.056516927083333335 0.018984375
1 0.7044270833333334 0.250244140625 0.052167968749999995 0.023818359375
1 0.30078125 0.6611328125 0.051679687499999995 0.016923828125
1 0.294921875 0.30212890625 0.05296875 0.0258349609375
1 0.6848958333333334 0.4833984375 0.022565104166666666 0.04296875
1 0.4283138020833333 0.1695751953125 0.055963541666666665 0.02091796875
1 0.2542317708333333 0.491943359375 0.029947916666666668 0.0396435546875
1 0.6953125 0.302978515625 0.05537760416666667 0.01751953125
1 0.7682291666666666 0.3268896484375 0.021119791666666665 0.0420849609375
1 0.4541015625 0.2948486328125 0.05293619791666667 0.017255859375
1 0.42328125 0.72408203125 0.028795572916666665 0.03927734375
1 0.22412109375 0.6884765625 0.056640625 0.0184326171875
1 0.7259114583333334 0.60986328125 0.027955729166666665 0.0401025390625
1 0.7751367187499999 0.2710498046875 0.03379557291666666 0.0417626953125
1 0.7122395833333334 0.64302734375 0.056875 0.01953125
1 0.3107096354166667 0.381103515625 0.052858072916666665 0.0178515625
1 0.2779947916666667 0.525390625 0.02146484375 0.0394287109375
1 0.3240559895833333 0.1842578125 0.02666015625 0.0427978515625
1 0.21875 0.62890625 0.028704427083333334 0.03705078125
1 0.32982421875 0.36962890625 0.05345703125 0.0192431640625
1 0.25850260416666665 0.64794921875 0.057246093750000004 0.016279296875
1 0.29330729166666664 0.218857421875 0.04712239583333333 0.0337646484375
1 0.50345703125 0.182373046875 0.05488932291666667 0.0167236328125
1 0.2713216145833333 0.19349609375 0.051191406249999995 0.03142578125
1 0.23160807291666666 0.703125 0.054036458333333336 0.0180224609375
1 0.49639322916666667 0.1978759765625 0.05506510416666666 0.0179150390625
1 0.3515625 0.72705078125 0.02658854166666667 0.0432763671875
1 0.7107226562500001 0.6930322265625 0.03710286458333333 0.040458984375
1 0.5251953125000001 0.7950732421875 0.036640625 0.03787109375
1 0.5042317708333334 0.806640625 0.048014322916666664 0.032412109375
1 0.7454427083333334 0.6103515625 0.026549479166666667 0.04052734375
1 0.244140625 0.3935546875 0.023619791666666667 0.04025390625
1 0.4160026041666667 0.66439453125 0.04817057291666666 0.03087890625
1 0.67052734375 0.7818896484375 0.04746744791666666 0.032724609375
1 0.341796875 0.6484375 0.04565755208333333 0.019423828125
1 0.4837239583333333 0.1676025390625 0.056640625 0.0166650390625
1 0.24264973958333333 0.351689453125 0.03498697916666667 0.04021484375
1 0.36328125 0.69970703125 0.05025390625 0.0201416015625
1 0.46501302083333335 0.654521484375 0.05329427083333333 0.0256201171875
1 0.30098307291666665 0.3972802734375 0.054147135416666665 0.0180029296875
1 0.7650651041666667 0.4762646484375 0.056341145833333335 0.020166015625
1 0.4329947916666667 0.8046875 0.048287760416666665 0.030107421875
1 0.4443359375 0.71728515625 0.02146484375 0.04052734375
1 0.5445963541666666 0.7813623046875 0.024576822916666668 0.04181640625
1 0.4150390625 0.7587890625 0.02449869791666667 0.0439453125
1 0.421875 0.263671875 0.04642578125 0.0312060546875
1 0.3997395833333333 0.80419921875 0.0458984375 0.033388671875
1 0.4569270833333334 0.7694189453125 0.023619791666666667 0.0413720703125
1 0.20947265625 0.7275390625 0.03944661458333334 0.0377490234375
1 0.7571614583333334 0.73291015625 0.028932291666666665 0.0399462890625
1 0.2646484375 0.394287109375 0.021542968750000002 0.0394921875
1 0.337890625 0.73828125 0.025104166666666667 0.04345703125
1 0.2569986979166667 0.72021484375 0.03741536458333333 0.0376904296875
1 0.7105859375 0.7957080078125 0.03899088541666667 0.0399072265625
1 0.6065364583333334 0.81546875 0.045501302083333334 0.0379541015625
1 0.5847721354166667 0.797626953125 0.026295572916666666 0.0432177734375
1 0.4375 0.767578125 0.021035156250000003 0.041474609375
1 0.47310546875000004 0.7813330078125 0.024472656250000002 0.0431298828125
1 0.40140624999999996 0.771484375 0.026054687500000003 0.0430322265625
1 0.22591145833333334 0.403564453125 0.023886718749999997 0.040771484375
1 0.5235611979166667 0.758974609375 0.04261067708333333 0.0379052734375
1 0.7055143229166667 0.5711669921875 0.042187499999999996 0.0369873046875
1 0.638671875 0.81103515625 0.022298177083333332 0.041533203125
1 0.3844401041666667 0.77880859375 0.02370442708333333 0.0409228515625
1 0.3655598958333333 0.78271484375 0.022988281250000003 0.042724609375
1 0.70267578125 0.815283203125 0.03985677083333333 0.0409765625
1 0.28515625 0.167724609375 0.056640625 0.0184033203125
1 0.4873046875 0.447021484375 0.052369791666666665 0.016279296875
1 0.66609375 0.822490234375 0.036256510416666665 0.03931640625
1 0.6871549479166666 0.8233203125 0.034752604166666666 0.0389404296875
1 0.5679817708333333 0.804921875 0.02641927083333333 0.0440283203125
1 0.7384375 0.7353857421875 0.028769531249999997 0.0435595703125
1 0.7183528645833334 0.7325341796875 0.027682291666666668 0.0419287109375
1 0.7036979166666667 0.746171875 0.029850260416666666 0.042333984375
1 0.6871484375 0.7543115234375 0.027135416666666665 0.0431494140625
1 0.6621809895833334 0.7390478515625 0.028222656250000002 0.042744140625
1 0.6448111979166666 0.7457666015625 0.030397135416666665 0.042333984375
1 0.6293424479166666 0.7545166015625 0.033111979166666666 0.042744140625
1 0.6155013020833333 0.769580078125 0.03256510416666667 0.0419287109375
1 0.6011197916666667 0.7842333984375 0.027682291666666668 0.0419287109375
1 0.5685481770833333 0.7581787109375 0.03744791666666667 0.0394873046875
1 0.6912174479166667 0.6989501953125 0.027682291666666668 0.0431494140625
1 0.6665234375 0.686533203125 0.029309895833333335 0.040302734375
1 0.6499674479166667 0.69345703125 0.035279947916666665 0.0419287109375
1 0.6353125000000001 0.7026171875 0.034192708333333335 0.0407080078125
1 0.61740234375 0.70607421875 0.033111979166666666 0.0419287109375
1 0.59677734375 0.7066845703125 0.029850260416666666 0.042333984375
1 0.5807617187499999 0.717880859375 0.031477864583333334 0.0419287109375
1 0.5628515625 0.72154296875 0.03256510416666667 0.0419287109375
1 0.5435807291666667 0.7221533203125 0.029850260416666666 0.0415234375
1 0.5205143229166667 0.7036328125 0.030397135416666665 0.04111328125
1 0.5544401041666667 0.684091796875 0.04505208333333333 0.034599609375
1 0.5745182291666667 0.6718798828125 0.034192708333333335 0.042744140625
1 0.6076302083333334 0.671474609375 0.052649739583333334 0.0264599609375
1 0.495546875 0.7722265625 0.023880208333333333 0.04396484375
1 0.47763671874999997 0.7315185546875 0.05319010416666667 0.0203515625
1 0.3865625 0.7407763671875 0.045058593749999994 0.034794921875
1 0.22640625 0.7317431640625 0.04059895833333333 0.03814453125
1 0.23220703125 0.6604736328125 0.05665364583333333 0.0220849609375
1 0.26030598958333334 0.6343798828125 0.05576171875 0.01806640625
1 0.25897135416666667 0.607275390625 0.025429687500000003 0.039482421875
1 0.27792968749999997 0.58134765625 0.026764322916666666 0.039814453125
1 0.2881901041666667 0.608447265625 0.047285156249999995 0.031787109375
1 0.30157552083333333 0.6343798828125 0.03390625 0.0374755859375
1 0.33681640625000003 0.63287109375 0.05353515625 0.0210791015625
1 0.32477213541666666 0.6164794921875 0.05531901041666667 0.02041015625
1 0.33681640625000003 0.60359375 0.05353515625 0.021416015625
1 0.3798697916666667 0.6501025390625 0.02899739583333333 0.0388134765625
1 0.3979361979166667 0.6422412109375 0.03212239583333334 0.039814453125
1 0.3836588541666666 0.6112939453125 0.04193359375 0.0361376953125
1 0.41109375000000004 0.6179833984375 0.021861979166666667 0.0408203125
1 0.4298307291666667 0.60091796875 0.02899739583333333 0.0408203125
1 0.4434375 0.62986328125 0.05175130208333333 0.0264306640625
1 0.4686458333333334 0.63755859375 0.052194010416666665 0.02576171875
1 0.48158203125000004 0.688916015625 0.041490885416666665 0.0361376953125
1 0.4956380208333333 0.6793798828125 0.04193359375 0.037138671875
1 0.5034440104166666 0.654287109375 0.025429687500000003 0.0418212890625
1 0.5232942708333334 0.6511083984375 0.025872395833333336 0.0428271484375
1 0.54359375 0.6491015625 0.03078125 0.0388134765625
1 0.5598763020833334 0.630361328125 0.041041666666666664 0.0354638671875
1 0.6515559895833333 0.6604736328125 0.05397786458333333 0.0200732421875
1 0.659140625 0.6410693359375 0.05397786458333333 0.024091796875
1 0.66025390625 0.6270166015625 0.05442708333333333 0.0247607421875
1 0.6896940104166666 0.6206591796875 0.04818359375 0.0301123046875
1 0.6850130208333334 0.5989111328125 0.045058593749999994 0.032119140625
1 0.6482096354166667 0.5937255859375 0.04907552083333333 0.03044921875
1 0.6274609375 0.600751953125 0.050410156250000004 0.031787109375
1 0.6064973958333334 0.6059375 0.045058593749999994 0.0341259765625
1 0.5973502604166666 0.6208251953125 0.04014973958333334 0.03580078125
1 0.5788346354166667 0.626181640625 0.04416666666666667 0.0364697265625
1 0.5574218750000001 0.589208984375 0.035240885416666666 0.039482421875
1 0.5960091145833334 0.5810107421875 0.05710286458333333 0.02041015625
1 0.6812174479166666 0.5606005859375 0.023196614583333334 0.04115234375
1 0.7189192708333333 0.583017578125 0.04327473958333333 0.0364697265625
1 0.6370572916666667 0.571142578125 0.052643229166666666 0.0274365234375
1 0.6455338541666666 0.5592626953125 0.049967447916666664 0.024423828125
1 0.6473177083333334 0.543369140625 0.05175130208333333 0.024091796875
1 0.5917708333333334 0.5554150390625 0.04862630208333333 0.03078125
1 0.5607682291666667 0.55474609375 0.04818359375 0.0301123046875
1 0.5257486979166667 0.549560546875 0.027213541666666664 0.0404833984375
1 0.52775390625 0.600751953125 0.04639322916666667 0.0297802734375
1 0.5076822916666667 0.5947314453125 0.04907552083333333 0.0264306640625
1 0.4735546875 0.5910498046875 0.050410156250000004 0.02576171875
1 0.4971940104166667 0.5704736328125 0.04951822916666667 0.0254296875
1 0.45548828125 0.574990234375 0.05353515625 0.0197412109375
1 0.45102213541666664 0.5488916015625 0.033014322916666665 0.0384765625
1 0.4896158854166666 0.550732421875 0.052194010416666665 0.0173974609375
1 0.48492838541666666 0.5366796875 0.05353515625 0.016728515625
1 0.47020833333333334 0.6117919921875 0.05353515625 0.02041015625
1 0.7539388020833333 0.5159326171875 0.05799479166666666 0.0274365234375
1 0.7724544270833333 0.4516943359375 0.04951822916666667 0.0327880859375
1 0.7430078125 0.466416015625 0.05665364583333333 0.0234228515625
1 0.7091015625 0.4453369140625 0.045950520833333335 0.0341259765625
1 0.7309635416666667 0.4413232421875 0.04327473958333333 0.03345703125
1 0.7298502604166667 0.4185693359375 0.041041666666666664 0.03814453125
1 0.6796614583333334 0.4555419921875 0.05665364583333333 0.0197412109375
1 0.6676106770833333 0.516435546875 0.023645833333333335 0.0431640625
1 0.6497721354166667 0.5184423828125 0.024537760416666665 0.04115234375
1 0.6234505208333333 0.5119189453125 0.023645833333333335 0.0401513671875
1 0.5969075520833333 0.5271435546875 0.03212239583333334 0.039814453125
1 0.55630859375 0.531494140625 0.052643229166666666 0.0224169921875
1 0.6029296875 0.4938525390625 0.04327473958333333 0.034794921875
1 0.6598046875 0.480302734375 0.033014322916666665 0.0391455078125
1 0.6419596354166667 0.475615234375 0.033014322916666665 0.037138671875
1 0.61251953125 0.4687548828125 0.049967447916666664 0.026767578125
1 0.6615885416666667 0.4366357421875 0.052643229166666666 0.0254296875
1 0.25807942708333337 0.5609375 0.04684244791666667 0.0364697265625
1 0.24268880208333332 0.5515673828125 0.04818359375 0.033125
1 0.24736979166666664 0.5296533203125 0.04416666666666667 0.034794921875
1 0.35533203124999996 0.5821826171875 0.047734374999999996 0.0314501953125
1 0.3386002604166667 0.5746533203125 0.04818359375 0.0324560546875
1 0.3272265625 0.563447265625 0.045058593749999994 0.03345703125
1 0.3203125 0.5467138671875 0.050859375000000005 0.0260986328125
1 0.2962239583333333 0.49970703125 0.05531901041666667 0.0184033203125
1 0.3136197916666667 0.5171044921875 0.052643229166666666 0.0284423828125
1 0.3142903645833333 0.5324951171875 0.052194010416666665 0.024423828125
1 0.35421875 0.540693359375 0.0285546875 0.039482421875
1 0.3769661458333333 0.549560546875 0.025872395833333336 0.0391455078125
1 0.4032877604166667 0.5682958984375 0.049967447916666664 0.027099609375
1 0.41265625 0.5490576171875 0.052643229166666666 0.0207421875
1 0.4093098958333334 0.53400390625 0.05397786458333333 0.0187353515625
1 0.38187499999999996 0.522626953125 0.0562109375 0.0160595703125
1 0.4597265625 0.52396484375 0.05397786458333333 0.0160595703125
1 0.5661197916666666 0.5053955078125 0.039257812499999996 0.0384765625
1 0.5406966145833333 0.51125 0.03390625 0.03814453125
1 0.5201692708333333 0.5119189453125 0.030338541666666666 0.0401513671875
1 0.4891666666666667 0.5052294921875 0.053085937500000006 0.024091796875
1 0.5538541666666666 0.484482421875 0.05397786458333333 0.019404296875
1 0.5518489583333334 0.4704296875 0.05175130208333333 0.019404296875
1 0.5023307291666667 0.487158203125 0.05175130208333333 0.02275390625
1 0.4998763020833333 0.472939453125 0.05486979166666667 0.02041015625
1 0.5357877604166666 0.4562109375 0.05442708333333333 0.0157275390625
1 0.6299153645833333 0.43998046875 0.03479817708333333 0.039482421875
1 0.6089518229166667 0.4396484375 0.03479817708333333 0.03814453125
1 0.5933333333333334 0.446171875 0.033014322916666665 0.0391455078125
1 0.5672395833333334 0.4468408203125 0.04327473958333333 0.03580078125
1 0.46016927083333337 0.498369140625 0.035240885416666666 0.0378076171875
1 0.43541015624999996 0.5042236328125 0.03569010416666667 0.0388134765625
1 0.41845703125 0.4980322265625 0.03390625 0.0384765625
1 0.403515625 0.4893359375 0.03256510416666667 0.0378076171875
1 0.3803125 0.4946875 0.03345703125 0.0384765625
1 0.35667317708333335 0.50205078125 0.03345703125 0.0384765625
1 0.3446223958333334 0.4876611328125 0.03256510416666667 0.0384765625
1 0.33079427083333335 0.4776220703125 0.03256510416666667 0.0384765625
1 0.30046223958333335 0.4774560546875 0.047734374999999996 0.0314501953125
1 0.29912109375 0.4605615234375 0.050410156250000004 0.029111328125
1 0.30670572916666666 0.4234228515625 0.023645833333333335 0.04115234375
1 0.4639583333333333 0.4709326171875 0.044609375 0.033125
1 0.4456705729166666 0.4647412109375 0.04282552083333333 0.0341259765625
1 0.4305013020833333 0.4562109375 0.04282552083333333 0.0351318359375
1 0.40462890625 0.4593896484375 0.03658203125 0.036806640625
1 0.366484375 0.4645751953125 0.02899739583333333 0.0404833984375
1 0.38745442708333333 0.44583984375 0.02810546875 0.0391455078125
1 0.41533203125 0.429609375 0.047285156249999995 0.03078125
1 0.37518229166666667 0.4260986328125 0.030338541666666666 0.0404833984375
1 0.3490885416666667 0.4389794921875 0.03434895833333333 0.039482421875
1 0.33347005208333336 0.4312841796875 0.035240885416666666 0.03814453125
1 0.3354817708333333 0.4020068359375 0.044609375 0.0351318359375
1 0.3647005208333333 0.3993310546875 0.025429687500000003 0.0418212890625
1 0.39860677083333335 0.404013671875 0.04951822916666667 0.0284423828125
1 0.41466796874999995 0.3953173828125 0.04951822916666667 0.03044921875
1 0.3758528645833333 0.369384765625 0.050410156250000004 0.0287744140625
1 0.37250651041666666 0.349140625 0.05442708333333333 0.016396484375
1 0.42559244791666667 0.3842724609375 0.04818359375 0.0311181640625
1 0.434296875 0.37189453125 0.045950520833333335 0.03044921875
1 0.40841796875 0.3518212890625 0.03434895833333333 0.0418212890625
1 0.4586067708333333 0.368212890625 0.047285156249999995 0.0311181640625
1 0.26298828125 0.3315771484375 0.03078125 0.042158203125
1 0.33458984374999995 0.3151806640625 0.03836588541666667 0.0374755859375
1 0.2723567708333333 0.439814453125 0.027213541666666664 0.0404833984375
1 0.7981054687500001 0.36654296875 0.04282552083333333 0.0378076171875
1 0.41778645833333333 0.3126708984375 0.020970052083333333 0.044501953125
1 0.3785286458333333 0.3203662109375 0.021861979166666667 0.0438330078125
1 0.38076171875000003 0.275029296875 0.037024739583333334 0.0401513671875
1 0.4878255208333333 0.2668359375 0.037024739583333334 0.0391455078125
1 0.45369791666666665 0.3098291015625 0.05442708333333333 0.0187353515625
1 0.434296875 0.3379345703125 0.029889322916666666 0.042158203125
1 0.4597265625 0.3340869140625 0.0361328125 0.0391455078125
1 0.4766731770833333 0.342783203125 0.03345703125 0.0391455078125
1 0.49162109375 0.3548291015625 0.027656249999999997 0.0404833984375
1 0.492734375 0.382431640625 0.04862630208333333 0.0301123046875
1 0.4704296875 0.405185546875 0.04684244791666667 0.032119140625
1 0.4704296875 0.4314501953125 0.053085937500000006 0.021748046875
1 0.5201692708333333 0.4379736328125 0.050859375000000005 0.02275390625
1 0.5174934895833333 0.422080078125 0.05175130208333333 0.021748046875
1 0.5072330729166666 0.4045166015625 0.049967447916666664 0.0220849609375
1 0.5275325520833333 0.393642578125 0.05397786458333333 0.02041015625
1 0.5556380208333334 0.4189013671875 0.04862630208333333 0.03078125
1 0.57326171875 0.4110400390625 0.045501302083333334 0.0337939453125
1 0.5957877604166667 0.4056884765625 0.04684244791666667 0.031787109375
1 0.5534049479166666 0.3817626953125 0.050410156250000004 0.02810546875
1 0.594453125 0.3864501953125 0.04862630208333333 0.0314501953125
1 0.5177213541666666 0.3521533203125 0.025429687500000003 0.044501953125
1 0.5353385416666666 0.3456298828125 0.0223046875 0.0414892578125
1 0.5558593749999999 0.35416015625 0.0223046875 0.042490234375
1 0.5873111979166666 0.36302734375 0.04684244791666667 0.0327880859375
1 0.5114713541666667 0.303134765625 0.025429687500000003 0.044833984375
1 0.531328125 0.2982861328125 0.025872395833333336 0.04583984375
1 0.5565299479166667 0.3141796875 0.023645833333333335 0.042158203125
1 0.5460481770833333 0.2767041015625 0.044609375 0.0341259765625
1 0.5641145833333333 0.2621484375 0.05576171875 0.0237548828125
1 0.558984375 0.2455859375 0.05442708333333333 0.019404296875
1 0.6720768229166666 0.270009765625 0.04862630208333333 0.0361376953125
1 0.5911067708333334 0.34529296875 0.05175130208333333 0.0260986328125
1 0.5908789062500001 0.3293994140625 0.053085937500000006 0.024423828125
1 0.5904361979166667 0.3141796875 0.053085937500000006 0.0254296875
1 0.5893229166666667 0.298115234375 0.05442708333333333 0.0220849609375
1 0.5166015625 0.2437451171875 0.044609375 0.03580078125
1 0.6392838541666667 0.3355908203125 0.05175130208333333 0.0274365234375
1 0.6321484375 0.35533203125 0.05442708333333333 0.0287744140625
1 0.6323697916666667 0.3728955078125 0.05130208333333333 0.0297802734375
1 0.6450846354166667 0.383603515625 0.052643229166666666 0.0311181640625
1 0.6504361979166667 0.3979931640625 0.05175130208333333 0.0277685546875
1 0.6667187499999999 0.407529296875 0.053085937500000006 0.0287744140625
1 0.6843424479166668 0.4170654296875 0.050859375000000005 0.0277685546875
1 0.6928190104166667 0.3881201171875 0.04907552083333333 0.0301123046875
1 0.7224869791666667 0.3867822265625 0.037024739583333334 0.03814453125
1 0.7559440104166667 0.393974609375 0.03881510416666666 0.0418212890625
1 0.7546093749999999 0.3685498046875 0.045058593749999994 0.0364697265625
1 0.7421158854166667 0.3573388671875 0.0423828125 0.03814453125
1 0.7253841145833334 0.3518212890625 0.044609375 0.0384765625
1 0.67876953125 0.3647021484375 0.053085937500000006 0.026767578125
1 0.6812174479166666 0.3493115234375 0.052643229166666666 0.026767578125
1 0.6930403645833333 0.3365966796875 0.052194010416666665 0.026767578125
1 0.5572981770833333 0.21240234375 0.04623046875 0.03537109375
1 0.5155078125 0.22150390625 0.043893229166666665 0.0360693359375
1 0.47908203125 0.2152001953125 0.052298177083333335 0.0290673828125
1 0.46998046875 0.229208984375 0.0499609375 0.029765625
1 0.41020833333333334 0.1910400390625 0.05556640625 0.0262646484375
1 0.35744791666666664 0.196640625 0.05369791666666667 0.028369140625
1 0.3499739583333333 0.21134765625 0.05369791666666667 0.03046875
1 0.38593098958333333 0.239892578125 0.041555989583333335 0.0385205078125
1 0.44499348958333335 0.23744140625 0.052298177083333335 0.027314453125
1 0.42888671875 0.2166015625 0.05182942708333333 0.028369140625
1 0.32350260416666665 0.235791015625 0.05016276041666667 0.0322998046875
