1 0.3297526041666667 0.3837890625 0.0605859375 0.049775390625
1 0.6432291666666666 0.587890625 0.06660807291666666 0.0447705078125
1 0.712890625 0.501953125 0.0692578125 0.0428173828125
1 0.4143880208333333 0.338134765625 0.059446614583333335 0.0560302734375
1 0.384765625 0.47900390625 0.072265625 0.0345458984375
1 0.5319010416666666 0.7861328125 0.0458984375 0.058349609375
1 0.3642578125 0.356201171875 0.05835286458333333 0.052919921875
1 0.3805338541666667 0.5166015625 0.03147135416666667 0.0552978515625
1 0.4026692708333333 0.439697265625 0.072265625 0.0355517578125
1 0.4541015625 0.363037109375 0.059244791666666664 0.05349609375
1 0.5758463541666666 0.599609375 0.07694661458333334 0.0270703125
1 0.748046875 0.37353515625 0.07348958333333333 0.0469970703125
1 0.3831380208333333 0.71923828125 0.052858072916666665 0.052705078125
1 0.5846354166666666 0.5703125 0.07043619791666667 0.039794921875
1 0.4098307291666667 0.509765625 0.027955729166666665 0.0557275390625
1 0.5777994791666666 0.79443359375 0.044355468749999995 0.0571923828125
1 0.3974609375 0.6708984375 0.050703124999999995 0.0482177734375
1 0.4034309895833333 0.39990234375 0.07350260416666667 0.0292041015625
1 0.4075520833333333 0.75244140625 0.07186197916666666 0.0282763671875
1 0.3919270833333333 0.31640625 0.06079427083333333 0.0545947265625
1 0.6834309895833334 0.46830078125 0.0737890625 0.045888671875
1 0.3014322916666667 0.30224609375 0.03554036458333334 0.0574951171875
1 0.6181640625 0.64599609375 0.03623697916666666 0.0570703125
1 0.3600260416666667 0.28271484375 0.05005208333333333 0.05349609375
1 0.3299153645833333 0.88525390625 0.043053385416666666 0.0562451171875
1 0.56640625 0.625 0.07625651041666666 0.0322265625
1 0.5475260416666666 0.7646484375 0.04370442708333333 0.0567626953125
1 0.2542317708333333 0.728515625 0.06323567708333333 0.043701171875
1 0.3603515625 0.7919921875 0.0415234375 0.057587890625
1 0.5621744791666666 0.73486328125 0.062174479166666664 0.04876953125
1 0.2726236979166667 0.298583984375 0.03623697916666666 0.0589892578125
1 0.4143880208333333 0.72265625 0.05981770833333333 0.0492236328125
1 0.3284505208333333 0.7783203125 0.048665364583333336 0.05490234375
1 0.361328125 0.446533203125 0.05781901041666667 0.051455078125
1 0.32177734375 0.269287109375 0.032063802083333336 0.059326171875
1 0.32080078125 0.73095703125 0.0702734375 0.03607421875
1 0.4358723958333333 0.4990234375 0.028216145833333334 0.055419921875
1 0.388671875 0.791015625 0.0405078125 0.055205078125
1 0.4527994791666667 0.67333984375 0.06872395833333333 0.043701171875
1 0.279296875 0.38916015625 0.07483072916666667 0.023955078125
1 0.4202473958333333 0.7880859375 0.043867187499999995 0.056337890625
1 0.6162109375 0.771484375 0.03886067708333333 0.0592041015625
1 0.6438802083333334 0.62353515625 0.047773437499999995 0.0552978515625
1 0.375 0.904296875 0.05859375 0.050322265625
1 0.24365234375 0.29638671875 0.039225260416666664 0.0589013671875
1 0.3369140625 0.23681640625 0.046751302083333335 0.05419921875
1 0.7858072916666666 0.3193359375 0.04667317708333333 0.058134765625
1 0.5673828125 0.6435546875 0.07080078125 0.0367724609375
1 0.3551432291666667 0.69091796875 0.028118489583333333 0.0549951171875
1 0.2766927083333333 0.2496337890625 0.06563151041666666 0.0442822265625
1 0.3733723958333333 0.235107421875 0.05936848958333333 0.0528271484375
1 0.3006184895833333 0.68603515625 0.028378906250000002 0.057802734375
1 0.4651692708333333 0.80810546875 0.027688802083333335 0.0602099609375
1 0.4186197916666667 0.89404296875 0.028769531249999997 0.0594189453125
1 0.275390625 0.6962890625 0.028014322916666667 0.0558154296875
1 0.3352864583333333 0.357177734375 0.049192708333333335 0.038759765625
1 0.36976562500000004 0.88009765625 0.06059244791666666 0.0503466796875
1 0.3794986979166666 0.2999755859375 0.060898437500000006 0.0514794921875
1 0.42303385416666667 0.35623046875 0.06156901041666666 0.0518212890625
1 0.7066861979166666 0.4811669921875 0.07381510416666666 0.04396484375
