1 0.5172526041666666 0.37451171875 0.05195963541666667 0.0180224609375
1 0.31396484375 0.42822265625 0.053671875 0.0231494140625
1 0.5832747395833333 0.633818359375 0.056276041666666665 0.02044921875
1 0.596640625 0.6462841796875 0.055585937499999995 0.0226123046875
1 0.57421875 0.5634765625 0.054036458333333336 0.023466796875
1 0.3902994791666667 0.369384765625 0.053144531249999995 0.0196826171875
1 0.4661458333333333 0.446044921875 0.035078125 0.03732421875
1 0.5007291666666667 0.4079296875 0.052167968749999995 0.026259765625
1 0.3811848958333333 0.38525390625 0.05375 0.017578125
1 0.6490885416666666 0.59130859375 0.056236979166666666 0.0220361328125
1 0.6912825520833333 0.6331787109375 0.05639973958333333 0.0291748046875
1 0.3990885416666667 0.422119140625 0.05195963541666667 0.0208447265625
1 0.68359375 0.646484375 0.05904296875 0.02791015625
1 0.423828125 0.397216796875 0.0405078125 0.038115234375
1 0.6077278645833334 0.5241845703125 0.055260416666666666 0.0208740234375
1 0.392578125 0.437744140625 0.05423828125 0.0205224609375
1 0.5032552083333334 0.360107421875 0.05859375 0.0173046875
1 0.5045572916666666 0.55712890625 0.055501302083333336 0.02037109375
1 0.5543619791666666 0.40380859375 0.054563802083333335 0.02880859375
1 0.45703125 0.2333984375 0.044798177083333335 0.0406787109375
1 0.4615885416666667 0.3388671875 0.05326171875 0.0350634765625
1 0.6236979166666666 0.59912109375 0.05859375 0.0273291015625
1 0.375 0.350830078125 0.056966145833333336 0.0286572265625
1 0.3828125 0.400390625 0.053671875 0.0170458984375
1 0.4807942708333333 0.61376953125 0.02272786458333333 0.0411376953125
1 0.634765625 0.5732421875 0.059895833333333336 0.0185107421875
1 0.4827473958333333 0.47412109375 0.054850260416666664 0.01646484375
1 0.4847005208333333 0.44091796875 0.036497395833333335 0.0391845703125
1 0.58890625 0.6167919921875 0.054811197916666665 0.0204638671875
1 0.5795052083333333 0.58990234375 0.03582682291666667 0.04177734375
1 0.5706380208333334 0.1998291015625 0.03275390625 0.042177734375
1 0.59375 0.2425537109375 0.02170572916666667 0.0440966796875
1 0.44511067708333335 0.29025390625 0.037923177083333336 0.0418408203125
1 0.7356770833333334 0.68359375 0.04321614583333333 0.0372021484375
1 0.5029296875 0.283203125 0.03989583333333333 0.0418408203125
1 0.5185546875 0.42919921875 0.05423828125 0.02232421875
1 0.5423177083333334 0.599609375 0.05347005208333333 0.018720703125
1 0.4410807291666667 0.346923828125 0.045983072916666666 0.0320458984375
1 0.3821614583333333 0.5634765625 0.051191406249999995 0.0289306640625
1 0.5732421875 0.39453125 0.05497395833333333 0.0281689453125
1 0.638671875 0.70751953125 0.04136067708333333 0.04025390625
1 0.4554036458333333 0.3818359375 0.05416015625 0.03265625
1 0.4749348958333333 0.281494140625 0.02805338541666667 0.0440966796875
1 0.7630208333333334 0.681640625 0.048951822916666665 0.038115234375
1 0.5234375 0.314697265625 0.055703125 0.0171044921875
1 0.3346354166666667 0.38818359375 0.043053385416666666 0.0372021484375
1 0.5462239583333334 0.419189453125 0.048665364583333336 0.027177734375
1 0.2937825520833333 0.3056640625 0.042890624999999995 0.038818359375
1 0.49365234375 0.3948974609375 0.05391276041666667 0.0262939453125
1 0.6263020833333334 0.54345703125 0.056640625 0.0163427734375
1 0.6357421875 0.6298828125 0.03540364583333334 0.040986328125
1 0.5735677083333334 0.2430419921875 0.022115885416666665 0.04248046875
1 0.6145833333333334 0.70849609375 0.040891927083333335 0.0398583984375
1 0.4500716145833333 0.262177734375 0.048665364583333336 0.0359814453125
1 0.6282552083333334 0.55859375 0.058470052083333335 0.0172412109375
1 0.3580729166666667 0.326904296875 0.052369791666666665 0.028017578125
1 0.572265625 0.443359375 0.03755859375 0.0379638671875
1 0.4195963541666667 0.263427734375 0.042805989583333336 0.038603515625
1 0.5472005208333334 0.5419921875 0.05416015625 0.0198681640625
1 0.571796875 0.3601708984375 0.048463541666666665 0.0403173828125
1 0.4908854166666667 0.32568359375 0.0419921875 0.03732421875
1 0.5052083333333334 0.235107421875 0.03944661458333334 0.0396435546875
1 0.4391276041666667 0.43611328125 0.028378906250000002 0.04025390625
1 0.6002604166666666 0.4384765625 0.03784505208333334 0.03634765625
1 0.7565104166666666 0.71484375 0.055501302083333336 0.0290380859375
1 0.5221354166666666 0.2099609375 0.051679687499999995 0.034609375
1 0.5463020833333333 0.334228515625 0.052408854166666664 0.037109375
1 0.40305989583333335 0.2540576171875 0.04419270833333333 0.0393701171875
1 0.3528645833333333 0.413330078125 0.037923177083333336 0.0357373046875
1 0.4449869791666667 0.7744140625 0.03953125 0.0394921875
1 0.5221354166666666 0.276123046875 0.042890624999999995 0.03955078125
1 0.2618815104166667 0.323974609375 0.045572916666666664 0.035615234375
1 0.7193359375 0.6547998046875 0.04464192708333333 0.03697265625
1 0.7447916666666666 0.63134765625 0.039225260416666664 0.04123046875
1 0.6188151041666666 0.444091796875 0.03835286458333333 0.0393359375
1 0.3955078125 0.57568359375 0.049765625 0.0306689453125
1 0.6316145833333333 0.455078125 0.04222005208333333 0.038115234375
1 0.533203125 0.2486572265625 0.056640625 0.01744140625
1 0.3037109375 0.400390625 0.024069010416666665 0.04193359375
1 0.5589192708333334 0.271240234375 0.052656249999999995 0.0355517578125
1 0.61328125 0.250732421875 0.0224609375 0.0443408203125
1 0.701171875 0.6201171875 0.055585937499999995 0.0280615234375
1 0.36033203125 0.3416259765625 0.053984375 0.027265625
1 0.48565755208333333 0.2274462890625 0.04014322916666666 0.0423046875
1 0.27779947916666664 0.3136669921875 0.04518229166666667 0.0384619140625
1 0.38860677083333334 0.2424609375 0.044570312499999994 0.03708984375
1 0.5946679687499999 0.35876953125 0.041516927083333335 0.040751953125
1 0.5653645833333333 0.33724609375 0.04518229166666667 0.0380078125
1 0.4267708333333333 0.35625 0.05128255208333333 0.0302197265625
1 0.4637044270833333 0.388076171875 0.05067708333333334 0.0260986328125
