1 0.38671875 0.389892578125 0.043131510416666664 0.057802734375
1 0.529296875 0.77734375 0.036985677083333335 0.0565478515625
1 0.3642578125 0.464111328125 0.048828125 0.0562451171875
1 0.3282877604166667 0.384765625 0.03643880208333333 0.057587890625
1 0.3479817708333333 0.4462890625 0.044798177083333335 0.0555126953125
1 0.3603515625 0.3916015625 0.0405078125 0.056123046875
1 0.42578125 0.473388671875 0.04830078125 0.0546875
1 0.4029947916666667 0.362548828125 0.039225260416666664 0.0582275390625
1 0.359375 0.53515625 0.06799479166666667 0.0403759765625
1 0.4873046875 0.342041015625 0.047773437499999995 0.0546875
1 0.3170572916666667 0.474853515625 0.051679687499999995 0.0513623046875
1 0.5198567708333334 0.88720703125 0.04642578125 0.058134765625
1 0.337890625 0.34765625 0.07373046875 0.031435546875
1 0.4557291666666667 0.53515625 0.056516927083333335 0.05072265625
1 0.3040364583333333 0.431884765625 0.05904296875 0.0494091796875
1 0.4892578125 0.8837890625 0.04370442708333333 0.0579248046875
1 0.4306640625 0.5439453125 0.054036458333333336 0.0484912109375
1 0.29296875 0.379150390625 0.03595052083333333 0.0559375
1 0.4397786458333333 0.85986328125 0.055501302083333336 0.0504150390625
1 0.4303385416666667 0.34814453125 0.029602864583333333 0.0565478515625
1 0.4114583333333333 0.60009765625 0.05497395833333333 0.04876953125
1 0.5657552083333334 0.7890625 0.04614583333333333 0.0564599609375
1 0.4576822916666667 0.361572265625 0.028216145833333334 0.0584423828125
1 0.5537109375 0.83837890625 0.07625651041666666 0.028701171875
1 0.7233072916666666 0.233154296875 0.06477864583333333 0.05349609375
1 0.5293815104166667 0.8154296875 0.07555338541666666 0.02791015625
1 0.3528645833333333 0.66796875 0.06465494791666666 0.044921875
1 0.5794270833333334 0.42236328125 0.07401692708333334 0.027373046875
1 0.36905598958333335 0.77685546875 0.075 0.0223681640625
1 0.35550781249999996 0.5140283203125 0.07071614583333334 0.0424853515625
