1 0.4091796875 0.568359375 0.034016927083333336 0.0398583984375
1 0.3308919270833333 0.3525390625 0.04544921875 0.0377490234375
1 0.421875 0.42822265625 0.054361979166666664 0.0185400390625
1 0.4319661458333333 0.5693359375 0.031822916666666666 0.0401611328125
1 0.4534505208333333 0.65087890625 0.05224609375 0.0274365234375
1 0.4837239583333333 0.492919921875 0.025026041666666665 0.0411376953125
1 0.470703125 0.6953125 0.043131510416666664 0.035673828125
1 0.28362630208333334 0.398193359375 0.05736979166666667 0.018369140625
1 0.2844921875 0.3566845703125 0.043828124999999996 0.0381884765625
1 0.4208984375 0.72265625 0.03983723958333333 0.0368359375
1 0.4166666666666667 0.366455078125 0.055299479166666665 0.0202197265625
1 0.4977213541666667 0.54248046875 0.054563802083333335 0.0234228515625
1 0.3196614583333333 0.62255859375 0.046263020833333335 0.02908203125
1 0.5651041666666666 0.318359375 0.054361979166666664 0.0217431640625
1 0.4215494791666667 0.521484375 0.05293619791666667 0.0247021484375
1 0.4124348958333333 0.3818359375 0.05423828125 0.018583984375
1 0.4552734375 0.573046875 0.033919270833333334 0.039375
1 0.3987630208333333 0.67822265625 0.03466796875 0.04052734375
1 0.419921875 0.41259765625 0.05326171875 0.016845703125
1 0.4407552083333333 0.62939453125 0.05444661458333333 0.0225390625
1 0.4638671875 0.5003466796875 0.024720052083333333 0.042255859375
1 0.5514322916666666 0.36181640625 0.054036458333333336 0.0200634765625
1 0.5830078125 0.37744140625 0.038209635416666665 0.04177734375
1 0.3645833333333333 0.53759765625 0.050130208333333336 0.029541015625
1 0.60546875 0.376220703125 0.03886067708333333 0.040986328125
1 0.5546875 0.337646484375 0.054563802083333335 0.0247021484375
1 0.5126953125 0.556640625 0.055787760416666665 0.0166650390625
1 0.3411458333333333 0.724609375 0.055585937499999995 0.022158203125
1 0.35546875 0.6728515625 0.044518229166666666 0.0396435546875
1 0.5087890625 0.365234375 0.03251302083333333 0.0411376953125
1 0.4674479166666667 0.55615234375 0.03568359375 0.03900390625
1 0.4150390625 0.39697265625 0.054850260416666664 0.018232421875
1 0.5885416666666666 0.348876953125 0.054563802083333335 0.0161572265625
1 0.2771809895833333 0.412353515625 0.058027343749999995 0.016982421875
1 0.470703125 0.6748046875 0.045286458333333335 0.0247021484375
1 0.4306640625 0.498046875 0.04712239583333333 0.0315576171875
1 0.5250651041666666 0.402587890625 0.0419921875 0.0401611328125
1 0.41080078125 0.7050830078125 0.03846354166666666 0.03947265625
1 0.3675130208333333 0.61474609375 0.05244791666666667 0.0283349609375
1 0.33917317708333333 0.638671875 0.0553515625 0.0212109375
1 0.45703125 0.413330078125 0.024720052083333333 0.04123046875
1 0.5029296875 0.498095703125 0.02771484375 0.0431005859375
1 0.5550130208333334 0.67529296875 0.04658854166666667 0.0335986328125
1 0.3968098958333333 0.5 0.027057291666666667 0.04013671875
1 0.3798828125 0.67529296875 0.03501302083333333 0.0409228515625
1 0.4947916666666667 0.3505859375 0.029889322916666666 0.0425732421875
1 0.3912760416666667 0.43896484375 0.050130208333333336 0.029541015625
1 0.5524088541666666 0.390869140625 0.033776041666666666 0.042021484375
1 0.43359375 0.736328125 0.042402343749999995 0.03927734375
1 0.3792317708333333 0.40234375 0.028828125 0.041474609375
1 0.3642578125 0.3134765625 0.049680989583333335 0.0369873046875
1 0.38859375 0.54443359375 0.05444010416666667 0.0251953125
1 0.3658854166666667 0.64892578125 0.056028645833333335 0.0213330078125
1 0.5266927083333334 0.490966796875 0.02921875 0.041474609375
1 0.5569661458333334 0.207275390625 0.03916666666666666 0.0428173828125
1 0.5276692708333334 0.1939697265625 0.036009114583333335 0.0445849609375
1 0.3282877604166667 0.60205078125 0.051881510416666665 0.026611328125
1 0.36328125 0.335205078125 0.041139322916666665 0.0315576171875
1 0.31982421875 0.308349609375 0.042317708333333336 0.03634765625
1 0.43373046875000004 0.6849658203125 0.0423046875 0.0362158203125
1 0.376953125 0.49853515625 0.025494791666666666 0.0409228515625
1 0.5270182291666666 0.44091796875 0.046061197916666664 0.0365625
1 0.3268229166666667 0.6669921875 0.022565104166666666 0.0416259765625
1 0.5807291666666666 0.66162109375 0.045045572916666665 0.0355517578125
1 0.3701171875 0.70166015625 0.05098307291666667 0.02615234375
1 0.3557942708333333 0.509765625 0.023886718749999997 0.04046875
1 0.4212239583333333 0.6533203125 0.050703124999999995 0.0309130859375
1 0.6022135416666666 0.47314453125 0.056236979166666666 0.0179150390625
1 0.5774739583333334 0.2122802734375 0.04014322916666666 0.0403759765625
1 0.6324869791666666 0.728515625 0.031171875 0.0423876953125
1 0.38729166666666665 0.6298828125 0.055501302083333336 0.0177783203125
1 0.2887369791666667 0.321533203125 0.02352213541666667 0.042177734375
1 0.5029296875 0.69189453125 0.021542968750000002 0.0426318359375
1 0.6002604166666666 0.2181396484375 0.043053385416666666 0.0384521484375
1 0.345703125 0.708984375 0.05497395833333333 0.0255126953125
1 0.6611328125 0.716796875 0.04223958333333333 0.040009765625
1 0.6259765625 0.19482421875 0.057493489583333335 0.026611328125
1 0.40625 0.46337890625 0.054036458333333336 0.022841796875
1 0.3949283854166667 0.5772509765625 0.03781901041666667 0.038076171875
1 0.25244140625 0.344482421875 0.028867187500000002 0.041474609375
1 0.6243489583333334 0.51611328125 0.054850260416666664 0.0176416015625
1 0.6204427083333334 0.74658203125 0.03212239583333334 0.0430322265625
1 0.6640625 0.134033203125 0.056315104166666664 0.030625
1 0.3203125 0.25341796875 0.04028645833333334 0.0389697265625
1 0.7890625 0.72314453125 0.057291666666666664 0.0318017578125
1 0.58984375 0.72216796875 0.03212239583333334 0.0413232421875
1 0.4625651041666667 0.1578369140625 0.028828125 0.04345703125
1 0.2763411458333333 0.37595703125 0.05270833333333333 0.02857421875
1 0.3139192708333333 0.3591259765625 0.043320312500000006 0.0371826171875
1 0.3384505208333333 0.33544921875 0.04749348958333333 0.038359375
