1 0.3157552083333333 0.497314453125 0.07092447916666667 0.0298779296875
1 0.3030598958333333 0.52099609375 0.07332682291666666 0.0313134765625
1 0.5221354166666666 0.53125 0.07360677083333333 0.031083984375
1 0.5354817708333334 0.489501953125 0.07214192708333333 0.0350634765625
1 0.5934244791666666 0.50146484375 0.04858723958333333 0.0549951171875
1 0.18701171875 0.447021484375 0.07291666666666667 0.026064453125
1 0.3619791666666667 0.443115234375 0.047936197916666666 0.05251953125
1 0.3919270833333333 0.44921875 0.053548177083333336 0.05126953125
1 0.681640625 0.58544921875 0.06774739583333333 0.04345703125
1 0.5999348958333334 0.556640625 0.07694661458333334 0.0239111328125
1 0.6165364583333334 0.43505859375 0.08113932291666666 0.0255126953125
1 0.55859375 0.5751953125 0.06298828125 0.045595703125
1 0.6318359375 0.45849609375 0.07649739583333333 0.0242333984375
1 0.6341145833333334 0.40771484375 0.07609375 0.0301513671875
1 0.4189453125 0.375244140625 0.037473958333333335 0.0564599609375
1 0.6256510416666666 0.49658203125 0.046510416666666665 0.055419921875
1 0.28173828125 0.69140625 0.060911458333333335 0.0452587890625
1 0.3932291666666667 0.366943359375 0.037272135416666664 0.0574951171875
1 0.3191731770833333 0.689453125 0.060143229166666666 0.0460205078125
1 0.6015625 0.537109375 0.07470703125 0.023466796875
1 0.5729166666666666 0.73876953125 0.038209635416666665 0.0567626953125
1 0.5305989583333334 0.51123046875 0.073203125 0.032470703125
1 0.2957356770833333 0.6591796875 0.07043619791666667 0.030439453125
1 0.4443359375 0.45166015625 0.051881510416666665 0.05224609375
1 0.3460286458333333 0.3642578125 0.04175130208333333 0.0557275390625
1 0.22184244791666666 0.296142578125 0.049192708333333335 0.0544140625
1 0.3136393229166667 0.77490234375 0.04443359375 0.05349609375
1 0.3037109375 0.72216796875 0.072265625 0.02337890625
1 0.24755859375 0.28564453125 0.045286458333333335 0.056123046875
1 0.5420768229166667 0.5899462890625 0.065625 0.04521484375
