1 0.4915364583333333 0.25341796875 0.04321614583333333 0.035830078125
1 0.3268229166666667 0.309326171875 0.03481119791666667 0.0423291015625
1 0.3102213541666667 0.31982421875 0.03244791666666667 0.041689453125
1 0.6673177083333334 0.285888671875 0.03953125 0.03955078125
1 0.5227864583333334 0.23681640625 0.04443359375 0.0364990234375
1 0.419921875 0.322021484375 0.04858723958333333 0.0305029296875
1 0.6477864583333334 0.32275390625 0.044518229166666666 0.0378125
1 0.3219401041666667 0.271484375 0.031822916666666666 0.03662109375
1 0.46886718749999995 0.256708984375 0.04498046875 0.0364404296875
1 0.6124999999999999 0.28427734375 0.034694010416666664 0.04044921875
1 0.4560546875 0.30517578125 0.029153645833333335 0.0440087890625
1 0.4078776041666667 0.22119140625 0.031048177083333333 0.0420849609375
1 0.7159505208333333 0.2886865234375 0.04610677083333333 0.038330078125
1 0.4214192708333333 0.2859033203125 0.04978515625 0.0316796875
1 0.37287109375 0.297607421875 0.05267578125 0.0264111328125
1 0.7135416666666666 0.401953125 0.034544270833333335 0.042431640625
1 0.5380859375 0.3154296875 0.048463541666666665 0.0272216796875
1 0.75390625 0.37646484375 0.0336328125 0.0408349609375
1 0.39298828125 0.2091162109375 0.0317578125 0.042724609375
1 0.4283854166666667 0.2379150390625 0.050618489583333336 0.032958984375
1 0.2822395833333333 0.298095703125 0.05560546875 0.0245654296875
1 0.5875651041666666 0.280517578125 0.03466796875 0.0406201171875
1 0.5016276041666666 0.3221533203125 0.027265625 0.0428759765625
1 0.3639322916666667 0.252685546875 0.05497395833333333 0.0225830078125
1 0.2879427083333333 0.264013671875 0.056276041666666665 0.0200927734375
1 0.79296875 0.3731787109375 0.0478515625 0.03474609375
1 0.7220052083333334 0.335693359375 0.04984375 0.0207666015625
1 0.35268880208333336 0.6845703125 0.041868489583333335 0.0355517578125
1 0.43528645833333335 0.424345703125 0.04810546875 0.0331494140625
1 0.27861328125 0.281982421875 0.055052083333333335 0.0223046875
1 0.5067317708333333 0.293896484375 0.05154296875 0.025458984375
1 0.7389322916666666 0.367919921875 0.033567708333333335 0.0403759765625
1 0.7819856770833334 0.33642578125 0.028919270833333333 0.0413818359375
1 0.7942708333333334 0.392578125 0.049680989583333335 0.03390625
1 0.48046875 0.226806640625 0.049401041666666666 0.028701171875
1 0.578125 0.35400390625 0.052734375 0.021650390625
1 0.693359375 0.3173828125 0.050904947916666665 0.0190869140625
1 0.25146484375 0.4228515625 0.044029947916666666 0.03390625
1 0.4534505208333333 0.731005859375 0.03473958333333333 0.0409521484375
1 0.29833984375 0.2462158203125 0.05416015625 0.0180517578125
1 0.5364583333333334 0.4296875 0.052571614583333336 0.0166650390625
1 0.7845052083333334 0.42822265625 0.05444661458333333 0.03662109375
1 0.3385416666666667 0.2264404296875 0.02352213541666667 0.0396435546875
1 0.2967317708333333 0.7177734375 0.05391927083333333 0.0232373046875
1 0.3850911458333333 0.262939453125 0.054036458333333336 0.0224609375
1 0.3854166666666667 0.33154296875 0.025592447916666667 0.040986328125
1 0.32177734375 0.2193603515625 0.025696614583333333 0.0433642578125
1 0.3583984375 0.2110595703125 0.03741536458333333 0.03802734375
1 0.7115885416666666 0.634765625 0.049680989583333335 0.029921875
1 0.7317708333333334 0.307373046875 0.028932291666666665 0.04052734375
1 0.27978515625 0.22943359375 0.0555078125 0.0185107421875
1 0.6155598958333334 0.33056640625 0.027265625 0.0398583984375
1 0.2887369791666667 0.33349609375 0.02170572916666667 0.04248046875
1 0.341796875 0.452685546875 0.0336328125 0.038935546875
1 0.4772135416666667 0.7373046875 0.029726562499999998 0.041533203125
1 0.5475260416666666 0.21337890625 0.045735677083333336 0.0378125
1 0.7779947916666666 0.30615234375 0.054850260416666664 0.023955078125
1 0.6116341145833334 0.68798828125 0.05563151041666667 0.0237744140625
1 0.3647265625 0.2785302734375 0.054563802083333335 0.023291015625
1 0.4814453125 0.708984375 0.052571614583333336 0.0210107421875
1 0.23649088541666666 0.7294921875 0.051191406249999995 0.02791015625
1 0.6653645833333334 0.7434228515625 0.03589192708333334 0.03955078125
1 0.2687174479166667 0.3482275390625 0.023072916666666665 0.0419140625
1 0.7623697916666666 0.332763671875 0.027591145833333334 0.0420849609375
1 0.5884440104166667 0.3076171875 0.05367838541666667 0.0166650390625
1 0.5572916666666666 0.293212890625 0.05224609375 0.016982421875
1 0.4801432291666667 0.326171875 0.02580078125 0.0406201171875
1 0.756484375 0.5138330078125 0.051920572916666664 0.031669921875
1 0.6334440104166666 0.71337890625 0.05639973958333333 0.0215771484375
1 0.23567708333333334 0.373046875 0.04911458333333333 0.0310205078125
1 0.5169270833333334 0.5380859375 0.05537760416666667 0.01548828125
1 0.4716796875 0.77685546875 0.036009114583333335 0.0384521484375
1 0.22526041666666666 0.5850244140625 0.024173177083333334 0.0401220703125
1 0.7604166666666666 0.62037109375 0.05610677083333334 0.0244189453125
1 0.21766276041666666 0.5589697265625 0.041178385416666664 0.0365869140625
1 0.2571614583333333 0.323486328125 0.04443359375 0.03607421875
1 0.6392187500000001 0.26806640625 0.05423177083333333 0.0210400390625
1 0.39455078125 0.74609375 0.05326822916666666 0.02064453125
1 0.5399088541666667 0.7631689453125 0.039739583333333335 0.037265625
1 0.23046875 0.47802734375 0.035807291666666664 0.0374755859375
1 0.8001302083333334 0.28857421875 0.041666666666666664 0.0401025390625
1 0.7519270833333334 0.47412109375 0.05545572916666667 0.01744140625
1 0.8020833333333334 0.334716796875 0.026080729166666667 0.0401025390625
1 0.5403645833333334 0.279541015625 0.055097656249999995 0.016923828125
1 0.3217578125 0.7443359375 0.03891927083333333 0.038603515625
1 0.7688802083333334 0.2758642578125 0.029765625 0.04150390625
1 0.26641927083333333 0.5756005859375 0.05583333333333334 0.0176708984375
1 0.5048372395833333 0.7668310546875 0.032688802083333336 0.040283203125
1 0.3681640625 0.46875 0.022115885416666665 0.040986328125
1 0.74572265625 0.2722314453125 0.029498697916666667 0.0415087890625
1 0.64822265625 0.7505712890625 0.039290364583333334 0.039658203125
1 0.2989908854166667 0.52685546875 0.02449869791666667 0.04123046875
1 0.2594401041666667 0.56103515625 0.05293619791666667 0.0165234375
1 0.39639973958333335 0.5873681640625 0.05223307291666667 0.020888671875
1 0.4983723958333333 0.42431640625 0.019713541666666667 0.0372021484375
1 0.7584635416666666 0.55859375 0.031412760416666664 0.0409228515625
1 0.582421875 0.7549169921875 0.026458333333333334 0.0424267578125
1 0.356640625 0.1859130859375 0.0508203125 0.03125
1 0.6211588541666667 0.78173828125 0.04830078125 0.034697265625
1 0.3736979166666667 0.7080078125 0.052083333333333336 0.023515625
1 0.6822916666666666 0.66259765625 0.048828125 0.0261083984375
1 0.4291666666666667 0.7531884765625 0.028281249999999997 0.04345703125
1 0.6957682291666667 0.263603515625 0.053984375 0.0292236328125
1 0.29021484375 0.73232421875 0.05271484375 0.024150390625
1 0.5992838541666666 0.74560546875 0.022031250000000002 0.0406787109375
1 0.2553580729166667 0.2548974609375 0.036497395833333335 0.0380224609375
1 0.6920572916666666 0.71240234375 0.052858072916666665 0.02615234375
1 0.47198567708333333 0.1955078125 0.05442708333333333 0.0280224609375
1 0.2876106770833333 0.7629248046875 0.052194010416666665 0.026279296875
1 0.5008723958333333 0.79296875 0.057324218749999996 0.0210888671875
1 0.3896484375 0.7744140625 0.04014322916666666 0.0379052734375
1 0.20572916666666666 0.72509765625 0.03421875 0.0401025390625
1 0.29052734375 0.1978759765625 0.055585937499999995 0.019013671875
1 0.7884114583333334 0.4677734375 0.03554036458333334 0.03634765625
1 0.6900195312499999 0.751123046875 0.035833333333333335 0.040712890625
1 0.28369140625 0.2139892578125 0.05611328125 0.01833984375
1 0.2341015625 0.7509765625 0.054296875 0.0176416015625
1 0.6473307291666667 0.777783203125 0.03591145833333333 0.04015625
1 0.37109375 0.7255859375 0.05098307291666667 0.0215771484375
1 0.4417317708333333 0.79638671875 0.049765625 0.0263525390625
1 0.4007161458333333 0.180419921875 0.048828125 0.0289306640625
1 0.6471354166666666 0.669921875 0.019869791666666668 0.0411376953125
1 0.5882161458333334 0.80029296875 0.051393229166666665 0.0280615234375
1 0.20556640625 0.6018408203125 0.021197916666666667 0.0417138671875
1 0.4801432291666667 0.6796875 0.051595052083333336 0.021865234375
1 0.447265625 0.767578125 0.023802083333333335 0.0423291015625
1 0.7766927083333334 0.56005859375 0.032311197916666666 0.0359521484375
1 0.40134765625 0.60107421875 0.05102864583333333 0.01798828125
1 0.24531250000000002 0.7667333984375 0.054140625 0.0204931640625
1 0.53029296875 0.80595703125 0.050865885416666666 0.031025390625
1 0.6938346354166667 0.72802734375 0.05417317708333333 0.0264599609375
1 0.3597005208333333 0.783203125 0.021360677083333335 0.041474609375
1 0.7434244791666668 0.459326171875 0.05549479166666666 0.017109375
1 0.27659505208333335 0.74341796875 0.05193359375 0.025400390625
1 0.5898828125 0.7851220703125 0.050664062499999996 0.0278662109375
1 0.5546549479166667 0.772998046875 0.040052083333333335 0.03763671875
1 0.62076171875 0.7502001953125 0.021712239583333334 0.045595703125
1 0.5327018229166667 0.7474853515625 0.04342447916666667 0.037275390625
1 0.5023046875 0.732646484375 0.04053385416666667 0.036552734375
1 0.5211197916666667 0.716904296875 0.027018229166666668 0.0412548828125
1 0.49410156250000004 0.6897607421875 0.052109375000000006 0.0224365234375
1 0.5397005208333333 0.7047802734375 0.03233072916666666 0.0416162109375
1 0.5602083333333333 0.70568359375 0.03184895833333334 0.0405322265625
1 0.5811979166666666 0.7027880859375 0.0342578125 0.0405322265625
1 0.6183463541666666 0.70080078125 0.053561197916666664 0.024248046875
1 0.6301692708333334 0.6561083984375 0.0231640625 0.042705078125
1 0.5963932291666666 0.671123046875 0.048255208333333334 0.03220703125
1 0.5276367187500001 0.674560546875 0.05162760416666667 0.0267822265625
1 0.5524869791666667 0.667685546875 0.045358072916666665 0.031845703125
1 0.5614127604166667 0.6537548828125 0.04390625 0.0351025390625
1 0.5790234375 0.6472412109375 0.04439453125 0.0343798828125
1 0.5910872395833333 0.6365625 0.04439453125 0.0347412109375
1 0.6501953125000001 0.637470703125 0.04680338541666667 0.03220703125
1 0.6518815104166666 0.6208203125 0.04632161458333334 0.03220703125
1 0.6774609374999999 0.6188330078125 0.047285156249999995 0.0332958984375
1 0.4207552083333333 0.722333984375 0.0328125 0.0412548828125
1 0.4070052083333333 0.7109326171875 0.03136067708333334 0.0408935546875
1 0.4832421875 0.663525390625 0.05162760416666667 0.025693359375
1 0.4740755208333333 0.650498046875 0.05162760416666667 0.024970703125
1 0.44271484375 0.6832470703125 0.0342578125 0.0405322265625
1 0.4193098958333333 0.6767333984375 0.03473958333333333 0.0405322265625
1 0.39301432291666666 0.6736572265625 0.03908203125 0.037275390625
1 0.37515625 0.680712890625 0.041015625 0.0347412109375
1 0.24705078125000002 0.708759765625 0.05500651041666666 0.0206298828125
1 0.2822721354166667 0.70080078125 0.05500651041666666 0.0206298828125
1 0.22919921875000002 0.69048828125 0.05500651041666666 0.0224365234375
1 0.33125 0.6877734375 0.041015625 0.037275390625
1 0.30881510416666663 0.6890380859375 0.03763671875 0.03763671875
1 0.2617643229166667 0.6825244140625 0.05548828125 0.020263671875
1 0.26538411458333333 0.669677734375 0.05404296875 0.0213525390625
1 0.260078125 0.65357421875 0.05307942708333333 0.019541015625
1 0.21641276041666668 0.6523046875 0.050664062499999996 0.026416015625
1 0.210859375 0.6682275390625 0.051145833333333335 0.0285888671875
1 0.21279296875 0.6345751953125 0.051145833333333335 0.0278662109375
1 0.42317057291666665 0.6524853515625 0.05500651041666666 0.0231591796875
1 0.32497395833333337 0.6613525390625 0.054524739583333336 0.0206298828125
1 0.31146484375 0.649775390625 0.056451822916666665 0.0191796875
1 0.2931315104166667 0.6390966796875 0.052597656250000006 0.024609375
1 0.26321614583333336 0.6307763671875 0.053561197916666664 0.0260546875
1 0.24753255208333333 0.6210009765625 0.05597005208333333 0.0267822265625
1 0.24174479166666665 0.608515625 0.05404296875 0.026416015625
1 0.2641796875 0.5891552734375 0.056451822916666665 0.0166455078125
1 0.28830729166666663 0.61177734375 0.04390625 0.03220703125
1 0.30953776041666664 0.6021826171875 0.03136067708333334 0.038359375
1 0.3326953125 0.6211865234375 0.033294270833333334 0.038720703125
1 0.34886067708333335 0.6280615234375 0.0328125 0.037998046875
1 0.36768229166666666 0.6305908203125 0.03087890625 0.0401708984375
1 0.386015625 0.635478515625 0.029915364583333336 0.0405322265625
1 0.41376302083333333 0.62625 0.0342578125 0.037998046875
1 0.4361979166666667 0.61177734375 0.026054687500000003 0.0401708984375
1 0.4487434895833333 0.6307763671875 0.03087890625 0.0398095703125
1 0.47069661458333334 0.625166015625 0.030397135416666665 0.0401708984375
1 0.50158203125 0.6322216796875 0.03908203125 0.0369140625
1 0.5305338541666667 0.623896484375 0.027506510416666668 0.0405322265625
1 0.5544140625 0.616298828125 0.02798828125 0.0405322265625
1 0.5980859374999999 0.6090625 0.02267578125 0.0412548828125
1 0.6171419270833333 0.62353515625 0.0231640625 0.0412548828125
1 0.6337890625 0.5976611328125 0.054524739583333336 0.0191796875
1 0.6697395833333334 0.5935009765625 0.04342447916666667 0.0347412109375
1 0.67625 0.5781201171875 0.04487630208333334 0.0351025390625
1 0.6832486979166666 0.56255859375 0.0424609375 0.0358251953125
1 0.7039973958333333 0.598203125 0.028951822916666665 0.044150390625
1 0.7368098958333333 0.610146484375 0.056940104166666665 0.02388671875
1 0.7430794270833333 0.593681640625 0.05597005208333333 0.0220751953125
1 0.7307747395833334 0.5688916015625 0.03233072916666666 0.0412548828125
1 0.7175065104166666 0.5555029296875 0.029915364583333336 0.0405322265625
1 0.7669661458333333 0.5265478515625 0.054524739583333336 0.030400390625
1 0.6219661458333333 0.5804736328125 0.05500651041666666 0.018095703125
1 0.5819205729166667 0.5873486328125 0.029915364583333336 0.0405322265625
1 0.5657552083333334 0.5777587890625 0.030397135416666665 0.0394482421875
1 0.54958984375 0.57287109375 0.02798828125 0.0398095703125
1 0.5334244791666667 0.5654541015625 0.02943359375 0.0394482421875
1 0.5189518229166666 0.6058056640625 0.041015625 0.03619140625
1 0.5035091145833334 0.598203125 0.04294270833333333 0.03619140625
1 0.50302734375 0.5768505859375 0.04294270833333333 0.0354638671875
1 0.49748046875 0.5616552734375 0.0424609375 0.0347412109375
1 0.47263020833333336 0.5866259765625 0.030397135416666665 0.03763671875
1 0.45453125 0.592412109375 0.03087890625 0.03908203125
1 0.42992838541666667 0.573955078125 0.027018229166666668 0.0405322265625
1 0.39494140625 0.573232421875 0.052597656250000006 0.018095703125
1 0.34693359375 0.59205078125 0.051145833333333335 0.0275048828125
1 0.26538411458333333 0.547177734375 0.056940104166666665 0.017373046875
1 0.25477213541666666 0.5336083984375 0.056940104166666665 0.01990234375
1 0.22871744791666668 0.5229296875 0.056940104166666665 0.018095703125
1 0.3105013020833333 0.5641845703125 0.03522135416666667 0.0369140625
1 0.3271484375 0.5589404296875 0.033776041666666666 0.037998046875
1 0.34717447916666666 0.5565869140625 0.033294270833333334 0.038359375
1 0.36478515624999996 0.5515185546875 0.029915364583333336 0.03908203125
1 0.38263671875 0.5488037109375 0.02798828125 0.0401708984375
1 0.46611328125 0.559482421875 0.05018229166666666 0.0289501953125
1 0.4190690104166667 0.5484423828125 0.04390625 0.0329296875
1 0.4125520833333333 0.5339697265625 0.04342447916666667 0.0343798828125
1 0.4506705729166667 0.5412060546875 0.0328125 0.037998046875
1 0.4793815104166667 0.5319775390625 0.04390625 0.0354638671875
1 0.5266731770833334 0.5247412109375 0.05548828125 0.017373046875
1 0.5597200520833333 0.5330615234375 0.03184895833333334 0.03908203125
1 0.58384765625 0.5439208984375 0.048255208333333334 0.031845703125
1 0.6012174479166666 0.55169921875 0.047285156249999995 0.031484375
1 0.6178645833333333 0.55984375 0.048736979166666666 0.0332958984375
1 0.6501953125000001 0.55296875 0.030397135416666665 0.0405322265625
1 0.6813151041666666 0.53994140625 0.048255208333333334 0.0332958984375
1 0.6909700520833333 0.5270947265625 0.04921875 0.0300390625
1 0.7078580729166667 0.519130859375 0.051145833333333335 0.0293115234375
1 0.7286067708333334 0.5023046875 0.05983072916666667 0.0166455078125
1 0.7377734375 0.4885498046875 0.05790364583333333 0.019541015625
1 0.2499479166666667 0.5071875 0.05404296875 0.0271435546875
1 0.26104166666666667 0.4943408203125 0.05307942708333333 0.0267822265625
1 0.26900390625 0.482578125 0.053561197916666664 0.024970703125
1 0.3133984375 0.50103515625 0.054524739583333336 0.0191796875
1 0.27382812500000003 0.468828125 0.054524739583333336 0.026416015625
1 0.2499479166666667 0.444580078125 0.05500651041666666 0.0300390625
1 0.3025390625 0.4574267578125 0.05597005208333333 0.0166455078125
1 0.3201497395833333 0.48728515625 0.053561197916666664 0.0213525390625
1 0.33197265625 0.4751611328125 0.052109375000000006 0.0231591796875
1 0.3329361979166667 0.53107421875 0.05404296875 0.0220751953125
1 0.33221354166666667 0.5165966796875 0.054524739583333336 0.01990234375
1 0.38553385416666663 0.5213037109375 0.05307942708333333 0.0191796875
1 0.38384765625 0.506826171875 0.054524739583333336 0.01990234375
1 0.3667122395833333 0.49615234375 0.05404296875 0.0217138671875
1 0.39542317708333335 0.480048828125 0.040052083333333335 0.0358251953125
1 0.39156250000000004 0.4563427734375 0.04294270833333333 0.0340185546875
1 0.4376432291666667 0.47353515625 0.05404296875 0.0227978515625
1 0.42220703125 0.497236328125 0.027018229166666668 0.0398095703125
1 0.4402994791666666 0.5012158203125 0.02943359375 0.0412548828125
1 0.45766927083333336 0.5052001953125 0.03136067708333334 0.0398095703125
1 0.4764908854166667 0.5071875 0.033294270833333334 0.037998046875
1 0.5177408854166666 0.5113525390625 0.05597005208333333 0.017373046875
1 0.5182291666666666 0.496513671875 0.05307942708333333 0.0159228515625
1 0.48806640625 0.4809521484375 0.056451822916666665 0.017373046875
1 0.47431640625 0.46611328125 0.052109375000000006 0.018095703125
1 0.4439192708333333 0.4532666015625 0.05404296875 0.0227978515625
1 0.39976562499999996 0.4409619140625 0.041015625 0.0358251953125
1 0.4185872395833334 0.4330029296875 0.047766927083333334 0.0300390625
1 0.45308593750000004 0.4179833984375 0.04439453125 0.032568359375
1 0.48613932291666667 0.44765625 0.04680338541666667 0.031123046875
1 0.5223307291666667 0.474619140625 0.048736979166666666 0.0293115234375
1 0.5298046875 0.44349609375 0.05597005208333333 0.0170068359375
1 0.6009765625 0.52365234375 0.056451822916666665 0.0166455078125
1 0.64681640625 0.52763671875 0.04487630208333334 0.0347412109375
1 0.6477799479166667 0.505380859375 0.04197916666666667 0.0358251953125
1 0.6313802083333333 0.498505859375 0.041015625 0.036552734375
1 0.6856640625 0.498505859375 0.051145833333333335 0.031484375
1 0.5363216145833333 0.46466796875 0.04970052083333334 0.0289501953125
1 0.5650325520833334 0.464306640625 0.047285156249999995 0.030400390625
1 0.5532096354166667 0.498505859375 0.023645833333333335 0.0416162109375
1 0.5763671874999999 0.4977783203125 0.024609375 0.0408935546875
1 0.5942252604166667 0.4959716796875 0.023645833333333335 0.0423388671875
1 0.6113541666666666 0.4813134765625 0.024127604166666667 0.0419775390625
1 0.5802278645833333 0.4543505859375 0.047766927083333334 0.0329296875
1 0.5855403645833334 0.4402392578125 0.04680338541666667 0.03076171875
1 0.6287239583333334 0.4641259765625 0.04149739583333333 0.0358251953125
1 0.6745638020833334 0.4782373046875 0.05790364583333333 0.0191796875
1 0.7025520833333333 0.463037109375 0.0424609375 0.0358251953125
1 0.6711848958333334 0.4525439453125 0.033776041666666666 0.038720703125
1 0.6511588541666666 0.454169921875 0.03233072916666666 0.0398095703125
1 0.610390625 0.4351708984375 0.04921875 0.0285888671875
1 0.6670833333333334 0.42630859375 0.056451822916666665 0.017373046875
1 0.7901236979166667 0.4121923828125 0.052597656250000006 0.0275048828125
1 0.7631054687500001 0.4333642578125 0.050664062499999996 0.0300390625
1 0.7305338541666666 0.4447607421875 0.05597005208333333 0.018095703125
1 0.7129231770833333 0.432822265625 0.052597656250000006 0.02533203125
1 0.69193359375 0.4087548828125 0.04149739583333333 0.038720703125
1 0.6501953125000001 0.4121923828125 0.054524739583333336 0.0224365234375
1 0.64537109375 0.3991650390625 0.054524739583333336 0.0275048828125
1 0.6243815104166667 0.39283203125 0.05018229166666666 0.0300390625
1 0.6183463541666666 0.3765478515625 0.05162760416666667 0.0300390625
1 0.66998046875 0.3798046875 0.05548828125 0.024248046875
1 0.6750455729166666 0.36623046875 0.05500651041666666 0.0217138671875
1 0.6842122395833333 0.3517578125 0.05790364583333333 0.019541015625
1 0.6748046875 0.332578125 0.05934895833333333 0.018818359375
1 0.6277604166666667 0.352841796875 0.052109375000000006 0.0282275390625
1 0.5985677083333333 0.412373046875 0.04970052083333334 0.0278662109375
1 0.5582747395833333 0.4149072265625 0.056940104166666665 0.0227978515625
1 0.5162955729166666 0.4029638671875 0.039563802083333335 0.036552734375
1 0.5220833333333333 0.386318359375 0.03570963541666667 0.037275390625
1 0.5459700520833334 0.387763671875 0.03715494791666667 0.037998046875
1 0.574921875 0.385048828125 0.048736979166666666 0.031123046875
1 0.57974609375 0.3680419921875 0.056451822916666665 0.0231591796875
1 0.5710611979166667 0.3374609375 0.056451822916666665 0.0191796875
1 0.58046875 0.3231689453125 0.05500651041666666 0.0166455078125
1 0.5397005208333333 0.3472314453125 0.028470052083333332 0.0401708984375
1 0.5203971354166667 0.3495849609375 0.028470052083333332 0.042705078125
1 0.7189518229166666 0.3622509765625 0.038600260416666664 0.042705078125
1 0.7512825520833334 0.40314453125 0.04632161458333334 0.0354638671875
1 0.6402669270833333 0.2966455078125 0.027838541666666664 0.042802734375
1 0.6850390625 0.292294921875 0.03943359375 0.0382763671875
1 0.2528580729166667 0.382421875 0.05196614583333333 0.0278369140625
1 0.26399088541666665 0.4126953125 0.0417578125 0.0354931640625
1 0.27907552083333337 0.4043408203125 0.037578125 0.0382763671875
1 0.29229817708333333 0.43166015625 0.04546875 0.0344482421875
1 0.31456380208333334 0.43548828125 0.04732421875 0.03236328125
1 0.35075520833333335 0.4320068359375 0.02690755208333333 0.0379296875
1 0.36513671875000003 0.419130859375 0.028763020833333333 0.038623046875
1 0.2862630208333333 0.373720703125 0.023196614583333334 0.0410595703125
1 0.3064453125 0.3591064453125 0.02365885416666667 0.042451171875
1 0.3143359375 0.405908203125 0.05149739583333333 0.0302734375
1 0.325234375 0.3942529296875 0.048255208333333334 0.0306201171875
1 0.33845703125 0.38416015625 0.05057291666666667 0.03201171875
1 0.340546875 0.2994287109375 0.03340494791666667 0.04140625
1 0.36513671875000003 0.3241357421875 0.018561197916666668 0.04140625
1 0.33613932291666665 0.3392724609375 0.04407552083333333 0.0341015625
1 0.34495442708333335 0.3571923828125 0.05057291666666667 0.025400390625
1 0.36328125 0.3665869140625 0.05103515625 0.0260986328125
1 0.37302734375 0.3959912109375 0.029694010416666666 0.038974609375
1 0.39552734375 0.399296875 0.03015625 0.0400146484375
1 0.4101432291666667 0.38798828125 0.030618489583333335 0.0382763671875
1 0.42684244791666665 0.3834619140625 0.029694010416666666 0.03966796875
1 0.45282552083333333 0.3921630859375 0.031549479166666665 0.03966796875
1 0.48112630208333335 0.403818359375 0.02690755208333333 0.040712890625
1 0.49829427083333333 0.3646728515625 0.028763020833333333 0.0403662109375
1 0.47509765625 0.3728515625 0.028763020833333333 0.0421044921875
1 0.44123046875 0.3629345703125 0.05011067708333333 0.02853515625
1 0.4465625 0.3484912109375 0.049641927083333336 0.0288818359375
1 0.4092122395833333 0.34814453125 0.031549479166666665 0.0400146484375
1 0.5307747395833333 0.222177734375 0.04639322916666667 0.0365380859375
1 0.47811197916666665 0.21017578125 0.05149739583333333 0.029228515625
1 0.5101236979166667 0.246884765625 0.04407552083333333 0.03583984375
1 0.4201171875 0.3032568359375 0.04593098958333333 0.0316650390625
1 0.45514322916666666 0.2674169921875 0.04546875 0.0337548828125
1 0.43333984375 0.271416015625 0.040826822916666665 0.03619140625
