3 0.41180833333333333 0.42639166666666667 0.10972499999999999 0.11110833333333335
3 0.47875833333333334 0.51025 0.10174166666666667 0.09948333333333333
3 0.31299166666666667 0.5058583333333333 0.10052499999999999 0.10052499999999999
3 0.3808583333333333 0.5918 0.10339166666666666 0.10210833333333333
3 0.44995000000000007 0.6806666666666666 0.10265833333333334 0.09948333333333333
3 0.588375 0.844725 0.10375833333333334 0.10144166666666667
3 0.5180666666666667 0.7641583333333334 0.099975 0.09668333333333333
3 0.6845666666666667 0.7631833333333333 0.10821666666666668 0.10876666666666668
3 0.5502916666666667 0.5986333333333334 0.09705 0.09588333333333333
3 0.6152333333333333 0.6801750000000001 0.10797499999999999 0.106875
