3 0.43555 0.6178790459965928 0.11010833333333334 0.11491482112436116
3 0.3081083333333334 0.7296763202725723 0.11840833333333334 0.12545996592844974
3 0.8183583333333333 0.7246848381601363 0.12103333333333334 0.12677172061328792
3 0.6048583333333334 0.5884412265758092 0.10972499999999999 0.11782793867120955
3 0.5368583333333333 0.47139693356047696 0.10179166666666667 0.10368824531516184
3 0.16894166666666666 0.6508177172061328 0.11065833333333333 0.11609880749574107
3 0.7939416666666667 0.4619165247018739 0.11218333333333334 0.11211243611584328
3 0.3681666666666667 0.19614139693356047 0.11499166666666667 0.11810051107325384
3 0.21814166666666665 0.48462521294718913 0.12378333333333333 0.12545996592844974
3 0.37915000000000004 0.4554258943781942 0.11145000000000001 0.11491482112436116
3 0.8051750000000001 0.283236797274276 0.112 0.11996592844974446
3 0.6503916666666667 0.2807410562180579 0.11010833333333334 0.11810051107325384
3 0.17846666666666666 0.3164224872231687 0.11517500000000001 0.11853492333901192
3 0.6181666666666666 0.8030408858603066 0.12445 0.13288756388415673
