3 0.40918333333333334 0.3793916666666666 0.09966666666666667 0.099125
3 0.5751916666666667 0.4106416666666666 0.09979166666666667 0.09979166666666667
3 0.15600833333333333 0.588375 0.10070833333333333 0.10265833333333334
3 0.23876666666666665 0.5200166666666667 0.09826666666666667 0.09826666666666667
3 0.4941416666666667 0.3122583333333333 0.09466666666666666 0.09570000000000001
3 0.4028333333333333 0.54785 0.10650833333333333 0.10797499999999999
3 0.31811666666666666 0.619625 0.09588333333333333 0.097225
3 0.23657499999999998 0.6831083333333333 0.104675 0.10614166666666668
3 0.32104166666666667 0.4487333333333334 0.09234999999999999 0.09399166666666667
3 0.486575 0.4785166666666667 0.09136666666666667 0.0932
