3 0.6879916666666667 0.494875 0.10504166666666666 0.101925
3 0.3811 0.31665000000000004 0.10107500000000001 0.10034166666666666
3 0.619625 0.40795833333333337 0.10229166666666667 0.10089166666666666
3 0.5893583333333333 0.5737333333333333 0.10302499999999999 0.09875833333333334
3 0.41381666666666667 0.15393333333333334 0.10650833333333333 0.10595833333333333
3 0.45044166666666663 0.40209999999999996 0.10320833333333333 0.09966666666666667
3 0.521 0.48852500000000004 0.10015833333333334 0.09600833333333333
3 0.3147 0.23180833333333334 0.09533333333333334 0.09533333333333334
3 0.4804666666666666 0.23303333333333331 0.08929166666666667 0.08660833333333334
3 0.5498083333333333 0.31811666666666666 0.0932 0.0932
