3 0.763675 0.31518333333333337 0.10595833333333333 0.10742499999999999
3 0.5043916666666667 0.6875 0.099125 0.09857500000000001
3 0.682125 0.37988333333333335 0.09301666666666666 0.09533333333333334
3 0.7631833333333333 0.4799833333333334 0.0932 0.09705
3 0.5107416666666666 0.5205083333333334 0.09619166666666668 0.09503333333333334
3 0.4255333333333333 0.5859416666666667 0.10265833333333334 0.10485833333333333
3 0.8418 0.41430833333333333 0.10895 0.10895
3 0.6743166666666667 0.5517583333333334 0.105225 0.10797499999999999
3 0.5908166666666667 0.6206083333333333 0.09301666666666666 0.09009166666666667
3 0.5966833333333333 0.4492166666666666 0.09484999999999999 0.09570000000000001
