3 0.6943333333333334 0.6149111111111111 0.06268333333333333 0.08715555555555556
3 0.57275 0.5963555555555556 0.07018333333333333 0.09406666666666666
3 0.5117166666666666 0.6198 0.07183333333333333 0.09773333333333332
3 0.3684 0.5784444444444444 0.06866666666666667 0.09122222222222222
3 0.6328166666666667 0.5869111111111112 0.06781666666666666 0.09308888888888889
3 0.44554999999999995 0.5110666666666667 0.062316666666666666 0.08146666666666666
3 0.3942833333333333 0.3932222222222222 0.06385 0.08324444444444444
3 0.6132833333333334 0.4462888888888889 0.06421666666666667 0.08113333333333334
3 0.35083333333333333 0.44922222222222224 0.06683333333333334 0.08682222222222222
3 0.5849666666666667 0.3883555555555555 0.0644 0.08084444444444445
3 0.53125 0.542 0.06818333333333333 0.08748888888888888
3 0.45531666666666665 0.30533333333333335 0.06293333333333333 0.07695555555555555
3 0.6054666666666666 0.5198666666666667 0.06536666666666667 0.08651111111111111
3 0.5112333333333333 0.2942666666666666 0.053983333333333335 0.06722222222222222
3 0.38135 0.5025999999999999 0.06671666666666667 0.08715555555555556
3 0.4248 0.44693333333333335 0.059416666666666666 0.07637777777777777
3 0.47925 0.42806666666666665 0.06371666666666666 0.08251111111111112
3 0.5029333333333333 0.4879555555555556 0.06548333333333334 0.0856888888888889
3 0.68945 0.45084444444444444 0.06359999999999999 0.07735555555555557
3 0.6162166666666667 0.3287777777777778 0.06293333333333333 0.0755111111111111
3 0.5947333333333333 0.6692666666666667 0.07263333333333333 0.09984444444444444
3 0.5083000000000001 0.3570888888888889 0.06176666666666667 0.07666666666666666
3 0.5576166666666666 0.3359333333333333 0.062433333333333334 0.0736
3 0.44855 0.5897333333333333 0.07006666666666667 0.09675555555555555
3 0.6796833333333333 0.5166 0.06421666666666667 0.08562222222222222
3 0.5581 0.46973333333333334 0.06561666666666666 0.08544444444444445
3 0.4489666666666667 0.37564444444444445 0.062433333333333334 0.0764888888888889
3 0.6474666666666667 0.38802222222222227 0.06525 0.08779999999999999
3 0.5327166666666666 0.4121111111111111 0.06385 0.0804
