3 0.514855195911414 0.21943333333333334 0.13271720613287905 0.12579166666666666
3 0.7205366269165246 0.6518583333333333 0.119412265758092 0.11084166666666666
3 0.537350936967632 0.7988833333333333 0.12074105621805792 0.11894166666666665
3 0.7185434412265759 0.8066416666666667 0.12178023850085179 0.11260833333333332
3 0.3493696763202726 0.17138333333333333 0.11329642248722316 0.106875
3 0.6871550255536627 0.177975 0.11714650766609881 0.11260833333333332
3 0.3788160136286201 0.4362833333333333 0.11834752981260648 0.106875
3 0.5281005110732538 0.5333916666666667 0.11999148211243613 0.10318333333333332
3 0.409335604770017 0.6047750000000001 0.11613287904599659 0.10313333333333334
3 0.19839011925042588 0.6181666666666666 0.1358773424190801 0.12445
3 0.2722572402044293 0.3081083333333334 0.12633730834752982 0.11938333333333333
3 0.804045996592845 0.36865 0.11753833049403749 0.11340000000000001
3 0.27700170357751275 0.8198249999999999 0.1282708688245315 0.1225
3 0.5427086882453152 0.3815 0.11988074957410563 0.11395000000000001
