3 0.7240204429301533 0.17777500000000002 0.13344974446337307 0.127775
3 0.7321465076660988 0.692875 0.1290971039182283 0.11859166666666666
3 0.28473594548551956 0.19640833333333332 0.12015332197614992 0.11163333333333333
3 0.8030408858603066 0.382325 0.13425894378194209 0.12573333333333334
3 0.5928023850085179 0.39738333333333337 0.1242504258943782 0.111975
3 0.46247018739352647 0.20800833333333335 0.11982964224872232 0.112
3 0.6545059625212947 0.8325166666666667 0.11448040885860307 0.10614166666666668
3 0.19776831345826235 0.6328166666666667 0.11710391822827938 0.11297499999999999
3 0.47178023850085177 0.4661916666666666 0.1189267461669506 0.10316666666666667
3 0.45893526405451446 0.6181666666666666 0.12224872231686543 0.10821666666666668
3 0.31717206132879044 0.8237333333333333 0.11996592844974446 0.11218333333333334
3 0.2784923339011925 0.3481416666666666 0.11710391822827938 0.10913333333333335
3 0.6207155025553663 0.5639666666666666 0.11379897785349233 0.106325
3 0.48755536626916524 0.7832 0.13339011925042588 0.12213333333333333
